"","trial_number","genome","merit","accuracy","genome_length","door_rooms","exit_rooms","correct_doors","incorrect_doors","correct_exits","incorrect_exits","doors_taken_0","doors_correct_0","doors_taken_1","doors_correct_1","doors_taken_2","doors_correct_2","seed"
"1",0,"[18]HcAHxGnJHqKHqaIebJ",307,1,18,306,0,306,0,0,0,0,0,160,160,146,146,1
"2",1,"[18]HcAHxGnJHqKHqaIebJ",300,1,18,299,0,299,0,0,0,0,0,157,157,142,142,1
"3",2,"[18]HcAHxGnJHqKHqaIebJ",294,1,18,293,0,293,0,0,0,0,0,132,132,161,161,1
"4",3,"[18]HcAHxGnJHqKHqaIebJ",295,1,18,294,0,294,0,0,0,0,0,138,138,156,156,1
"5",4,"[18]HcAHxGnJHqKHqaIebJ",299,1,18,298,0,298,0,0,0,0,0,142,142,156,156,1
"6",5,"[18]HcAHxGnJHqKHqaIebJ",302,1,18,301,0,301,0,0,0,0,0,152,152,149,149,1
"7",6,"[18]HcAHxGnJHqKHqaIebJ",294,0.993266,18,297,2,295,2,2,0,2,2,150,150,147,145,1
"8",7,"[18]HcAHxGnJHqKHqaIebJ",303,0.996711,18,304,1,303,1,1,0,1,1,163,163,141,140,1
"9",8,"[18]HcAHxGnJHqKHqaIebJ",282,0.979522,18,293,6,287,6,6,0,6,6,153,153,140,134,1
"10",9,"[18]HcAHxGnJHqKHqaIebJ",294,1,18,293,0,293,0,0,0,0,0,143,143,150,150,1
"11",10,"[18]HcAHxGnJHqKHqaIebJ",299,1,18,298,0,298,0,0,0,0,0,144,144,154,154,1
"12",11,"[18]HcAHxGnJHqKHqaIebJ",296,0.996633,18,297,1,296,1,1,0,1,1,140,140,157,156,1
"13",12,"[18]HcAHxGnJHqKHqaIebJ",302,0.9967,18,303,1,302,1,1,0,1,1,159,159,144,143,1
"14",13,"[18]HcAHxGnJHqKHqaIebJ",298,0.996656,18,299,1,298,1,1,0,1,1,165,165,134,133,1
"15",14,"[18]HcAHxGnJHqKHqaIebJ",302,1,18,301,0,301,0,0,0,0,0,148,148,153,153,1
"16",15,"[18]HcAHxGnJHqKHqaIebJ",299,0.993377,18,302,2,300,2,2,0,2,2,160,160,142,140,1
"17",16,"[18]HcAHxGnJHqKHqaIebJ",293,0.993243,18,296,2,294,2,2,0,2,2,146,146,150,148,1
"18",17,"[18]HcAHxGnJHqKHqaIebJ",297,0.996644,18,298,1,297,1,1,0,1,1,148,148,150,149,1
"19",18,"[18]HcAHxGnJHqKHqaIebJ",296,1,18,295,0,295,0,0,0,0,0,152,152,143,143,1
"20",19,"[18]HcAHxGnJHqKHqaIebJ",306,1,18,305,0,305,0,0,0,0,0,162,162,143,143,1
"21",20,"[18]HcAHxGnJHqKHqaIebJ",295,1,18,294,0,294,0,0,0,0,0,143,143,151,151,1
"22",21,"[18]HcAHxGnJHqKHqaIebJ",309,1,18,308,0,308,0,0,0,0,0,173,173,135,135,1
"23",22,"[18]HcAHxGnJHqKHqaIebJ",297,0.996644,18,298,1,297,1,1,0,1,1,139,139,159,158,1
"24",23,"[18]HcAHxGnJHqKHqaIebJ",301,0.990196,18,306,3,303,3,3,0,3,3,166,166,140,137,1
"25",24,"[18]HcAHxGnJHqKHqaIebJ",280,0.982699,18,289,5,284,5,5,0,5,5,133,133,156,151,1
"26",25,"[18]HcAHxGnJHqKHqaIebJ",300,0.996678,18,301,1,300,1,1,0,1,1,162,162,139,138,1
"27",26,"[18]HcAHxGnJHqKHqaIebJ",311,0.996795,18,312,1,311,1,1,0,1,1,177,177,135,134,1
"28",27,"[18]HcAHxGnJHqKHqaIebJ",295,1,18,294,0,294,0,0,0,0,0,147,147,147,147,1
"29",28,"[18]HcAHxGnJHqKHqaIebJ",304,1,18,303,0,303,0,0,0,0,0,152,152,151,151,1
"30",29,"[18]HcAHxGnJHqKHqaIebJ",302,1,18,301,0,301,0,0,0,0,0,155,155,146,146,1
"31",30,"[18]HcAHxGnJHqKHqaIebJ",304,1,18,303,0,303,0,0,0,0,0,140,140,163,163,1
"32",31,"[18]HcAHxGnJHqKHqaIebJ",307,1,18,306,0,306,0,0,0,0,0,152,152,154,154,1
"33",32,"[18]HcAHxGnJHqKHqaIebJ",294,1,18,293,0,293,0,0,0,0,0,135,135,158,158,1
"34",33,"[18]HcAHxGnJHqKHqaIebJ",283,0.982877,18,292,5,287,5,5,0,5,5,156,156,136,131,1
"35",34,"[18]HcAHxGnJHqKHqaIebJ",290,0.993174,18,293,2,291,2,2,0,2,2,147,147,146,144,1
"36",35,"[18]HcAHxGnJHqKHqaIebJ",307,1,18,306,0,306,0,0,0,0,0,147,147,159,159,1
"37",36,"[18]HcAHxGnJHqKHqaIebJ",300,0.993399,18,303,2,301,2,2,0,2,2,169,169,134,132,1
"38",37,"[18]HcAHxGnJHqKHqaIebJ",300,1,18,299,0,299,0,0,0,0,0,147,147,152,152,1
"39",38,"[18]HcAHxGnJHqKHqaIebJ",303,1,18,302,0,302,0,0,0,0,0,149,149,153,153,1
"40",39,"[18]HcAHxGnJHqKHqaIebJ",307,1,18,306,0,306,0,0,0,0,0,165,165,141,141,1
"41",40,"[18]HcAHxGnJHqKHqaIebJ",297,1,18,296,0,296,0,0,0,0,0,144,144,152,152,1
"42",41,"[18]HcAHxGnJHqKHqaIebJ",293,1,18,292,0,292,0,0,0,0,0,138,138,154,154,1
"43",42,"[18]HcAHxGnJHqKHqaIebJ",290,0.993174,18,293,2,291,2,2,0,2,2,149,149,144,142,1
"44",43,"[18]HcAHxGnJHqKHqaIebJ",297,1,18,296,0,296,0,0,0,0,0,155,155,141,141,1
"45",44,"[18]HcAHxGnJHqKHqaIebJ",286,0.986348,18,293,4,289,4,4,0,4,4,141,141,152,148,1
"46",45,"[18]HcAHxGnJHqKHqaIebJ",294,0.993266,18,297,2,295,2,2,0,2,2,149,149,148,146,1
"47",46,"[18]HcAHxGnJHqKHqaIebJ",300,1,18,299,0,299,0,0,0,0,0,146,146,153,153,1
"48",47,"[18]HcAHxGnJHqKHqaIebJ",285,0.993056,18,288,2,286,2,2,0,2,2,128,128,160,158,1
"49",48,"[18]HcAHxGnJHqKHqaIebJ",311,1,18,310,0,310,0,0,0,0,0,163,163,147,147,1
"50",49,"[18]HcAHxGnJHqKHqaIebJ",299,0.996667,18,300,1,299,1,1,0,1,1,150,150,150,149,1
"51",50,"[18]HcAHxGnJHqKHqaIebJ",298,1,18,297,0,297,0,0,0,0,0,154,154,143,143,1
"52",51,"[18]HcAHxGnJHqKHqaIebJ",291,1,18,290,0,290,0,0,0,0,0,119,119,171,171,1
"53",52,"[18]HcAHxGnJHqKHqaIebJ",312,1,18,311,0,311,0,0,0,0,0,169,169,142,142,1
"54",53,"[18]HcAHxGnJHqKHqaIebJ",297,0.996644,18,298,1,297,1,1,0,1,1,148,148,150,149,1
"55",54,"[18]HcAHxGnJHqKHqaIebJ",297,0.996644,18,298,1,297,1,1,0,1,1,154,154,144,143,1
"56",55,"[18]HcAHxGnJHqKHqaIebJ",302,0.9967,18,303,1,302,1,1,0,1,1,152,152,151,150,1
"57",56,"[18]HcAHxGnJHqKHqaIebJ",293,0.996599,18,294,1,293,1,1,0,1,1,146,146,148,147,1
"58",57,"[18]HcAHxGnJHqKHqaIebJ",308,0.996764,18,309,1,308,1,1,0,1,1,169,169,140,139,1
"59",58,"[18]HcAHxGnJHqKHqaIebJ",306,1,18,305,0,305,0,0,0,0,0,164,164,141,141,1
"60",59,"[18]HcAHxGnJHqKHqaIebJ",303,0.996711,18,304,1,303,1,1,0,1,1,153,153,151,150,1
"61",60,"[18]HcAHxGnJHqKHqaIebJ",294,0.989967,18,299,3,296,3,3,0,3,3,154,154,145,142,1
"62",61,"[18]HcAHxGnJHqKHqaIebJ",295,0.996622,18,296,1,295,1,1,0,1,1,150,150,146,145,1
"63",62,"[18]HcAHxGnJHqKHqaIebJ",297,0.993333,18,300,2,298,2,2,0,2,2,154,154,146,144,1
"64",63,"[18]HcAHxGnJHqKHqaIebJ",301,1,18,300,0,300,0,0,0,0,0,152,152,148,148,1
"65",64,"[18]HcAHxGnJHqKHqaIebJ",294,1,18,293,0,293,0,0,0,0,0,141,141,152,152,1
"66",65,"[18]HcAHxGnJHqKHqaIebJ",293,0.996599,18,294,1,293,1,1,0,1,1,145,145,149,148,1
"67",66,"[18]HcAHxGnJHqKHqaIebJ",305,1,18,304,0,304,0,0,0,0,0,156,156,148,148,1
"68",67,"[18]HcAHxGnJHqKHqaIebJ",296,1,18,295,0,295,0,0,0,0,0,135,135,160,160,1
"69",68,"[18]HcAHxGnJHqKHqaIebJ",301,1,18,300,0,300,0,0,0,0,0,144,144,156,156,1
"70",69,"[18]HcAHxGnJHqKHqaIebJ",304,1,18,303,0,303,0,0,0,0,0,153,153,150,150,1
"71",70,"[18]HcAHxGnJHqKHqaIebJ",302,1,18,301,0,301,0,0,0,0,0,152,152,149,149,1
"72",71,"[18]HcAHxGnJHqKHqaIebJ",292,0.99322,18,295,2,293,2,2,0,2,2,141,141,154,152,1
"73",72,"[18]HcAHxGnJHqKHqaIebJ",304,1,18,303,0,303,0,0,0,0,0,152,152,151,151,1
"74",73,"[18]HcAHxGnJHqKHqaIebJ",289,0.993151,18,292,2,290,2,2,0,2,2,136,136,156,154,1
"75",74,"[18]HcAHxGnJHqKHqaIebJ",298,0.993355,18,301,2,299,2,2,0,2,2,162,162,139,137,1
"76",75,"[18]HcAHxGnJHqKHqaIebJ",293,0.996599,18,294,1,293,1,1,0,1,1,146,146,148,147,1
"77",76,"[18]HcAHxGnJHqKHqaIebJ",297,1,18,296,0,296,0,0,0,0,0,143,143,153,153,1
"78",77,"[18]HcAHxGnJHqKHqaIebJ",297,0.996644,18,298,1,297,1,1,0,1,1,154,154,144,143,1
"79",78,"[18]HcAHxGnJHqKHqaIebJ",294,0.99661,18,295,1,294,1,1,0,1,1,135,135,160,159,1
"80",79,"[18]HcAHxGnJHqKHqaIebJ",296,0.996633,18,297,1,296,1,1,0,1,1,146,146,151,150,1
"81",80,"[18]HcAHxGnJHqKHqaIebJ",306,1,18,305,0,305,0,0,0,0,0,166,166,139,139,1
"82",81,"[18]HcAHxGnJHqKHqaIebJ",298,0.993355,18,301,2,299,2,2,0,2,2,159,159,142,140,1
"83",82,"[18]HcAHxGnJHqKHqaIebJ",308,1,18,307,0,307,0,0,0,0,0,162,162,145,145,1
"84",83,"[18]HcAHxGnJHqKHqaIebJ",298,1,18,297,0,297,0,0,0,0,0,162,162,135,135,1
"85",84,"[18]HcAHxGnJHqKHqaIebJ",286,0.99308,18,289,2,287,2,2,0,2,2,153,153,136,134,1
"86",85,"[18]HcAHxGnJHqKHqaIebJ",290,1,18,289,0,289,0,0,0,0,0,149,149,140,140,1
"87",86,"[18]HcAHxGnJHqKHqaIebJ",293,1,18,292,0,292,0,0,0,0,0,131,131,161,161,1
"88",87,"[18]HcAHxGnJHqKHqaIebJ",295,1,18,294,0,294,0,0,0,0,0,140,140,154,154,1
"89",88,"[18]HcAHxGnJHqKHqaIebJ",291,0.996575,18,292,1,291,1,1,0,1,1,137,137,155,154,1
"90",89,"[18]HcAHxGnJHqKHqaIebJ",286,0.983051,18,295,5,290,5,5,0,5,5,147,147,148,143,1
"91",90,"[18]HcAHxGnJHqKHqaIebJ",296,1,18,295,0,295,0,0,0,0,0,146,146,149,149,1
"92",91,"[18]HcAHxGnJHqKHqaIebJ",289,0.993151,18,292,2,290,2,2,0,2,2,129,129,163,161,1
"93",92,"[18]HcAHxGnJHqKHqaIebJ",302,1,18,301,0,301,0,0,0,0,0,150,150,151,151,1
"94",93,"[18]HcAHxGnJHqKHqaIebJ",304,1,18,303,0,303,0,0,0,0,0,158,158,145,145,1
"95",94,"[18]HcAHxGnJHqKHqaIebJ",299,0.996667,18,300,1,299,1,1,0,1,1,152,152,148,147,1
"96",95,"[18]HcAHxGnJHqKHqaIebJ",286,0.996516,18,287,1,286,1,1,0,1,1,123,123,164,163,1
"97",96,"[18]HcAHxGnJHqKHqaIebJ",303,1,18,302,0,302,0,0,0,0,0,149,149,153,153,1
"98",97,"[18]HcAHxGnJHqKHqaIebJ",298,0.996656,18,299,1,298,1,1,0,1,1,143,143,156,155,1
"99",98,"[18]HcAHxGnJHqKHqaIebJ",295,1,18,294,0,294,0,0,0,0,0,134,134,160,160,1
"100",99,"[18]HcAHxGnJHqKHqaIebJ",305,0.993506,18,308,2,306,2,2,0,2,2,163,163,145,143,1
"101",0,"[21]HcHxvnJHqKHGqayIHmjJr",314,0.996825,21,315,1,314,1,1,0,1,1,159,159,156,155,2
"102",1,"[21]HcHxvnJHqKHGqayIHmjJr",312,1,21,311,0,311,0,0,0,0,0,145,145,166,166,2
"103",2,"[21]HcHxvnJHqKHGqayIHmjJr",328,1,21,327,0,327,0,0,0,0,0,170,170,157,157,2
"104",3,"[21]HcHxvnJHqKHGqayIHmjJr",321,1,21,320,0,320,0,0,0,0,0,165,165,155,155,2
"105",4,"[21]HcHxvnJHqKHGqayIHmjJr",329,1,21,328,0,328,0,0,0,0,0,178,178,150,150,2
"106",5,"[21]HcHxvnJHqKHGqayIHmjJr",292,0.986622,21,299,4,295,4,4,0,4,4,138,138,161,157,2
"107",6,"[21]HcHxvnJHqKHGqayIHmjJr",307,1,21,306,0,306,0,0,0,0,0,142,142,164,164,2
"108",7,"[21]HcHxvnJHqKHGqayIHmjJr",311,1,21,310,0,310,0,0,0,0,0,155,155,155,155,2
"109",8,"[21]HcHxvnJHqKHGqayIHmjJr",327,0.996951,21,328,1,327,1,1,0,1,1,178,178,150,149,2
"110",9,"[21]HcHxvnJHqKHGqayIHmjJr",318,1,21,317,0,317,0,0,0,0,0,163,163,154,154,2
"111",10,"[21]HcHxvnJHqKHGqayIHmjJr",291,0.989865,21,296,3,293,3,3,0,3,3,139,139,157,154,2
"112",11,"[21]HcHxvnJHqKHGqayIHmjJr",320,1,21,319,0,319,0,0,0,0,0,161,161,158,158,2
"113",12,"[21]HcHxvnJHqKHGqayIHmjJr",317,1,21,316,0,316,0,0,0,0,0,159,159,157,157,2
"114",13,"[21]HcHxvnJHqKHGqayIHmjJr",323,0.996914,21,324,1,323,1,1,0,1,1,180,180,144,143,2
"115",14,"[21]HcHxvnJHqKHGqayIHmjJr",311,0.996795,21,312,1,311,1,1,0,1,1,156,156,156,155,2
"116",15,"[21]HcHxvnJHqKHGqayIHmjJr",310,0.996785,21,311,1,310,1,1,0,1,1,151,151,160,159,2
"117",16,"[21]HcHxvnJHqKHGqayIHmjJr",312,0.993651,21,315,2,313,2,2,0,2,2,162,162,153,151,2
"118",17,"[21]HcHxvnJHqKHGqayIHmjJr",311,0.993631,21,314,2,312,2,2,0,2,2,163,163,151,149,2
"119",18,"[21]HcHxvnJHqKHGqayIHmjJr",314,0.993691,21,317,2,315,2,2,0,2,2,162,162,155,153,2
"120",19,"[21]HcHxvnJHqKHGqayIHmjJr",310,0.996785,21,311,1,310,1,1,0,1,1,156,156,155,154,2
"121",20,"[21]HcHxvnJHqKHGqayIHmjJr",322,1,21,321,0,321,0,0,0,0,0,158,158,163,163,2
"122",21,"[21]HcHxvnJHqKHGqayIHmjJr",318,1,21,317,0,317,0,0,0,0,0,157,157,160,160,2
"123",22,"[21]HcHxvnJHqKHGqayIHmjJr",329,1,21,328,0,328,0,0,0,0,0,187,187,141,141,2
"124",23,"[21]HcHxvnJHqKHGqayIHmjJr",306,0.990354,21,311,3,308,3,3,0,3,3,159,159,152,149,2
"125",24,"[21]HcHxvnJHqKHGqayIHmjJr",323,0.996914,21,324,1,323,1,1,0,1,1,167,167,157,156,2
"126",25,"[21]HcHxvnJHqKHGqayIHmjJr",315,0.996835,21,316,1,315,1,1,0,1,1,163,163,153,152,2
"127",26,"[21]HcHxvnJHqKHGqayIHmjJr",326,1,21,325,0,325,0,0,0,0,0,176,176,149,149,2
"128",27,"[21]HcHxvnJHqKHGqayIHmjJr",321,0.996894,21,322,1,321,1,1,0,1,1,166,166,156,155,2
"129",28,"[21]HcHxvnJHqKHGqayIHmjJr",310,0.996785,21,311,1,310,1,1,0,1,1,158,158,153,152,2
"130",29,"[21]HcHxvnJHqKHGqayIHmjJr",309,0.996774,21,310,1,309,1,1,0,1,1,157,157,153,152,2
"131",30,"[21]HcHxvnJHqKHGqayIHmjJr",294,0.989967,21,299,3,296,3,3,0,3,3,138,138,161,158,2
"132",31,"[21]HcHxvnJHqKHGqayIHmjJr",320,1,21,319,0,319,0,0,0,0,0,159,159,160,160,2
"133",32,"[21]HcHxvnJHqKHGqayIHmjJr",302,0.993443,21,305,2,303,2,2,0,2,2,146,146,159,157,2
"134",33,"[21]HcHxvnJHqKHGqayIHmjJr",308,1,21,307,0,307,0,0,0,0,0,141,141,166,166,2
"135",34,"[21]HcHxvnJHqKHGqayIHmjJr",332,1,21,331,0,331,0,0,0,0,0,180,180,151,151,2
"136",35,"[21]HcHxvnJHqKHGqayIHmjJr",317,1,21,316,0,316,0,0,0,0,0,159,159,157,157,2
"137",36,"[21]HcHxvnJHqKHGqayIHmjJr",319,0.996875,21,320,1,319,1,1,0,1,1,168,168,152,151,2
"138",37,"[21]HcHxvnJHqKHGqayIHmjJr",322,0.996904,21,323,1,322,1,1,0,1,1,176,176,147,146,2
"139",38,"[21]HcHxvnJHqKHGqayIHmjJr",315,0.993711,21,318,2,316,2,2,0,2,2,167,167,151,149,2
"140",39,"[21]HcHxvnJHqKHGqayIHmjJr",286,0.976589,21,299,7,292,7,7,0,7,7,145,145,154,147,2
"141",40,"[21]HcHxvnJHqKHGqayIHmjJr",311,0.996795,21,312,1,311,1,1,0,1,1,154,154,158,157,2
"142",41,"[21]HcHxvnJHqKHGqayIHmjJr",320,0.996885,21,321,1,320,1,1,0,1,1,169,169,152,151,2
"143",42,"[21]HcHxvnJHqKHGqayIHmjJr",307,0.996753,21,308,1,307,1,1,0,1,1,146,146,162,161,2
"144",43,"[21]HcHxvnJHqKHGqayIHmjJr",327,1,21,326,0,326,0,0,0,0,0,175,175,151,151,2
"145",44,"[21]HcHxvnJHqKHGqayIHmjJr",319,1,21,318,0,318,0,0,0,0,0,160,160,158,158,2
"146",45,"[21]HcHxvnJHqKHGqayIHmjJr",322,1,21,321,0,321,0,0,0,0,0,168,168,153,153,2
"147",46,"[21]HcHxvnJHqKHGqayIHmjJr",316,1,21,315,0,315,0,0,0,0,0,150,150,165,165,2
"148",47,"[21]HcHxvnJHqKHGqayIHmjJr",319,1,21,318,0,318,0,0,0,0,0,161,161,157,157,2
"149",48,"[21]HcHxvnJHqKHGqayIHmjJr",311,1,21,310,0,310,0,0,0,0,0,146,146,164,164,2
"150",49,"[21]HcHxvnJHqKHGqayIHmjJr",307,1,21,306,0,306,0,0,0,0,0,140,140,166,166,2
"151",50,"[21]HcHxvnJHqKHGqayIHmjJr",330,1,21,329,0,329,0,0,0,0,0,172,172,157,157,2
"152",51,"[21]HcHxvnJHqKHGqayIHmjJr",306,1,21,305,0,305,0,0,0,0,0,142,142,163,163,2
"153",52,"[21]HcHxvnJHqKHGqayIHmjJr",305,0.993506,21,308,2,306,2,2,0,2,2,155,155,153,151,2
"154",53,"[21]HcHxvnJHqKHGqayIHmjJr",313,1,21,312,0,312,0,0,0,0,0,151,151,161,161,2
"155",54,"[21]HcHxvnJHqKHGqayIHmjJr",310,1,21,309,0,309,0,0,0,0,0,145,145,164,164,2
"156",55,"[21]HcHxvnJHqKHGqayIHmjJr",321,1,21,320,0,320,0,0,0,0,0,164,164,156,156,2
"157",56,"[21]HcHxvnJHqKHGqayIHmjJr",311,1,21,310,0,310,0,0,0,0,0,148,148,162,162,2
"158",57,"[21]HcHxvnJHqKHGqayIHmjJr",309,1,21,308,0,308,0,0,0,0,0,144,144,164,164,2
"159",58,"[21]HcHxvnJHqKHGqayIHmjJr",319,1,21,318,0,318,0,0,0,0,0,149,149,169,169,2
"160",59,"[21]HcHxvnJHqKHGqayIHmjJr",324,1,21,323,0,323,0,0,0,0,0,166,166,157,157,2
"161",60,"[21]HcHxvnJHqKHGqayIHmjJr",315,1,21,314,0,314,0,0,0,0,0,148,148,166,166,2
"162",61,"[21]HcHxvnJHqKHGqayIHmjJr",322,1,21,321,0,321,0,0,0,0,0,159,159,162,162,2
"163",62,"[21]HcHxvnJHqKHGqayIHmjJr",328,0.99696,21,329,1,328,1,1,0,1,1,191,191,138,137,2
"164",63,"[21]HcHxvnJHqKHGqayIHmjJr",321,1,21,320,0,320,0,0,0,0,0,162,162,158,158,2
"165",64,"[21]HcHxvnJHqKHGqayIHmjJr",313,1,21,312,0,312,0,0,0,0,0,154,154,158,158,2
"166",65,"[21]HcHxvnJHqKHGqayIHmjJr",322,1,21,321,0,321,0,0,0,0,0,170,170,151,151,2
"167",66,"[21]HcHxvnJHqKHGqayIHmjJr",306,1,21,305,0,305,0,0,0,0,0,137,137,168,168,2
"168",67,"[21]HcHxvnJHqKHGqayIHmjJr",320,0.996885,21,321,1,320,1,1,0,1,1,166,166,155,154,2
"169",68,"[21]HcHxvnJHqKHGqayIHmjJr",314,0.996825,21,315,1,314,1,1,0,1,1,164,164,151,150,2
"170",69,"[21]HcHxvnJHqKHGqayIHmjJr",312,1,21,311,0,311,0,0,0,0,0,149,149,162,162,2
"171",70,"[21]HcHxvnJHqKHGqayIHmjJr",315,0.996835,21,316,1,315,1,1,0,1,1,164,164,152,151,2
"172",71,"[21]HcHxvnJHqKHGqayIHmjJr",317,1,21,316,0,316,0,0,0,0,0,150,150,166,166,2
"173",72,"[21]HcHxvnJHqKHGqayIHmjJr",292,0.973941,21,307,8,299,8,8,0,8,8,163,163,144,136,2
"174",73,"[21]HcHxvnJHqKHGqayIHmjJr",317,1,21,316,0,316,0,0,0,0,0,161,161,155,155,2
"175",74,"[21]HcHxvnJHqKHGqayIHmjJr",320,0.993808,21,323,2,321,2,2,0,2,2,180,180,143,141,2
"176",75,"[21]HcHxvnJHqKHGqayIHmjJr",322,1,21,321,0,321,0,0,0,0,0,161,161,160,160,2
"177",76,"[21]HcHxvnJHqKHGqayIHmjJr",318,0.996865,21,319,1,318,1,1,0,1,1,161,161,158,157,2
"178",77,"[21]HcHxvnJHqKHGqayIHmjJr",311,1,21,310,0,310,0,0,0,0,0,148,148,162,162,2
"179",78,"[21]HcHxvnJHqKHGqayIHmjJr",300,0.980707,21,311,6,305,6,6,0,6,6,167,167,144,138,2
"180",79,"[21]HcHxvnJHqKHGqayIHmjJr",322,1,21,321,0,321,0,0,0,0,0,170,170,151,151,2
"181",80,"[21]HcHxvnJHqKHGqayIHmjJr",317,1,21,316,0,316,0,0,0,0,0,157,157,159,159,2
"182",81,"[21]HcHxvnJHqKHGqayIHmjJr",313,0.984472,21,322,5,317,5,5,0,5,5,173,173,149,144,2
"183",82,"[21]HcHxvnJHqKHGqayIHmjJr",319,1,21,318,0,318,0,0,0,0,0,165,165,153,153,2
"184",83,"[21]HcHxvnJHqKHGqayIHmjJr",314,0.990596,21,319,3,316,3,3,0,3,3,168,168,151,148,2
"185",84,"[21]HcHxvnJHqKHGqayIHmjJr",300,0.993399,21,303,2,301,2,2,0,2,2,137,137,166,164,2
"186",85,"[21]HcHxvnJHqKHGqayIHmjJr",323,1,21,322,0,322,0,0,0,0,0,170,170,152,152,2
"187",86,"[21]HcHxvnJHqKHGqayIHmjJr",314,1,21,313,0,313,0,0,0,0,0,148,148,165,165,2
"188",87,"[21]HcHxvnJHqKHGqayIHmjJr",316,1,21,315,0,315,0,0,0,0,0,162,162,153,153,2
"189",88,"[21]HcHxvnJHqKHGqayIHmjJr",329,1,21,328,0,328,0,0,0,0,0,172,172,156,156,2
"190",89,"[21]HcHxvnJHqKHGqayIHmjJr",308,0.990415,21,313,3,310,3,3,0,3,3,161,161,152,149,2
"191",90,"[21]HcHxvnJHqKHGqayIHmjJr",304,0.990291,21,309,3,306,3,3,0,3,3,155,155,154,151,2
"192",91,"[21]HcHxvnJHqKHGqayIHmjJr",314,0.996825,21,315,1,314,1,1,0,1,1,160,160,155,154,2
"193",92,"[21]HcHxvnJHqKHGqayIHmjJr",337,1,21,336,0,336,0,0,0,0,0,194,194,142,142,2
"194",93,"[21]HcHxvnJHqKHGqayIHmjJr",305,0.990323,21,310,3,307,3,3,0,3,3,160,160,150,147,2
"195",94,"[21]HcHxvnJHqKHGqayIHmjJr",316,0.99373,21,319,2,317,2,2,0,2,2,169,169,150,148,2
"196",95,"[21]HcHxvnJHqKHGqayIHmjJr",310,1,21,309,0,309,0,0,0,0,0,144,144,165,165,2
"197",96,"[21]HcHxvnJHqKHGqayIHmjJr",309,1,21,308,0,308,0,0,0,0,0,143,143,165,165,2
"198",97,"[21]HcHxvnJHqKHGqayIHmjJr",319,0.993789,21,322,2,320,2,2,0,2,2,177,177,145,143,2
"199",98,"[21]HcHxvnJHqKHGqayIHmjJr",312,0.993651,21,315,2,313,2,2,0,2,2,159,159,156,154,2
"200",99,"[21]HcHxvnJHqKHGqayIHmjJr",309,0.99359,21,312,2,310,2,2,0,2,2,159,159,153,151,2
"201",0,"[17]HcGHxGnJHqKHqaIJj",294,0.993266,17,297,2,295,2,2,0,2,2,151,151,146,144,3
"202",1,"[17]HcGHxGnJHqKHqaIJj",301,1,17,300,0,300,0,0,0,0,0,145,145,155,155,3
"203",2,"[17]HcGHxGnJHqKHqaIJj",303,1,17,302,0,302,0,0,0,0,0,153,153,149,149,3
"204",3,"[17]HcGHxGnJHqKHqaIJj",293,1,17,292,0,292,0,0,0,0,0,145,145,147,147,3
"205",4,"[17]HcGHxGnJHqKHqaIJj",295,1,17,294,0,294,0,0,0,0,0,142,142,152,152,3
"206",5,"[17]HcGHxGnJHqKHqaIJj",297,1,17,296,0,296,0,0,0,0,0,134,134,162,162,3
"207",6,"[17]HcGHxGnJHqKHqaIJj",299,0.996667,17,300,1,299,1,1,0,1,1,147,147,153,152,3
"208",7,"[17]HcGHxGnJHqKHqaIJj",298,1,17,297,0,297,0,0,0,0,0,137,137,160,160,3
"209",8,"[17]HcGHxGnJHqKHqaIJj",303,1,17,302,0,302,0,0,0,0,0,150,150,152,152,3
"210",9,"[17]HcGHxGnJHqKHqaIJj",300,0.996678,17,301,1,300,1,1,0,1,1,156,156,145,144,3
"211",10,"[17]HcGHxGnJHqKHqaIJj",306,1,17,305,0,305,0,0,0,0,0,156,156,149,149,3
"212",11,"[17]HcGHxGnJHqKHqaIJj",292,1,17,291,0,291,0,0,0,0,0,137,137,154,154,3
"213",12,"[17]HcGHxGnJHqKHqaIJj",300,0.993399,17,303,2,301,2,2,0,2,2,163,163,140,138,3
"214",13,"[17]HcGHxGnJHqKHqaIJj",294,0.989967,17,299,3,296,3,3,0,3,3,155,155,144,141,3
"215",14,"[17]HcGHxGnJHqKHqaIJj",297,1,17,296,0,296,0,0,0,0,0,146,146,150,150,3
"216",15,"[17]HcGHxGnJHqKHqaIJj",296,1,17,295,0,295,0,0,0,0,0,135,135,160,160,3
"217",16,"[17]HcGHxGnJHqKHqaIJj",299,0.996667,17,300,1,299,1,1,0,1,1,152,152,148,147,3
"218",17,"[17]HcGHxGnJHqKHqaIJj",292,0.996587,17,293,1,292,1,1,0,1,1,141,141,152,151,3
"219",18,"[17]HcGHxGnJHqKHqaIJj",290,0.989831,17,295,3,292,3,3,0,3,3,140,140,155,152,3
"220",19,"[17]HcGHxGnJHqKHqaIJj",302,1,17,301,0,301,0,0,0,0,0,162,162,139,139,3
"221",20,"[17]HcGHxGnJHqKHqaIJj",294,0.99661,17,295,1,294,1,1,0,1,1,138,138,157,156,3
"222",21,"[17]HcGHxGnJHqKHqaIJj",290,0.993174,17,293,2,291,2,2,0,2,2,147,147,146,144,3
"223",22,"[17]HcGHxGnJHqKHqaIJj",291,0.996575,17,292,1,291,1,1,0,1,1,138,138,154,153,3
"224",23,"[17]HcGHxGnJHqKHqaIJj",301,1,17,300,0,300,0,0,0,0,0,149,149,151,151,3
"225",24,"[17]HcGHxGnJHqKHqaIJj",300,0.996678,17,301,1,300,1,1,0,1,1,157,157,144,143,3
"226",25,"[17]HcGHxGnJHqKHqaIJj",301,1,17,300,0,300,0,0,0,0,0,147,147,153,153,3
"227",26,"[17]HcGHxGnJHqKHqaIJj",297,0.996644,17,298,1,297,1,1,0,1,1,148,148,150,149,3
"228",27,"[17]HcGHxGnJHqKHqaIJj",307,1,17,306,0,306,0,0,0,0,0,152,152,154,154,3
"229",28,"[17]HcGHxGnJHqKHqaIJj",292,0.996587,17,293,1,292,1,1,0,1,1,146,146,147,146,3
"230",29,"[17]HcGHxGnJHqKHqaIJj",296,0.993311,17,299,2,297,2,2,0,2,2,151,151,148,146,3
"231",30,"[17]HcGHxGnJHqKHqaIJj",298,1,17,297,0,297,0,0,0,0,0,148,148,149,149,3
"232",31,"[17]HcGHxGnJHqKHqaIJj",301,0.996689,17,302,1,301,1,1,0,1,1,144,144,158,157,3
"233",32,"[17]HcGHxGnJHqKHqaIJj",304,1,17,303,0,303,0,0,0,0,0,156,156,147,147,3
"234",33,"[17]HcGHxGnJHqKHqaIJj",298,1,17,297,0,297,0,0,0,0,0,148,148,149,149,3
"235",34,"[17]HcGHxGnJHqKHqaIJj",305,0.996732,17,306,1,305,1,1,0,1,1,179,179,127,126,3
"236",35,"[17]HcGHxGnJHqKHqaIJj",289,0.989796,17,294,3,291,3,3,0,3,3,141,141,153,150,3
"237",36,"[17]HcGHxGnJHqKHqaIJj",304,0.993485,17,307,2,305,2,2,0,2,2,159,159,148,146,3
"238",37,"[17]HcGHxGnJHqKHqaIJj",290,1,17,289,0,289,0,0,0,0,0,133,133,156,156,3
"239",38,"[17]HcGHxGnJHqKHqaIJj",298,0.996656,17,299,1,298,1,1,0,1,1,152,152,147,146,3
"240",39,"[17]HcGHxGnJHqKHqaIJj",300,1,17,299,0,299,0,0,0,0,0,144,144,155,155,3
"241",40,"[17]HcGHxGnJHqKHqaIJj",293,0.989933,17,298,3,295,3,3,0,3,3,147,147,151,148,3
"242",41,"[17]HcGHxGnJHqKHqaIJj",293,0.996599,17,294,1,293,1,1,0,1,1,136,136,158,157,3
"243",42,"[17]HcGHxGnJHqKHqaIJj",294,0.993266,17,297,2,295,2,2,0,2,2,152,152,145,143,3
"244",43,"[17]HcGHxGnJHqKHqaIJj",302,1,17,301,0,301,0,0,0,0,0,145,145,156,156,3
"245",44,"[17]HcGHxGnJHqKHqaIJj",299,1,17,298,0,298,0,0,0,0,0,149,149,149,149,3
"246",45,"[17]HcGHxGnJHqKHqaIJj",301,1,17,300,0,300,0,0,0,0,0,151,151,149,149,3
"247",46,"[17]HcGHxGnJHqKHqaIJj",298,0.996656,17,299,1,298,1,1,0,1,1,165,165,134,133,3
"248",47,"[17]HcGHxGnJHqKHqaIJj",300,1,17,299,0,299,0,0,0,0,0,133,133,166,166,3
"249",48,"[17]HcGHxGnJHqKHqaIJj",305,1,17,304,0,304,0,0,0,0,0,149,149,155,155,3
"250",49,"[17]HcGHxGnJHqKHqaIJj",306,1,17,305,0,305,0,0,0,0,0,162,162,143,143,3
"251",50,"[17]HcGHxGnJHqKHqaIJj",291,0.989865,17,296,3,293,3,3,0,3,3,144,144,152,149,3
"252",51,"[17]HcGHxGnJHqKHqaIJj",287,0.996528,17,288,1,287,1,1,0,1,1,134,134,154,153,3
"253",52,"[17]HcGHxGnJHqKHqaIJj",287,0.993103,17,290,2,288,2,2,0,2,2,131,131,159,157,3
"254",53,"[17]HcGHxGnJHqKHqaIJj",303,1,17,302,0,302,0,0,0,0,0,156,156,146,146,3
"255",54,"[17]HcGHxGnJHqKHqaIJj",302,1,17,301,0,301,0,0,0,0,0,144,144,157,157,3
"256",55,"[17]HcGHxGnJHqKHqaIJj",297,0.996644,17,298,1,297,1,1,0,1,1,147,147,151,150,3
"257",56,"[17]HcGHxGnJHqKHqaIJj",285,0.97973,17,296,6,290,6,6,0,6,6,160,160,136,130,3
"258",57,"[17]HcGHxGnJHqKHqaIJj",300,0.993399,17,303,2,301,2,2,0,2,2,151,151,152,150,3
"259",58,"[17]HcGHxGnJHqKHqaIJj",286,0.99308,17,289,2,287,2,2,0,2,2,140,140,149,147,3
"260",59,"[17]HcGHxGnJHqKHqaIJj",305,1,17,304,0,304,0,0,0,0,0,160,160,144,144,3
"261",60,"[17]HcGHxGnJHqKHqaIJj",295,0.993289,17,298,2,296,2,2,0,2,2,156,156,142,140,3
"262",61,"[17]HcGHxGnJHqKHqaIJj",301,0.996689,17,302,1,301,1,1,0,1,1,147,147,155,154,3
"263",62,"[17]HcGHxGnJHqKHqaIJj",295,1,17,294,0,294,0,0,0,0,0,133,133,161,161,3
"264",63,"[17]HcGHxGnJHqKHqaIJj",292,0.99322,17,295,2,293,2,2,0,2,2,136,136,159,157,3
"265",64,"[17]HcGHxGnJHqKHqaIJj",295,1,17,294,0,294,0,0,0,0,0,145,145,149,149,3
"266",65,"[17]HcGHxGnJHqKHqaIJj",288,0.993127,17,291,2,289,2,2,0,2,2,133,133,158,156,3
"267",66,"[17]HcGHxGnJHqKHqaIJj",307,1,17,306,0,306,0,0,0,0,0,160,160,146,146,3
"268",67,"[17]HcGHxGnJHqKHqaIJj",300,1,17,299,0,299,0,0,0,0,0,155,155,144,144,3
"269",68,"[17]HcGHxGnJHqKHqaIJj",311,1,17,310,0,310,0,0,0,0,0,164,164,146,146,3
"270",69,"[17]HcGHxGnJHqKHqaIJj",303,1,17,302,0,302,0,0,0,0,0,158,158,144,144,3
"271",70,"[17]HcGHxGnJHqKHqaIJj",295,1,17,294,0,294,0,0,0,0,0,139,139,155,155,3
"272",71,"[17]HcGHxGnJHqKHqaIJj",307,1,17,306,0,306,0,0,0,0,0,152,152,154,154,3
"273",72,"[17]HcGHxGnJHqKHqaIJj",298,1,17,297,0,297,0,0,0,0,0,140,140,157,157,3
"274",73,"[17]HcGHxGnJHqKHqaIJj",295,0.996622,17,296,1,295,1,1,0,1,1,146,146,150,149,3
"275",74,"[17]HcGHxGnJHqKHqaIJj",301,0.996689,17,302,1,301,1,1,0,1,1,156,156,146,145,3
"276",75,"[17]HcGHxGnJHqKHqaIJj",287,0.989726,17,292,3,289,3,3,0,3,3,142,142,150,147,3
"277",76,"[17]HcGHxGnJHqKHqaIJj",292,0.99322,17,295,2,293,2,2,0,2,2,142,142,153,151,3
"278",77,"[17]HcGHxGnJHqKHqaIJj",306,1,17,305,0,305,0,0,0,0,0,164,164,141,141,3
"279",78,"[17]HcGHxGnJHqKHqaIJj",304,1,17,303,0,303,0,0,0,0,0,154,154,149,149,3
"280",79,"[17]HcGHxGnJHqKHqaIJj",305,1,17,304,0,304,0,0,0,0,0,147,147,157,157,3
"281",80,"[17]HcGHxGnJHqKHqaIJj",298,1,17,297,0,297,0,0,0,0,0,138,138,159,159,3
"282",81,"[17]HcGHxGnJHqKHqaIJj",296,1,17,295,0,295,0,0,0,0,0,137,137,158,158,3
"283",82,"[17]HcGHxGnJHqKHqaIJj",284,0.993031,17,287,2,285,2,2,0,2,2,127,127,160,158,3
"284",83,"[17]HcGHxGnJHqKHqaIJj",295,0.996622,17,296,1,295,1,1,0,1,1,149,149,147,146,3
"285",84,"[17]HcGHxGnJHqKHqaIJj",300,0.996678,17,301,1,300,1,1,0,1,1,159,159,142,141,3
"286",85,"[17]HcGHxGnJHqKHqaIJj",294,0.993266,17,297,2,295,2,2,0,2,2,150,150,147,145,3
"287",86,"[17]HcGHxGnJHqKHqaIJj",296,0.993311,17,299,2,297,2,2,0,2,2,155,155,144,142,3
"288",87,"[17]HcGHxGnJHqKHqaIJj",288,0.989761,17,293,3,290,3,3,0,3,3,142,142,151,148,3
"289",88,"[17]HcGHxGnJHqKHqaIJj",293,1,17,292,0,292,0,0,0,0,0,133,133,159,159,3
"290",89,"[17]HcGHxGnJHqKHqaIJj",294,0.993266,17,297,2,295,2,2,0,2,2,141,141,156,154,3
"291",90,"[17]HcGHxGnJHqKHqaIJj",302,1,17,301,0,301,0,0,0,0,0,157,157,144,144,3
"292",91,"[17]HcGHxGnJHqKHqaIJj",294,0.993266,17,297,2,295,2,2,0,2,2,150,150,147,145,3
"293",92,"[17]HcGHxGnJHqKHqaIJj",289,0.986486,17,296,4,292,4,4,0,4,4,148,148,148,144,3
"294",93,"[17]HcGHxGnJHqKHqaIJj",288,0.989761,17,293,3,290,3,3,0,3,3,146,146,147,144,3
"295",94,"[17]HcGHxGnJHqKHqaIJj",284,0.986254,17,291,4,287,4,4,0,4,4,130,130,161,157,3
"296",95,"[17]HcGHxGnJHqKHqaIJj",300,1,17,299,0,299,0,0,0,0,0,156,156,143,143,3
"297",96,"[17]HcGHxGnJHqKHqaIJj",300,0.996678,17,301,1,300,1,1,0,1,1,150,150,151,150,3
"298",97,"[17]HcGHxGnJHqKHqaIJj",291,1,17,290,0,290,0,0,0,0,0,144,144,146,146,3
"299",98,"[17]HcGHxGnJHqKHqaIJj",304,1,17,303,0,303,0,0,0,0,0,155,155,148,148,3
"300",99,"[17]HcGHxGnJHqKHqaIJj",294,0.993266,17,297,2,295,2,2,0,2,2,154,154,143,141,3
"301",0,"[21]HcyHuGnJHqKHqaoFpsHIJ",305,1,21,304,0,304,0,0,0,0,0,168,168,136,136,4
"302",1,"[21]HcyHuGnJHqKHqaoFpsHIJ",295,1,21,294,0,294,0,0,0,0,0,141,141,153,153,4
"303",2,"[21]HcyHuGnJHqKHqaoFpsHIJ",297,1,21,296,0,296,0,0,0,0,0,148,148,148,148,4
"304",3,"[21]HcyHuGnJHqKHqaoFpsHIJ",295,0.996622,21,296,1,295,1,1,0,1,1,151,151,145,144,4
"305",4,"[21]HcyHuGnJHqKHqaoFpsHIJ",290,0.993174,21,293,2,291,2,2,0,2,2,144,144,149,147,4
"306",5,"[21]HcyHuGnJHqKHqaoFpsHIJ",297,0.996644,21,298,1,297,1,1,0,1,1,153,153,145,144,4
"307",6,"[21]HcyHuGnJHqKHqaoFpsHIJ",297,0.996644,21,298,1,297,1,1,0,1,1,145,145,153,152,4
"308",7,"[21]HcyHuGnJHqKHqaoFpsHIJ",297,1,21,296,0,296,0,0,0,0,0,160,160,136,136,4
"309",8,"[21]HcyHuGnJHqKHqaoFpsHIJ",275,0.979021,21,286,6,280,6,6,0,6,6,134,134,152,146,4
"310",9,"[21]HcyHuGnJHqKHqaoFpsHIJ",295,0.996622,21,296,1,295,1,1,0,1,1,150,150,146,145,4
"311",10,"[21]HcyHuGnJHqKHqaoFpsHIJ",298,0.993355,21,301,2,299,2,2,0,2,2,159,159,142,140,4
"312",11,"[21]HcyHuGnJHqKHqaoFpsHIJ",297,1,21,296,0,296,0,0,0,0,0,146,146,150,150,4
"313",12,"[21]HcyHuGnJHqKHqaoFpsHIJ",299,0.996667,21,300,1,299,1,1,0,1,1,144,144,156,155,4
"314",13,"[21]HcyHuGnJHqKHqaoFpsHIJ",307,1,21,306,0,306,0,0,0,0,0,158,158,148,148,4
"315",14,"[21]HcyHuGnJHqKHqaoFpsHIJ",299,0.996667,21,300,1,299,1,1,0,1,1,154,154,146,145,4
"316",15,"[21]HcyHuGnJHqKHqaoFpsHIJ",293,0.996599,21,294,1,293,1,1,0,1,1,139,139,155,154,4
"317",16,"[21]HcyHuGnJHqKHqaoFpsHIJ",288,0.986441,21,295,4,291,4,4,0,4,4,153,153,142,138,4
"318",17,"[21]HcyHuGnJHqKHqaoFpsHIJ",303,1,21,302,0,302,0,0,0,0,0,155,155,147,147,4
"319",18,"[21]HcyHuGnJHqKHqaoFpsHIJ",298,1,21,297,0,297,0,0,0,0,0,148,148,149,149,4
"320",19,"[21]HcyHuGnJHqKHqaoFpsHIJ",293,1,21,292,0,292,0,0,0,0,0,146,146,146,146,4
"321",20,"[21]HcyHuGnJHqKHqaoFpsHIJ",312,1,21,311,0,311,0,0,0,0,0,165,165,146,146,4
"322",21,"[21]HcyHuGnJHqKHqaoFpsHIJ",306,1,21,305,0,305,0,0,0,0,0,158,158,147,147,4
"323",22,"[21]HcyHuGnJHqKHqaoFpsHIJ",299,1,21,298,0,298,0,0,0,0,0,150,150,148,148,4
"324",23,"[21]HcyHuGnJHqKHqaoFpsHIJ",297,0.996644,21,298,1,297,1,1,0,1,1,143,143,155,154,4
"325",24,"[21]HcyHuGnJHqKHqaoFpsHIJ",284,0.989619,21,289,3,286,3,3,0,3,3,142,142,147,144,4
"326",25,"[21]HcyHuGnJHqKHqaoFpsHIJ",292,0.996587,21,293,1,292,1,1,0,1,1,139,139,154,153,4
"327",26,"[21]HcyHuGnJHqKHqaoFpsHIJ",288,0.989761,21,293,3,290,3,3,0,3,3,150,150,143,140,4
"328",27,"[21]HcyHuGnJHqKHqaoFpsHIJ",304,0.996721,21,305,1,304,1,1,0,1,1,158,158,147,146,4
"329",28,"[21]HcyHuGnJHqKHqaoFpsHIJ",291,0.996575,21,292,1,291,1,1,0,1,1,142,142,150,149,4
"330",29,"[21]HcyHuGnJHqKHqaoFpsHIJ",299,1,21,298,0,298,0,0,0,0,0,149,149,149,149,4
"331",30,"[21]HcyHuGnJHqKHqaoFpsHIJ",297,0.996644,21,298,1,297,1,1,0,1,1,142,142,156,155,4
"332",31,"[21]HcyHuGnJHqKHqaoFpsHIJ",301,1,21,300,0,300,0,0,0,0,0,152,152,148,148,4
"333",32,"[21]HcyHuGnJHqKHqaoFpsHIJ",300,0.996678,21,301,1,300,1,1,0,1,1,167,167,134,133,4
"334",33,"[21]HcyHuGnJHqKHqaoFpsHIJ",301,1,21,300,0,300,0,0,0,0,0,145,145,155,155,4
"335",34,"[21]HcyHuGnJHqKHqaoFpsHIJ",298,1,21,297,0,297,0,0,0,0,0,142,142,155,155,4
"336",35,"[21]HcyHuGnJHqKHqaoFpsHIJ",298,0.990099,21,303,3,300,3,3,0,3,3,156,156,147,144,4
"337",36,"[21]HcyHuGnJHqKHqaoFpsHIJ",301,1,21,300,0,300,0,0,0,0,0,146,146,154,154,4
"338",37,"[21]HcyHuGnJHqKHqaoFpsHIJ",295,0.996622,21,296,1,295,1,1,0,1,1,153,153,143,142,4
"339",38,"[21]HcyHuGnJHqKHqaoFpsHIJ",299,1,21,298,0,298,0,0,0,0,0,139,139,159,159,4
"340",39,"[21]HcyHuGnJHqKHqaoFpsHIJ",294,0.99661,21,295,1,294,1,1,0,1,1,140,140,155,154,4
"341",40,"[21]HcyHuGnJHqKHqaoFpsHIJ",299,1,21,298,0,298,0,0,0,0,0,137,137,161,161,4
"342",41,"[21]HcyHuGnJHqKHqaoFpsHIJ",297,0.996644,21,298,1,297,1,1,0,1,1,142,142,156,155,4
"343",42,"[21]HcyHuGnJHqKHqaoFpsHIJ",295,1,21,294,0,294,0,0,0,0,0,125,125,169,169,4
"344",43,"[21]HcyHuGnJHqKHqaoFpsHIJ",301,0.993421,21,304,2,302,2,2,0,2,2,165,165,139,137,4
"345",44,"[21]HcyHuGnJHqKHqaoFpsHIJ",296,1,21,295,0,295,0,0,0,0,0,145,145,150,150,4
"346",45,"[21]HcyHuGnJHqKHqaoFpsHIJ",295,0.996622,21,296,1,295,1,1,0,1,1,140,140,156,155,4
"347",46,"[21]HcyHuGnJHqKHqaoFpsHIJ",291,1,21,290,0,290,0,0,0,0,0,146,146,144,144,4
"348",47,"[21]HcyHuGnJHqKHqaoFpsHIJ",286,0.996516,21,287,1,286,1,1,0,1,1,138,138,149,148,4
"349",48,"[21]HcyHuGnJHqKHqaoFpsHIJ",298,0.996656,21,299,1,298,1,1,0,1,1,149,149,150,149,4
"350",49,"[21]HcyHuGnJHqKHqaoFpsHIJ",300,0.996678,21,301,1,300,1,1,0,1,1,153,153,148,147,4
"351",50,"[21]HcyHuGnJHqKHqaoFpsHIJ",300,1,21,299,0,299,0,0,0,0,0,151,151,148,148,4
"352",51,"[21]HcyHuGnJHqKHqaoFpsHIJ",297,0.990066,21,302,3,299,3,3,0,3,3,166,166,136,133,4
"353",52,"[21]HcyHuGnJHqKHqaoFpsHIJ",295,1,21,294,0,294,0,0,0,0,0,139,139,155,155,4
"354",53,"[21]HcyHuGnJHqKHqaoFpsHIJ",283,0.979592,21,294,6,288,6,6,0,6,6,164,164,130,124,4
"355",54,"[21]HcyHuGnJHqKHqaoFpsHIJ",296,1,21,295,0,295,0,0,0,0,0,142,142,153,153,4
"356",55,"[21]HcyHuGnJHqKHqaoFpsHIJ",305,1,21,304,0,304,0,0,0,0,0,161,161,143,143,4
"357",56,"[21]HcyHuGnJHqKHqaoFpsHIJ",296,0.996633,21,297,1,296,1,1,0,1,1,141,141,156,155,4
"358",57,"[21]HcyHuGnJHqKHqaoFpsHIJ",311,1,21,310,0,310,0,0,0,0,0,172,172,138,138,4
"359",58,"[21]HcyHuGnJHqKHqaoFpsHIJ",306,1,21,305,0,305,0,0,0,0,0,155,155,150,150,4
"360",59,"[21]HcyHuGnJHqKHqaoFpsHIJ",299,0.993377,21,302,2,300,2,2,0,2,2,151,151,151,149,4
"361",60,"[21]HcyHuGnJHqKHqaoFpsHIJ",293,0.989933,21,298,3,295,3,3,0,3,3,144,144,154,151,4
"362",61,"[21]HcyHuGnJHqKHqaoFpsHIJ",295,0.993289,21,298,2,296,2,2,0,2,2,154,154,144,142,4
"363",62,"[21]HcyHuGnJHqKHqaoFpsHIJ",291,0.996575,21,292,1,291,1,1,0,1,1,141,141,151,150,4
"364",63,"[21]HcyHuGnJHqKHqaoFpsHIJ",268,0.975089,21,281,7,274,7,7,0,7,7,136,136,145,138,4
"365",64,"[21]HcyHuGnJHqKHqaoFpsHIJ",295,0.993289,21,298,2,296,2,2,0,2,2,158,158,140,138,4
"366",65,"[21]HcyHuGnJHqKHqaoFpsHIJ",296,0.996633,21,297,1,296,1,1,0,1,1,143,143,154,153,4
"367",66,"[21]HcyHuGnJHqKHqaoFpsHIJ",300,0.996678,21,301,1,300,1,1,0,1,1,160,160,141,140,4
"368",67,"[21]HcyHuGnJHqKHqaoFpsHIJ",295,0.993289,21,298,2,296,2,2,0,2,2,153,153,145,143,4
"369",68,"[21]HcyHuGnJHqKHqaoFpsHIJ",299,1,21,298,0,298,0,0,0,0,0,144,144,154,154,4
"370",69,"[21]HcyHuGnJHqKHqaoFpsHIJ",290,0.993174,21,293,2,291,2,2,0,2,2,130,130,163,161,4
"371",70,"[21]HcyHuGnJHqKHqaoFpsHIJ",304,0.996721,21,305,1,304,1,1,0,1,1,151,151,154,153,4
"372",71,"[21]HcyHuGnJHqKHqaoFpsHIJ",305,1,21,304,0,304,0,0,0,0,0,153,153,151,151,4
"373",72,"[21]HcyHuGnJHqKHqaoFpsHIJ",302,1,21,301,0,301,0,0,0,0,0,163,163,138,138,4
"374",73,"[21]HcyHuGnJHqKHqaoFpsHIJ",291,0.989865,21,296,3,293,3,3,0,3,3,154,154,142,139,4
"375",74,"[21]HcyHuGnJHqKHqaoFpsHIJ",307,1,21,306,0,306,0,0,0,0,0,159,159,147,147,4
"376",75,"[21]HcyHuGnJHqKHqaoFpsHIJ",291,0.993197,21,294,2,292,2,2,0,2,2,145,145,149,147,4
"377",76,"[21]HcyHuGnJHqKHqaoFpsHIJ",300,1,21,299,0,299,0,0,0,0,0,153,153,146,146,4
"378",77,"[21]HcyHuGnJHqKHqaoFpsHIJ",298,1,21,297,0,297,0,0,0,0,0,148,148,149,149,4
"379",78,"[21]HcyHuGnJHqKHqaoFpsHIJ",300,0.996678,21,301,1,300,1,1,0,1,1,149,149,152,151,4
"380",79,"[21]HcyHuGnJHqKHqaoFpsHIJ",314,1,21,313,0,313,0,0,0,0,0,178,178,135,135,4
"381",80,"[21]HcyHuGnJHqKHqaoFpsHIJ",299,1,21,298,0,298,0,0,0,0,0,149,149,149,149,4
"382",81,"[21]HcyHuGnJHqKHqaoFpsHIJ",297,0.996644,21,298,1,297,1,1,0,1,1,149,149,149,148,4
"383",82,"[21]HcyHuGnJHqKHqaoFpsHIJ",297,1,21,296,0,296,0,0,0,0,0,140,140,156,156,4
"384",83,"[21]HcyHuGnJHqKHqaoFpsHIJ",296,0.993311,21,299,2,297,2,2,0,2,2,152,152,147,145,4
"385",84,"[21]HcyHuGnJHqKHqaoFpsHIJ",301,1,21,300,0,300,0,0,0,0,0,143,143,157,157,4
"386",85,"[21]HcyHuGnJHqKHqaoFpsHIJ",297,1,21,296,0,296,0,0,0,0,0,138,138,158,158,4
"387",86,"[21]HcyHuGnJHqKHqaoFpsHIJ",301,1,21,300,0,300,0,0,0,0,0,148,148,152,152,4
"388",87,"[21]HcyHuGnJHqKHqaoFpsHIJ",295,0.99,21,300,3,297,3,3,0,3,3,151,151,149,146,4
"389",88,"[21]HcyHuGnJHqKHqaoFpsHIJ",294,1,21,293,0,293,0,0,0,0,0,140,140,153,153,4
"390",89,"[21]HcyHuGnJHqKHqaoFpsHIJ",305,1,21,304,0,304,0,0,0,0,0,154,154,150,150,4
"391",90,"[21]HcyHuGnJHqKHqaoFpsHIJ",288,0.989761,21,293,3,290,3,3,0,3,3,142,142,151,148,4
"392",91,"[21]HcyHuGnJHqKHqaoFpsHIJ",294,0.99661,21,295,1,294,1,1,0,1,1,140,140,155,154,4
"393",92,"[21]HcyHuGnJHqKHqaoFpsHIJ",296,1,21,295,0,295,0,0,0,0,0,147,147,148,148,4
"394",93,"[21]HcyHuGnJHqKHqaoFpsHIJ",306,1,21,305,0,305,0,0,0,0,0,160,160,145,145,4
"395",94,"[21]HcyHuGnJHqKHqaoFpsHIJ",295,1,21,294,0,294,0,0,0,0,0,146,146,148,148,4
"396",95,"[21]HcyHuGnJHqKHqaoFpsHIJ",298,0.996656,21,299,1,298,1,1,0,1,1,148,148,151,150,4
"397",96,"[21]HcyHuGnJHqKHqaoFpsHIJ",291,0.993197,21,294,2,292,2,2,0,2,2,148,148,146,144,4
"398",97,"[21]HcyHuGnJHqKHqaoFpsHIJ",292,0.996587,21,293,1,292,1,1,0,1,1,143,143,150,149,4
"399",98,"[21]HcyHuGnJHqKHqaoFpsHIJ",300,0.996678,21,301,1,300,1,1,0,1,1,154,154,147,146,4
"400",99,"[21]HcyHuGnJHqKHqaoFpsHIJ",294,0.99661,21,295,1,294,1,1,0,1,1,153,153,142,141,4
"401",0,"[15]HBHvGnJHqKHqaIJ",295,0.993289,15,298,2,296,2,2,0,2,2,135,135,163,161,5
"402",1,"[15]HBHvGnJHqKHqaIJ",294,0.993266,15,297,2,295,2,2,0,2,2,141,141,156,154,5
"403",2,"[15]HBHvGnJHqKHqaIJ",299,0.996667,15,300,1,299,1,1,0,1,1,149,149,151,150,5
"404",3,"[15]HBHvGnJHqKHqaIJ",287,0.989726,15,292,3,289,3,3,0,3,3,150,150,142,139,5
"405",4,"[15]HBHvGnJHqKHqaIJ",298,1,15,297,0,297,0,0,0,0,0,147,147,150,150,5
"406",5,"[15]HBHvGnJHqKHqaIJ",299,1,15,298,0,298,0,0,0,0,0,142,142,156,156,5
"407",6,"[15]HBHvGnJHqKHqaIJ",289,0.989796,15,294,3,291,3,3,0,3,3,150,150,144,141,5
"408",7,"[15]HBHvGnJHqKHqaIJ",298,1,15,297,0,297,0,0,0,0,0,147,147,150,150,5
"409",8,"[15]HBHvGnJHqKHqaIJ",293,0.993243,15,296,2,294,2,2,0,2,2,149,149,147,145,5
"410",9,"[15]HBHvGnJHqKHqaIJ",294,0.993266,15,297,2,295,2,2,0,2,2,149,149,148,146,5
"411",10,"[15]HBHvGnJHqKHqaIJ",309,0.996774,15,310,1,309,1,1,0,1,1,167,167,143,142,5
"412",11,"[15]HBHvGnJHqKHqaIJ",300,1,15,299,0,299,0,0,0,0,0,145,145,154,154,5
"413",12,"[15]HBHvGnJHqKHqaIJ",303,1,15,302,0,302,0,0,0,0,0,140,140,162,162,5
"414",13,"[15]HBHvGnJHqKHqaIJ",295,0.993289,15,298,2,296,2,2,0,2,2,148,148,150,148,5
"415",14,"[15]HBHvGnJHqKHqaIJ",294,1,15,293,0,293,0,0,0,0,0,128,128,165,165,5
"416",15,"[15]HBHvGnJHqKHqaIJ",293,1,15,292,0,292,0,0,0,0,0,140,140,152,152,5
"417",16,"[15]HBHvGnJHqKHqaIJ",298,1,15,297,0,297,0,0,0,0,0,139,139,158,158,5
"418",17,"[15]HBHvGnJHqKHqaIJ",303,1,15,302,0,302,0,0,0,0,0,153,153,149,149,5
"419",18,"[15]HBHvGnJHqKHqaIJ",300,1,15,299,0,299,0,0,0,0,0,137,137,162,162,5
"420",19,"[15]HBHvGnJHqKHqaIJ",304,1,15,303,0,303,0,0,0,0,0,155,155,148,148,5
"421",20,"[15]HBHvGnJHqKHqaIJ",292,0.989899,15,297,3,294,3,3,0,3,3,144,144,153,150,5
"422",21,"[15]HBHvGnJHqKHqaIJ",304,0.996721,15,305,1,304,1,1,0,1,1,170,170,135,134,5
"423",22,"[15]HBHvGnJHqKHqaIJ",299,0.993377,15,302,2,300,2,2,0,2,2,156,156,146,144,5
"424",23,"[15]HBHvGnJHqKHqaIJ",288,0.99654,15,289,1,288,1,1,0,1,1,121,121,168,167,5
"425",24,"[15]HBHvGnJHqKHqaIJ",300,1,15,299,0,299,0,0,0,0,0,150,150,149,149,5
"426",25,"[15]HBHvGnJHqKHqaIJ",285,0.982993,15,294,5,289,5,5,0,5,5,134,134,160,155,5
"427",26,"[15]HBHvGnJHqKHqaIJ",296,1,15,295,0,295,0,0,0,0,0,137,137,158,158,5
"428",27,"[15]HBHvGnJHqKHqaIJ",295,0.996622,15,296,1,295,1,1,0,1,1,150,150,146,145,5
"429",28,"[15]HBHvGnJHqKHqaIJ",302,1,15,301,0,301,0,0,0,0,0,142,142,159,159,5
"430",29,"[15]HBHvGnJHqKHqaIJ",291,0.986577,15,298,4,294,4,4,0,4,4,145,145,153,149,5
"431",30,"[15]HBHvGnJHqKHqaIJ",295,0.996622,15,296,1,295,1,1,0,1,1,141,141,155,154,5
"432",31,"[15]HBHvGnJHqKHqaIJ",294,1,15,293,0,293,0,0,0,0,0,135,135,158,158,5
"433",32,"[15]HBHvGnJHqKHqaIJ",302,1,15,301,0,301,0,0,0,0,0,157,157,144,144,5
"434",33,"[15]HBHvGnJHqKHqaIJ",290,0.989831,15,295,3,292,3,3,0,3,3,147,147,148,145,5
"435",34,"[15]HBHvGnJHqKHqaIJ",298,1,15,297,0,297,0,0,0,0,0,139,139,158,158,5
"436",35,"[15]HBHvGnJHqKHqaIJ",301,1,15,300,0,300,0,0,0,0,0,154,154,146,146,5
"437",36,"[15]HBHvGnJHqKHqaIJ",297,1,15,296,0,296,0,0,0,0,0,141,141,155,155,5
"438",37,"[15]HBHvGnJHqKHqaIJ",291,1,15,290,0,290,0,0,0,0,0,130,130,160,160,5
"439",38,"[15]HBHvGnJHqKHqaIJ",297,1,15,296,0,296,0,0,0,0,0,149,149,147,147,5
"440",39,"[15]HBHvGnJHqKHqaIJ",297,0.996644,15,298,1,297,1,1,0,1,1,147,147,151,150,5
"441",40,"[15]HBHvGnJHqKHqaIJ",295,1,15,294,0,294,0,0,0,0,0,148,148,146,146,5
"442",41,"[15]HBHvGnJHqKHqaIJ",302,1,15,301,0,301,0,0,0,0,0,155,155,146,146,5
"443",42,"[15]HBHvGnJHqKHqaIJ",302,1,15,301,0,301,0,0,0,0,0,151,151,150,150,5
"444",43,"[15]HBHvGnJHqKHqaIJ",293,0.989933,15,298,3,295,3,3,0,3,3,148,148,150,147,5
"445",44,"[15]HBHvGnJHqKHqaIJ",293,1,15,292,0,292,0,0,0,0,0,131,131,161,161,5
"446",45,"[15]HBHvGnJHqKHqaIJ",300,0.996678,15,301,1,300,1,1,0,1,1,148,148,153,152,5
"447",46,"[15]HBHvGnJHqKHqaIJ",305,1,15,304,0,304,0,0,0,0,0,163,163,141,141,5
"448",47,"[15]HBHvGnJHqKHqaIJ",296,0.996633,15,297,1,296,1,1,0,1,1,145,145,152,151,5
"449",48,"[15]HBHvGnJHqKHqaIJ",299,1,15,298,0,298,0,0,0,0,0,147,147,151,151,5
"450",49,"[15]HBHvGnJHqKHqaIJ",299,1,15,298,0,298,0,0,0,0,0,142,142,156,156,5
"451",50,"[15]HBHvGnJHqKHqaIJ",288,0.986441,15,295,4,291,4,4,0,4,4,148,148,147,143,5
"452",51,"[15]HBHvGnJHqKHqaIJ",299,1,15,298,0,298,0,0,0,0,0,151,151,147,147,5
"453",52,"[15]HBHvGnJHqKHqaIJ",293,0.996599,15,294,1,293,1,1,0,1,1,132,132,162,161,5
"454",53,"[15]HBHvGnJHqKHqaIJ",296,1,15,295,0,295,0,0,0,0,0,140,140,155,155,5
"455",54,"[15]HBHvGnJHqKHqaIJ",300,0.986971,15,307,4,303,4,4,0,4,4,167,167,140,136,5
"456",55,"[15]HBHvGnJHqKHqaIJ",296,1,15,295,0,295,0,0,0,0,0,138,138,157,157,5
"457",56,"[15]HBHvGnJHqKHqaIJ",307,1,15,306,0,306,0,0,0,0,0,168,168,138,138,5
"458",57,"[15]HBHvGnJHqKHqaIJ",303,1,15,302,0,302,0,0,0,0,0,154,154,148,148,5
"459",58,"[15]HBHvGnJHqKHqaIJ",302,1,15,301,0,301,0,0,0,0,0,151,151,150,150,5
"460",59,"[15]HBHvGnJHqKHqaIJ",297,0.996644,15,298,1,297,1,1,0,1,1,139,139,159,158,5
"461",60,"[15]HBHvGnJHqKHqaIJ",297,1,15,296,0,296,0,0,0,0,0,146,146,150,150,5
"462",61,"[15]HBHvGnJHqKHqaIJ",303,0.99026,15,308,3,305,3,3,0,3,3,165,165,143,140,5
"463",62,"[15]HBHvGnJHqKHqaIJ",308,1,15,307,0,307,0,0,0,0,0,154,154,153,153,5
"464",63,"[15]HBHvGnJHqKHqaIJ",299,1,15,298,0,298,0,0,0,0,0,143,143,155,155,5
"465",64,"[15]HBHvGnJHqKHqaIJ",294,1,15,293,0,293,0,0,0,0,0,135,135,158,158,5
"466",65,"[15]HBHvGnJHqKHqaIJ",305,1,15,304,0,304,0,0,0,0,0,164,164,140,140,5
"467",66,"[15]HBHvGnJHqKHqaIJ",292,0.996587,15,293,1,292,1,1,0,1,1,148,148,145,144,5
"468",67,"[15]HBHvGnJHqKHqaIJ",299,1,15,298,0,298,0,0,0,0,0,152,152,146,146,5
"469",68,"[15]HBHvGnJHqKHqaIJ",295,0.996622,15,296,1,295,1,1,0,1,1,141,141,155,154,5
"470",69,"[15]HBHvGnJHqKHqaIJ",292,1,15,291,0,291,0,0,0,0,0,129,129,162,162,5
"471",70,"[15]HBHvGnJHqKHqaIJ",297,0.993333,15,300,2,298,2,2,0,2,2,155,155,145,143,5
"472",71,"[15]HBHvGnJHqKHqaIJ",293,1,15,292,0,292,0,0,0,0,0,141,141,151,151,5
"473",72,"[15]HBHvGnJHqKHqaIJ",299,0.996667,15,300,1,299,1,1,0,1,1,156,156,144,143,5
"474",73,"[15]HBHvGnJHqKHqaIJ",299,0.996667,15,300,1,299,1,1,0,1,1,150,150,150,149,5
"475",74,"[15]HBHvGnJHqKHqaIJ",296,1,15,295,0,295,0,0,0,0,0,142,142,153,153,5
"476",75,"[15]HBHvGnJHqKHqaIJ",295,1,15,294,0,294,0,0,0,0,0,142,142,152,152,5
"477",76,"[15]HBHvGnJHqKHqaIJ",294,1,15,293,0,293,0,0,0,0,0,134,134,159,159,5
"478",77,"[15]HBHvGnJHqKHqaIJ",291,0.996575,15,292,1,291,1,1,0,1,1,136,136,156,155,5
"479",78,"[15]HBHvGnJHqKHqaIJ",310,1,15,309,0,309,0,0,0,0,0,179,179,130,130,5
"480",79,"[15]HBHvGnJHqKHqaIJ",301,1,15,300,0,300,0,0,0,0,0,148,148,152,152,5
"481",80,"[15]HBHvGnJHqKHqaIJ",303,1,15,302,0,302,0,0,0,0,0,144,144,158,158,5
"482",81,"[15]HBHvGnJHqKHqaIJ",302,0.9967,15,303,1,302,1,1,0,1,1,161,161,142,141,5
"483",82,"[15]HBHvGnJHqKHqaIJ",292,0.996587,15,293,1,292,1,1,0,1,1,144,144,149,148,5
"484",83,"[15]HBHvGnJHqKHqaIJ",296,0.996633,15,297,1,296,1,1,0,1,1,144,144,153,152,5
"485",84,"[15]HBHvGnJHqKHqaIJ",302,0.9967,15,303,1,302,1,1,0,1,1,153,153,150,149,5
"486",85,"[15]HBHvGnJHqKHqaIJ",298,1,15,297,0,297,0,0,0,0,0,135,135,162,162,5
"487",86,"[15]HBHvGnJHqKHqaIJ",297,1,15,296,0,296,0,0,0,0,0,144,144,152,152,5
"488",87,"[15]HBHvGnJHqKHqaIJ",299,1,15,298,0,298,0,0,0,0,0,141,141,157,157,5
"489",88,"[15]HBHvGnJHqKHqaIJ",298,1,15,297,0,297,0,0,0,0,0,133,133,164,164,5
"490",89,"[15]HBHvGnJHqKHqaIJ",297,0.993333,15,300,2,298,2,2,0,2,2,146,146,154,152,5
"491",90,"[15]HBHvGnJHqKHqaIJ",293,1,15,292,0,292,0,0,0,0,0,139,139,153,153,5
"492",91,"[15]HBHvGnJHqKHqaIJ",293,0.996599,15,294,1,293,1,1,0,1,1,138,138,156,155,5
"493",92,"[15]HBHvGnJHqKHqaIJ",290,0.996564,15,291,1,290,1,1,0,1,1,128,128,163,162,5
"494",93,"[15]HBHvGnJHqKHqaIJ",289,1,15,288,0,288,0,0,0,0,0,116,116,172,172,5
"495",94,"[15]HBHvGnJHqKHqaIJ",287,0.989726,15,292,3,289,3,3,0,3,3,140,140,152,149,5
"496",95,"[15]HBHvGnJHqKHqaIJ",301,0.996689,15,302,1,301,1,1,0,1,1,150,150,152,151,5
"497",96,"[15]HBHvGnJHqKHqaIJ",296,0.996633,15,297,1,296,1,1,0,1,1,150,150,147,146,5
"498",97,"[15]HBHvGnJHqKHqaIJ",297,1,15,296,0,296,0,0,0,0,0,149,149,147,147,5
"499",98,"[15]HBHvGnJHqKHqaIJ",296,0.990033,15,301,3,298,3,3,0,3,3,160,160,141,138,5
"500",99,"[15]HBHvGnJHqKHqaIJ",303,1,15,302,0,302,0,0,0,0,0,162,162,140,140,5
"501",0,"[17]HBHvGnJHqKHqaIlnJ",302,0.9967,17,303,1,302,1,1,0,1,1,158,158,145,144,6
"502",1,"[17]HBHvGnJHqKHqaIlnJ",300,1,17,299,0,299,0,0,0,0,0,147,147,152,152,6
"503",2,"[17]HBHvGnJHqKHqaIlnJ",299,0.996667,17,300,1,299,1,1,0,1,1,154,154,146,145,6
"504",3,"[17]HBHvGnJHqKHqaIlnJ",304,1,17,303,0,303,0,0,0,0,0,163,163,140,140,6
"505",4,"[17]HBHvGnJHqKHqaIlnJ",305,1,17,304,0,304,0,0,0,0,0,156,156,148,148,6
"506",5,"[17]HBHvGnJHqKHqaIlnJ",295,1,17,294,0,294,0,0,0,0,0,138,138,156,156,6
"507",6,"[17]HBHvGnJHqKHqaIlnJ",302,1,17,301,0,301,0,0,0,0,0,146,146,155,155,6
"508",7,"[17]HBHvGnJHqKHqaIlnJ",297,0.993333,17,300,2,298,2,2,0,2,2,156,156,144,142,6
"509",8,"[17]HBHvGnJHqKHqaIlnJ",304,1,17,303,0,303,0,0,0,0,0,152,152,151,151,6
"510",9,"[17]HBHvGnJHqKHqaIlnJ",311,1,17,310,0,310,0,0,0,0,0,165,165,145,145,6
"511",10,"[17]HBHvGnJHqKHqaIlnJ",299,0.996667,17,300,1,299,1,1,0,1,1,150,150,150,149,6
"512",11,"[17]HBHvGnJHqKHqaIlnJ",306,0.996743,17,307,1,306,1,1,0,1,1,161,161,146,145,6
"513",12,"[17]HBHvGnJHqKHqaIlnJ",291,0.989865,17,296,3,293,3,3,0,3,3,151,151,145,142,6
"514",13,"[17]HBHvGnJHqKHqaIlnJ",300,1,17,299,0,299,0,0,0,0,0,144,144,155,155,6
"515",14,"[17]HBHvGnJHqKHqaIlnJ",298,1,17,297,0,297,0,0,0,0,0,149,149,148,148,6
"516",15,"[17]HBHvGnJHqKHqaIlnJ",299,1,17,298,0,298,0,0,0,0,0,150,150,148,148,6
"517",16,"[17]HBHvGnJHqKHqaIlnJ",292,0.989899,17,297,3,294,3,3,0,3,3,147,147,150,147,6
"518",17,"[17]HBHvGnJHqKHqaIlnJ",301,1,17,300,0,300,0,0,0,0,0,147,147,153,153,6
"519",18,"[17]HBHvGnJHqKHqaIlnJ",299,0.993377,17,302,2,300,2,2,0,2,2,166,166,136,134,6
"520",19,"[17]HBHvGnJHqKHqaIlnJ",295,0.99,17,300,3,297,3,3,0,3,3,147,147,153,150,6
"521",20,"[17]HBHvGnJHqKHqaIlnJ",305,1,17,304,0,304,0,0,0,0,0,147,147,157,157,6
"522",21,"[17]HBHvGnJHqKHqaIlnJ",294,0.99661,17,295,1,294,1,1,0,1,1,139,139,156,155,6
"523",22,"[17]HBHvGnJHqKHqaIlnJ",302,1,17,301,0,301,0,0,0,0,0,154,154,147,147,6
"524",23,"[17]HBHvGnJHqKHqaIlnJ",297,1,17,296,0,296,0,0,0,0,0,144,144,152,152,6
"525",24,"[17]HBHvGnJHqKHqaIlnJ",295,1,17,294,0,294,0,0,0,0,0,151,151,143,143,6
"526",25,"[17]HBHvGnJHqKHqaIlnJ",303,1,17,302,0,302,0,0,0,0,0,156,156,146,146,6
"527",26,"[17]HBHvGnJHqKHqaIlnJ",304,1,17,303,0,303,0,0,0,0,0,156,156,147,147,6
"528",27,"[17]HBHvGnJHqKHqaIlnJ",304,1,17,303,0,303,0,0,0,0,0,156,156,147,147,6
"529",28,"[17]HBHvGnJHqKHqaIlnJ",294,0.989967,17,299,3,296,3,3,0,3,3,155,155,144,141,6
"530",29,"[17]HBHvGnJHqKHqaIlnJ",294,0.99661,17,295,1,294,1,1,0,1,1,147,147,148,147,6
"531",30,"[17]HBHvGnJHqKHqaIlnJ",308,1,17,307,0,307,0,0,0,0,0,160,160,147,147,6
"532",31,"[17]HBHvGnJHqKHqaIlnJ",313,1,17,312,0,312,0,0,0,0,0,174,174,138,138,6
"533",32,"[17]HBHvGnJHqKHqaIlnJ",290,0.996564,17,291,1,290,1,1,0,1,1,136,136,155,154,6
"534",33,"[17]HBHvGnJHqKHqaIlnJ",293,0.993243,17,296,2,294,2,2,0,2,2,135,135,161,159,6
"535",34,"[17]HBHvGnJHqKHqaIlnJ",298,1,17,297,0,297,0,0,0,0,0,142,142,155,155,6
"536",35,"[17]HBHvGnJHqKHqaIlnJ",298,1,17,297,0,297,0,0,0,0,0,132,132,165,165,6
"537",36,"[17]HBHvGnJHqKHqaIlnJ",305,1,17,304,0,304,0,0,0,0,0,146,146,158,158,6
"538",37,"[17]HBHvGnJHqKHqaIlnJ",287,0.989726,17,292,3,289,3,3,0,3,3,144,144,148,145,6
"539",38,"[17]HBHvGnJHqKHqaIlnJ",294,0.99661,17,295,1,294,1,1,0,1,1,142,142,153,152,6
"540",39,"[17]HBHvGnJHqKHqaIlnJ",299,1,17,298,0,298,0,0,0,0,0,150,150,148,148,6
"541",40,"[17]HBHvGnJHqKHqaIlnJ",299,1,17,298,0,298,0,0,0,0,0,153,153,145,145,6
"542",41,"[17]HBHvGnJHqKHqaIlnJ",298,0.996656,17,299,1,298,1,1,0,1,1,151,151,148,147,6
"543",42,"[17]HBHvGnJHqKHqaIlnJ",297,0.996644,17,298,1,297,1,1,0,1,1,144,144,154,153,6
"544",43,"[17]HBHvGnJHqKHqaIlnJ",313,1,17,312,0,312,0,0,0,0,0,177,177,135,135,6
"545",44,"[17]HBHvGnJHqKHqaIlnJ",297,1,17,296,0,296,0,0,0,0,0,140,140,156,156,6
"546",45,"[17]HBHvGnJHqKHqaIlnJ",302,0.9967,17,303,1,302,1,1,0,1,1,151,151,152,151,6
"547",46,"[17]HBHvGnJHqKHqaIlnJ",301,0.996689,17,302,1,301,1,1,0,1,1,161,161,141,140,6
"548",47,"[17]HBHvGnJHqKHqaIlnJ",292,0.989899,17,297,3,294,3,3,0,3,3,152,152,145,142,6
"549",48,"[17]HBHvGnJHqKHqaIlnJ",300,1,17,299,0,299,0,0,0,0,0,152,152,147,147,6
"550",49,"[17]HBHvGnJHqKHqaIlnJ",309,1,17,308,0,308,0,0,0,0,0,160,160,148,148,6
"551",50,"[17]HBHvGnJHqKHqaIlnJ",303,1,17,302,0,302,0,0,0,0,0,145,145,157,157,6
"552",51,"[17]HBHvGnJHqKHqaIlnJ",296,1,17,295,0,295,0,0,0,0,0,134,134,161,161,6
"553",52,"[17]HBHvGnJHqKHqaIlnJ",294,0.989967,17,299,3,296,3,3,0,3,3,142,142,157,154,6
"554",53,"[17]HBHvGnJHqKHqaIlnJ",283,0.996479,17,284,1,283,1,1,0,1,1,122,122,162,161,6
"555",54,"[17]HBHvGnJHqKHqaIlnJ",293,0.993243,17,296,2,294,2,2,0,2,2,152,152,144,142,6
"556",55,"[17]HBHvGnJHqKHqaIlnJ",300,1,17,299,0,299,0,0,0,0,0,154,154,145,145,6
"557",56,"[17]HBHvGnJHqKHqaIlnJ",295,1,17,294,0,294,0,0,0,0,0,136,136,158,158,6
"558",57,"[17]HBHvGnJHqKHqaIlnJ",300,0.993399,17,303,2,301,2,2,0,2,2,157,157,146,144,6
"559",58,"[17]HBHvGnJHqKHqaIlnJ",304,1,17,303,0,303,0,0,0,0,0,154,154,149,149,6
"560",59,"[17]HBHvGnJHqKHqaIlnJ",295,1,17,294,0,294,0,0,0,0,0,137,137,157,157,6
"561",60,"[17]HBHvGnJHqKHqaIlnJ",289,0.986486,17,296,4,292,4,4,0,4,4,154,154,142,138,6
"562",61,"[17]HBHvGnJHqKHqaIlnJ",299,0.996667,17,300,1,299,1,1,0,1,1,150,150,150,149,6
"563",62,"[17]HBHvGnJHqKHqaIlnJ",288,0.989761,17,293,3,290,3,3,0,3,3,134,134,159,156,6
"564",63,"[17]HBHvGnJHqKHqaIlnJ",291,1,17,290,0,290,0,0,0,0,0,135,135,155,155,6
"565",64,"[17]HBHvGnJHqKHqaIlnJ",296,0.996633,17,297,1,296,1,1,0,1,1,153,153,144,143,6
"566",65,"[17]HBHvGnJHqKHqaIlnJ",304,1,17,303,0,303,0,0,0,0,0,162,162,141,141,6
"567",66,"[17]HBHvGnJHqKHqaIlnJ",300,1,17,299,0,299,0,0,0,0,0,143,143,156,156,6
"568",67,"[17]HBHvGnJHqKHqaIlnJ",295,0.996622,17,296,1,295,1,1,0,1,1,146,146,150,149,6
"569",68,"[17]HBHvGnJHqKHqaIlnJ",302,1,17,301,0,301,0,0,0,0,0,152,152,149,149,6
"570",69,"[17]HBHvGnJHqKHqaIlnJ",301,1,17,300,0,300,0,0,0,0,0,155,155,145,145,6
"571",70,"[17]HBHvGnJHqKHqaIlnJ",302,1,17,301,0,301,0,0,0,0,0,145,145,156,156,6
"572",71,"[17]HBHvGnJHqKHqaIlnJ",298,1,17,297,0,297,0,0,0,0,0,135,135,162,162,6
"573",72,"[17]HBHvGnJHqKHqaIlnJ",295,0.996622,17,296,1,295,1,1,0,1,1,148,148,148,147,6
"574",73,"[17]HBHvGnJHqKHqaIlnJ",304,0.996721,17,305,1,304,1,1,0,1,1,166,166,139,138,6
"575",74,"[17]HBHvGnJHqKHqaIlnJ",296,0.996633,17,297,1,296,1,1,0,1,1,142,142,155,154,6
"576",75,"[17]HBHvGnJHqKHqaIlnJ",305,0.996732,17,306,1,305,1,1,0,1,1,167,167,139,138,6
"577",76,"[17]HBHvGnJHqKHqaIlnJ",297,0.996644,17,298,1,297,1,1,0,1,1,152,152,146,145,6
"578",77,"[17]HBHvGnJHqKHqaIlnJ",297,0.996644,17,298,1,297,1,1,0,1,1,141,141,157,156,6
"579",78,"[17]HBHvGnJHqKHqaIlnJ",290,0.989831,17,295,3,292,3,3,0,3,3,149,149,146,143,6
"580",79,"[17]HBHvGnJHqKHqaIlnJ",301,0.996689,17,302,1,301,1,1,0,1,1,155,155,147,146,6
"581",80,"[17]HBHvGnJHqKHqaIlnJ",305,0.996732,17,306,1,305,1,1,0,1,1,159,159,147,146,6
"582",81,"[17]HBHvGnJHqKHqaIlnJ",298,1,17,297,0,297,0,0,0,0,0,141,141,156,156,6
"583",82,"[17]HBHvGnJHqKHqaIlnJ",308,1,17,307,0,307,0,0,0,0,0,157,157,150,150,6
"584",83,"[17]HBHvGnJHqKHqaIlnJ",302,1,17,301,0,301,0,0,0,0,0,151,151,150,150,6
"585",84,"[17]HBHvGnJHqKHqaIlnJ",294,0.99661,17,295,1,294,1,1,0,1,1,133,133,162,161,6
"586",85,"[17]HBHvGnJHqKHqaIlnJ",302,0.987055,17,309,4,305,4,4,0,4,4,161,161,148,144,6
"587",86,"[17]HBHvGnJHqKHqaIlnJ",285,0.97973,17,296,6,290,6,6,0,6,6,161,161,135,129,6
"588",87,"[17]HBHvGnJHqKHqaIlnJ",286,0.989691,17,291,3,288,3,3,0,3,3,146,146,145,142,6
"589",88,"[17]HBHvGnJHqKHqaIlnJ",301,1,17,300,0,300,0,0,0,0,0,159,159,141,141,6
"590",89,"[17]HBHvGnJHqKHqaIlnJ",282,0.986159,17,289,4,285,4,4,0,4,4,150,150,139,135,6
"591",90,"[17]HBHvGnJHqKHqaIlnJ",307,1,17,306,0,306,0,0,0,0,0,160,160,146,146,6
"592",91,"[17]HBHvGnJHqKHqaIlnJ",303,1,17,302,0,302,0,0,0,0,0,162,162,140,140,6
"593",92,"[17]HBHvGnJHqKHqaIlnJ",303,1,17,302,0,302,0,0,0,0,0,147,147,155,155,6
"594",93,"[17]HBHvGnJHqKHqaIlnJ",301,0.996689,17,302,1,301,1,1,0,1,1,155,155,147,146,6
"595",94,"[17]HBHvGnJHqKHqaIlnJ",298,0.996656,17,299,1,298,1,1,0,1,1,146,146,153,152,6
"596",95,"[17]HBHvGnJHqKHqaIlnJ",283,0.982877,17,292,5,287,5,5,0,5,5,140,140,152,147,6
"597",96,"[17]HBHvGnJHqKHqaIlnJ",300,0.993399,17,303,2,301,2,2,0,2,2,153,153,150,148,6
"598",97,"[17]HBHvGnJHqKHqaIlnJ",296,1,17,295,0,295,0,0,0,0,0,139,139,156,156,6
"599",98,"[17]HBHvGnJHqKHqaIlnJ",290,0.996564,17,291,1,290,1,1,0,1,1,138,138,153,152,6
"600",99,"[17]HBHvGnJHqKHqaIlnJ",299,1,17,298,0,298,0,0,0,0,0,156,156,142,142,6
"601",0,"[16]HcHxGnJHqKHqaIJs",305,1,16,304,0,304,0,0,0,0,0,157,157,147,147,7
"602",1,"[16]HcHxGnJHqKHqaIJs",290,0.989831,16,295,3,292,3,3,0,3,3,142,142,153,150,7
"603",2,"[16]HcHxGnJHqKHqaIJs",296,1,16,295,0,295,0,0,0,0,0,147,147,148,148,7
"604",3,"[16]HcHxGnJHqKHqaIJs",297,1,16,296,0,296,0,0,0,0,0,138,138,158,158,7
"605",4,"[16]HcHxGnJHqKHqaIJs",299,0.996667,16,300,1,299,1,1,0,1,1,152,152,148,147,7
"606",5,"[16]HcHxGnJHqKHqaIJs",309,1,16,308,0,308,0,0,0,0,0,178,178,130,130,7
"607",6,"[16]HcHxGnJHqKHqaIJs",287,0.989726,16,292,3,289,3,3,0,3,3,140,140,152,149,7
"608",7,"[16]HcHxGnJHqKHqaIJs",291,1,16,290,0,290,0,0,0,0,0,131,131,159,159,7
"609",8,"[16]HcHxGnJHqKHqaIJs",303,1,16,302,0,302,0,0,0,0,0,159,159,143,143,7
"610",9,"[16]HcHxGnJHqKHqaIJs",298,1,16,297,0,297,0,0,0,0,0,146,146,151,151,7
"611",10,"[16]HcHxGnJHqKHqaIJs",288,1,16,287,0,287,0,0,0,0,0,128,128,159,159,7
"612",11,"[16]HcHxGnJHqKHqaIJs",296,0.996633,16,297,1,296,1,1,0,1,1,143,143,154,153,7
"613",12,"[16]HcHxGnJHqKHqaIJs",291,0.989865,16,296,3,293,3,3,0,3,3,155,155,141,138,7
"614",13,"[16]HcHxGnJHqKHqaIJs",299,0.996667,16,300,1,299,1,1,0,1,1,150,150,150,149,7
"615",14,"[16]HcHxGnJHqKHqaIJs",288,0.983165,16,297,5,292,5,5,0,5,5,144,144,153,148,7
"616",15,"[16]HcHxGnJHqKHqaIJs",301,1,16,300,0,300,0,0,0,0,0,148,148,152,152,7
"617",16,"[16]HcHxGnJHqKHqaIJs",290,0.996564,16,291,1,290,1,1,0,1,1,138,138,153,152,7
"618",17,"[16]HcHxGnJHqKHqaIJs",294,1,16,293,0,293,0,0,0,0,0,149,149,144,144,7
"619",18,"[16]HcHxGnJHqKHqaIJs",302,1,16,301,0,301,0,0,0,0,0,151,151,150,150,7
"620",19,"[16]HcHxGnJHqKHqaIJs",297,1,16,296,0,296,0,0,0,0,0,146,146,150,150,7
"621",20,"[16]HcHxGnJHqKHqaIJs",297,0.996644,16,298,1,297,1,1,0,1,1,153,153,145,144,7
"622",21,"[16]HcHxGnJHqKHqaIJs",301,1,16,300,0,300,0,0,0,0,0,164,164,136,136,7
"623",22,"[16]HcHxGnJHqKHqaIJs",300,1,16,299,0,299,0,0,0,0,0,147,147,152,152,7
"624",23,"[16]HcHxGnJHqKHqaIJs",299,1,16,298,0,298,0,0,0,0,0,156,156,142,142,7
"625",24,"[16]HcHxGnJHqKHqaIJs",297,0.993333,16,300,2,298,2,2,0,2,2,163,163,137,135,7
"626",25,"[16]HcHxGnJHqKHqaIJs",294,0.989967,16,299,3,296,3,3,0,3,3,157,157,142,139,7
"627",26,"[16]HcHxGnJHqKHqaIJs",307,1,16,306,0,306,0,0,0,0,0,155,155,151,151,7
"628",27,"[16]HcHxGnJHqKHqaIJs",293,1,16,292,0,292,0,0,0,0,0,133,133,159,159,7
"629",28,"[16]HcHxGnJHqKHqaIJs",303,0.996711,16,304,1,303,1,1,0,1,1,152,152,152,151,7
"630",29,"[16]HcHxGnJHqKHqaIJs",299,1,16,298,0,298,0,0,0,0,0,147,147,151,151,7
"631",30,"[16]HcHxGnJHqKHqaIJs",305,1,16,304,0,304,0,0,0,0,0,160,160,144,144,7
"632",31,"[16]HcHxGnJHqKHqaIJs",303,1,16,302,0,302,0,0,0,0,0,164,164,138,138,7
"633",32,"[16]HcHxGnJHqKHqaIJs",291,0.989865,16,296,3,293,3,3,0,3,3,145,145,151,148,7
"634",33,"[16]HcHxGnJHqKHqaIJs",299,0.996667,16,300,1,299,1,1,0,1,1,152,152,148,147,7
"635",34,"[16]HcHxGnJHqKHqaIJs",297,1,16,296,0,296,0,0,0,0,0,142,142,154,154,7
"636",35,"[16]HcHxGnJHqKHqaIJs",299,0.986928,16,306,4,302,4,4,0,4,4,166,166,140,136,7
"637",36,"[16]HcHxGnJHqKHqaIJs",297,1,16,296,0,296,0,0,0,0,0,140,140,156,156,7
"638",37,"[16]HcHxGnJHqKHqaIJs",303,0.993464,16,306,2,304,2,2,0,2,2,171,171,135,133,7
"639",38,"[16]HcHxGnJHqKHqaIJs",294,0.99661,16,295,1,294,1,1,0,1,1,136,136,159,158,7
"640",39,"[16]HcHxGnJHqKHqaIJs",300,1,16,299,0,299,0,0,0,0,0,156,156,143,143,7
"641",40,"[16]HcHxGnJHqKHqaIJs",295,0.996622,16,296,1,295,1,1,0,1,1,152,152,144,143,7
"642",41,"[16]HcHxGnJHqKHqaIJs",308,0.996764,16,309,1,308,1,1,0,1,1,168,168,141,140,7
"643",42,"[16]HcHxGnJHqKHqaIJs",298,0.996656,16,299,1,298,1,1,0,1,1,153,153,146,145,7
"644",43,"[16]HcHxGnJHqKHqaIJs",298,1,16,297,0,297,0,0,0,0,0,143,143,154,154,7
"645",44,"[16]HcHxGnJHqKHqaIJs",297,0.996644,16,298,1,297,1,1,0,1,1,140,140,158,157,7
"646",45,"[16]HcHxGnJHqKHqaIJs",292,0.996587,16,293,1,292,1,1,0,1,1,148,148,145,144,7
"647",46,"[16]HcHxGnJHqKHqaIJs",282,0.989547,16,287,3,284,3,3,0,3,3,134,134,153,150,7
"648",47,"[16]HcHxGnJHqKHqaIJs",300,0.996678,16,301,1,300,1,1,0,1,1,151,151,150,149,7
"649",48,"[16]HcHxGnJHqKHqaIJs",296,0.996633,16,297,1,296,1,1,0,1,1,138,138,159,158,7
"650",49,"[16]HcHxGnJHqKHqaIJs",294,1,16,293,0,293,0,0,0,0,0,134,134,159,159,7
"651",50,"[16]HcHxGnJHqKHqaIJs",309,1,16,308,0,308,0,0,0,0,0,182,182,126,126,7
"652",51,"[16]HcHxGnJHqKHqaIJs",292,0.996587,16,293,1,292,1,1,0,1,1,141,141,152,151,7
"653",52,"[16]HcHxGnJHqKHqaIJs",299,0.996667,16,300,1,299,1,1,0,1,1,153,153,147,146,7
"654",53,"[16]HcHxGnJHqKHqaIJs",292,0.99322,16,295,2,293,2,2,0,2,2,143,143,152,150,7
"655",54,"[16]HcHxGnJHqKHqaIJs",291,0.989865,16,296,3,293,3,3,0,3,3,144,144,152,149,7
"656",55,"[16]HcHxGnJHqKHqaIJs",294,0.993266,16,297,2,295,2,2,0,2,2,151,151,146,144,7
"657",56,"[16]HcHxGnJHqKHqaIJs",301,1,16,300,0,300,0,0,0,0,0,151,151,149,149,7
"658",57,"[16]HcHxGnJHqKHqaIJs",304,1,16,303,0,303,0,0,0,0,0,162,162,141,141,7
"659",58,"[16]HcHxGnJHqKHqaIJs",301,1,16,300,0,300,0,0,0,0,0,158,158,142,142,7
"660",59,"[16]HcHxGnJHqKHqaIJs",291,0.983333,16,300,5,295,5,5,0,5,5,156,156,144,139,7
"661",60,"[16]HcHxGnJHqKHqaIJs",300,0.996678,16,301,1,300,1,1,0,1,1,155,155,146,145,7
"662",61,"[16]HcHxGnJHqKHqaIJs",297,1,16,296,0,296,0,0,0,0,0,133,133,163,163,7
"663",62,"[16]HcHxGnJHqKHqaIJs",297,0.996644,16,298,1,297,1,1,0,1,1,151,151,147,146,7
"664",63,"[16]HcHxGnJHqKHqaIJs",301,1,16,300,0,300,0,0,0,0,0,142,142,158,158,7
"665",64,"[16]HcHxGnJHqKHqaIJs",300,0.996678,16,301,1,300,1,1,0,1,1,157,157,144,143,7
"666",65,"[16]HcHxGnJHqKHqaIJs",304,0.996721,16,305,1,304,1,1,0,1,1,154,154,151,150,7
"667",66,"[16]HcHxGnJHqKHqaIJs",301,1,16,300,0,300,0,0,0,0,0,146,146,154,154,7
"668",67,"[16]HcHxGnJHqKHqaIJs",292,0.996587,16,293,1,292,1,1,0,1,1,143,143,150,149,7
"669",68,"[16]HcHxGnJHqKHqaIJs",295,1,16,294,0,294,0,0,0,0,0,139,139,155,155,7
"670",69,"[16]HcHxGnJHqKHqaIJs",297,0.993333,16,300,2,298,2,2,0,2,2,169,169,131,129,7
"671",70,"[16]HcHxGnJHqKHqaIJs",304,0.996721,16,305,1,304,1,1,0,1,1,170,170,135,134,7
"672",71,"[16]HcHxGnJHqKHqaIJs",294,0.99661,16,295,1,294,1,1,0,1,1,140,140,155,154,7
"673",72,"[16]HcHxGnJHqKHqaIJs",311,1,16,310,0,310,0,0,0,0,0,153,153,157,157,7
"674",73,"[16]HcHxGnJHqKHqaIJs",294,0.99661,16,295,1,294,1,1,0,1,1,146,146,149,148,7
"675",74,"[16]HcHxGnJHqKHqaIJs",293,1,16,292,0,292,0,0,0,0,0,130,130,162,162,7
"676",75,"[16]HcHxGnJHqKHqaIJs",301,0.996689,16,302,1,301,1,1,0,1,1,147,147,155,154,7
"677",76,"[16]HcHxGnJHqKHqaIJs",300,0.996678,16,301,1,300,1,1,0,1,1,156,156,145,144,7
"678",77,"[16]HcHxGnJHqKHqaIJs",304,0.996721,16,305,1,304,1,1,0,1,1,171,171,134,133,7
"679",78,"[16]HcHxGnJHqKHqaIJs",307,1,16,306,0,306,0,0,0,0,0,160,160,146,146,7
"680",79,"[16]HcHxGnJHqKHqaIJs",294,1,16,293,0,293,0,0,0,0,0,132,132,161,161,7
"681",80,"[16]HcHxGnJHqKHqaIJs",306,1,16,305,0,305,0,0,0,0,0,169,169,136,136,7
"682",81,"[16]HcHxGnJHqKHqaIJs",303,1,16,302,0,302,0,0,0,0,0,161,161,141,141,7
"683",82,"[16]HcHxGnJHqKHqaIJs",308,1,16,307,0,307,0,0,0,0,0,169,169,138,138,7
"684",83,"[16]HcHxGnJHqKHqaIJs",297,1,16,296,0,296,0,0,0,0,0,134,134,162,162,7
"685",84,"[16]HcHxGnJHqKHqaIJs",300,0.996678,16,301,1,300,1,1,0,1,1,154,154,147,146,7
"686",85,"[16]HcHxGnJHqKHqaIJs",294,0.99661,16,295,1,294,1,1,0,1,1,148,148,147,146,7
"687",86,"[16]HcHxGnJHqKHqaIJs",299,0.996667,16,300,1,299,1,1,0,1,1,146,146,154,153,7
"688",87,"[16]HcHxGnJHqKHqaIJs",294,0.99661,16,295,1,294,1,1,0,1,1,135,135,160,159,7
"689",88,"[16]HcHxGnJHqKHqaIJs",297,1,16,296,0,296,0,0,0,0,0,146,146,150,150,7
"690",89,"[16]HcHxGnJHqKHqaIJs",302,0.9967,16,303,1,302,1,1,0,1,1,148,148,155,154,7
"691",90,"[16]HcHxGnJHqKHqaIJs",305,1,16,304,0,304,0,0,0,0,0,149,149,155,155,7
"692",91,"[16]HcHxGnJHqKHqaIJs",293,1,16,292,0,292,0,0,0,0,0,137,137,155,155,7
"693",92,"[16]HcHxGnJHqKHqaIJs",294,0.993266,16,297,2,295,2,2,0,2,2,151,151,146,144,7
"694",93,"[16]HcHxGnJHqKHqaIJs",296,1,16,295,0,295,0,0,0,0,0,138,138,157,157,7
"695",94,"[16]HcHxGnJHqKHqaIJs",305,1,16,304,0,304,0,0,0,0,0,152,152,152,152,7
"696",95,"[16]HcHxGnJHqKHqaIJs",311,1,16,310,0,310,0,0,0,0,0,167,167,143,143,7
"697",96,"[16]HcHxGnJHqKHqaIJs",304,1,16,303,0,303,0,0,0,0,0,145,145,158,158,7
"698",97,"[16]HcHxGnJHqKHqaIJs",287,0.996528,16,288,1,287,1,1,0,1,1,134,134,154,153,7
"699",98,"[16]HcHxGnJHqKHqaIJs",301,1,16,300,0,300,0,0,0,0,0,147,147,153,153,7
"700",99,"[16]HcHxGnJHqKHqaIJs",290,0.989831,16,295,3,292,3,3,0,3,3,161,161,134,131,7
"701",0,"[17]HBHuGnJHqKHqavIJf",287,0.983108,17,296,5,291,5,5,0,5,5,153,153,143,138,8
"702",1,"[17]HBHuGnJHqKHqavIJf",289,1,17,288,0,288,0,0,0,0,0,128,128,160,160,8
"703",2,"[17]HBHuGnJHqKHqavIJf",306,1,17,305,0,305,0,0,0,0,0,159,159,146,146,8
"704",3,"[17]HBHuGnJHqKHqavIJf",294,0.99661,17,295,1,294,1,1,0,1,1,143,143,152,151,8
"705",4,"[17]HBHuGnJHqKHqavIJf",304,1,17,303,0,303,0,0,0,0,0,154,154,149,149,8
"706",5,"[17]HBHuGnJHqKHqavIJf",302,0.9967,17,303,1,302,1,1,0,1,1,156,156,147,146,8
"707",6,"[17]HBHuGnJHqKHqavIJf",301,0.996689,17,302,1,301,1,1,0,1,1,154,154,148,147,8
"708",7,"[17]HBHuGnJHqKHqavIJf",293,0.996599,17,294,1,293,1,1,0,1,1,149,149,145,144,8
"709",8,"[17]HBHuGnJHqKHqavIJf",296,1,17,295,0,295,0,0,0,0,0,135,135,160,160,8
"710",9,"[17]HBHuGnJHqKHqavIJf",299,1,17,298,0,298,0,0,0,0,0,146,146,152,152,8
"711",10,"[17]HBHuGnJHqKHqavIJf",275,0.972414,17,290,8,282,8,8,0,8,8,140,140,150,142,8
"712",11,"[17]HBHuGnJHqKHqavIJf",307,1,17,306,0,306,0,0,0,0,0,155,155,151,151,8
"713",12,"[17]HBHuGnJHqKHqavIJf",293,0.996599,17,294,1,293,1,1,0,1,1,127,127,167,166,8
"714",13,"[17]HBHuGnJHqKHqavIJf",298,1,17,297,0,297,0,0,0,0,0,141,141,156,156,8
"715",14,"[17]HBHuGnJHqKHqavIJf",301,1,17,300,0,300,0,0,0,0,0,150,150,150,150,8
"716",15,"[17]HBHuGnJHqKHqavIJf",298,1,17,297,0,297,0,0,0,0,0,151,151,146,146,8
"717",16,"[17]HBHuGnJHqKHqavIJf",297,0.993333,17,300,2,298,2,2,0,2,2,150,150,150,148,8
"718",17,"[17]HBHuGnJHqKHqavIJf",279,0.989437,17,284,3,281,3,3,0,3,3,132,132,152,149,8
"719",18,"[17]HBHuGnJHqKHqavIJf",303,1,17,302,0,302,0,0,0,0,0,143,143,159,159,8
"720",19,"[17]HBHuGnJHqKHqavIJf",281,0.97619,17,294,7,287,7,7,0,7,7,152,152,142,135,8
"721",20,"[17]HBHuGnJHqKHqavIJf",296,0.993311,17,299,2,297,2,2,0,2,2,154,154,145,143,8
"722",21,"[17]HBHuGnJHqKHqavIJf",299,0.996667,17,300,1,299,1,1,0,1,1,149,149,151,150,8
"723",22,"[17]HBHuGnJHqKHqavIJf",303,1,17,302,0,302,0,0,0,0,0,159,159,143,143,8
"724",23,"[17]HBHuGnJHqKHqavIJf",292,1,17,291,0,291,0,0,0,0,0,129,129,162,162,8
"725",24,"[17]HBHuGnJHqKHqavIJf",305,1,17,304,0,304,0,0,0,0,0,167,167,137,137,8
"726",25,"[17]HBHuGnJHqKHqavIJf",303,1,17,302,0,302,0,0,0,0,0,153,153,149,149,8
"727",26,"[17]HBHuGnJHqKHqavIJf",289,0.996552,17,290,1,289,1,1,0,1,1,141,141,149,148,8
"728",27,"[17]HBHuGnJHqKHqavIJf",298,1,17,297,0,297,0,0,0,0,0,155,155,142,142,8
"729",28,"[17]HBHuGnJHqKHqavIJf",296,1,17,295,0,295,0,0,0,0,0,143,143,152,152,8
"730",29,"[17]HBHuGnJHqKHqavIJf",295,0.993289,17,298,2,296,2,2,0,2,2,153,153,145,143,8
"731",30,"[17]HBHuGnJHqKHqavIJf",303,1,17,302,0,302,0,0,0,0,0,148,148,154,154,8
"732",31,"[17]HBHuGnJHqKHqavIJf",299,1,17,298,0,298,0,0,0,0,0,145,145,153,153,8
"733",32,"[17]HBHuGnJHqKHqavIJf",303,1,17,302,0,302,0,0,0,0,0,151,151,151,151,8
"734",33,"[17]HBHuGnJHqKHqavIJf",284,0.982935,17,293,5,288,5,5,0,5,5,151,151,142,137,8
"735",34,"[17]HBHuGnJHqKHqavIJf",305,1,17,304,0,304,0,0,0,0,0,158,158,146,146,8
"736",35,"[17]HBHuGnJHqKHqavIJf",301,1,17,300,0,300,0,0,0,0,0,145,145,155,155,8
"737",36,"[17]HBHuGnJHqKHqavIJf",295,1,17,294,0,294,0,0,0,0,0,147,147,147,147,8
"738",37,"[17]HBHuGnJHqKHqavIJf",292,0.989899,17,297,3,294,3,3,0,3,3,143,143,154,151,8
"739",38,"[17]HBHuGnJHqKHqavIJf",298,1,17,297,0,297,0,0,0,0,0,141,141,156,156,8
"740",39,"[17]HBHuGnJHqKHqavIJf",289,0.996552,17,290,1,289,1,1,0,1,1,133,133,157,156,8
"741",40,"[17]HBHuGnJHqKHqavIJf",281,0.98951,17,286,3,283,3,3,0,3,3,141,141,145,142,8
"742",41,"[17]HBHuGnJHqKHqavIJf",299,0.993377,17,302,2,300,2,2,0,2,2,157,157,145,143,8
"743",42,"[17]HBHuGnJHqKHqavIJf",306,1,17,305,0,305,0,0,0,0,0,142,142,163,163,8
"744",43,"[17]HBHuGnJHqKHqavIJf",291,0.996575,17,292,1,291,1,1,0,1,1,143,143,149,148,8
"745",44,"[17]HBHuGnJHqKHqavIJf",298,1,17,297,0,297,0,0,0,0,0,149,149,148,148,8
"746",45,"[17]HBHuGnJHqKHqavIJf",302,1,17,301,0,301,0,0,0,0,0,139,139,162,162,8
"747",46,"[17]HBHuGnJHqKHqavIJf",301,1,17,300,0,300,0,0,0,0,0,158,158,142,142,8
"748",47,"[17]HBHuGnJHqKHqavIJf",297,0.996644,17,298,1,297,1,1,0,1,1,155,155,143,142,8
"749",48,"[17]HBHuGnJHqKHqavIJf",291,0.993197,17,294,2,292,2,2,0,2,2,139,139,155,153,8
"750",49,"[17]HBHuGnJHqKHqavIJf",294,1,17,293,0,293,0,0,0,0,0,139,139,154,154,8
"751",50,"[17]HBHuGnJHqKHqavIJf",298,0.996656,17,299,1,298,1,1,0,1,1,149,149,150,149,8
"752",51,"[17]HBHuGnJHqKHqavIJf",292,0.99322,17,295,2,293,2,2,0,2,2,142,142,153,151,8
"753",52,"[17]HBHuGnJHqKHqavIJf",300,1,17,299,0,299,0,0,0,0,0,143,143,156,156,8
"754",53,"[17]HBHuGnJHqKHqavIJf",305,0.990323,17,310,3,307,3,3,0,3,3,173,173,137,134,8
"755",54,"[17]HBHuGnJHqKHqavIJf",296,1,17,295,0,295,0,0,0,0,0,135,135,160,160,8
"756",55,"[17]HBHuGnJHqKHqavIJf",302,1,17,301,0,301,0,0,0,0,0,158,158,143,143,8
"757",56,"[17]HBHuGnJHqKHqavIJf",295,0.996622,17,296,1,295,1,1,0,1,1,140,140,156,155,8
"758",57,"[17]HBHuGnJHqKHqavIJf",299,0.996667,17,300,1,299,1,1,0,1,1,160,160,140,139,8
"759",58,"[17]HBHuGnJHqKHqavIJf",306,1,17,305,0,305,0,0,0,0,0,159,159,146,146,8
"760",59,"[17]HBHuGnJHqKHqavIJf",294,0.993266,17,297,2,295,2,2,0,2,2,152,152,145,143,8
"761",60,"[17]HBHuGnJHqKHqavIJf",309,1,17,308,0,308,0,0,0,0,0,166,166,142,142,8
"762",61,"[17]HBHuGnJHqKHqavIJf",300,1,17,299,0,299,0,0,0,0,0,145,145,154,154,8
"763",62,"[17]HBHuGnJHqKHqavIJf",291,0.989865,17,296,3,293,3,3,0,3,3,146,146,150,147,8
"764",63,"[17]HBHuGnJHqKHqavIJf",293,1,17,292,0,292,0,0,0,0,0,129,129,163,163,8
"765",64,"[17]HBHuGnJHqKHqavIJf",299,1,17,298,0,298,0,0,0,0,0,150,150,148,148,8
"766",65,"[17]HBHuGnJHqKHqavIJf",306,1,17,305,0,305,0,0,0,0,0,158,158,147,147,8
"767",66,"[17]HBHuGnJHqKHqavIJf",296,0.993311,17,299,2,297,2,2,0,2,2,158,158,141,139,8
"768",67,"[17]HBHuGnJHqKHqavIJf",297,1,17,296,0,296,0,0,0,0,0,134,134,162,162,8
"769",68,"[17]HBHuGnJHqKHqavIJf",291,0.993197,17,294,2,292,2,2,0,2,2,135,135,159,157,8
"770",69,"[17]HBHuGnJHqKHqavIJf",289,0.993151,17,292,2,290,2,2,0,2,2,150,150,142,140,8
"771",70,"[17]HBHuGnJHqKHqavIJf",293,0.986667,17,300,4,296,4,4,0,4,4,180,180,120,116,8
"772",71,"[17]HBHuGnJHqKHqavIJf",305,1,17,304,0,304,0,0,0,0,0,145,145,159,159,8
"773",72,"[17]HBHuGnJHqKHqavIJf",290,1,17,289,0,289,0,0,0,0,0,134,134,155,155,8
"774",73,"[17]HBHuGnJHqKHqavIJf",302,1,17,301,0,301,0,0,0,0,0,161,161,140,140,8
"775",74,"[17]HBHuGnJHqKHqavIJf",294,0.99661,17,295,1,294,1,1,0,1,1,148,148,147,146,8
"776",75,"[17]HBHuGnJHqKHqavIJf",300,0.996678,17,301,1,300,1,1,0,1,1,158,158,143,142,8
"777",76,"[17]HBHuGnJHqKHqavIJf",301,1,17,300,0,300,0,0,0,0,0,149,149,151,151,8
"778",77,"[17]HBHuGnJHqKHqavIJf",297,0.993333,17,300,2,298,2,2,0,2,2,149,149,151,149,8
"779",78,"[17]HBHuGnJHqKHqavIJf",287,0.993103,17,290,2,288,2,2,0,2,2,140,140,150,148,8
"780",79,"[17]HBHuGnJHqKHqavIJf",292,0.989899,17,297,3,294,3,3,0,3,3,151,151,146,143,8
"781",80,"[17]HBHuGnJHqKHqavIJf",297,0.996644,17,298,1,297,1,1,0,1,1,153,153,145,144,8
"782",81,"[17]HBHuGnJHqKHqavIJf",295,0.996622,17,296,1,295,1,1,0,1,1,154,154,142,141,8
"783",82,"[17]HBHuGnJHqKHqavIJf",296,0.996633,17,297,1,296,1,1,0,1,1,153,153,144,143,8
"784",83,"[17]HBHuGnJHqKHqavIJf",298,0.996656,17,299,1,298,1,1,0,1,1,154,154,145,144,8
"785",84,"[17]HBHuGnJHqKHqavIJf",299,0.996667,17,300,1,299,1,1,0,1,1,145,145,155,154,8
"786",85,"[17]HBHuGnJHqKHqavIJf",298,0.996656,17,299,1,298,1,1,0,1,1,159,159,140,139,8
"787",86,"[17]HBHuGnJHqKHqavIJf",299,1,17,298,0,298,0,0,0,0,0,140,140,158,158,8
"788",87,"[17]HBHuGnJHqKHqavIJf",294,0.993266,17,297,2,295,2,2,0,2,2,144,144,153,151,8
"789",88,"[17]HBHuGnJHqKHqavIJf",303,0.996711,17,304,1,303,1,1,0,1,1,150,150,154,153,8
"790",89,"[17]HBHuGnJHqKHqavIJf",292,0.99322,17,295,2,293,2,2,0,2,2,148,148,147,145,8
"791",90,"[17]HBHuGnJHqKHqavIJf",298,1,17,297,0,297,0,0,0,0,0,172,172,125,125,8
"792",91,"[17]HBHuGnJHqKHqavIJf",302,0.9967,17,303,1,302,1,1,0,1,1,146,146,157,156,8
"793",92,"[17]HBHuGnJHqKHqavIJf",304,1,17,303,0,303,0,0,0,0,0,155,155,148,148,8
"794",93,"[17]HBHuGnJHqKHqavIJf",297,0.996644,17,298,1,297,1,1,0,1,1,151,151,147,146,8
"795",94,"[17]HBHuGnJHqKHqavIJf",299,1,17,298,0,298,0,0,0,0,0,152,152,146,146,8
"796",95,"[17]HBHuGnJHqKHqavIJf",297,0.996644,17,298,1,297,1,1,0,1,1,151,151,147,146,8
"797",96,"[17]HBHuGnJHqKHqavIJf",299,1,17,298,0,298,0,0,0,0,0,138,138,160,160,8
"798",97,"[17]HBHuGnJHqKHqavIJf",289,0.993151,17,292,2,290,2,2,0,2,2,142,142,150,148,8
"799",98,"[17]HBHuGnJHqKHqavIJf",301,1,17,300,0,300,0,0,0,0,0,143,143,157,157,8
"800",99,"[17]HBHuGnJHqKHqavIJf",300,1,17,299,0,299,0,0,0,0,0,141,141,158,158,8
"801",0,"[16]HBHsGnJHqKHqaIJg",302,1,16,301,0,301,0,0,0,0,0,153,153,148,148,9
"802",1,"[16]HBHsGnJHqKHqaIJg",302,0.9967,16,303,1,302,1,1,0,1,1,160,160,143,142,9
"803",2,"[16]HBHsGnJHqKHqaIJg",291,0.996575,16,292,1,291,1,1,0,1,1,131,131,161,160,9
"804",3,"[16]HBHsGnJHqKHqaIJg",300,0.996678,16,301,1,300,1,1,0,1,1,153,153,148,147,9
"805",4,"[16]HBHsGnJHqKHqaIJg",296,0.996633,16,297,1,296,1,1,0,1,1,138,138,159,158,9
"806",5,"[16]HBHsGnJHqKHqaIJg",303,0.996711,16,304,1,303,1,1,0,1,1,159,159,145,144,9
"807",6,"[16]HBHsGnJHqKHqaIJg",297,1,16,296,0,296,0,0,0,0,0,143,143,153,153,9
"808",7,"[16]HBHsGnJHqKHqaIJg",295,1,16,294,0,294,0,0,0,0,0,144,144,150,150,9
"809",8,"[16]HBHsGnJHqKHqaIJg",299,1,16,298,0,298,0,0,0,0,0,161,161,137,137,9
"810",9,"[16]HBHsGnJHqKHqaIJg",305,1,16,304,0,304,0,0,0,0,0,163,163,141,141,9
"811",10,"[16]HBHsGnJHqKHqaIJg",296,1,16,295,0,295,0,0,0,0,0,133,133,162,162,9
"812",11,"[16]HBHsGnJHqKHqaIJg",299,1,16,298,0,298,0,0,0,0,0,145,145,153,153,9
"813",12,"[16]HBHsGnJHqKHqaIJg",287,1,16,286,0,286,0,0,0,0,0,130,130,156,156,9
"814",13,"[16]HBHsGnJHqKHqaIJg",297,0.996644,16,298,1,297,1,1,0,1,1,152,152,146,145,9
"815",14,"[16]HBHsGnJHqKHqaIJg",301,1,16,300,0,300,0,0,0,0,0,156,156,144,144,9
"816",15,"[16]HBHsGnJHqKHqaIJg",294,0.989967,16,299,3,296,3,3,0,3,3,150,150,149,146,9
"817",16,"[16]HBHsGnJHqKHqaIJg",303,1,16,302,0,302,0,0,0,0,0,156,156,146,146,9
"818",17,"[16]HBHsGnJHqKHqaIJg",297,0.996644,16,298,1,297,1,1,0,1,1,156,156,142,141,9
"819",18,"[16]HBHsGnJHqKHqaIJg",295,1,16,294,0,294,0,0,0,0,0,137,137,157,157,9
"820",19,"[16]HBHsGnJHqKHqaIJg",300,1,16,299,0,299,0,0,0,0,0,147,147,152,152,9
"821",20,"[16]HBHsGnJHqKHqaIJg",299,1,16,298,0,298,0,0,0,0,0,153,153,145,145,9
"822",21,"[16]HBHsGnJHqKHqaIJg",307,0.996753,16,308,1,307,1,1,0,1,1,162,162,146,145,9
"823",22,"[16]HBHsGnJHqKHqaIJg",291,0.986577,16,298,4,294,4,4,0,4,4,147,147,151,147,9
"824",23,"[16]HBHsGnJHqKHqaIJg",306,0.996743,16,307,1,306,1,1,0,1,1,150,150,157,156,9
"825",24,"[16]HBHsGnJHqKHqaIJg",289,0.986486,16,296,4,292,4,4,0,4,4,142,142,154,150,9
"826",25,"[16]HBHsGnJHqKHqaIJg",302,0.9967,16,303,1,302,1,1,0,1,1,170,170,133,132,9
"827",26,"[16]HBHsGnJHqKHqaIJg",299,1,16,298,0,298,0,0,0,0,0,146,146,152,152,9
"828",27,"[16]HBHsGnJHqKHqaIJg",292,0.99322,16,295,2,293,2,2,0,2,2,142,142,153,151,9
"829",28,"[16]HBHsGnJHqKHqaIJg",304,1,16,303,0,303,0,0,0,0,0,156,156,147,147,9
"830",29,"[16]HBHsGnJHqKHqaIJg",294,0.99661,16,295,1,294,1,1,0,1,1,130,130,165,164,9
"831",30,"[16]HBHsGnJHqKHqaIJg",302,1,16,301,0,301,0,0,0,0,0,148,148,153,153,9
"832",31,"[16]HBHsGnJHqKHqaIJg",307,1,16,306,0,306,0,0,0,0,0,162,162,144,144,9
"833",32,"[16]HBHsGnJHqKHqaIJg",294,0.99661,16,295,1,294,1,1,0,1,1,133,133,162,161,9
"834",33,"[16]HBHsGnJHqKHqaIJg",301,1,16,300,0,300,0,0,0,0,0,145,145,155,155,9
"835",34,"[16]HBHsGnJHqKHqaIJg",293,1,16,292,0,292,0,0,0,0,0,134,134,158,158,9
"836",35,"[16]HBHsGnJHqKHqaIJg",306,1,16,305,0,305,0,0,0,0,0,175,175,130,130,9
"837",36,"[16]HBHsGnJHqKHqaIJg",302,0.993443,16,305,2,303,2,2,0,2,2,153,153,152,150,9
"838",37,"[16]HBHsGnJHqKHqaIJg",304,1,16,303,0,303,0,0,0,0,0,142,142,161,161,9
"839",38,"[16]HBHsGnJHqKHqaIJg",302,0.9967,16,303,1,302,1,1,0,1,1,165,165,138,137,9
"840",39,"[16]HBHsGnJHqKHqaIJg",307,1,16,306,0,306,0,0,0,0,0,176,176,130,130,9
"841",40,"[16]HBHsGnJHqKHqaIJg",305,0.996732,16,306,1,305,1,1,0,1,1,169,169,137,136,9
"842",41,"[16]HBHsGnJHqKHqaIJg",302,1,16,301,0,301,0,0,0,0,0,150,150,151,151,9
"843",42,"[16]HBHsGnJHqKHqaIJg",308,1,16,307,0,307,0,0,0,0,0,164,164,143,143,9
"844",43,"[16]HBHsGnJHqKHqaIJg",306,0.996743,16,307,1,306,1,1,0,1,1,160,160,147,146,9
"845",44,"[16]HBHsGnJHqKHqaIJg",286,0.989691,16,291,3,288,3,3,0,3,3,138,138,153,150,9
"846",45,"[16]HBHsGnJHqKHqaIJg",310,0.996785,16,311,1,310,1,1,0,1,1,163,163,148,147,9
"847",46,"[16]HBHsGnJHqKHqaIJg",303,1,16,302,0,302,0,0,0,0,0,160,160,142,142,9
"848",47,"[16]HBHsGnJHqKHqaIJg",289,0.993151,16,292,2,290,2,2,0,2,2,139,139,153,151,9
"849",48,"[16]HBHsGnJHqKHqaIJg",300,0.993399,16,303,2,301,2,2,0,2,2,151,151,152,150,9
"850",49,"[16]HBHsGnJHqKHqaIJg",286,0.99308,16,289,2,287,2,2,0,2,2,130,130,159,157,9
"851",50,"[16]HBHsGnJHqKHqaIJg",295,1,16,294,0,294,0,0,0,0,0,131,131,163,163,9
"852",51,"[16]HBHsGnJHqKHqaIJg",298,0.993355,16,301,2,299,2,2,0,2,2,154,154,147,145,9
"853",52,"[16]HBHsGnJHqKHqaIJg",300,1,16,299,0,299,0,0,0,0,0,148,148,151,151,9
"854",53,"[16]HBHsGnJHqKHqaIJg",286,0.996516,16,287,1,286,1,1,0,1,1,133,133,154,153,9
"855",54,"[16]HBHsGnJHqKHqaIJg",299,0.996667,16,300,1,299,1,1,0,1,1,152,152,148,147,9
"856",55,"[16]HBHsGnJHqKHqaIJg",303,1,16,302,0,302,0,0,0,0,0,165,165,137,137,9
"857",56,"[16]HBHsGnJHqKHqaIJg",295,1,16,294,0,294,0,0,0,0,0,138,138,156,156,9
"858",57,"[16]HBHsGnJHqKHqaIJg",296,0.996633,16,297,1,296,1,1,0,1,1,149,149,148,147,9
"859",58,"[16]HBHsGnJHqKHqaIJg",294,0.99661,16,295,1,294,1,1,0,1,1,144,144,151,150,9
"860",59,"[16]HBHsGnJHqKHqaIJg",296,0.993311,16,299,2,297,2,2,0,2,2,153,153,146,144,9
"861",60,"[16]HBHsGnJHqKHqaIJg",297,0.996644,16,298,1,297,1,1,0,1,1,144,144,154,153,9
"862",61,"[16]HBHsGnJHqKHqaIJg",293,0.993243,16,296,2,294,2,2,0,2,2,150,150,146,144,9
"863",62,"[16]HBHsGnJHqKHqaIJg",306,1,16,305,0,305,0,0,0,0,0,158,158,147,147,9
"864",63,"[16]HBHsGnJHqKHqaIJg",284,0.986254,16,291,4,287,4,4,0,4,4,146,146,145,141,9
"865",64,"[16]HBHsGnJHqKHqaIJg",299,1,16,298,0,298,0,0,0,0,0,148,148,150,150,9
"866",65,"[16]HBHsGnJHqKHqaIJg",272,0.978799,16,283,6,277,6,6,0,6,6,143,143,140,134,9
"867",66,"[16]HBHsGnJHqKHqaIJg",301,1,16,300,0,300,0,0,0,0,0,140,140,160,160,9
"868",67,"[16]HBHsGnJHqKHqaIJg",284,0.989619,16,289,3,286,3,3,0,3,3,140,140,149,146,9
"869",68,"[16]HBHsGnJHqKHqaIJg",298,0.993355,16,301,2,299,2,2,0,2,2,161,161,140,138,9
"870",69,"[16]HBHsGnJHqKHqaIJg",293,1,16,292,0,292,0,0,0,0,0,133,133,159,159,9
"871",70,"[16]HBHsGnJHqKHqaIJg",288,0.99654,16,289,1,288,1,1,0,1,1,129,129,160,159,9
"872",71,"[16]HBHsGnJHqKHqaIJg",276,0.969283,16,293,9,284,9,9,0,9,9,145,145,148,139,9
"873",72,"[16]HBHsGnJHqKHqaIJg",294,0.99661,16,295,1,294,1,1,0,1,1,132,132,163,162,9
"874",73,"[16]HBHsGnJHqKHqaIJg",303,0.993464,16,306,2,304,2,2,0,2,2,157,157,149,147,9
"875",74,"[16]HBHsGnJHqKHqaIJg",303,1,16,302,0,302,0,0,0,0,0,146,146,156,156,9
"876",75,"[16]HBHsGnJHqKHqaIJg",286,0.989691,16,291,3,288,3,3,0,3,3,141,141,150,147,9
"877",76,"[16]HBHsGnJHqKHqaIJg",302,0.9967,16,303,1,302,1,1,0,1,1,149,149,154,153,9
"878",77,"[16]HBHsGnJHqKHqaIJg",299,0.990132,16,304,3,301,3,3,0,3,3,169,169,135,132,9
"879",78,"[16]HBHsGnJHqKHqaIJg",306,1,16,305,0,305,0,0,0,0,0,156,156,149,149,9
"880",79,"[16]HBHsGnJHqKHqaIJg",304,1,16,303,0,303,0,0,0,0,0,154,154,149,149,9
"881",80,"[16]HBHsGnJHqKHqaIJg",297,1,16,296,0,296,0,0,0,0,0,134,134,162,162,9
"882",81,"[16]HBHsGnJHqKHqaIJg",297,0.993333,16,300,2,298,2,2,0,2,2,147,147,153,151,9
"883",82,"[16]HBHsGnJHqKHqaIJg",299,0.996667,16,300,1,299,1,1,0,1,1,148,148,152,151,9
"884",83,"[16]HBHsGnJHqKHqaIJg",294,0.993266,16,297,2,295,2,2,0,2,2,142,142,155,153,9
"885",84,"[16]HBHsGnJHqKHqaIJg",294,0.993266,16,297,2,295,2,2,0,2,2,141,141,156,154,9
"886",85,"[16]HBHsGnJHqKHqaIJg",306,1,16,305,0,305,0,0,0,0,0,166,166,139,139,9
"887",86,"[16]HBHsGnJHqKHqaIJg",309,1,16,308,0,308,0,0,0,0,0,162,162,146,146,9
"888",87,"[16]HBHsGnJHqKHqaIJg",298,0.996656,16,299,1,298,1,1,0,1,1,152,152,147,146,9
"889",88,"[16]HBHsGnJHqKHqaIJg",291,0.996575,16,292,1,291,1,1,0,1,1,137,137,155,154,9
"890",89,"[16]HBHsGnJHqKHqaIJg",299,0.996667,16,300,1,299,1,1,0,1,1,153,153,147,146,9
"891",90,"[16]HBHsGnJHqKHqaIJg",290,0.996564,16,291,1,290,1,1,0,1,1,141,141,150,149,9
"892",91,"[16]HBHsGnJHqKHqaIJg",297,1,16,296,0,296,0,0,0,0,0,146,146,150,150,9
"893",92,"[16]HBHsGnJHqKHqaIJg",306,1,16,305,0,305,0,0,0,0,0,156,156,149,149,9
"894",93,"[16]HBHsGnJHqKHqaIJg",302,1,16,301,0,301,0,0,0,0,0,149,149,152,152,9
"895",94,"[16]HBHsGnJHqKHqaIJg",291,0.989865,16,296,3,293,3,3,0,3,3,148,148,148,145,9
"896",95,"[16]HBHsGnJHqKHqaIJg",300,1,16,299,0,299,0,0,0,0,0,159,159,140,140,9
"897",96,"[16]HBHsGnJHqKHqaIJg",304,1,16,303,0,303,0,0,0,0,0,150,150,153,153,9
"898",97,"[16]HBHsGnJHqKHqaIJg",282,0.986159,16,289,4,285,4,4,0,4,4,137,137,152,148,9
"899",98,"[16]HBHsGnJHqKHqaIJg",294,0.993266,16,297,2,295,2,2,0,2,2,166,166,131,129,9
"900",99,"[16]HBHsGnJHqKHqaIJg",290,0.989831,16,295,3,292,3,3,0,3,3,144,144,151,148,9
"901",0,"[17]HBHsGnJHqKHqaIlrJ",299,0.996667,17,300,1,299,1,1,0,1,1,165,165,135,134,10
"902",1,"[17]HBHsGnJHqKHqaIlrJ",302,1,17,301,0,301,0,0,0,0,0,151,151,150,150,10
"903",2,"[17]HBHsGnJHqKHqaIlrJ",288,0.983165,17,297,5,292,5,5,0,5,5,151,151,146,141,10
"904",3,"[17]HBHsGnJHqKHqaIlrJ",296,1,17,295,0,295,0,0,0,0,0,141,141,154,154,10
"905",4,"[17]HBHsGnJHqKHqaIlrJ",291,0.996575,17,292,1,291,1,1,0,1,1,135,135,157,156,10
"906",5,"[17]HBHsGnJHqKHqaIlrJ",298,0.996656,17,299,1,298,1,1,0,1,1,150,150,149,148,10
"907",6,"[17]HBHsGnJHqKHqaIlrJ",288,0.979933,17,299,6,293,6,6,0,6,6,162,162,137,131,10
"908",7,"[17]HBHsGnJHqKHqaIlrJ",293,0.993243,17,296,2,294,2,2,0,2,2,145,145,151,149,10
"909",8,"[17]HBHsGnJHqKHqaIlrJ",297,0.993333,17,300,2,298,2,2,0,2,2,166,166,134,132,10
"910",9,"[17]HBHsGnJHqKHqaIlrJ",301,0.996689,17,302,1,301,1,1,0,1,1,158,158,144,143,10
"911",10,"[17]HBHsGnJHqKHqaIlrJ",305,0.996732,17,306,1,305,1,1,0,1,1,160,160,146,145,10
"912",11,"[17]HBHsGnJHqKHqaIlrJ",303,1,17,302,0,302,0,0,0,0,0,162,162,140,140,10
"913",12,"[17]HBHsGnJHqKHqaIlrJ",294,1,17,293,0,293,0,0,0,0,0,128,128,165,165,10
"914",13,"[17]HBHsGnJHqKHqaIlrJ",295,0.993289,17,298,2,296,2,2,0,2,2,154,154,144,142,10
"915",14,"[17]HBHsGnJHqKHqaIlrJ",291,1,17,290,0,290,0,0,0,0,0,132,132,158,158,10
"916",15,"[17]HBHsGnJHqKHqaIlrJ",309,1,17,308,0,308,0,0,0,0,0,170,170,138,138,10
"917",16,"[17]HBHsGnJHqKHqaIlrJ",284,0.979661,17,295,6,289,6,6,0,6,6,148,148,147,141,10
"918",17,"[17]HBHsGnJHqKHqaIlrJ",286,0.989691,17,291,3,288,3,3,0,3,3,130,130,161,158,10
"919",18,"[17]HBHsGnJHqKHqaIlrJ",300,1,17,299,0,299,0,0,0,0,0,147,147,152,152,10
"920",19,"[17]HBHsGnJHqKHqaIlrJ",293,1,17,292,0,292,0,0,0,0,0,140,140,152,152,10
"921",20,"[17]HBHsGnJHqKHqaIlrJ",304,1,17,303,0,303,0,0,0,0,0,161,161,142,142,10
"922",21,"[17]HBHsGnJHqKHqaIlrJ",296,0.993311,17,299,2,297,2,2,0,2,2,147,147,152,150,10
"923",22,"[17]HBHsGnJHqKHqaIlrJ",292,0.996587,17,293,1,292,1,1,0,1,1,142,142,151,150,10
"924",23,"[17]HBHsGnJHqKHqaIlrJ",292,0.996587,17,293,1,292,1,1,0,1,1,136,136,157,156,10
"925",24,"[17]HBHsGnJHqKHqaIlrJ",297,0.996644,17,298,1,297,1,1,0,1,1,151,151,147,146,10
"926",25,"[17]HBHsGnJHqKHqaIlrJ",301,0.996689,17,302,1,301,1,1,0,1,1,154,154,148,147,10
"927",26,"[17]HBHsGnJHqKHqaIlrJ",284,0.993031,17,287,2,285,2,2,0,2,2,132,132,155,153,10
"928",27,"[17]HBHsGnJHqKHqaIlrJ",297,0.996644,17,298,1,297,1,1,0,1,1,151,151,147,146,10
"929",28,"[17]HBHsGnJHqKHqaIlrJ",295,0.983553,17,304,5,299,5,5,0,5,5,164,164,140,135,10
"930",29,"[17]HBHsGnJHqKHqaIlrJ",299,0.996667,17,300,1,299,1,1,0,1,1,153,153,147,146,10
"931",30,"[17]HBHsGnJHqKHqaIlrJ",301,0.996689,17,302,1,301,1,1,0,1,1,161,161,141,140,10
"932",31,"[17]HBHsGnJHqKHqaIlrJ",289,0.976821,17,302,7,295,7,7,0,7,7,163,163,139,132,10
"933",32,"[17]HBHsGnJHqKHqaIlrJ",294,0.99661,17,295,1,294,1,1,0,1,1,139,139,156,155,10
"934",33,"[17]HBHsGnJHqKHqaIlrJ",273,0.972222,17,288,8,280,8,8,0,8,8,142,142,146,138,10
"935",34,"[17]HBHsGnJHqKHqaIlrJ",301,1,17,300,0,300,0,0,0,0,0,145,145,155,155,10
"936",35,"[17]HBHsGnJHqKHqaIlrJ",298,1,17,297,0,297,0,0,0,0,0,153,153,144,144,10
"937",36,"[17]HBHsGnJHqKHqaIlrJ",296,1,17,295,0,295,0,0,0,0,0,139,139,156,156,10
"938",37,"[17]HBHsGnJHqKHqaIlrJ",301,1,17,300,0,300,0,0,0,0,0,154,154,146,146,10
"939",38,"[17]HBHsGnJHqKHqaIlrJ",299,1,17,298,0,298,0,0,0,0,0,141,141,157,157,10
"940",39,"[17]HBHsGnJHqKHqaIlrJ",294,1,17,293,0,293,0,0,0,0,0,143,143,150,150,10
"941",40,"[17]HBHsGnJHqKHqaIlrJ",302,0.9967,17,303,1,302,1,1,0,1,1,170,170,133,132,10
"942",41,"[17]HBHsGnJHqKHqaIlrJ",303,1,17,302,0,302,0,0,0,0,0,158,158,144,144,10
"943",42,"[17]HBHsGnJHqKHqaIlrJ",301,1,17,300,0,300,0,0,0,0,0,148,148,152,152,10
"944",43,"[17]HBHsGnJHqKHqaIlrJ",295,1,17,294,0,294,0,0,0,0,0,148,148,146,146,10
"945",44,"[17]HBHsGnJHqKHqaIlrJ",301,1,17,300,0,300,0,0,0,0,0,145,145,155,155,10
"946",45,"[17]HBHsGnJHqKHqaIlrJ",288,0.986441,17,295,4,291,4,4,0,4,4,148,148,147,143,10
"947",46,"[17]HBHsGnJHqKHqaIlrJ",291,1,17,290,0,290,0,0,0,0,0,128,128,162,162,10
"948",47,"[17]HBHsGnJHqKHqaIlrJ",296,0.993311,17,299,2,297,2,2,0,2,2,143,143,156,154,10
"949",48,"[17]HBHsGnJHqKHqaIlrJ",282,0.986159,17,289,4,285,4,4,0,4,4,132,132,157,153,10
"950",49,"[17]HBHsGnJHqKHqaIlrJ",294,1,17,293,0,293,0,0,0,0,0,137,137,156,156,10
"951",50,"[17]HBHsGnJHqKHqaIlrJ",300,1,17,299,0,299,0,0,0,0,0,136,136,163,163,10
"952",51,"[17]HBHsGnJHqKHqaIlrJ",300,1,17,299,0,299,0,0,0,0,0,151,151,148,148,10
"953",52,"[17]HBHsGnJHqKHqaIlrJ",299,0.993377,17,302,2,300,2,2,0,2,2,150,150,152,150,10
"954",53,"[17]HBHsGnJHqKHqaIlrJ",293,0.989933,17,298,3,295,3,3,0,3,3,148,148,150,147,10
"955",54,"[17]HBHsGnJHqKHqaIlrJ",303,1,17,302,0,302,0,0,0,0,0,148,148,154,154,10
"956",55,"[17]HBHsGnJHqKHqaIlrJ",283,0.979592,17,294,6,288,6,6,0,6,6,159,159,135,129,10
"957",56,"[17]HBHsGnJHqKHqaIlrJ",291,0.989865,17,296,3,293,3,3,0,3,3,139,139,157,154,10
"958",57,"[17]HBHsGnJHqKHqaIlrJ",299,1,17,298,0,298,0,0,0,0,0,145,145,153,153,10
"959",58,"[17]HBHsGnJHqKHqaIlrJ",299,0.993377,17,302,2,300,2,2,0,2,2,161,161,141,139,10
"960",59,"[17]HBHsGnJHqKHqaIlrJ",301,1,17,300,0,300,0,0,0,0,0,146,146,154,154,10
"961",60,"[17]HBHsGnJHqKHqaIlrJ",294,0.99661,17,295,1,294,1,1,0,1,1,147,147,148,147,10
"962",61,"[17]HBHsGnJHqKHqaIlrJ",293,0.996599,17,294,1,293,1,1,0,1,1,136,136,158,157,10
"963",62,"[17]HBHsGnJHqKHqaIlrJ",307,1,17,306,0,306,0,0,0,0,0,158,158,148,148,10
"964",63,"[17]HBHsGnJHqKHqaIlrJ",290,0.993174,17,293,2,291,2,2,0,2,2,150,150,143,141,10
"965",64,"[17]HBHsGnJHqKHqaIlrJ",311,1,17,310,0,310,0,0,0,0,0,174,174,136,136,10
"966",65,"[17]HBHsGnJHqKHqaIlrJ",296,0.996633,17,297,1,296,1,1,0,1,1,137,137,160,159,10
"967",66,"[17]HBHsGnJHqKHqaIlrJ",301,1,17,300,0,300,0,0,0,0,0,157,157,143,143,10
"968",67,"[17]HBHsGnJHqKHqaIlrJ",303,1,17,302,0,302,0,0,0,0,0,150,150,152,152,10
"969",68,"[17]HBHsGnJHqKHqaIlrJ",294,1,17,293,0,293,0,0,0,0,0,140,140,153,153,10
"970",69,"[17]HBHsGnJHqKHqaIlrJ",289,0.993151,17,292,2,290,2,2,0,2,2,140,140,152,150,10
"971",70,"[17]HBHsGnJHqKHqaIlrJ",297,1,17,296,0,296,0,0,0,0,0,156,156,140,140,10
"972",71,"[17]HBHsGnJHqKHqaIlrJ",296,0.996633,17,297,1,296,1,1,0,1,1,151,151,146,145,10
"973",72,"[17]HBHsGnJHqKHqaIlrJ",293,0.996599,17,294,1,293,1,1,0,1,1,143,143,151,150,10
"974",73,"[17]HBHsGnJHqKHqaIlrJ",304,1,17,303,0,303,0,0,0,0,0,164,164,139,139,10
"975",74,"[17]HBHsGnJHqKHqaIlrJ",296,0.996633,17,297,1,296,1,1,0,1,1,148,148,149,148,10
"976",75,"[17]HBHsGnJHqKHqaIlrJ",287,0.993103,17,290,2,288,2,2,0,2,2,128,128,162,160,10
"977",76,"[17]HBHsGnJHqKHqaIlrJ",299,0.996667,17,300,1,299,1,1,0,1,1,154,154,146,145,10
"978",77,"[17]HBHsGnJHqKHqaIlrJ",297,0.993333,17,300,2,298,2,2,0,2,2,146,146,154,152,10
"979",78,"[17]HBHsGnJHqKHqaIlrJ",294,1,17,293,0,293,0,0,0,0,0,135,135,158,158,10
"980",79,"[17]HBHsGnJHqKHqaIlrJ",302,1,17,301,0,301,0,0,0,0,0,150,150,151,151,10
"981",80,"[17]HBHsGnJHqKHqaIlrJ",293,0.996599,17,294,1,293,1,1,0,1,1,133,133,161,160,10
"982",81,"[17]HBHsGnJHqKHqaIlrJ",299,1,17,298,0,298,0,0,0,0,0,139,139,159,159,10
"983",82,"[17]HBHsGnJHqKHqaIlrJ",293,0.996599,17,294,1,293,1,1,0,1,1,141,141,153,152,10
"984",83,"[17]HBHsGnJHqKHqaIlrJ",299,1,17,298,0,298,0,0,0,0,0,148,148,150,150,10
"985",84,"[17]HBHsGnJHqKHqaIlrJ",299,1,17,298,0,298,0,0,0,0,0,150,150,148,148,10
"986",85,"[17]HBHsGnJHqKHqaIlrJ",291,0.996575,17,292,1,291,1,1,0,1,1,146,146,146,145,10
"987",86,"[17]HBHsGnJHqKHqaIlrJ",300,1,17,299,0,299,0,0,0,0,0,158,158,141,141,10
"988",87,"[17]HBHsGnJHqKHqaIlrJ",295,1,17,294,0,294,0,0,0,0,0,137,137,157,157,10
"989",88,"[17]HBHsGnJHqKHqaIlrJ",298,0.990099,17,303,3,300,3,3,0,3,3,149,149,154,151,10
"990",89,"[17]HBHsGnJHqKHqaIlrJ",297,0.996644,17,298,1,297,1,1,0,1,1,148,148,150,149,10
"991",90,"[17]HBHsGnJHqKHqaIlrJ",308,1,17,307,0,307,0,0,0,0,0,165,165,142,142,10
"992",91,"[17]HBHsGnJHqKHqaIlrJ",306,1,17,305,0,305,0,0,0,0,0,162,162,143,143,10
"993",92,"[17]HBHsGnJHqKHqaIlrJ",294,0.99661,17,295,1,294,1,1,0,1,1,141,141,154,153,10
"994",93,"[17]HBHsGnJHqKHqaIlrJ",290,1,17,289,0,289,0,0,0,0,0,134,134,155,155,10
"995",94,"[17]HBHsGnJHqKHqaIlrJ",301,0.996689,17,302,1,301,1,1,0,1,1,146,146,156,155,10
"996",95,"[17]HBHsGnJHqKHqaIlrJ",296,0.996633,17,297,1,296,1,1,0,1,1,149,149,148,147,10
"997",96,"[17]HBHsGnJHqKHqaIlrJ",298,0.996656,17,299,1,298,1,1,0,1,1,142,142,157,156,10
"998",97,"[17]HBHsGnJHqKHqaIlrJ",296,0.993311,17,299,2,297,2,2,0,2,2,150,150,149,147,10
"999",98,"[17]HBHsGnJHqKHqaIlrJ",296,0.996633,17,297,1,296,1,1,0,1,1,152,152,145,144,10
"1000",99,"[17]HBHsGnJHqKHqaIlrJ",290,0.996564,17,291,1,290,1,1,0,1,1,134,134,157,156,10
"1001",0,"[16]HBHxGnJHqKHqagIJ",305,1,16,304,0,304,0,0,0,0,0,159,159,145,145,11
"1002",1,"[16]HBHxGnJHqKHqagIJ",293,0.993243,16,296,2,294,2,2,0,2,2,139,139,157,155,11
"1003",2,"[16]HBHxGnJHqKHqagIJ",299,1,16,298,0,298,0,0,0,0,0,147,147,151,151,11
"1004",3,"[16]HBHxGnJHqKHqagIJ",304,0.996721,16,305,1,304,1,1,0,1,1,162,162,143,142,11
"1005",4,"[16]HBHxGnJHqKHqagIJ",283,0.979592,16,294,6,288,6,6,0,6,6,148,148,146,140,11
"1006",5,"[16]HBHxGnJHqKHqagIJ",300,1,16,299,0,299,0,0,0,0,0,143,143,156,156,11
"1007",6,"[16]HBHxGnJHqKHqagIJ",296,1,16,295,0,295,0,0,0,0,0,147,147,148,148,11
"1008",7,"[16]HBHxGnJHqKHqagIJ",306,0.993528,16,309,2,307,2,2,0,2,2,163,163,146,144,11
"1009",8,"[16]HBHxGnJHqKHqagIJ",278,0.979239,16,289,6,283,6,6,0,6,6,144,144,145,139,11
"1010",9,"[16]HBHxGnJHqKHqagIJ",296,0.996633,16,297,1,296,1,1,0,1,1,141,141,156,155,11
"1011",10,"[16]HBHxGnJHqKHqagIJ",292,0.996587,16,293,1,292,1,1,0,1,1,143,143,150,149,11
"1012",11,"[16]HBHxGnJHqKHqagIJ",308,1,16,307,0,307,0,0,0,0,0,159,159,148,148,11
"1013",12,"[16]HBHxGnJHqKHqagIJ",305,0.993506,16,308,2,306,2,2,0,2,2,158,158,150,148,11
"1014",13,"[16]HBHxGnJHqKHqagIJ",298,1,16,297,0,297,0,0,0,0,0,138,138,159,159,11
"1015",14,"[16]HBHxGnJHqKHqagIJ",307,0.996753,16,308,1,307,1,1,0,1,1,168,168,140,139,11
"1016",15,"[16]HBHxGnJHqKHqagIJ",297,1,16,296,0,296,0,0,0,0,0,142,142,154,154,11
"1017",16,"[16]HBHxGnJHqKHqagIJ",303,1,16,302,0,302,0,0,0,0,0,146,146,156,156,11
"1018",17,"[16]HBHxGnJHqKHqagIJ",289,0.993151,16,292,2,290,2,2,0,2,2,141,141,151,149,11
"1019",18,"[16]HBHxGnJHqKHqagIJ",297,0.996644,16,298,1,297,1,1,0,1,1,155,155,143,142,11
"1020",19,"[16]HBHxGnJHqKHqagIJ",304,0.996721,16,305,1,304,1,1,0,1,1,163,163,142,141,11
"1021",20,"[16]HBHxGnJHqKHqagIJ",287,0.993103,16,290,2,288,2,2,0,2,2,135,135,155,153,11
"1022",21,"[16]HBHxGnJHqKHqagIJ",307,0.996753,16,308,1,307,1,1,0,1,1,156,156,152,151,11
"1023",22,"[16]HBHxGnJHqKHqagIJ",289,0.993151,16,292,2,290,2,2,0,2,2,129,129,163,161,11
"1024",23,"[16]HBHxGnJHqKHqagIJ",295,0.996622,16,296,1,295,1,1,0,1,1,143,143,153,152,11
"1025",24,"[16]HBHxGnJHqKHqagIJ",299,0.996667,16,300,1,299,1,1,0,1,1,148,148,152,151,11
"1026",25,"[16]HBHxGnJHqKHqagIJ",303,1,16,302,0,302,0,0,0,0,0,157,157,145,145,11
"1027",26,"[16]HBHxGnJHqKHqagIJ",299,0.996667,16,300,1,299,1,1,0,1,1,148,148,152,151,11
"1028",27,"[16]HBHxGnJHqKHqagIJ",298,1,16,297,0,297,0,0,0,0,0,146,146,151,151,11
"1029",28,"[16]HBHxGnJHqKHqagIJ",296,0.993311,16,299,2,297,2,2,0,2,2,160,160,139,137,11
"1030",29,"[16]HBHxGnJHqKHqagIJ",294,0.99661,16,295,1,294,1,1,0,1,1,142,142,153,152,11
"1031",30,"[16]HBHxGnJHqKHqagIJ",286,0.983051,16,295,5,290,5,5,0,5,5,147,147,148,143,11
"1032",31,"[16]HBHxGnJHqKHqagIJ",301,1,16,300,0,300,0,0,0,0,0,154,154,146,146,11
"1033",32,"[16]HBHxGnJHqKHqagIJ",293,1,16,292,0,292,0,0,0,0,0,135,135,157,157,11
"1034",33,"[16]HBHxGnJHqKHqagIJ",304,1,16,303,0,303,0,0,0,0,0,160,160,143,143,11
"1035",34,"[16]HBHxGnJHqKHqagIJ",298,0.996656,16,299,1,298,1,1,0,1,1,146,146,153,152,11
"1036",35,"[16]HBHxGnJHqKHqagIJ",307,0.996753,16,308,1,307,1,1,0,1,1,163,163,145,144,11
"1037",36,"[16]HBHxGnJHqKHqagIJ",297,0.990066,16,302,3,299,3,3,0,3,3,151,151,151,148,11
"1038",37,"[16]HBHxGnJHqKHqagIJ",287,0.983108,16,296,5,291,5,5,0,5,5,157,157,139,134,11
"1039",38,"[16]HBHxGnJHqKHqagIJ",299,0.996667,16,300,1,299,1,1,0,1,1,146,146,154,153,11
"1040",39,"[16]HBHxGnJHqKHqagIJ",298,1,16,297,0,297,0,0,0,0,0,139,139,158,158,11
"1041",40,"[16]HBHxGnJHqKHqagIJ",300,1,16,299,0,299,0,0,0,0,0,147,147,152,152,11
"1042",41,"[16]HBHxGnJHqKHqagIJ",293,0.993243,16,296,2,294,2,2,0,2,2,151,151,145,143,11
"1043",42,"[16]HBHxGnJHqKHqagIJ",272,0.975439,16,285,7,278,7,7,0,7,7,130,130,155,148,11
"1044",43,"[16]HBHxGnJHqKHqagIJ",294,0.99661,16,295,1,294,1,1,0,1,1,156,156,139,138,11
"1045",44,"[16]HBHxGnJHqKHqagIJ",286,0.989691,16,291,3,288,3,3,0,3,3,142,142,149,146,11
"1046",45,"[16]HBHxGnJHqKHqagIJ",303,1,16,302,0,302,0,0,0,0,0,160,160,142,142,11
"1047",46,"[16]HBHxGnJHqKHqagIJ",305,1,16,304,0,304,0,0,0,0,0,158,158,146,146,11
"1048",47,"[16]HBHxGnJHqKHqagIJ",298,0.993355,16,301,2,299,2,2,0,2,2,148,148,153,151,11
"1049",48,"[16]HBHxGnJHqKHqagIJ",297,1,16,296,0,296,0,0,0,0,0,142,142,154,154,11
"1050",49,"[16]HBHxGnJHqKHqagIJ",299,1,16,298,0,298,0,0,0,0,0,167,167,131,131,11
"1051",50,"[16]HBHxGnJHqKHqagIJ",295,1,16,294,0,294,0,0,0,0,0,136,136,158,158,11
"1052",51,"[16]HBHxGnJHqKHqagIJ",296,1,16,295,0,295,0,0,0,0,0,147,147,148,148,11
"1053",52,"[16]HBHxGnJHqKHqagIJ",301,1,16,300,0,300,0,0,0,0,0,156,156,144,144,11
"1054",53,"[16]HBHxGnJHqKHqagIJ",305,0.996732,16,306,1,305,1,1,0,1,1,150,150,156,155,11
"1055",54,"[16]HBHxGnJHqKHqagIJ",297,0.993333,16,300,2,298,2,2,0,2,2,158,158,142,140,11
"1056",55,"[16]HBHxGnJHqKHqagIJ",293,1,16,292,0,292,0,0,0,0,0,141,141,151,151,11
"1057",56,"[16]HBHxGnJHqKHqagIJ",281,0.986111,16,288,4,284,4,4,0,4,4,127,127,161,157,11
"1058",57,"[16]HBHxGnJHqKHqagIJ",302,1,16,301,0,301,0,0,0,0,0,153,153,148,148,11
"1059",58,"[16]HBHxGnJHqKHqagIJ",296,1,16,295,0,295,0,0,0,0,0,132,132,163,163,11
"1060",59,"[16]HBHxGnJHqKHqagIJ",305,1,16,304,0,304,0,0,0,0,0,160,160,144,144,11
"1061",60,"[16]HBHxGnJHqKHqagIJ",296,1,16,295,0,295,0,0,0,0,0,139,139,156,156,11
"1062",61,"[16]HBHxGnJHqKHqagIJ",299,1,16,298,0,298,0,0,0,0,0,143,143,155,155,11
"1063",62,"[16]HBHxGnJHqKHqagIJ",303,1,16,302,0,302,0,0,0,0,0,165,165,137,137,11
"1064",63,"[16]HBHxGnJHqKHqagIJ",287,0.993103,16,290,2,288,2,2,0,2,2,140,140,150,148,11
"1065",64,"[16]HBHxGnJHqKHqagIJ",301,1,16,300,0,300,0,0,0,0,0,155,155,145,145,11
"1066",65,"[16]HBHxGnJHqKHqagIJ",296,1,16,295,0,295,0,0,0,0,0,147,147,148,148,11
"1067",66,"[16]HBHxGnJHqKHqagIJ",298,1,16,297,0,297,0,0,0,0,0,150,150,147,147,11
"1068",67,"[16]HBHxGnJHqKHqagIJ",302,1,16,301,0,301,0,0,0,0,0,147,147,154,154,11
"1069",68,"[16]HBHxGnJHqKHqagIJ",292,0.989899,16,297,3,294,3,3,0,3,3,148,148,149,146,11
"1070",69,"[16]HBHxGnJHqKHqagIJ",302,1,16,301,0,301,0,0,0,0,0,161,161,140,140,11
"1071",70,"[16]HBHxGnJHqKHqagIJ",297,1,16,296,0,296,0,0,0,0,0,141,141,155,155,11
"1072",71,"[16]HBHxGnJHqKHqagIJ",302,1,16,301,0,301,0,0,0,0,0,151,151,150,150,11
"1073",72,"[16]HBHxGnJHqKHqagIJ",295,1,16,294,0,294,0,0,0,0,0,133,133,161,161,11
"1074",73,"[16]HBHxGnJHqKHqagIJ",297,1,16,296,0,296,0,0,0,0,0,148,148,148,148,11
"1075",74,"[16]HBHxGnJHqKHqagIJ",307,1,16,306,0,306,0,0,0,0,0,149,149,157,157,11
"1076",75,"[16]HBHxGnJHqKHqagIJ",295,0.996622,16,296,1,295,1,1,0,1,1,145,145,151,150,11
"1077",76,"[16]HBHxGnJHqKHqagIJ",308,1,16,307,0,307,0,0,0,0,0,167,167,140,140,11
"1078",77,"[16]HBHxGnJHqKHqagIJ",289,1,16,288,0,288,0,0,0,0,0,127,127,161,161,11
"1079",78,"[16]HBHxGnJHqKHqagIJ",301,1,16,300,0,300,0,0,0,0,0,145,145,155,155,11
"1080",79,"[16]HBHxGnJHqKHqagIJ",301,0.996689,16,302,1,301,1,1,0,1,1,145,145,157,156,11
"1081",80,"[16]HBHxGnJHqKHqagIJ",291,0.993197,16,294,2,292,2,2,0,2,2,149,149,145,143,11
"1082",81,"[16]HBHxGnJHqKHqagIJ",300,1,16,299,0,299,0,0,0,0,0,141,141,158,158,11
"1083",82,"[16]HBHxGnJHqKHqagIJ",298,0.996656,16,299,1,298,1,1,0,1,1,146,146,153,152,11
"1084",83,"[16]HBHxGnJHqKHqagIJ",298,0.996656,16,299,1,298,1,1,0,1,1,136,136,163,162,11
"1085",84,"[16]HBHxGnJHqKHqagIJ",295,0.996622,16,296,1,295,1,1,0,1,1,151,151,145,144,11
"1086",85,"[16]HBHxGnJHqKHqagIJ",303,1,16,302,0,302,0,0,0,0,0,160,160,142,142,11
"1087",86,"[16]HBHxGnJHqKHqagIJ",298,1,16,297,0,297,0,0,0,0,0,144,144,153,153,11
"1088",87,"[16]HBHxGnJHqKHqagIJ",301,0.993421,16,304,2,302,2,2,0,2,2,156,156,148,146,11
"1089",88,"[16]HBHxGnJHqKHqagIJ",293,1,16,292,0,292,0,0,0,0,0,141,141,151,151,11
"1090",89,"[16]HBHxGnJHqKHqagIJ",300,1,16,299,0,299,0,0,0,0,0,153,153,146,146,11
"1091",90,"[16]HBHxGnJHqKHqagIJ",307,1,16,306,0,306,0,0,0,0,0,155,155,151,151,11
"1092",91,"[16]HBHxGnJHqKHqagIJ",300,1,16,299,0,299,0,0,0,0,0,149,149,150,150,11
"1093",92,"[16]HBHxGnJHqKHqagIJ",281,0.982759,16,290,5,285,5,5,0,5,5,130,130,160,155,11
"1094",93,"[16]HBHxGnJHqKHqagIJ",300,1,16,299,0,299,0,0,0,0,0,142,142,157,157,11
"1095",94,"[16]HBHxGnJHqKHqagIJ",302,0.9967,16,303,1,302,1,1,0,1,1,156,156,147,146,11
"1096",95,"[16]HBHxGnJHqKHqagIJ",298,1,16,297,0,297,0,0,0,0,0,153,153,144,144,11
"1097",96,"[16]HBHxGnJHqKHqagIJ",296,0.993311,16,299,2,297,2,2,0,2,2,151,151,148,146,11
"1098",97,"[16]HBHxGnJHqKHqagIJ",294,0.993266,16,297,2,295,2,2,0,2,2,143,143,154,152,11
"1099",98,"[16]HBHxGnJHqKHqagIJ",304,1,16,303,0,303,0,0,0,0,0,156,156,147,147,11
"1100",99,"[16]HBHxGnJHqKHqagIJ",309,1,16,308,0,308,0,0,0,0,0,169,169,139,139,11
"1101",0,"[16]HcHwGnJHqKHqaIHJ",301,0.996689,16,302,1,301,1,1,0,1,1,153,153,149,148,12
"1102",1,"[16]HcHwGnJHqKHqaIHJ",294,1,16,293,0,293,0,0,0,0,0,127,127,166,166,12
"1103",2,"[16]HcHwGnJHqKHqaIHJ",301,0.990196,16,306,3,303,3,3,0,3,3,165,165,141,138,12
"1104",3,"[16]HcHwGnJHqKHqaIHJ",301,1,16,300,0,300,0,0,0,0,0,152,152,148,148,12
"1105",4,"[16]HcHwGnJHqKHqaIHJ",298,0.996656,16,299,1,298,1,1,0,1,1,151,151,148,147,12
"1106",5,"[16]HcHwGnJHqKHqaIHJ",297,1,16,296,0,296,0,0,0,0,0,140,140,156,156,12
"1107",6,"[16]HcHwGnJHqKHqaIHJ",298,1,16,297,0,297,0,0,0,0,0,145,145,152,152,12
"1108",7,"[16]HcHwGnJHqKHqaIHJ",290,0.986532,16,297,4,293,4,4,0,4,4,162,162,135,131,12
"1109",8,"[16]HcHwGnJHqKHqaIHJ",295,1,16,294,0,294,0,0,0,0,0,133,133,161,161,12
"1110",9,"[16]HcHwGnJHqKHqaIHJ",310,0.99361,16,313,2,311,2,2,0,2,2,172,172,141,139,12
"1111",10,"[16]HcHwGnJHqKHqaIHJ",305,1,16,304,0,304,0,0,0,0,0,155,155,149,149,12
"1112",11,"[16]HcHwGnJHqKHqaIHJ",303,0.996711,16,304,1,303,1,1,0,1,1,154,154,150,149,12
"1113",12,"[16]HcHwGnJHqKHqaIHJ",304,0.996721,16,305,1,304,1,1,0,1,1,158,158,147,146,12
"1114",13,"[16]HcHwGnJHqKHqaIHJ",290,0.989831,16,295,3,292,3,3,0,3,3,147,147,148,145,12
"1115",14,"[16]HcHwGnJHqKHqaIHJ",300,1,16,299,0,299,0,0,0,0,0,146,146,153,153,12
"1116",15,"[16]HcHwGnJHqKHqaIHJ",297,0.996644,16,298,1,297,1,1,0,1,1,147,147,151,150,12
"1117",16,"[16]HcHwGnJHqKHqaIHJ",292,0.989899,16,297,3,294,3,3,0,3,3,146,146,151,148,12
"1118",17,"[16]HcHwGnJHqKHqaIHJ",299,0.996667,16,300,1,299,1,1,0,1,1,154,154,146,145,12
"1119",18,"[16]HcHwGnJHqKHqaIHJ",293,0.989933,16,298,3,295,3,3,0,3,3,171,171,127,124,12
"1120",19,"[16]HcHwGnJHqKHqaIHJ",304,1,16,303,0,303,0,0,0,0,0,155,155,148,148,12
"1121",20,"[16]HcHwGnJHqKHqaIHJ",301,1,16,300,0,300,0,0,0,0,0,161,161,139,139,12
"1122",21,"[16]HcHwGnJHqKHqaIHJ",286,0.986348,16,293,4,289,4,4,0,4,4,143,143,150,146,12
"1123",22,"[16]HcHwGnJHqKHqaIHJ",305,1,16,304,0,304,0,0,0,0,0,167,167,137,137,12
"1124",23,"[16]HcHwGnJHqKHqaIHJ",295,0.996622,16,296,1,295,1,1,0,1,1,150,150,146,145,12
"1125",24,"[16]HcHwGnJHqKHqaIHJ",291,0.993197,16,294,2,292,2,2,0,2,2,151,151,143,141,12
"1126",25,"[16]HcHwGnJHqKHqaIHJ",296,1,16,295,0,295,0,0,0,0,0,156,156,139,139,12
"1127",26,"[16]HcHwGnJHqKHqaIHJ",274,0.97561,16,287,7,280,7,7,0,7,7,139,139,148,141,12
"1128",27,"[16]HcHwGnJHqKHqaIHJ",293,0.989933,16,298,3,295,3,3,0,3,3,155,155,143,140,12
"1129",28,"[16]HcHwGnJHqKHqaIHJ",304,1,16,303,0,303,0,0,0,0,0,154,154,149,149,12
"1130",29,"[16]HcHwGnJHqKHqaIHJ",303,0.996711,16,304,1,303,1,1,0,1,1,163,163,141,140,12
"1131",30,"[16]HcHwGnJHqKHqaIHJ",305,1,16,304,0,304,0,0,0,0,0,158,158,146,146,12
"1132",31,"[16]HcHwGnJHqKHqaIHJ",293,0.993243,16,296,2,294,2,2,0,2,2,142,142,154,152,12
"1133",32,"[16]HcHwGnJHqKHqaIHJ",289,1,16,288,0,288,0,0,0,0,0,130,130,158,158,12
"1134",33,"[16]HcHwGnJHqKHqaIHJ",298,0.993355,16,301,2,299,2,2,0,2,2,156,156,145,143,12
"1135",34,"[16]HcHwGnJHqKHqaIHJ",299,0.996667,16,300,1,299,1,1,0,1,1,153,153,147,146,12
"1136",35,"[16]HcHwGnJHqKHqaIHJ",306,1,16,305,0,305,0,0,0,0,0,167,167,138,138,12
"1137",36,"[16]HcHwGnJHqKHqaIHJ",295,1,16,294,0,294,0,0,0,0,0,136,136,158,158,12
"1138",37,"[16]HcHwGnJHqKHqaIHJ",294,1,16,293,0,293,0,0,0,0,0,142,142,151,151,12
"1139",38,"[16]HcHwGnJHqKHqaIHJ",303,1,16,302,0,302,0,0,0,0,0,149,149,153,153,12
"1140",39,"[16]HcHwGnJHqKHqaIHJ",304,1,16,303,0,303,0,0,0,0,0,146,146,157,157,12
"1141",40,"[16]HcHwGnJHqKHqaIHJ",301,0.996689,16,302,1,301,1,1,0,1,1,156,156,146,145,12
"1142",41,"[16]HcHwGnJHqKHqaIHJ",296,0.993311,16,299,2,297,2,2,0,2,2,154,154,145,143,12
"1143",42,"[16]HcHwGnJHqKHqaIHJ",290,0.986532,16,297,4,293,4,4,0,4,4,151,151,146,142,12
"1144",43,"[16]HcHwGnJHqKHqaIHJ",305,0.996732,16,306,1,305,1,1,0,1,1,160,160,146,145,12
"1145",44,"[16]HcHwGnJHqKHqaIHJ",285,0.993056,16,288,2,286,2,2,0,2,2,135,135,153,151,12
"1146",45,"[16]HcHwGnJHqKHqaIHJ",303,1,16,302,0,302,0,0,0,0,0,141,141,161,161,12
"1147",46,"[16]HcHwGnJHqKHqaIHJ",298,1,16,297,0,297,0,0,0,0,0,145,145,152,152,12
"1148",47,"[16]HcHwGnJHqKHqaIHJ",291,0.993197,16,294,2,292,2,2,0,2,2,143,143,151,149,12
"1149",48,"[16]HcHwGnJHqKHqaIHJ",301,1,16,300,0,300,0,0,0,0,0,148,148,152,152,12
"1150",49,"[16]HcHwGnJHqKHqaIHJ",305,1,16,304,0,304,0,0,0,0,0,145,145,159,159,12
"1151",50,"[16]HcHwGnJHqKHqaIHJ",305,1,16,304,0,304,0,0,0,0,0,163,163,141,141,12
"1152",51,"[16]HcHwGnJHqKHqaIHJ",281,0.982759,16,290,5,285,5,5,0,5,5,135,135,155,150,12
"1153",52,"[16]HcHwGnJHqKHqaIHJ",300,1,16,299,0,299,0,0,0,0,0,142,142,157,157,12
"1154",53,"[16]HcHwGnJHqKHqaIHJ",292,0.996587,16,293,1,292,1,1,0,1,1,147,147,146,145,12
"1155",54,"[16]HcHwGnJHqKHqaIHJ",289,0.983221,16,298,5,293,5,5,0,5,5,168,168,130,125,12
"1156",55,"[16]HcHwGnJHqKHqaIHJ",298,1,16,297,0,297,0,0,0,0,0,145,145,152,152,12
"1157",56,"[16]HcHwGnJHqKHqaIHJ",305,0.996732,16,306,1,305,1,1,0,1,1,168,168,138,137,12
"1158",57,"[16]HcHwGnJHqKHqaIHJ",295,1,16,294,0,294,0,0,0,0,0,131,131,163,163,12
"1159",58,"[16]HcHwGnJHqKHqaIHJ",300,1,16,299,0,299,0,0,0,0,0,148,148,151,151,12
"1160",59,"[16]HcHwGnJHqKHqaIHJ",302,1,16,301,0,301,0,0,0,0,0,163,163,138,138,12
"1161",60,"[16]HcHwGnJHqKHqaIHJ",293,1,16,292,0,292,0,0,0,0,0,144,144,148,148,12
"1162",61,"[16]HcHwGnJHqKHqaIHJ",293,0.996599,16,294,1,293,1,1,0,1,1,134,134,160,159,12
"1163",62,"[16]HcHwGnJHqKHqaIHJ",302,0.9967,16,303,1,302,1,1,0,1,1,151,151,152,151,12
"1164",63,"[16]HcHwGnJHqKHqaIHJ",286,0.989691,16,291,3,288,3,3,0,3,3,145,145,146,143,12
"1165",64,"[16]HcHwGnJHqKHqaIHJ",302,1,16,301,0,301,0,0,0,0,0,140,140,161,161,12
"1166",65,"[16]HcHwGnJHqKHqaIHJ",306,0.996743,16,307,1,306,1,1,0,1,1,173,173,134,133,12
"1167",66,"[16]HcHwGnJHqKHqaIHJ",302,1,16,301,0,301,0,0,0,0,0,147,147,154,154,12
"1168",67,"[16]HcHwGnJHqKHqaIHJ",292,0.996587,16,293,1,292,1,1,0,1,1,145,145,148,147,12
"1169",68,"[16]HcHwGnJHqKHqaIHJ",297,0.993333,16,300,2,298,2,2,0,2,2,149,149,151,149,12
"1170",69,"[16]HcHwGnJHqKHqaIHJ",299,0.993377,16,302,2,300,2,2,0,2,2,161,161,141,139,12
"1171",70,"[16]HcHwGnJHqKHqaIHJ",297,1,16,296,0,296,0,0,0,0,0,159,159,137,137,12
"1172",71,"[16]HcHwGnJHqKHqaIHJ",304,1,16,303,0,303,0,0,0,0,0,166,166,137,137,12
"1173",72,"[16]HcHwGnJHqKHqaIHJ",296,0.996633,16,297,1,296,1,1,0,1,1,149,149,148,147,12
"1174",73,"[16]HcHwGnJHqKHqaIHJ",291,1,16,290,0,290,0,0,0,0,0,124,124,166,166,12
"1175",74,"[16]HcHwGnJHqKHqaIHJ",288,0.99654,16,289,1,288,1,1,0,1,1,126,126,163,162,12
"1176",75,"[16]HcHwGnJHqKHqaIHJ",292,0.983389,16,301,5,296,5,5,0,5,5,165,165,136,131,12
"1177",76,"[16]HcHwGnJHqKHqaIHJ",306,1,16,305,0,305,0,0,0,0,0,161,161,144,144,12
"1178",77,"[16]HcHwGnJHqKHqaIHJ",291,1,16,290,0,290,0,0,0,0,0,128,128,162,162,12
"1179",78,"[16]HcHwGnJHqKHqaIHJ",297,0.986842,16,304,4,300,4,4,0,4,4,167,167,137,133,12
"1180",79,"[16]HcHwGnJHqKHqaIHJ",278,0.979239,16,289,6,283,6,6,0,6,6,143,143,146,140,12
"1181",80,"[16]HcHwGnJHqKHqaIHJ",286,0.986348,16,293,4,289,4,4,0,4,4,136,136,157,153,12
"1182",81,"[16]HcHwGnJHqKHqaIHJ",297,1,16,296,0,296,0,0,0,0,0,151,151,145,145,12
"1183",82,"[16]HcHwGnJHqKHqaIHJ",296,1,16,295,0,295,0,0,0,0,0,149,149,146,146,12
"1184",83,"[16]HcHwGnJHqKHqaIHJ",305,0.996732,16,306,1,305,1,1,0,1,1,152,152,154,153,12
"1185",84,"[16]HcHwGnJHqKHqaIHJ",294,0.99661,16,295,1,294,1,1,0,1,1,151,151,144,143,12
"1186",85,"[16]HcHwGnJHqKHqaIHJ",295,0.993289,16,298,2,296,2,2,0,2,2,152,152,146,144,12
"1187",86,"[16]HcHwGnJHqKHqaIHJ",290,1,16,289,0,289,0,0,0,0,0,134,134,155,155,12
"1188",87,"[16]HcHwGnJHqKHqaIHJ",292,1,16,291,0,291,0,0,0,0,0,127,127,164,164,12
"1189",88,"[16]HcHwGnJHqKHqaIHJ",303,1,16,302,0,302,0,0,0,0,0,157,157,145,145,12
"1190",89,"[16]HcHwGnJHqKHqaIHJ",293,0.993243,16,296,2,294,2,2,0,2,2,145,145,151,149,12
"1191",90,"[16]HcHwGnJHqKHqaIHJ",295,0.996622,16,296,1,295,1,1,0,1,1,141,141,155,154,12
"1192",91,"[16]HcHwGnJHqKHqaIHJ",302,1,16,301,0,301,0,0,0,0,0,152,152,149,149,12
"1193",92,"[16]HcHwGnJHqKHqaIHJ",308,1,16,307,0,307,0,0,0,0,0,169,169,138,138,12
"1194",93,"[16]HcHwGnJHqKHqaIHJ",288,0.983165,16,297,5,292,5,5,0,5,5,152,152,145,140,12
"1195",94,"[16]HcHwGnJHqKHqaIHJ",288,0.989761,16,293,3,290,3,3,0,3,3,143,143,150,147,12
"1196",95,"[16]HcHwGnJHqKHqaIHJ",294,1,16,293,0,293,0,0,0,0,0,135,135,158,158,12
"1197",96,"[16]HcHwGnJHqKHqaIHJ",292,0.99322,16,295,2,293,2,2,0,2,2,135,135,160,158,12
"1198",97,"[16]HcHwGnJHqKHqaIHJ",296,1,16,295,0,295,0,0,0,0,0,141,141,154,154,12
"1199",98,"[16]HcHwGnJHqKHqaIHJ",285,0.993056,16,288,2,286,2,2,0,2,2,128,128,160,158,12
"1200",99,"[16]HcHwGnJHqKHqaIHJ",294,1,16,293,0,293,0,0,0,0,0,135,135,158,158,12
"1201",0,"[16]HcHwGnJHqKHqaIJu",293,0.996599,16,294,1,293,1,1,0,1,1,151,151,143,142,13
"1202",1,"[16]HcHwGnJHqKHqaIJu",291,0.983333,16,300,5,295,5,5,0,5,5,152,152,148,143,13
"1203",2,"[16]HcHwGnJHqKHqaIJu",308,1,16,307,0,307,0,0,0,0,0,169,169,138,138,13
"1204",3,"[16]HcHwGnJHqKHqaIJu",296,0.996633,16,297,1,296,1,1,0,1,1,152,152,145,144,13
"1205",4,"[16]HcHwGnJHqKHqaIJu",294,0.993266,16,297,2,295,2,2,0,2,2,159,159,138,136,13
"1206",5,"[16]HcHwGnJHqKHqaIJu",295,0.996622,16,296,1,295,1,1,0,1,1,148,148,148,147,13
"1207",6,"[16]HcHwGnJHqKHqaIJu",289,0.989796,16,294,3,291,3,3,0,3,3,145,145,149,146,13
"1208",7,"[16]HcHwGnJHqKHqaIJu",293,0.996599,16,294,1,293,1,1,0,1,1,135,135,159,158,13
"1209",8,"[16]HcHwGnJHqKHqaIJu",294,0.993266,16,297,2,295,2,2,0,2,2,143,143,154,152,13
"1210",9,"[16]HcHwGnJHqKHqaIJu",300,0.996678,16,301,1,300,1,1,0,1,1,143,143,158,157,13
"1211",10,"[16]HcHwGnJHqKHqaIJu",304,1,16,303,0,303,0,0,0,0,0,154,154,149,149,13
"1212",11,"[16]HcHwGnJHqKHqaIJu",294,0.993266,16,297,2,295,2,2,0,2,2,153,153,144,142,13
"1213",12,"[16]HcHwGnJHqKHqaIJu",300,0.996678,16,301,1,300,1,1,0,1,1,149,149,152,151,13
"1214",13,"[16]HcHwGnJHqKHqaIJu",304,1,16,303,0,303,0,0,0,0,0,155,155,148,148,13
"1215",14,"[16]HcHwGnJHqKHqaIJu",305,1,16,304,0,304,0,0,0,0,0,161,161,143,143,13
"1216",15,"[16]HcHwGnJHqKHqaIJu",308,1,16,307,0,307,0,0,0,0,0,167,167,140,140,13
"1217",16,"[16]HcHwGnJHqKHqaIJu",292,0.989899,16,297,3,294,3,3,0,3,3,146,146,151,148,13
"1218",17,"[16]HcHwGnJHqKHqaIJu",298,0.996656,16,299,1,298,1,1,0,1,1,148,148,151,150,13
"1219",18,"[16]HcHwGnJHqKHqaIJu",300,0.996678,16,301,1,300,1,1,0,1,1,165,165,136,135,13
"1220",19,"[16]HcHwGnJHqKHqaIJu",295,0.993289,16,298,2,296,2,2,0,2,2,155,155,143,141,13
"1221",20,"[16]HcHwGnJHqKHqaIJu",298,0.990099,16,303,3,300,3,3,0,3,3,164,164,139,136,13
"1222",21,"[16]HcHwGnJHqKHqaIJu",296,0.993311,16,299,2,297,2,2,0,2,2,164,164,135,133,13
"1223",22,"[16]HcHwGnJHqKHqaIJu",308,1,16,307,0,307,0,0,0,0,0,171,171,136,136,13
"1224",23,"[16]HcHwGnJHqKHqaIJu",305,0.996732,16,306,1,305,1,1,0,1,1,164,164,142,141,13
"1225",24,"[16]HcHwGnJHqKHqaIJu",285,0.986301,16,292,4,288,4,4,0,4,4,133,133,159,155,13
"1226",25,"[16]HcHwGnJHqKHqaIJu",298,0.996656,16,299,1,298,1,1,0,1,1,152,152,147,146,13
"1227",26,"[16]HcHwGnJHqKHqaIJu",304,0.996721,16,305,1,304,1,1,0,1,1,171,171,134,133,13
"1228",27,"[16]HcHwGnJHqKHqaIJu",298,0.993355,16,301,2,299,2,2,0,2,2,156,156,145,143,13
"1229",28,"[16]HcHwGnJHqKHqaIJu",297,1,16,296,0,296,0,0,0,0,0,143,143,153,153,13
"1230",29,"[16]HcHwGnJHqKHqaIJu",298,0.996656,16,299,1,298,1,1,0,1,1,157,157,142,141,13
"1231",30,"[16]HcHwGnJHqKHqaIJu",302,0.9967,16,303,1,302,1,1,0,1,1,165,165,138,137,13
"1232",31,"[16]HcHwGnJHqKHqaIJu",303,1,16,302,0,302,0,0,0,0,0,157,157,145,145,13
"1233",32,"[16]HcHwGnJHqKHqaIJu",297,1,16,296,0,296,0,0,0,0,0,140,140,156,156,13
"1234",33,"[16]HcHwGnJHqKHqaIJu",294,1,16,293,0,293,0,0,0,0,0,146,146,147,147,13
"1235",34,"[16]HcHwGnJHqKHqaIJu",295,1,16,294,0,294,0,0,0,0,0,146,146,148,148,13
"1236",35,"[16]HcHwGnJHqKHqaIJu",300,0.996678,16,301,1,300,1,1,0,1,1,156,156,145,144,13
"1237",36,"[16]HcHwGnJHqKHqaIJu",307,1,16,306,0,306,0,0,0,0,0,155,155,151,151,13
"1238",37,"[16]HcHwGnJHqKHqaIJu",298,1,16,297,0,297,0,0,0,0,0,149,149,148,148,13
"1239",38,"[16]HcHwGnJHqKHqaIJu",300,0.996678,16,301,1,300,1,1,0,1,1,156,156,145,144,13
"1240",39,"[16]HcHwGnJHqKHqaIJu",281,0.979452,16,292,6,286,6,6,0,6,6,141,141,151,145,13
"1241",40,"[16]HcHwGnJHqKHqaIJu",305,1,16,304,0,304,0,0,0,0,0,164,164,140,140,13
"1242",41,"[16]HcHwGnJHqKHqaIJu",302,0.9967,16,303,1,302,1,1,0,1,1,145,145,158,157,13
"1243",42,"[16]HcHwGnJHqKHqaIJu",286,0.989691,16,291,3,288,3,3,0,3,3,148,148,143,140,13
"1244",43,"[16]HcHwGnJHqKHqaIJu",296,0.996633,16,297,1,296,1,1,0,1,1,149,149,148,147,13
"1245",44,"[16]HcHwGnJHqKHqaIJu",301,1,16,300,0,300,0,0,0,0,0,143,143,157,157,13
"1246",45,"[16]HcHwGnJHqKHqaIJu",291,0.996575,16,292,1,291,1,1,0,1,1,135,135,157,156,13
"1247",46,"[16]HcHwGnJHqKHqaIJu",308,1,16,307,0,307,0,0,0,0,0,151,151,156,156,13
"1248",47,"[16]HcHwGnJHqKHqaIJu",294,0.989967,16,299,3,296,3,3,0,3,3,160,160,139,136,13
"1249",48,"[16]HcHwGnJHqKHqaIJu",298,0.996656,16,299,1,298,1,1,0,1,1,154,154,145,144,13
"1250",49,"[16]HcHwGnJHqKHqaIJu",298,0.996656,16,299,1,298,1,1,0,1,1,144,144,155,154,13
"1251",50,"[16]HcHwGnJHqKHqaIJu",303,1,16,302,0,302,0,0,0,0,0,144,144,158,158,13
"1252",51,"[16]HcHwGnJHqKHqaIJu",286,0.996516,16,287,1,286,1,1,0,1,1,131,131,156,155,13
"1253",52,"[16]HcHwGnJHqKHqaIJu",304,1,16,303,0,303,0,0,0,0,0,157,157,146,146,13
"1254",53,"[16]HcHwGnJHqKHqaIJu",286,0.989691,16,291,3,288,3,3,0,3,3,133,133,158,155,13
"1255",54,"[16]HcHwGnJHqKHqaIJu",296,1,16,295,0,295,0,0,0,0,0,135,135,160,160,13
"1256",55,"[16]HcHwGnJHqKHqaIJu",296,0.990033,16,301,3,298,3,3,0,3,3,172,172,129,126,13
"1257",56,"[16]HcHwGnJHqKHqaIJu",290,1,16,289,0,289,0,0,0,0,0,133,133,156,156,13
"1258",57,"[16]HcHwGnJHqKHqaIJu",296,0.993311,16,299,2,297,2,2,0,2,2,156,156,143,141,13
"1259",58,"[16]HcHwGnJHqKHqaIJu",300,0.993399,16,303,2,301,2,2,0,2,2,151,151,152,150,13
"1260",59,"[16]HcHwGnJHqKHqaIJu",296,0.996633,16,297,1,296,1,1,0,1,1,150,150,147,146,13
"1261",60,"[16]HcHwGnJHqKHqaIJu",291,0.993197,16,294,2,292,2,2,0,2,2,144,144,150,148,13
"1262",61,"[16]HcHwGnJHqKHqaIJu",301,0.993421,16,304,2,302,2,2,0,2,2,163,163,141,139,13
"1263",62,"[16]HcHwGnJHqKHqaIJu",301,1,16,300,0,300,0,0,0,0,0,137,137,163,163,13
"1264",63,"[16]HcHwGnJHqKHqaIJu",293,1,16,292,0,292,0,0,0,0,0,130,130,162,162,13
"1265",64,"[16]HcHwGnJHqKHqaIJu",288,1,16,287,0,287,0,0,0,0,0,121,121,166,166,13
"1266",65,"[16]HcHwGnJHqKHqaIJu",293,0.993243,16,296,2,294,2,2,0,2,2,153,153,143,141,13
"1267",66,"[16]HcHwGnJHqKHqaIJu",294,1,16,293,0,293,0,0,0,0,0,132,132,161,161,13
"1268",67,"[16]HcHwGnJHqKHqaIJu",292,0.99322,16,295,2,293,2,2,0,2,2,149,149,146,144,13
"1269",68,"[16]HcHwGnJHqKHqaIJu",291,0.993197,16,294,2,292,2,2,0,2,2,140,140,154,152,13
"1270",69,"[16]HcHwGnJHqKHqaIJu",294,1,16,293,0,293,0,0,0,0,0,141,141,152,152,13
"1271",70,"[16]HcHwGnJHqKHqaIJu",302,1,16,301,0,301,0,0,0,0,0,153,153,148,148,13
"1272",71,"[16]HcHwGnJHqKHqaIJu",300,1,16,299,0,299,0,0,0,0,0,142,142,157,157,13
"1273",72,"[16]HcHwGnJHqKHqaIJu",297,1,16,296,0,296,0,0,0,0,0,146,146,150,150,13
"1274",73,"[16]HcHwGnJHqKHqaIJu",291,0.980132,16,302,6,296,6,6,0,6,6,160,160,142,136,13
"1275",74,"[16]HcHwGnJHqKHqaIJu",292,0.986622,16,299,4,295,4,4,0,4,4,153,153,146,142,13
"1276",75,"[16]HcHwGnJHqKHqaIJu",290,1,16,289,0,289,0,0,0,0,0,123,123,166,166,13
"1277",76,"[16]HcHwGnJHqKHqaIJu",294,0.99661,16,295,1,294,1,1,0,1,1,136,136,159,158,13
"1278",77,"[16]HcHwGnJHqKHqaIJu",306,0.996743,16,307,1,306,1,1,0,1,1,154,154,153,152,13
"1279",78,"[16]HcHwGnJHqKHqaIJu",280,0.986063,16,287,4,283,4,4,0,4,4,136,136,151,147,13
"1280",79,"[16]HcHwGnJHqKHqaIJu",300,1,16,299,0,299,0,0,0,0,0,154,154,145,145,13
"1281",80,"[16]HcHwGnJHqKHqaIJu",295,0.996622,16,296,1,295,1,1,0,1,1,145,145,151,150,13
"1282",81,"[16]HcHwGnJHqKHqaIJu",296,1,16,295,0,295,0,0,0,0,0,137,137,158,158,13
"1283",82,"[16]HcHwGnJHqKHqaIJu",302,1,16,301,0,301,0,0,0,0,0,144,144,157,157,13
"1284",83,"[16]HcHwGnJHqKHqaIJu",293,0.996599,16,294,1,293,1,1,0,1,1,154,154,140,139,13
"1285",84,"[16]HcHwGnJHqKHqaIJu",299,1,16,298,0,298,0,0,0,0,0,151,151,147,147,13
"1286",85,"[16]HcHwGnJHqKHqaIJu",294,0.99661,16,295,1,294,1,1,0,1,1,132,132,163,162,13
"1287",86,"[16]HcHwGnJHqKHqaIJu",304,1,16,303,0,303,0,0,0,0,0,158,158,145,145,13
"1288",87,"[16]HcHwGnJHqKHqaIJu",305,1,16,304,0,304,0,0,0,0,0,151,151,153,153,13
"1289",88,"[16]HcHwGnJHqKHqaIJu",307,1,16,306,0,306,0,0,0,0,0,171,171,135,135,13
"1290",89,"[16]HcHwGnJHqKHqaIJu",299,1,16,298,0,298,0,0,0,0,0,142,142,156,156,13
"1291",90,"[16]HcHwGnJHqKHqaIJu",299,0.996667,16,300,1,299,1,1,0,1,1,159,159,141,140,13
"1292",91,"[16]HcHwGnJHqKHqaIJu",302,1,16,301,0,301,0,0,0,0,0,141,141,160,160,13
"1293",92,"[16]HcHwGnJHqKHqaIJu",298,1,16,297,0,297,0,0,0,0,0,136,136,161,161,13
"1294",93,"[16]HcHwGnJHqKHqaIJu",294,0.99661,16,295,1,294,1,1,0,1,1,136,136,159,158,13
"1295",94,"[16]HcHwGnJHqKHqaIJu",300,0.996678,16,301,1,300,1,1,0,1,1,161,161,140,139,13
"1296",95,"[16]HcHwGnJHqKHqaIJu",301,0.996689,16,302,1,301,1,1,0,1,1,143,143,159,158,13
"1297",96,"[16]HcHwGnJHqKHqaIJu",301,1,16,300,0,300,0,0,0,0,0,161,161,139,139,13
"1298",97,"[16]HcHwGnJHqKHqaIJu",290,0.989831,16,295,3,292,3,3,0,3,3,151,151,144,141,13
"1299",98,"[16]HcHwGnJHqKHqaIJu",295,0.996622,16,296,1,295,1,1,0,1,1,142,142,154,153,13
"1300",99,"[16]HcHwGnJHqKHqaIJu",298,1,16,297,0,297,0,0,0,0,0,139,139,158,158,13
"1301",0,"[17]rHBHwGnJHqKHqaIfJ",294,0.99661,17,295,1,294,1,1,0,1,1,143,143,152,151,14
"1302",1,"[17]rHBHwGnJHqKHqaIfJ",302,1,17,301,0,301,0,0,0,0,0,163,163,138,138,14
"1303",2,"[17]rHBHwGnJHqKHqaIfJ",290,0.996564,17,291,1,290,1,1,0,1,1,133,133,158,157,14
"1304",3,"[17]rHBHwGnJHqKHqaIfJ",282,0.982818,17,291,5,286,5,5,0,5,5,144,144,147,142,14
"1305",4,"[17]rHBHwGnJHqKHqaIfJ",291,0.996575,17,292,1,291,1,1,0,1,1,132,132,160,159,14
"1306",5,"[17]rHBHwGnJHqKHqaIfJ",298,0.990099,17,303,3,300,3,3,0,3,3,155,155,148,145,14
"1307",6,"[17]rHBHwGnJHqKHqaIfJ",279,0.976027,17,292,7,285,7,7,0,7,7,149,149,143,136,14
"1308",7,"[17]rHBHwGnJHqKHqaIfJ",291,0.993197,17,294,2,292,2,2,0,2,2,135,135,159,157,14
"1309",8,"[17]rHBHwGnJHqKHqaIfJ",302,1,17,301,0,301,0,0,0,0,0,148,148,153,153,14
"1310",9,"[17]rHBHwGnJHqKHqaIfJ",306,1,17,305,0,305,0,0,0,0,0,148,148,157,157,14
"1311",10,"[17]rHBHwGnJHqKHqaIfJ",298,1,17,297,0,297,0,0,0,0,0,144,144,153,153,14
"1312",11,"[17]rHBHwGnJHqKHqaIfJ",302,0.993443,17,305,2,303,2,2,0,2,2,164,164,141,139,14
"1313",12,"[17]rHBHwGnJHqKHqaIfJ",295,0.993289,17,298,2,296,2,2,0,2,2,153,153,145,143,14
"1314",13,"[17]rHBHwGnJHqKHqaIfJ",291,0.989865,17,296,3,293,3,3,0,3,3,142,142,154,151,14
"1315",14,"[17]rHBHwGnJHqKHqaIfJ",299,0.996667,17,300,1,299,1,1,0,1,1,153,153,147,146,14
"1316",15,"[17]rHBHwGnJHqKHqaIfJ",297,0.996644,17,298,1,297,1,1,0,1,1,145,145,153,152,14
"1317",16,"[17]rHBHwGnJHqKHqaIfJ",297,1,17,296,0,296,0,0,0,0,0,142,142,154,154,14
"1318",17,"[17]rHBHwGnJHqKHqaIfJ",292,0.996587,17,293,1,292,1,1,0,1,1,139,139,154,153,14
"1319",18,"[17]rHBHwGnJHqKHqaIfJ",296,1,17,295,0,295,0,0,0,0,0,156,156,139,139,14
"1320",19,"[17]rHBHwGnJHqKHqaIfJ",308,1,17,307,0,307,0,0,0,0,0,161,161,146,146,14
"1321",20,"[17]rHBHwGnJHqKHqaIfJ",294,0.99661,17,295,1,294,1,1,0,1,1,153,153,142,141,14
"1322",21,"[17]rHBHwGnJHqKHqaIfJ",289,0.989796,17,294,3,291,3,3,0,3,3,129,129,165,162,14
"1323",22,"[17]rHBHwGnJHqKHqaIfJ",294,0.993266,17,297,2,295,2,2,0,2,2,142,142,155,153,14
"1324",23,"[17]rHBHwGnJHqKHqaIfJ",294,0.99661,17,295,1,294,1,1,0,1,1,133,133,162,161,14
"1325",24,"[17]rHBHwGnJHqKHqaIfJ",304,1,17,303,0,303,0,0,0,0,0,154,154,149,149,14
"1326",25,"[17]rHBHwGnJHqKHqaIfJ",301,1,17,300,0,300,0,0,0,0,0,151,151,149,149,14
"1327",26,"[17]rHBHwGnJHqKHqaIfJ",302,1,17,301,0,301,0,0,0,0,0,149,149,152,152,14
"1328",27,"[17]rHBHwGnJHqKHqaIfJ",296,0.996633,17,297,1,296,1,1,0,1,1,143,143,154,153,14
"1329",28,"[17]rHBHwGnJHqKHqaIfJ",298,0.996656,17,299,1,298,1,1,0,1,1,157,157,142,141,14
"1330",29,"[17]rHBHwGnJHqKHqaIfJ",301,1,17,300,0,300,0,0,0,0,0,150,150,150,150,14
"1331",30,"[17]rHBHwGnJHqKHqaIfJ",294,0.99661,17,295,1,294,1,1,0,1,1,141,141,154,153,14
"1332",31,"[17]rHBHwGnJHqKHqaIfJ",296,0.993311,17,299,2,297,2,2,0,2,2,155,155,144,142,14
"1333",32,"[17]rHBHwGnJHqKHqaIfJ",303,0.996711,17,304,1,303,1,1,0,1,1,162,162,142,141,14
"1334",33,"[17]rHBHwGnJHqKHqaIfJ",294,0.99661,17,295,1,294,1,1,0,1,1,146,146,149,148,14
"1335",34,"[17]rHBHwGnJHqKHqaIfJ",277,0.989362,17,282,3,279,3,3,0,3,3,120,120,162,159,14
"1336",35,"[17]rHBHwGnJHqKHqaIfJ",298,0.993355,17,301,2,299,2,2,0,2,2,150,150,151,149,14
"1337",36,"[17]rHBHwGnJHqKHqaIfJ",303,1,17,302,0,302,0,0,0,0,0,159,159,143,143,14
"1338",37,"[17]rHBHwGnJHqKHqaIfJ",304,1,17,303,0,303,0,0,0,0,0,146,146,157,157,14
"1339",38,"[17]rHBHwGnJHqKHqaIfJ",296,0.996633,17,297,1,296,1,1,0,1,1,137,137,160,159,14
"1340",39,"[17]rHBHwGnJHqKHqaIfJ",298,1,17,297,0,297,0,0,0,0,0,147,147,150,150,14
"1341",40,"[17]rHBHwGnJHqKHqaIfJ",291,0.996575,17,292,1,291,1,1,0,1,1,148,148,144,143,14
"1342",41,"[17]rHBHwGnJHqKHqaIfJ",298,1,17,297,0,297,0,0,0,0,0,149,149,148,148,14
"1343",42,"[17]rHBHwGnJHqKHqaIfJ",296,0.996633,17,297,1,296,1,1,0,1,1,160,160,137,136,14
"1344",43,"[17]rHBHwGnJHqKHqaIfJ",303,1,17,302,0,302,0,0,0,0,0,159,159,143,143,14
"1345",44,"[17]rHBHwGnJHqKHqaIfJ",299,1,17,298,0,298,0,0,0,0,0,144,144,154,154,14
"1346",45,"[17]rHBHwGnJHqKHqaIfJ",302,1,17,301,0,301,0,0,0,0,0,155,155,146,146,14
"1347",46,"[17]rHBHwGnJHqKHqaIfJ",302,1,17,301,0,301,0,0,0,0,0,139,139,162,162,14
"1348",47,"[17]rHBHwGnJHqKHqaIfJ",278,0.979239,17,289,6,283,6,6,0,6,6,138,138,151,145,14
"1349",48,"[17]rHBHwGnJHqKHqaIfJ",291,1,17,290,0,290,0,0,0,0,0,140,140,150,150,14
"1350",49,"[17]rHBHwGnJHqKHqaIfJ",303,1,17,302,0,302,0,0,0,0,0,155,155,147,147,14
"1351",50,"[17]rHBHwGnJHqKHqaIfJ",297,0.996644,17,298,1,297,1,1,0,1,1,146,146,152,151,14
"1352",51,"[17]rHBHwGnJHqKHqaIfJ",294,0.993266,17,297,2,295,2,2,0,2,2,142,142,155,153,14
"1353",52,"[17]rHBHwGnJHqKHqaIfJ",295,1,17,294,0,294,0,0,0,0,0,133,133,161,161,14
"1354",53,"[17]rHBHwGnJHqKHqaIfJ",302,1,17,301,0,301,0,0,0,0,0,158,158,143,143,14
"1355",54,"[17]rHBHwGnJHqKHqaIfJ",307,1,17,306,0,306,0,0,0,0,0,159,159,147,147,14
"1356",55,"[17]rHBHwGnJHqKHqaIfJ",302,1,17,301,0,301,0,0,0,0,0,157,157,144,144,14
"1357",56,"[17]rHBHwGnJHqKHqaIfJ",297,0.996644,17,298,1,297,1,1,0,1,1,143,143,155,154,14
"1358",57,"[17]rHBHwGnJHqKHqaIfJ",297,0.996644,17,298,1,297,1,1,0,1,1,144,144,154,153,14
"1359",58,"[17]rHBHwGnJHqKHqaIfJ",297,0.996644,17,298,1,297,1,1,0,1,1,161,161,137,136,14
"1360",59,"[17]rHBHwGnJHqKHqaIfJ",296,1,17,295,0,295,0,0,0,0,0,151,151,144,144,14
"1361",60,"[17]rHBHwGnJHqKHqaIfJ",299,1,17,298,0,298,0,0,0,0,0,143,143,155,155,14
"1362",61,"[17]rHBHwGnJHqKHqaIfJ",293,0.996599,17,294,1,293,1,1,0,1,1,141,141,153,152,14
"1363",62,"[17]rHBHwGnJHqKHqaIfJ",302,1,17,301,0,301,0,0,0,0,0,156,156,145,145,14
"1364",63,"[17]rHBHwGnJHqKHqaIfJ",290,0.989831,17,295,3,292,3,3,0,3,3,159,159,136,133,14
"1365",64,"[17]rHBHwGnJHqKHqaIfJ",300,1,17,299,0,299,0,0,0,0,0,152,152,147,147,14
"1366",65,"[17]rHBHwGnJHqKHqaIfJ",302,0.9967,17,303,1,302,1,1,0,1,1,155,155,148,147,14
"1367",66,"[17]rHBHwGnJHqKHqaIfJ",295,0.996622,17,296,1,295,1,1,0,1,1,153,153,143,142,14
"1368",67,"[17]rHBHwGnJHqKHqaIfJ",286,0.996516,17,287,1,286,1,1,0,1,1,130,130,157,156,14
"1369",68,"[17]rHBHwGnJHqKHqaIfJ",300,1,17,299,0,299,0,0,0,0,0,141,141,158,158,14
"1370",69,"[17]rHBHwGnJHqKHqaIfJ",299,1,17,298,0,298,0,0,0,0,0,136,136,162,162,14
"1371",70,"[17]rHBHwGnJHqKHqaIfJ",300,1,17,299,0,299,0,0,0,0,0,150,150,149,149,14
"1372",71,"[17]rHBHwGnJHqKHqaIfJ",299,1,17,298,0,298,0,0,0,0,0,139,139,159,159,14
"1373",72,"[17]rHBHwGnJHqKHqaIfJ",294,0.986711,17,301,4,297,4,4,0,4,4,145,145,156,152,14
"1374",73,"[17]rHBHwGnJHqKHqaIfJ",307,0.996753,17,308,1,307,1,1,0,1,1,160,160,148,147,14
"1375",74,"[17]rHBHwGnJHqKHqaIfJ",297,0.993333,17,300,2,298,2,2,0,2,2,155,155,145,143,14
"1376",75,"[17]rHBHwGnJHqKHqaIfJ",308,0.996764,17,309,1,308,1,1,0,1,1,165,165,144,143,14
"1377",76,"[17]rHBHwGnJHqKHqaIfJ",297,1,17,296,0,296,0,0,0,0,0,147,147,149,149,14
"1378",77,"[17]rHBHwGnJHqKHqaIfJ",303,1,17,302,0,302,0,0,0,0,0,152,152,150,150,14
"1379",78,"[17]rHBHwGnJHqKHqaIfJ",306,1,17,305,0,305,0,0,0,0,0,150,150,155,155,14
"1380",79,"[17]rHBHwGnJHqKHqaIfJ",278,0.979239,17,289,6,283,6,6,0,6,6,139,139,150,144,14
"1381",80,"[17]rHBHwGnJHqKHqaIfJ",301,1,17,300,0,300,0,0,0,0,0,153,153,147,147,14
"1382",81,"[17]rHBHwGnJHqKHqaIfJ",300,1,17,299,0,299,0,0,0,0,0,141,141,158,158,14
"1383",82,"[17]rHBHwGnJHqKHqaIfJ",297,0.993333,17,300,2,298,2,2,0,2,2,149,149,151,149,14
"1384",83,"[17]rHBHwGnJHqKHqaIfJ",294,0.993266,17,297,2,295,2,2,0,2,2,153,153,144,142,14
"1385",84,"[17]rHBHwGnJHqKHqaIfJ",306,1,17,305,0,305,0,0,0,0,0,170,170,135,135,14
"1386",85,"[17]rHBHwGnJHqKHqaIfJ",290,0.993174,17,293,2,291,2,2,0,2,2,142,142,151,149,14
"1387",86,"[17]rHBHwGnJHqKHqaIfJ",302,1,17,301,0,301,0,0,0,0,0,149,149,152,152,14
"1388",87,"[17]rHBHwGnJHqKHqaIfJ",291,0.986577,17,298,4,294,4,4,0,4,4,146,146,152,148,14
"1389",88,"[17]rHBHwGnJHqKHqaIfJ",298,1,17,297,0,297,0,0,0,0,0,145,145,152,152,14
"1390",89,"[17]rHBHwGnJHqKHqaIfJ",312,1,17,311,0,311,0,0,0,0,0,167,167,144,144,14
"1391",90,"[17]rHBHwGnJHqKHqaIfJ",294,0.993266,17,297,2,295,2,2,0,2,2,149,149,148,146,14
"1392",91,"[17]rHBHwGnJHqKHqaIfJ",293,0.989933,17,298,3,295,3,3,0,3,3,163,163,135,132,14
"1393",92,"[17]rHBHwGnJHqKHqaIfJ",298,1,17,297,0,297,0,0,0,0,0,142,142,155,155,14
"1394",93,"[17]rHBHwGnJHqKHqaIfJ",312,1,17,311,0,311,0,0,0,0,0,176,176,135,135,14
"1395",94,"[17]rHBHwGnJHqKHqaIfJ",292,0.989899,17,297,3,294,3,3,0,3,3,153,153,144,141,14
"1396",95,"[17]rHBHwGnJHqKHqaIfJ",291,0.986577,17,298,4,294,4,4,0,4,4,157,157,141,137,14
"1397",96,"[17]rHBHwGnJHqKHqaIfJ",300,1,17,299,0,299,0,0,0,0,0,146,146,153,153,14
"1398",97,"[17]rHBHwGnJHqKHqaIfJ",276,0.979094,17,287,6,281,6,6,0,6,6,121,121,166,160,14
"1399",98,"[17]rHBHwGnJHqKHqaIfJ",306,1,17,305,0,305,0,0,0,0,0,158,158,147,147,14
"1400",99,"[17]rHBHwGnJHqKHqaIfJ",296,0.993311,17,299,2,297,2,2,0,2,2,156,156,143,141,14
"1401",0,"[19]HBrHuGnJHqKHqaImiJu",301,1,19,300,0,300,0,0,0,0,0,152,152,148,148,15
"1402",1,"[19]HBrHuGnJHqKHqaImiJu",282,0.989547,19,287,3,284,3,3,0,3,3,138,138,149,146,15
"1403",2,"[19]HBrHuGnJHqKHqaImiJu",310,1,19,309,0,309,0,0,0,0,0,166,166,143,143,15
"1404",3,"[19]HBrHuGnJHqKHqaImiJu",306,1,19,305,0,305,0,0,0,0,0,149,149,156,156,15
"1405",4,"[19]HBrHuGnJHqKHqaImiJu",297,0.993333,19,300,2,298,2,2,0,2,2,148,148,152,150,15
"1406",5,"[19]HBrHuGnJHqKHqaImiJu",297,1,19,296,0,296,0,0,0,0,0,150,150,146,146,15
"1407",6,"[19]HBrHuGnJHqKHqaImiJu",314,1,19,313,0,313,0,0,0,0,0,159,159,154,154,15
"1408",7,"[19]HBrHuGnJHqKHqaImiJu",294,0.99661,19,295,1,294,1,1,0,1,1,146,146,149,148,15
"1409",8,"[19]HBrHuGnJHqKHqaImiJu",301,1,19,300,0,300,0,0,0,0,0,144,144,156,156,15
"1410",9,"[19]HBrHuGnJHqKHqaImiJu",305,1,19,304,0,304,0,0,0,0,0,152,152,152,152,15
"1411",10,"[19]HBrHuGnJHqKHqaImiJu",303,0.993464,19,306,2,304,2,2,0,2,2,170,170,136,134,15
"1412",11,"[19]HBrHuGnJHqKHqaImiJu",306,1,19,305,0,305,0,0,0,0,0,161,161,144,144,15
"1413",12,"[19]HBrHuGnJHqKHqaImiJu",289,0.993151,19,292,2,290,2,2,0,2,2,148,148,144,142,15
"1414",13,"[19]HBrHuGnJHqKHqaImiJu",297,1,19,296,0,296,0,0,0,0,0,136,136,160,160,15
"1415",14,"[19]HBrHuGnJHqKHqaImiJu",297,0.996644,19,298,1,297,1,1,0,1,1,148,148,150,149,15
"1416",15,"[19]HBrHuGnJHqKHqaImiJu",303,0.993464,19,306,2,304,2,2,0,2,2,163,163,143,141,15
"1417",16,"[19]HBrHuGnJHqKHqaImiJu",301,1,19,300,0,300,0,0,0,0,0,148,148,152,152,15
"1418",17,"[19]HBrHuGnJHqKHqaImiJu",290,0.993174,19,293,2,291,2,2,0,2,2,140,140,153,151,15
"1419",18,"[19]HBrHuGnJHqKHqaImiJu",290,1,19,289,0,289,0,0,0,0,0,132,132,157,157,15
"1420",19,"[19]HBrHuGnJHqKHqaImiJu",296,1,19,295,0,295,0,0,0,0,0,137,137,158,158,15
"1421",20,"[19]HBrHuGnJHqKHqaImiJu",300,0.996678,19,301,1,300,1,1,0,1,1,155,155,146,145,15
"1422",21,"[19]HBrHuGnJHqKHqaImiJu",289,0.989796,19,294,3,291,3,3,0,3,3,153,153,141,138,15
"1423",22,"[19]HBrHuGnJHqKHqaImiJu",286,0.996516,19,287,1,286,1,1,0,1,1,135,135,152,151,15
"1424",23,"[19]HBrHuGnJHqKHqaImiJu",296,1,19,295,0,295,0,0,0,0,0,139,139,156,156,15
"1425",24,"[19]HBrHuGnJHqKHqaImiJu",287,1,19,286,0,286,0,0,0,0,0,124,124,162,162,15
"1426",25,"[19]HBrHuGnJHqKHqaImiJu",303,1,19,302,0,302,0,0,0,0,0,154,154,148,148,15
"1427",26,"[19]HBrHuGnJHqKHqaImiJu",296,1,19,295,0,295,0,0,0,0,0,137,137,158,158,15
"1428",27,"[19]HBrHuGnJHqKHqaImiJu",298,1,19,297,0,297,0,0,0,0,0,145,145,152,152,15
"1429",28,"[19]HBrHuGnJHqKHqaImiJu",293,0.989933,19,298,3,295,3,3,0,3,3,154,154,144,141,15
"1430",29,"[19]HBrHuGnJHqKHqaImiJu",277,0.985915,19,284,4,280,4,4,0,4,4,138,138,146,142,15
"1431",30,"[19]HBrHuGnJHqKHqaImiJu",299,0.996667,19,300,1,299,1,1,0,1,1,156,156,144,143,15
"1432",31,"[19]HBrHuGnJHqKHqaImiJu",307,1,19,306,0,306,0,0,0,0,0,161,161,145,145,15
"1433",32,"[19]HBrHuGnJHqKHqaImiJu",306,1,19,305,0,305,0,0,0,0,0,159,159,146,146,15
"1434",33,"[19]HBrHuGnJHqKHqaImiJu",308,1,19,307,0,307,0,0,0,0,0,159,159,148,148,15
"1435",34,"[19]HBrHuGnJHqKHqaImiJu",298,0.993355,19,301,2,299,2,2,0,2,2,151,151,150,148,15
"1436",35,"[19]HBrHuGnJHqKHqaImiJu",290,0.986532,19,297,4,293,4,4,0,4,4,141,141,156,152,15
"1437",36,"[19]HBrHuGnJHqKHqaImiJu",294,0.99661,19,295,1,294,1,1,0,1,1,141,141,154,153,15
"1438",37,"[19]HBrHuGnJHqKHqaImiJu",301,1,19,300,0,300,0,0,0,0,0,147,147,153,153,15
"1439",38,"[19]HBrHuGnJHqKHqaImiJu",299,1,19,298,0,298,0,0,0,0,0,142,142,156,156,15
"1440",39,"[19]HBrHuGnJHqKHqaImiJu",293,0.993243,19,296,2,294,2,2,0,2,2,142,142,154,152,15
"1441",40,"[19]HBrHuGnJHqKHqaImiJu",284,0.989619,19,289,3,286,3,3,0,3,3,137,137,152,149,15
"1442",41,"[19]HBrHuGnJHqKHqaImiJu",301,1,19,300,0,300,0,0,0,0,0,146,146,154,154,15
"1443",42,"[19]HBrHuGnJHqKHqaImiJu",295,0.993289,19,298,2,296,2,2,0,2,2,156,156,142,140,15
"1444",43,"[19]HBrHuGnJHqKHqaImiJu",294,0.99661,19,295,1,294,1,1,0,1,1,151,151,144,143,15
"1445",44,"[19]HBrHuGnJHqKHqaImiJu",299,1,19,298,0,298,0,0,0,0,0,148,148,150,150,15
"1446",45,"[19]HBrHuGnJHqKHqaImiJu",301,1,19,300,0,300,0,0,0,0,0,154,154,146,146,15
"1447",46,"[19]HBrHuGnJHqKHqaImiJu",272,0.978799,19,283,6,277,6,6,0,6,6,127,127,156,150,15
"1448",47,"[19]HBrHuGnJHqKHqaImiJu",297,1,19,296,0,296,0,0,0,0,0,148,148,148,148,15
"1449",48,"[19]HBrHuGnJHqKHqaImiJu",297,1,19,296,0,296,0,0,0,0,0,138,138,158,158,15
"1450",49,"[19]HBrHuGnJHqKHqaImiJu",293,1,19,292,0,292,0,0,0,0,0,133,133,159,159,15
"1451",50,"[19]HBrHuGnJHqKHqaImiJu",308,1,19,307,0,307,0,0,0,0,0,167,167,140,140,15
"1452",51,"[19]HBrHuGnJHqKHqaImiJu",292,0.996587,19,293,1,292,1,1,0,1,1,143,143,150,149,15
"1453",52,"[19]HBrHuGnJHqKHqaImiJu",296,0.993311,19,299,2,297,2,2,0,2,2,147,147,152,150,15
"1454",53,"[19]HBrHuGnJHqKHqaImiJu",304,1,19,303,0,303,0,0,0,0,0,155,155,148,148,15
"1455",54,"[19]HBrHuGnJHqKHqaImiJu",303,1,19,302,0,302,0,0,0,0,0,156,156,146,146,15
"1456",55,"[19]HBrHuGnJHqKHqaImiJu",298,0.996656,19,299,1,298,1,1,0,1,1,148,148,151,150,15
"1457",56,"[19]HBrHuGnJHqKHqaImiJu",299,1,19,298,0,298,0,0,0,0,0,146,146,152,152,15
"1458",57,"[19]HBrHuGnJHqKHqaImiJu",290,0.993174,19,293,2,291,2,2,0,2,2,139,139,154,152,15
"1459",58,"[19]HBrHuGnJHqKHqaImiJu",287,0.996528,19,288,1,287,1,1,0,1,1,139,139,149,148,15
"1460",59,"[19]HBrHuGnJHqKHqaImiJu",289,0.996552,19,290,1,289,1,1,0,1,1,141,141,149,148,15
"1461",60,"[19]HBrHuGnJHqKHqaImiJu",288,0.989761,19,293,3,290,3,3,0,3,3,141,141,152,149,15
"1462",61,"[19]HBrHuGnJHqKHqaImiJu",302,1,19,301,0,301,0,0,0,0,0,154,154,147,147,15
"1463",62,"[19]HBrHuGnJHqKHqaImiJu",299,0.996667,19,300,1,299,1,1,0,1,1,151,151,149,148,15
"1464",63,"[19]HBrHuGnJHqKHqaImiJu",302,1,19,301,0,301,0,0,0,0,0,157,157,144,144,15
"1465",64,"[19]HBrHuGnJHqKHqaImiJu",291,1,19,290,0,290,0,0,0,0,0,133,133,157,157,15
"1466",65,"[19]HBrHuGnJHqKHqaImiJu",280,0.982699,19,289,5,284,5,5,0,5,5,134,134,155,150,15
"1467",66,"[19]HBrHuGnJHqKHqaImiJu",288,0.99654,19,289,1,288,1,1,0,1,1,129,129,160,159,15
"1468",67,"[19]HBrHuGnJHqKHqaImiJu",296,1,19,295,0,295,0,0,0,0,0,141,141,154,154,15
"1469",68,"[19]HBrHuGnJHqKHqaImiJu",284,0.993031,19,287,2,285,2,2,0,2,2,133,133,154,152,15
"1470",69,"[19]HBrHuGnJHqKHqaImiJu",293,0.996599,19,294,1,293,1,1,0,1,1,145,145,149,148,15
"1471",70,"[19]HBrHuGnJHqKHqaImiJu",293,1,19,292,0,292,0,0,0,0,0,123,123,169,169,15
"1472",71,"[19]HBrHuGnJHqKHqaImiJu",294,1,19,293,0,293,0,0,0,0,0,137,137,156,156,15
"1473",72,"[19]HBrHuGnJHqKHqaImiJu",301,1,19,300,0,300,0,0,0,0,0,148,148,152,152,15
"1474",73,"[19]HBrHuGnJHqKHqaImiJu",302,0.9967,19,303,1,302,1,1,0,1,1,161,161,142,141,15
"1475",74,"[19]HBrHuGnJHqKHqaImiJu",281,0.979452,19,292,6,286,6,6,0,6,6,140,140,152,146,15
"1476",75,"[19]HBrHuGnJHqKHqaImiJu",292,1,19,291,0,291,0,0,0,0,0,133,133,158,158,15
"1477",76,"[19]HBrHuGnJHqKHqaImiJu",301,1,19,300,0,300,0,0,0,0,0,147,147,153,153,15
"1478",77,"[19]HBrHuGnJHqKHqaImiJu",292,0.99322,19,295,2,293,2,2,0,2,2,149,149,146,144,15
"1479",78,"[19]HBrHuGnJHqKHqaImiJu",299,1,19,298,0,298,0,0,0,0,0,154,154,144,144,15
"1480",79,"[19]HBrHuGnJHqKHqaImiJu",292,1,19,291,0,291,0,0,0,0,0,138,138,153,153,15
"1481",80,"[19]HBrHuGnJHqKHqaImiJu",283,0.982877,19,292,5,287,5,5,0,5,5,138,138,154,149,15
"1482",81,"[19]HBrHuGnJHqKHqaImiJu",301,1,19,300,0,300,0,0,0,0,0,151,151,149,149,15
"1483",82,"[19]HBrHuGnJHqKHqaImiJu",291,1,19,290,0,290,0,0,0,0,0,126,126,164,164,15
"1484",83,"[19]HBrHuGnJHqKHqaImiJu",295,0.996622,19,296,1,295,1,1,0,1,1,148,148,148,147,15
"1485",84,"[19]HBrHuGnJHqKHqaImiJu",295,1,19,294,0,294,0,0,0,0,0,138,138,156,156,15
"1486",85,"[19]HBrHuGnJHqKHqaImiJu",300,1,19,299,0,299,0,0,0,0,0,155,155,144,144,15
"1487",86,"[19]HBrHuGnJHqKHqaImiJu",303,1,19,302,0,302,0,0,0,0,0,150,150,152,152,15
"1488",87,"[19]HBrHuGnJHqKHqaImiJu",294,1,19,293,0,293,0,0,0,0,0,142,142,151,151,15
"1489",88,"[19]HBrHuGnJHqKHqaImiJu",298,1,19,297,0,297,0,0,0,0,0,141,141,156,156,15
"1490",89,"[19]HBrHuGnJHqKHqaImiJu",294,0.99661,19,295,1,294,1,1,0,1,1,144,144,151,150,15
"1491",90,"[19]HBrHuGnJHqKHqaImiJu",298,0.996656,19,299,1,298,1,1,0,1,1,157,157,142,141,15
"1492",91,"[19]HBrHuGnJHqKHqaImiJu",295,0.996622,19,296,1,295,1,1,0,1,1,139,139,157,156,15
"1493",92,"[19]HBrHuGnJHqKHqaImiJu",293,0.989933,19,298,3,295,3,3,0,3,3,158,158,140,137,15
"1494",93,"[19]HBrHuGnJHqKHqaImiJu",301,0.996689,19,302,1,301,1,1,0,1,1,162,162,140,139,15
"1495",94,"[19]HBrHuGnJHqKHqaImiJu",294,0.99661,19,295,1,294,1,1,0,1,1,140,140,155,154,15
"1496",95,"[19]HBrHuGnJHqKHqaImiJu",298,1,19,297,0,297,0,0,0,0,0,150,150,147,147,15
"1497",96,"[19]HBrHuGnJHqKHqaImiJu",300,1,19,299,0,299,0,0,0,0,0,150,150,149,149,15
"1498",97,"[19]HBrHuGnJHqKHqaImiJu",286,1,19,285,0,285,0,0,0,0,0,121,121,164,164,15
"1499",98,"[19]HBrHuGnJHqKHqaImiJu",293,1,19,292,0,292,0,0,0,0,0,133,133,159,159,15
"1500",99,"[19]HBrHuGnJHqKHqaImiJu",300,1,19,299,0,299,0,0,0,0,0,138,138,161,161,15
"1501",0,"[16]HcHxGnJHqKHqaIHJ",302,1,16,301,0,301,0,0,0,0,0,156,156,145,145,16
"1502",1,"[16]HcHxGnJHqKHqaIHJ",291,0.993197,16,294,2,292,2,2,0,2,2,138,138,156,154,16
"1503",2,"[16]HcHxGnJHqKHqaIHJ",304,0.996721,16,305,1,304,1,1,0,1,1,156,156,149,148,16
"1504",3,"[16]HcHxGnJHqKHqaIHJ",298,0.996656,16,299,1,298,1,1,0,1,1,160,160,139,138,16
"1505",4,"[16]HcHxGnJHqKHqaIHJ",306,1,16,305,0,305,0,0,0,0,0,155,155,150,150,16
"1506",5,"[16]HcHxGnJHqKHqaIHJ",307,1,16,306,0,306,0,0,0,0,0,158,158,148,148,16
"1507",6,"[16]HcHxGnJHqKHqaIHJ",299,1,16,298,0,298,0,0,0,0,0,140,140,158,158,16
"1508",7,"[16]HcHxGnJHqKHqaIHJ",295,0.993289,16,298,2,296,2,2,0,2,2,142,142,156,154,16
"1509",8,"[16]HcHxGnJHqKHqaIHJ",303,1,16,302,0,302,0,0,0,0,0,152,152,150,150,16
"1510",9,"[16]HcHxGnJHqKHqaIHJ",285,0.996503,16,286,1,285,1,1,0,1,1,123,123,163,162,16
"1511",10,"[16]HcHxGnJHqKHqaIHJ",302,1,16,301,0,301,0,0,0,0,0,150,150,151,151,16
"1512",11,"[16]HcHxGnJHqKHqaIHJ",302,1,16,301,0,301,0,0,0,0,0,144,144,157,157,16
"1513",12,"[16]HcHxGnJHqKHqaIHJ",291,0.989865,16,296,3,293,3,3,0,3,3,143,143,153,150,16
"1514",13,"[16]HcHxGnJHqKHqaIHJ",294,1,16,293,0,293,0,0,0,0,0,124,124,169,169,16
"1515",14,"[16]HcHxGnJHqKHqaIHJ",303,1,16,302,0,302,0,0,0,0,0,151,151,151,151,16
"1516",15,"[16]HcHxGnJHqKHqaIHJ",291,1,16,290,0,290,0,0,0,0,0,136,136,154,154,16
"1517",16,"[16]HcHxGnJHqKHqaIHJ",293,0.996599,16,294,1,293,1,1,0,1,1,134,134,160,159,16
"1518",17,"[16]HcHxGnJHqKHqaIHJ",298,1,16,297,0,297,0,0,0,0,0,138,138,159,159,16
"1519",18,"[16]HcHxGnJHqKHqaIHJ",307,1,16,306,0,306,0,0,0,0,0,155,155,151,151,16
"1520",19,"[16]HcHxGnJHqKHqaIHJ",299,0.996667,16,300,1,299,1,1,0,1,1,149,149,151,150,16
"1521",20,"[16]HcHxGnJHqKHqaIHJ",299,0.996667,16,300,1,299,1,1,0,1,1,170,170,130,129,16
"1522",21,"[16]HcHxGnJHqKHqaIHJ",305,1,16,304,0,304,0,0,0,0,0,151,151,153,153,16
"1523",22,"[16]HcHxGnJHqKHqaIHJ",292,0.996587,16,293,1,292,1,1,0,1,1,137,137,156,155,16
"1524",23,"[16]HcHxGnJHqKHqaIHJ",291,1,16,290,0,290,0,0,0,0,0,142,142,148,148,16
"1525",24,"[16]HcHxGnJHqKHqaIHJ",306,0.996743,16,307,1,306,1,1,0,1,1,164,164,143,142,16
"1526",25,"[16]HcHxGnJHqKHqaIHJ",291,1,16,290,0,290,0,0,0,0,0,148,148,142,142,16
"1527",26,"[16]HcHxGnJHqKHqaIHJ",295,1,16,294,0,294,0,0,0,0,0,139,139,155,155,16
"1528",27,"[16]HcHxGnJHqKHqaIHJ",300,1,16,299,0,299,0,0,0,0,0,153,153,146,146,16
"1529",28,"[16]HcHxGnJHqKHqaIHJ",300,1,16,299,0,299,0,0,0,0,0,148,148,151,151,16
"1530",29,"[16]HcHxGnJHqKHqaIHJ",309,1,16,308,0,308,0,0,0,0,0,164,164,144,144,16
"1531",30,"[16]HcHxGnJHqKHqaIHJ",304,1,16,303,0,303,0,0,0,0,0,139,139,164,164,16
"1532",31,"[16]HcHxGnJHqKHqaIHJ",294,0.99661,16,295,1,294,1,1,0,1,1,146,146,149,148,16
"1533",32,"[16]HcHxGnJHqKHqaIHJ",293,0.993243,16,296,2,294,2,2,0,2,2,142,142,154,152,16
"1534",33,"[16]HcHxGnJHqKHqaIHJ",299,1,16,298,0,298,0,0,0,0,0,151,151,147,147,16
"1535",34,"[16]HcHxGnJHqKHqaIHJ",304,0.996721,16,305,1,304,1,1,0,1,1,161,161,144,143,16
"1536",35,"[16]HcHxGnJHqKHqaIHJ",302,0.993443,16,305,2,303,2,2,0,2,2,166,166,139,137,16
"1537",36,"[16]HcHxGnJHqKHqaIHJ",299,0.996667,16,300,1,299,1,1,0,1,1,149,149,151,150,16
"1538",37,"[16]HcHxGnJHqKHqaIHJ",304,1,16,303,0,303,0,0,0,0,0,157,157,146,146,16
"1539",38,"[16]HcHxGnJHqKHqaIHJ",293,0.993243,16,296,2,294,2,2,0,2,2,150,150,146,144,16
"1540",39,"[16]HcHxGnJHqKHqaIHJ",301,1,16,300,0,300,0,0,0,0,0,146,146,154,154,16
"1541",40,"[16]HcHxGnJHqKHqaIHJ",305,1,16,304,0,304,0,0,0,0,0,159,159,145,145,16
"1542",41,"[16]HcHxGnJHqKHqaIHJ",293,0.993243,16,296,2,294,2,2,0,2,2,141,141,155,153,16
"1543",42,"[16]HcHxGnJHqKHqaIHJ",303,1,16,302,0,302,0,0,0,0,0,151,151,151,151,16
"1544",43,"[16]HcHxGnJHqKHqaIHJ",305,0.996732,16,306,1,305,1,1,0,1,1,170,170,136,135,16
"1545",44,"[16]HcHxGnJHqKHqaIHJ",296,1,16,295,0,295,0,0,0,0,0,144,144,151,151,16
"1546",45,"[16]HcHxGnJHqKHqaIHJ",298,0.996656,16,299,1,298,1,1,0,1,1,146,146,153,152,16
"1547",46,"[16]HcHxGnJHqKHqaIHJ",301,0.996689,16,302,1,301,1,1,0,1,1,155,155,147,146,16
"1548",47,"[16]HcHxGnJHqKHqaIHJ",293,0.996599,16,294,1,293,1,1,0,1,1,132,132,162,161,16
"1549",48,"[16]HcHxGnJHqKHqaIHJ",302,1,16,301,0,301,0,0,0,0,0,145,145,156,156,16
"1550",49,"[16]HcHxGnJHqKHqaIHJ",296,0.996633,16,297,1,296,1,1,0,1,1,145,145,152,151,16
"1551",50,"[16]HcHxGnJHqKHqaIHJ",306,1,16,305,0,305,0,0,0,0,0,170,170,135,135,16
"1552",51,"[16]HcHxGnJHqKHqaIHJ",300,1,16,299,0,299,0,0,0,0,0,149,149,150,150,16
"1553",52,"[16]HcHxGnJHqKHqaIHJ",297,0.993333,16,300,2,298,2,2,0,2,2,145,145,155,153,16
"1554",53,"[16]HcHxGnJHqKHqaIHJ",299,0.990132,16,304,3,301,3,3,0,3,3,168,168,136,133,16
"1555",54,"[16]HcHxGnJHqKHqaIHJ",291,0.989865,16,296,3,293,3,3,0,3,3,153,153,143,140,16
"1556",55,"[16]HcHxGnJHqKHqaIHJ",288,0.99654,16,289,1,288,1,1,0,1,1,131,131,158,157,16
"1557",56,"[16]HcHxGnJHqKHqaIHJ",301,0.996689,16,302,1,301,1,1,0,1,1,156,156,146,145,16
"1558",57,"[16]HcHxGnJHqKHqaIHJ",302,1,16,301,0,301,0,0,0,0,0,153,153,148,148,16
"1559",58,"[16]HcHxGnJHqKHqaIHJ",304,1,16,303,0,303,0,0,0,0,0,155,155,148,148,16
"1560",59,"[16]HcHxGnJHqKHqaIHJ",295,0.996622,16,296,1,295,1,1,0,1,1,147,147,149,148,16
"1561",60,"[16]HcHxGnJHqKHqaIHJ",298,0.996656,16,299,1,298,1,1,0,1,1,147,147,152,151,16
"1562",61,"[16]HcHxGnJHqKHqaIHJ",302,1,16,301,0,301,0,0,0,0,0,150,150,151,151,16
"1563",62,"[16]HcHxGnJHqKHqaIHJ",297,0.996644,16,298,1,297,1,1,0,1,1,137,137,161,160,16
"1564",63,"[16]HcHxGnJHqKHqaIHJ",302,0.993443,16,305,2,303,2,2,0,2,2,162,162,143,141,16
"1565",64,"[16]HcHxGnJHqKHqaIHJ",292,1,16,291,0,291,0,0,0,0,0,148,148,143,143,16
"1566",65,"[16]HcHxGnJHqKHqaIHJ",293,0.993243,16,296,2,294,2,2,0,2,2,152,152,144,142,16
"1567",66,"[16]HcHxGnJHqKHqaIHJ",296,1,16,295,0,295,0,0,0,0,0,142,142,153,153,16
"1568",67,"[16]HcHxGnJHqKHqaIHJ",298,1,16,297,0,297,0,0,0,0,0,145,145,152,152,16
"1569",68,"[16]HcHxGnJHqKHqaIHJ",304,1,16,303,0,303,0,0,0,0,0,160,160,143,143,16
"1570",69,"[16]HcHxGnJHqKHqaIHJ",303,0.993464,16,306,2,304,2,2,0,2,2,151,151,155,153,16
"1571",70,"[16]HcHxGnJHqKHqaIHJ",291,1,16,290,0,290,0,0,0,0,0,121,121,169,169,16
"1572",71,"[16]HcHxGnJHqKHqaIHJ",303,1,16,302,0,302,0,0,0,0,0,146,146,156,156,16
"1573",72,"[16]HcHxGnJHqKHqaIHJ",288,0.993127,16,291,2,289,2,2,0,2,2,141,141,150,148,16
"1574",73,"[16]HcHxGnJHqKHqaIHJ",303,1,16,302,0,302,0,0,0,0,0,157,157,145,145,16
"1575",74,"[16]HcHxGnJHqKHqaIHJ",294,0.993266,16,297,2,295,2,2,0,2,2,147,147,150,148,16
"1576",75,"[16]HcHxGnJHqKHqaIHJ",290,1,16,289,0,289,0,0,0,0,0,135,135,154,154,16
"1577",76,"[16]HcHxGnJHqKHqaIHJ",299,1,16,298,0,298,0,0,0,0,0,141,141,157,157,16
"1578",77,"[16]HcHxGnJHqKHqaIHJ",289,0.989796,16,294,3,291,3,3,0,3,3,137,137,157,154,16
"1579",78,"[16]HcHxGnJHqKHqaIHJ",303,1,16,302,0,302,0,0,0,0,0,153,153,149,149,16
"1580",79,"[16]HcHxGnJHqKHqaIHJ",303,0.996711,16,304,1,303,1,1,0,1,1,158,158,146,145,16
"1581",80,"[16]HcHxGnJHqKHqaIHJ",299,1,16,298,0,298,0,0,0,0,0,146,146,152,152,16
"1582",81,"[16]HcHxGnJHqKHqaIHJ",296,0.996633,16,297,1,296,1,1,0,1,1,155,155,142,141,16
"1583",82,"[16]HcHxGnJHqKHqaIHJ",292,1,16,291,0,291,0,0,0,0,0,134,134,157,157,16
"1584",83,"[16]HcHxGnJHqKHqaIHJ",297,0.993333,16,300,2,298,2,2,0,2,2,151,151,149,147,16
"1585",84,"[16]HcHxGnJHqKHqaIHJ",299,1,16,298,0,298,0,0,0,0,0,148,148,150,150,16
"1586",85,"[16]HcHxGnJHqKHqaIHJ",300,1,16,299,0,299,0,0,0,0,0,158,158,141,141,16
"1587",86,"[16]HcHxGnJHqKHqaIHJ",304,1,16,303,0,303,0,0,0,0,0,155,155,148,148,16
"1588",87,"[16]HcHxGnJHqKHqaIHJ",291,0.993197,16,294,2,292,2,2,0,2,2,135,135,159,157,16
"1589",88,"[16]HcHxGnJHqKHqaIHJ",305,0.996732,16,306,1,305,1,1,0,1,1,164,164,142,141,16
"1590",89,"[16]HcHxGnJHqKHqaIHJ",292,0.996587,16,293,1,292,1,1,0,1,1,143,143,150,149,16
"1591",90,"[16]HcHxGnJHqKHqaIHJ",287,0.989726,16,292,3,289,3,3,0,3,3,136,136,156,153,16
"1592",91,"[16]HcHxGnJHqKHqaIHJ",296,0.993311,16,299,2,297,2,2,0,2,2,138,138,161,159,16
"1593",92,"[16]HcHxGnJHqKHqaIHJ",305,0.996732,16,306,1,305,1,1,0,1,1,165,165,141,140,16
"1594",93,"[16]HcHxGnJHqKHqaIHJ",303,1,16,302,0,302,0,0,0,0,0,155,155,147,147,16
"1595",94,"[16]HcHxGnJHqKHqaIHJ",297,1,16,296,0,296,0,0,0,0,0,143,143,153,153,16
"1596",95,"[16]HcHxGnJHqKHqaIHJ",289,0.993151,16,292,2,290,2,2,0,2,2,139,139,153,151,16
"1597",96,"[16]HcHxGnJHqKHqaIHJ",308,1,16,307,0,307,0,0,0,0,0,157,157,150,150,16
"1598",97,"[16]HcHxGnJHqKHqaIHJ",304,1,16,303,0,303,0,0,0,0,0,156,156,147,147,16
"1599",98,"[16]HcHxGnJHqKHqaIHJ",293,0.983444,16,302,5,297,5,5,0,5,5,161,161,141,136,16
"1600",99,"[16]HcHxGnJHqKHqaIHJ",302,1,16,301,0,301,0,0,0,0,0,153,153,148,148,16
"1601",0,"[16]HBHuGnJHqKHqaIiJ",304,1,16,303,0,303,0,0,0,0,0,164,164,139,139,17
"1602",1,"[16]HBHuGnJHqKHqaIiJ",296,1,16,295,0,295,0,0,0,0,0,147,147,148,148,17
"1603",2,"[16]HBHuGnJHqKHqaIiJ",307,1,16,306,0,306,0,0,0,0,0,165,165,141,141,17
"1604",3,"[16]HBHuGnJHqKHqaIiJ",295,1,16,294,0,294,0,0,0,0,0,137,137,157,157,17
"1605",4,"[16]HBHuGnJHqKHqaIiJ",298,0.993355,16,301,2,299,2,2,0,2,2,150,150,151,149,17
"1606",5,"[16]HBHuGnJHqKHqaIiJ",283,0.989583,16,288,3,285,3,3,0,3,3,121,121,167,164,17
"1607",6,"[16]HBHuGnJHqKHqaIiJ",299,1,16,298,0,298,0,0,0,0,0,148,148,150,150,17
"1608",7,"[16]HBHuGnJHqKHqaIiJ",303,0.996711,16,304,1,303,1,1,0,1,1,158,158,146,145,17
"1609",8,"[16]HBHuGnJHqKHqaIiJ",307,0.996753,16,308,1,307,1,1,0,1,1,172,172,136,135,17
"1610",9,"[16]HBHuGnJHqKHqaIiJ",292,0.996587,16,293,1,292,1,1,0,1,1,135,135,158,157,17
"1611",10,"[16]HBHuGnJHqKHqaIiJ",296,0.996633,16,297,1,296,1,1,0,1,1,146,146,151,150,17
"1612",11,"[16]HBHuGnJHqKHqaIiJ",298,0.993355,16,301,2,299,2,2,0,2,2,158,158,143,141,17
"1613",12,"[16]HBHuGnJHqKHqaIiJ",293,1,16,292,0,292,0,0,0,0,0,144,144,148,148,17
"1614",13,"[16]HBHuGnJHqKHqaIiJ",298,0.993355,16,301,2,299,2,2,0,2,2,153,153,148,146,17
"1615",14,"[16]HBHuGnJHqKHqaIiJ",295,1,16,294,0,294,0,0,0,0,0,132,132,162,162,17
"1616",15,"[16]HBHuGnJHqKHqaIiJ",298,0.993355,16,301,2,299,2,2,0,2,2,150,150,151,149,17
"1617",16,"[16]HBHuGnJHqKHqaIiJ",294,0.993266,16,297,2,295,2,2,0,2,2,135,135,162,160,17
"1618",17,"[16]HBHuGnJHqKHqaIiJ",314,1,16,313,0,313,0,0,0,0,0,172,172,141,141,17
"1619",18,"[16]HBHuGnJHqKHqaIiJ",288,0.983165,16,297,5,292,5,5,0,5,5,155,155,142,137,17
"1620",19,"[16]HBHuGnJHqKHqaIiJ",300,1,16,299,0,299,0,0,0,0,0,147,147,152,152,17
"1621",20,"[16]HBHuGnJHqKHqaIiJ",287,0.993103,16,290,2,288,2,2,0,2,2,130,130,160,158,17
"1622",21,"[16]HBHuGnJHqKHqaIiJ",289,0.989796,16,294,3,291,3,3,0,3,3,151,151,143,140,17
"1623",22,"[16]HBHuGnJHqKHqaIiJ",294,0.989967,16,299,3,296,3,3,0,3,3,162,162,137,134,17
"1624",23,"[16]HBHuGnJHqKHqaIiJ",300,0.993399,16,303,2,301,2,2,0,2,2,163,163,140,138,17
"1625",24,"[16]HBHuGnJHqKHqaIiJ",305,1,16,304,0,304,0,0,0,0,0,170,170,134,134,17
"1626",25,"[16]HBHuGnJHqKHqaIiJ",299,0.996667,16,300,1,299,1,1,0,1,1,159,159,141,140,17
"1627",26,"[16]HBHuGnJHqKHqaIiJ",300,1,16,299,0,299,0,0,0,0,0,139,139,160,160,17
"1628",27,"[16]HBHuGnJHqKHqaIiJ",290,0.993174,16,293,2,291,2,2,0,2,2,148,148,145,143,17
"1629",28,"[16]HBHuGnJHqKHqaIiJ",294,0.99661,16,295,1,294,1,1,0,1,1,152,152,143,142,17
"1630",29,"[16]HBHuGnJHqKHqaIiJ",287,0.993103,16,290,2,288,2,2,0,2,2,139,139,151,149,17
"1631",30,"[16]HBHuGnJHqKHqaIiJ",296,1,16,295,0,295,0,0,0,0,0,141,141,154,154,17
"1632",31,"[16]HBHuGnJHqKHqaIiJ",297,0.996644,16,298,1,297,1,1,0,1,1,158,158,140,139,17
"1633",32,"[16]HBHuGnJHqKHqaIiJ",296,1,16,295,0,295,0,0,0,0,0,142,142,153,153,17
"1634",33,"[16]HBHuGnJHqKHqaIiJ",301,0.996689,16,302,1,301,1,1,0,1,1,154,154,148,147,17
"1635",34,"[16]HBHuGnJHqKHqaIiJ",291,0.986577,16,298,4,294,4,4,0,4,4,153,153,145,141,17
"1636",35,"[16]HBHuGnJHqKHqaIiJ",295,1,16,294,0,294,0,0,0,0,0,133,133,161,161,17
"1637",36,"[16]HBHuGnJHqKHqaIiJ",299,1,16,298,0,298,0,0,0,0,0,152,152,146,146,17
"1638",37,"[16]HBHuGnJHqKHqaIiJ",300,0.996678,16,301,1,300,1,1,0,1,1,150,150,151,150,17
"1639",38,"[16]HBHuGnJHqKHqaIiJ",299,0.993377,16,302,2,300,2,2,0,2,2,150,150,152,150,17
"1640",39,"[16]HBHuGnJHqKHqaIiJ",291,0.993197,16,294,2,292,2,2,0,2,2,140,140,154,152,17
"1641",40,"[16]HBHuGnJHqKHqaIiJ",298,1,16,297,0,297,0,0,0,0,0,142,142,155,155,17
"1642",41,"[16]HBHuGnJHqKHqaIiJ",299,1,16,298,0,298,0,0,0,0,0,146,146,152,152,17
"1643",42,"[16]HBHuGnJHqKHqaIiJ",299,1,16,298,0,298,0,0,0,0,0,141,141,157,157,17
"1644",43,"[16]HBHuGnJHqKHqaIiJ",298,1,16,297,0,297,0,0,0,0,0,136,136,161,161,17
"1645",44,"[16]HBHuGnJHqKHqaIiJ",301,1,16,300,0,300,0,0,0,0,0,148,148,152,152,17
"1646",45,"[16]HBHuGnJHqKHqaIiJ",289,1,16,288,0,288,0,0,0,0,0,132,132,156,156,17
"1647",46,"[16]HBHuGnJHqKHqaIiJ",309,1,16,308,0,308,0,0,0,0,0,165,165,143,143,17
"1648",47,"[16]HBHuGnJHqKHqaIiJ",296,1,16,295,0,295,0,0,0,0,0,144,144,151,151,17
"1649",48,"[16]HBHuGnJHqKHqaIiJ",299,0.996667,16,300,1,299,1,1,0,1,1,153,153,147,146,17
"1650",49,"[16]HBHuGnJHqKHqaIiJ",305,1,16,304,0,304,0,0,0,0,0,151,151,153,153,17
"1651",50,"[16]HBHuGnJHqKHqaIiJ",292,0.996587,16,293,1,292,1,1,0,1,1,142,142,151,150,17
"1652",51,"[16]HBHuGnJHqKHqaIiJ",296,1,16,295,0,295,0,0,0,0,0,144,144,151,151,17
"1653",52,"[16]HBHuGnJHqKHqaIiJ",292,1,16,291,0,291,0,0,0,0,0,129,129,162,162,17
"1654",53,"[16]HBHuGnJHqKHqaIiJ",296,0.996633,16,297,1,296,1,1,0,1,1,142,142,155,154,17
"1655",54,"[16]HBHuGnJHqKHqaIiJ",301,0.996689,16,302,1,301,1,1,0,1,1,155,155,147,146,17
"1656",55,"[16]HBHuGnJHqKHqaIiJ",293,0.993243,16,296,2,294,2,2,0,2,2,140,140,156,154,17
"1657",56,"[16]HBHuGnJHqKHqaIiJ",304,1,16,303,0,303,0,0,0,0,0,164,164,139,139,17
"1658",57,"[16]HBHuGnJHqKHqaIiJ",306,1,16,305,0,305,0,0,0,0,0,148,148,157,157,17
"1659",58,"[16]HBHuGnJHqKHqaIiJ",296,1,16,295,0,295,0,0,0,0,0,135,135,160,160,17
"1660",59,"[16]HBHuGnJHqKHqaIiJ",303,1,16,302,0,302,0,0,0,0,0,156,156,146,146,17
"1661",60,"[16]HBHuGnJHqKHqaIiJ",297,0.993333,16,300,2,298,2,2,0,2,2,143,143,157,155,17
"1662",61,"[16]HBHuGnJHqKHqaIiJ",291,1,16,290,0,290,0,0,0,0,0,136,136,154,154,17
"1663",62,"[16]HBHuGnJHqKHqaIiJ",295,0.996622,16,296,1,295,1,1,0,1,1,154,154,142,141,17
"1664",63,"[16]HBHuGnJHqKHqaIiJ",288,0.99654,16,289,1,288,1,1,0,1,1,126,126,163,162,17
"1665",64,"[16]HBHuGnJHqKHqaIiJ",294,1,16,293,0,293,0,0,0,0,0,134,134,159,159,17
"1666",65,"[16]HBHuGnJHqKHqaIiJ",309,1,16,308,0,308,0,0,0,0,0,159,159,149,149,17
"1667",66,"[16]HBHuGnJHqKHqaIiJ",297,1,16,296,0,296,0,0,0,0,0,146,146,150,150,17
"1668",67,"[16]HBHuGnJHqKHqaIiJ",303,1,16,302,0,302,0,0,0,0,0,147,147,155,155,17
"1669",68,"[16]HBHuGnJHqKHqaIiJ",310,1,16,309,0,309,0,0,0,0,0,167,167,142,142,17
"1670",69,"[16]HBHuGnJHqKHqaIiJ",289,0.986486,16,296,4,292,4,4,0,4,4,152,152,144,140,17
"1671",70,"[16]HBHuGnJHqKHqaIiJ",299,0.996667,16,300,1,299,1,1,0,1,1,151,151,149,148,17
"1672",71,"[16]HBHuGnJHqKHqaIiJ",302,0.9967,16,303,1,302,1,1,0,1,1,172,172,131,130,17
"1673",72,"[16]HBHuGnJHqKHqaIiJ",308,0.996764,16,309,1,308,1,1,0,1,1,154,154,155,154,17
"1674",73,"[16]HBHuGnJHqKHqaIiJ",297,1,16,296,0,296,0,0,0,0,0,137,137,159,159,17
"1675",74,"[16]HBHuGnJHqKHqaIiJ",300,1,16,299,0,299,0,0,0,0,0,148,148,151,151,17
"1676",75,"[16]HBHuGnJHqKHqaIiJ",291,1,16,290,0,290,0,0,0,0,0,135,135,155,155,17
"1677",76,"[16]HBHuGnJHqKHqaIiJ",299,1,16,298,0,298,0,0,0,0,0,154,154,144,144,17
"1678",77,"[16]HBHuGnJHqKHqaIiJ",301,1,16,300,0,300,0,0,0,0,0,153,153,147,147,17
"1679",78,"[16]HBHuGnJHqKHqaIiJ",300,0.993399,16,303,2,301,2,2,0,2,2,156,156,147,145,17
"1680",79,"[16]HBHuGnJHqKHqaIiJ",294,0.989967,16,299,3,296,3,3,0,3,3,155,155,144,141,17
"1681",80,"[16]HBHuGnJHqKHqaIiJ",298,0.996656,16,299,1,298,1,1,0,1,1,142,142,157,156,17
"1682",81,"[16]HBHuGnJHqKHqaIiJ",292,1,16,291,0,291,0,0,0,0,0,122,122,169,169,17
"1683",82,"[16]HBHuGnJHqKHqaIiJ",292,1,16,291,0,291,0,0,0,0,0,129,129,162,162,17
"1684",83,"[16]HBHuGnJHqKHqaIiJ",283,0.986207,16,290,4,286,4,4,0,4,4,134,134,156,152,17
"1685",84,"[16]HBHuGnJHqKHqaIiJ",297,0.996644,16,298,1,297,1,1,0,1,1,144,144,154,153,17
"1686",85,"[16]HBHuGnJHqKHqaIiJ",300,0.996678,16,301,1,300,1,1,0,1,1,158,158,143,142,17
"1687",86,"[16]HBHuGnJHqKHqaIiJ",304,1,16,303,0,303,0,0,0,0,0,157,157,146,146,17
"1688",87,"[16]HBHuGnJHqKHqaIiJ",302,1,16,301,0,301,0,0,0,0,0,147,147,154,154,17
"1689",88,"[16]HBHuGnJHqKHqaIiJ",293,1,16,292,0,292,0,0,0,0,0,140,140,152,152,17
"1690",89,"[16]HBHuGnJHqKHqaIiJ",305,1,16,304,0,304,0,0,0,0,0,152,152,152,152,17
"1691",90,"[16]HBHuGnJHqKHqaIiJ",304,1,16,303,0,303,0,0,0,0,0,161,161,142,142,17
"1692",91,"[16]HBHuGnJHqKHqaIiJ",305,1,16,304,0,304,0,0,0,0,0,154,154,150,150,17
"1693",92,"[16]HBHuGnJHqKHqaIiJ",291,1,16,290,0,290,0,0,0,0,0,122,122,168,168,17
"1694",93,"[16]HBHuGnJHqKHqaIiJ",291,0.996575,16,292,1,291,1,1,0,1,1,136,136,156,155,17
"1695",94,"[16]HBHuGnJHqKHqaIiJ",290,0.986532,16,297,4,293,4,4,0,4,4,138,138,159,155,17
"1696",95,"[16]HBHuGnJHqKHqaIiJ",290,0.989831,16,295,3,292,3,3,0,3,3,153,153,142,139,17
"1697",96,"[16]HBHuGnJHqKHqaIiJ",299,1,16,298,0,298,0,0,0,0,0,146,146,152,152,17
"1698",97,"[16]HBHuGnJHqKHqaIiJ",297,0.993333,16,300,2,298,2,2,0,2,2,158,158,142,140,17
"1699",98,"[16]HBHuGnJHqKHqaIiJ",299,1,16,298,0,298,0,0,0,0,0,146,146,152,152,17
"1700",99,"[16]HBHuGnJHqKHqaIiJ",303,1,16,302,0,302,0,0,0,0,0,156,156,146,146,17
"1701",0,"[15]HBHuGnJHqKHqaIJ",294,1,15,293,0,293,0,0,0,0,0,135,135,158,158,18
"1702",1,"[15]HBHuGnJHqKHqaIJ",293,1,15,292,0,292,0,0,0,0,0,136,136,156,156,18
"1703",2,"[15]HBHuGnJHqKHqaIJ",302,0.9967,15,303,1,302,1,1,0,1,1,155,155,148,147,18
"1704",3,"[15]HBHuGnJHqKHqaIJ",294,0.99661,15,295,1,294,1,1,0,1,1,141,141,154,153,18
"1705",4,"[15]HBHuGnJHqKHqaIJ",300,1,15,299,0,299,0,0,0,0,0,142,142,157,157,18
"1706",5,"[15]HBHuGnJHqKHqaIJ",296,0.990033,15,301,3,298,3,3,0,3,3,154,154,147,144,18
"1707",6,"[15]HBHuGnJHqKHqaIJ",301,0.996689,15,302,1,301,1,1,0,1,1,146,146,156,155,18
"1708",7,"[15]HBHuGnJHqKHqaIJ",296,1,15,295,0,295,0,0,0,0,0,146,146,149,149,18
"1709",8,"[15]HBHuGnJHqKHqaIJ",297,1,15,296,0,296,0,0,0,0,0,142,142,154,154,18
"1710",9,"[15]HBHuGnJHqKHqaIJ",300,1,15,299,0,299,0,0,0,0,0,150,150,149,149,18
"1711",10,"[15]HBHuGnJHqKHqaIJ",296,1,15,295,0,295,0,0,0,0,0,139,139,156,156,18
"1712",11,"[15]HBHuGnJHqKHqaIJ",297,1,15,296,0,296,0,0,0,0,0,142,142,154,154,18
"1713",12,"[15]HBHuGnJHqKHqaIJ",301,1,15,300,0,300,0,0,0,0,0,158,158,142,142,18
"1714",13,"[15]HBHuGnJHqKHqaIJ",297,1,15,296,0,296,0,0,0,0,0,141,141,155,155,18
"1715",14,"[15]HBHuGnJHqKHqaIJ",295,1,15,294,0,294,0,0,0,0,0,145,145,149,149,18
"1716",15,"[15]HBHuGnJHqKHqaIJ",296,0.996633,15,297,1,296,1,1,0,1,1,152,152,145,144,18
"1717",16,"[15]HBHuGnJHqKHqaIJ",301,1,15,300,0,300,0,0,0,0,0,157,157,143,143,18
"1718",17,"[15]HBHuGnJHqKHqaIJ",303,1,15,302,0,302,0,0,0,0,0,157,157,145,145,18
"1719",18,"[15]HBHuGnJHqKHqaIJ",302,0.9967,15,303,1,302,1,1,0,1,1,145,145,158,157,18
"1720",19,"[15]HBHuGnJHqKHqaIJ",292,0.983389,15,301,5,296,5,5,0,5,5,149,149,152,147,18
"1721",20,"[15]HBHuGnJHqKHqaIJ",297,1,15,296,0,296,0,0,0,0,0,143,143,153,153,18
"1722",21,"[15]HBHuGnJHqKHqaIJ",304,0.996721,15,305,1,304,1,1,0,1,1,164,164,141,140,18
"1723",22,"[15]HBHuGnJHqKHqaIJ",302,0.9967,15,303,1,302,1,1,0,1,1,162,162,141,140,18
"1724",23,"[15]HBHuGnJHqKHqaIJ",297,1,15,296,0,296,0,0,0,0,0,145,145,151,151,18
"1725",24,"[15]HBHuGnJHqKHqaIJ",308,1,15,307,0,307,0,0,0,0,0,162,162,145,145,18
"1726",25,"[15]HBHuGnJHqKHqaIJ",300,0.996678,15,301,1,300,1,1,0,1,1,147,147,154,153,18
"1727",26,"[15]HBHuGnJHqKHqaIJ",290,0.989831,15,295,3,292,3,3,0,3,3,142,142,153,150,18
"1728",27,"[15]HBHuGnJHqKHqaIJ",308,1,15,307,0,307,0,0,0,0,0,164,164,143,143,18
"1729",28,"[15]HBHuGnJHqKHqaIJ",298,1,15,297,0,297,0,0,0,0,0,136,136,161,161,18
"1730",29,"[15]HBHuGnJHqKHqaIJ",292,0.99322,15,295,2,293,2,2,0,2,2,133,133,162,160,18
"1731",30,"[15]HBHuGnJHqKHqaIJ",292,0.996587,15,293,1,292,1,1,0,1,1,131,131,162,161,18
"1732",31,"[15]HBHuGnJHqKHqaIJ",293,1,15,292,0,292,0,0,0,0,0,140,140,152,152,18
"1733",32,"[15]HBHuGnJHqKHqaIJ",297,1,15,296,0,296,0,0,0,0,0,147,147,149,149,18
"1734",33,"[15]HBHuGnJHqKHqaIJ",305,0.996732,15,306,1,305,1,1,0,1,1,159,159,147,146,18
"1735",34,"[15]HBHuGnJHqKHqaIJ",298,1,15,297,0,297,0,0,0,0,0,138,138,159,159,18
"1736",35,"[15]HBHuGnJHqKHqaIJ",300,0.996678,15,301,1,300,1,1,0,1,1,147,147,154,153,18
"1737",36,"[15]HBHuGnJHqKHqaIJ",293,1,15,292,0,292,0,0,0,0,0,138,138,154,154,18
"1738",37,"[15]HBHuGnJHqKHqaIJ",303,0.996711,15,304,1,303,1,1,0,1,1,166,166,138,137,18
"1739",38,"[15]HBHuGnJHqKHqaIJ",287,0.996528,15,288,1,287,1,1,0,1,1,133,133,155,154,18
"1740",39,"[15]HBHuGnJHqKHqaIJ",295,1,15,294,0,294,0,0,0,0,0,141,141,153,153,18
"1741",40,"[15]HBHuGnJHqKHqaIJ",286,0.99308,15,289,2,287,2,2,0,2,2,137,137,152,150,18
"1742",41,"[15]HBHuGnJHqKHqaIJ",296,1,15,295,0,295,0,0,0,0,0,141,141,154,154,18
"1743",42,"[15]HBHuGnJHqKHqaIJ",309,1,15,308,0,308,0,0,0,0,0,177,177,131,131,18
"1744",43,"[15]HBHuGnJHqKHqaIJ",285,0.989655,15,290,3,287,3,3,0,3,3,139,139,151,148,18
"1745",44,"[15]HBHuGnJHqKHqaIJ",308,1,15,307,0,307,0,0,0,0,0,165,165,142,142,18
"1746",45,"[15]HBHuGnJHqKHqaIJ",298,1,15,297,0,297,0,0,0,0,0,144,144,153,153,18
"1747",46,"[15]HBHuGnJHqKHqaIJ",295,1,15,294,0,294,0,0,0,0,0,139,139,155,155,18
"1748",47,"[15]HBHuGnJHqKHqaIJ",305,1,15,304,0,304,0,0,0,0,0,150,150,154,154,18
"1749",48,"[15]HBHuGnJHqKHqaIJ",304,1,15,303,0,303,0,0,0,0,0,149,149,154,154,18
"1750",49,"[15]HBHuGnJHqKHqaIJ",296,0.996633,15,297,1,296,1,1,0,1,1,141,141,156,155,18
"1751",50,"[15]HBHuGnJHqKHqaIJ",290,0.993174,15,293,2,291,2,2,0,2,2,133,133,160,158,18
"1752",51,"[15]HBHuGnJHqKHqaIJ",299,1,15,298,0,298,0,0,0,0,0,138,138,160,160,18
"1753",52,"[15]HBHuGnJHqKHqaIJ",295,0.996622,15,296,1,295,1,1,0,1,1,147,147,149,148,18
"1754",53,"[15]HBHuGnJHqKHqaIJ",304,1,15,303,0,303,0,0,0,0,0,158,158,145,145,18
"1755",54,"[15]HBHuGnJHqKHqaIJ",295,0.99,15,300,3,297,3,3,0,3,3,160,160,140,137,18
"1756",55,"[15]HBHuGnJHqKHqaIJ",299,0.996667,15,300,1,299,1,1,0,1,1,153,153,147,146,18
"1757",56,"[15]HBHuGnJHqKHqaIJ",306,1,15,305,0,305,0,0,0,0,0,152,152,153,153,18
"1758",57,"[15]HBHuGnJHqKHqaIJ",289,1,15,288,0,288,0,0,0,0,0,132,132,156,156,18
"1759",58,"[15]HBHuGnJHqKHqaIJ",292,0.99322,15,295,2,293,2,2,0,2,2,150,150,145,143,18
"1760",59,"[15]HBHuGnJHqKHqaIJ",300,0.996678,15,301,1,300,1,1,0,1,1,156,156,145,144,18
"1761",60,"[15]HBHuGnJHqKHqaIJ",295,1,15,294,0,294,0,0,0,0,0,147,147,147,147,18
"1762",61,"[15]HBHuGnJHqKHqaIJ",301,1,15,300,0,300,0,0,0,0,0,149,149,151,151,18
"1763",62,"[15]HBHuGnJHqKHqaIJ",291,0.993197,15,294,2,292,2,2,0,2,2,140,140,154,152,18
"1764",63,"[15]HBHuGnJHqKHqaIJ",303,1,15,302,0,302,0,0,0,0,0,149,149,153,153,18
"1765",64,"[15]HBHuGnJHqKHqaIJ",302,0.9967,15,303,1,302,1,1,0,1,1,144,144,159,158,18
"1766",65,"[15]HBHuGnJHqKHqaIJ",288,0.99654,15,289,1,288,1,1,0,1,1,134,134,155,154,18
"1767",66,"[15]HBHuGnJHqKHqaIJ",294,0.99661,15,295,1,294,1,1,0,1,1,140,140,155,154,18
"1768",67,"[15]HBHuGnJHqKHqaIJ",309,1,15,308,0,308,0,0,0,0,0,158,158,150,150,18
"1769",68,"[15]HBHuGnJHqKHqaIJ",295,0.99,15,300,3,297,3,3,0,3,3,153,153,147,144,18
"1770",69,"[15]HBHuGnJHqKHqaIJ",293,1,15,292,0,292,0,0,0,0,0,130,130,162,162,18
"1771",70,"[15]HBHuGnJHqKHqaIJ",286,0.99308,15,289,2,287,2,2,0,2,2,145,145,144,142,18
"1772",71,"[15]HBHuGnJHqKHqaIJ",304,1,15,303,0,303,0,0,0,0,0,154,154,149,149,18
"1773",72,"[15]HBHuGnJHqKHqaIJ",305,0.993506,15,308,2,306,2,2,0,2,2,162,162,146,144,18
"1774",73,"[15]HBHuGnJHqKHqaIJ",304,1,15,303,0,303,0,0,0,0,0,156,156,147,147,18
"1775",74,"[15]HBHuGnJHqKHqaIJ",289,0.996552,15,290,1,289,1,1,0,1,1,135,135,155,154,18
"1776",75,"[15]HBHuGnJHqKHqaIJ",296,0.993311,15,299,2,297,2,2,0,2,2,146,146,153,151,18
"1777",76,"[15]HBHuGnJHqKHqaIJ",303,0.996711,15,304,1,303,1,1,0,1,1,151,151,153,152,18
"1778",77,"[15]HBHuGnJHqKHqaIJ",298,0.996656,15,299,1,298,1,1,0,1,1,151,151,148,147,18
"1779",78,"[15]HBHuGnJHqKHqaIJ",300,0.996678,15,301,1,300,1,1,0,1,1,155,155,146,145,18
"1780",79,"[15]HBHuGnJHqKHqaIJ",291,0.993197,15,294,2,292,2,2,0,2,2,136,136,158,156,18
"1781",80,"[15]HBHuGnJHqKHqaIJ",277,0.975862,15,290,7,283,7,7,0,7,7,141,141,149,142,18
"1782",81,"[15]HBHuGnJHqKHqaIJ",300,1,15,299,0,299,0,0,0,0,0,143,143,156,156,18
"1783",82,"[15]HBHuGnJHqKHqaIJ",298,1,15,297,0,297,0,0,0,0,0,143,143,154,154,18
"1784",83,"[15]HBHuGnJHqKHqaIJ",301,1,15,300,0,300,0,0,0,0,0,148,148,152,152,18
"1785",84,"[15]HBHuGnJHqKHqaIJ",278,0.982578,15,287,5,282,5,5,0,5,5,139,139,148,143,18
"1786",85,"[15]HBHuGnJHqKHqaIJ",293,0.996599,15,294,1,293,1,1,0,1,1,144,144,150,149,18
"1787",86,"[15]HBHuGnJHqKHqaIJ",291,0.993197,15,294,2,292,2,2,0,2,2,144,144,150,148,18
"1788",87,"[15]HBHuGnJHqKHqaIJ",308,0.996764,15,309,1,308,1,1,0,1,1,167,167,142,141,18
"1789",88,"[15]HBHuGnJHqKHqaIJ",298,1,15,297,0,297,0,0,0,0,0,155,155,142,142,18
"1790",89,"[15]HBHuGnJHqKHqaIJ",303,1,15,302,0,302,0,0,0,0,0,153,153,149,149,18
"1791",90,"[15]HBHuGnJHqKHqaIJ",288,0.989761,15,293,3,290,3,3,0,3,3,136,136,157,154,18
"1792",91,"[15]HBHuGnJHqKHqaIJ",301,0.996689,15,302,1,301,1,1,0,1,1,156,156,146,145,18
"1793",92,"[15]HBHuGnJHqKHqaIJ",291,0.989865,15,296,3,293,3,3,0,3,3,145,145,151,148,18
"1794",93,"[15]HBHuGnJHqKHqaIJ",303,1,15,302,0,302,0,0,0,0,0,140,140,162,162,18
"1795",94,"[15]HBHuGnJHqKHqaIJ",297,1,15,296,0,296,0,0,0,0,0,136,136,160,160,18
"1796",95,"[15]HBHuGnJHqKHqaIJ",303,1,15,302,0,302,0,0,0,0,0,138,138,164,164,18
"1797",96,"[15]HBHuGnJHqKHqaIJ",299,1,15,298,0,298,0,0,0,0,0,165,165,133,133,18
"1798",97,"[15]HBHuGnJHqKHqaIJ",292,0.99322,15,295,2,293,2,2,0,2,2,147,147,148,146,18
"1799",98,"[15]HBHuGnJHqKHqaIJ",296,0.990033,15,301,3,298,3,3,0,3,3,155,155,146,143,18
"1800",99,"[15]HBHuGnJHqKHqaIJ",301,0.996689,15,302,1,301,1,1,0,1,1,151,151,151,150,18
"1801",0,"[19]HcHuGnJHqKHqaIseAJf",303,1,19,302,0,302,0,0,0,0,0,159,159,143,143,19
"1802",1,"[19]HcHuGnJHqKHqaIseAJf",300,1,19,299,0,299,0,0,0,0,0,155,155,144,144,19
"1803",2,"[19]HcHuGnJHqKHqaIseAJf",296,1,19,295,0,295,0,0,0,0,0,136,136,159,159,19
"1804",3,"[19]HcHuGnJHqKHqaIseAJf",274,0.972318,19,289,8,281,8,8,0,8,8,154,154,135,127,19
"1805",4,"[19]HcHuGnJHqKHqaIseAJf",305,1,19,304,0,304,0,0,0,0,0,151,151,153,153,19
"1806",5,"[19]HcHuGnJHqKHqaIseAJf",295,0.996622,19,296,1,295,1,1,0,1,1,145,145,151,150,19
"1807",6,"[19]HcHuGnJHqKHqaIseAJf",291,0.989865,19,296,3,293,3,3,0,3,3,148,148,148,145,19
"1808",7,"[19]HcHuGnJHqKHqaIseAJf",298,1,19,297,0,297,0,0,0,0,0,137,137,160,160,19
"1809",8,"[19]HcHuGnJHqKHqaIseAJf",299,0.996667,19,300,1,299,1,1,0,1,1,153,153,147,146,19
"1810",9,"[19]HcHuGnJHqKHqaIseAJf",287,0.996528,19,288,1,287,1,1,0,1,1,127,127,161,160,19
"1811",10,"[19]HcHuGnJHqKHqaIseAJf",292,0.996587,19,293,1,292,1,1,0,1,1,152,152,141,140,19
"1812",11,"[19]HcHuGnJHqKHqaIseAJf",283,0.996479,19,284,1,283,1,1,0,1,1,127,127,157,156,19
"1813",12,"[19]HcHuGnJHqKHqaIseAJf",293,0.996599,19,294,1,293,1,1,0,1,1,136,136,158,157,19
"1814",13,"[19]HcHuGnJHqKHqaIseAJf",303,1,19,302,0,302,0,0,0,0,0,154,154,148,148,19
"1815",14,"[19]HcHuGnJHqKHqaIseAJf",291,0.993197,19,294,2,292,2,2,0,2,2,147,147,147,145,19
"1816",15,"[19]HcHuGnJHqKHqaIseAJf",301,1,19,300,0,300,0,0,0,0,0,158,158,142,142,19
"1817",16,"[19]HcHuGnJHqKHqaIseAJf",292,0.99322,19,295,2,293,2,2,0,2,2,130,130,165,163,19
"1818",17,"[19]HcHuGnJHqKHqaIseAJf",285,0.989655,19,290,3,287,3,3,0,3,3,144,144,146,143,19
"1819",18,"[19]HcHuGnJHqKHqaIseAJf",306,1,19,305,0,305,0,0,0,0,0,163,163,142,142,19
"1820",19,"[19]HcHuGnJHqKHqaIseAJf",292,0.996587,19,293,1,292,1,1,0,1,1,139,139,154,153,19
"1821",20,"[19]HcHuGnJHqKHqaIseAJf",302,0.9967,19,303,1,302,1,1,0,1,1,161,161,142,141,19
"1822",21,"[19]HcHuGnJHqKHqaIseAJf",283,0.986207,19,290,4,286,4,4,0,4,4,137,137,153,149,19
"1823",22,"[19]HcHuGnJHqKHqaIseAJf",295,1,19,294,0,294,0,0,0,0,0,137,137,157,157,19
"1824",23,"[19]HcHuGnJHqKHqaIseAJf",295,0.996622,19,296,1,295,1,1,0,1,1,145,145,151,150,19
"1825",24,"[19]HcHuGnJHqKHqaIseAJf",302,1,19,301,0,301,0,0,0,0,0,159,159,142,142,19
"1826",25,"[19]HcHuGnJHqKHqaIseAJf",302,1,19,301,0,301,0,0,0,0,0,147,147,154,154,19
"1827",26,"[19]HcHuGnJHqKHqaIseAJf",294,0.99661,19,295,1,294,1,1,0,1,1,148,148,147,146,19
"1828",27,"[19]HcHuGnJHqKHqaIseAJf",301,1,19,300,0,300,0,0,0,0,0,152,152,148,148,19
"1829",28,"[19]HcHuGnJHqKHqaIseAJf",298,0.996656,19,299,1,298,1,1,0,1,1,152,152,147,146,19
"1830",29,"[19]HcHuGnJHqKHqaIseAJf",303,1,19,302,0,302,0,0,0,0,0,156,156,146,146,19
"1831",30,"[19]HcHuGnJHqKHqaIseAJf",285,0.996503,19,286,1,285,1,1,0,1,1,136,136,150,149,19
"1832",31,"[19]HcHuGnJHqKHqaIseAJf",300,1,19,299,0,299,0,0,0,0,0,146,146,153,153,19
"1833",32,"[19]HcHuGnJHqKHqaIseAJf",302,1,19,301,0,301,0,0,0,0,0,140,140,161,161,19
"1834",33,"[19]HcHuGnJHqKHqaIseAJf",290,1,19,289,0,289,0,0,0,0,0,121,121,168,168,19
"1835",34,"[19]HcHuGnJHqKHqaIseAJf",290,0.996564,19,291,1,290,1,1,0,1,1,140,140,151,150,19
"1836",35,"[19]HcHuGnJHqKHqaIseAJf",302,1,19,301,0,301,0,0,0,0,0,150,150,151,151,19
"1837",36,"[19]HcHuGnJHqKHqaIseAJf",281,0.986111,19,288,4,284,4,4,0,4,4,127,127,161,157,19
"1838",37,"[19]HcHuGnJHqKHqaIseAJf",276,0.985866,19,283,4,279,4,4,0,4,4,131,131,152,148,19
"1839",38,"[19]HcHuGnJHqKHqaIseAJf",298,1,19,297,0,297,0,0,0,0,0,156,156,141,141,19
"1840",39,"[19]HcHuGnJHqKHqaIseAJf",292,0.99322,19,295,2,293,2,2,0,2,2,140,140,155,153,19
"1841",40,"[19]HcHuGnJHqKHqaIseAJf",299,1,19,298,0,298,0,0,0,0,0,164,164,134,134,19
"1842",41,"[19]HcHuGnJHqKHqaIseAJf",289,0.989796,19,294,3,291,3,3,0,3,3,143,143,151,148,19
"1843",42,"[19]HcHuGnJHqKHqaIseAJf",288,0.986441,19,295,4,291,4,4,0,4,4,140,140,155,151,19
"1844",43,"[19]HcHuGnJHqKHqaIseAJf",299,0.996667,19,300,1,299,1,1,0,1,1,154,154,146,145,19
"1845",44,"[19]HcHuGnJHqKHqaIseAJf",302,1,19,301,0,301,0,0,0,0,0,150,150,151,151,19
"1846",45,"[19]HcHuGnJHqKHqaIseAJf",306,1,19,305,0,305,0,0,0,0,0,167,167,138,138,19
"1847",46,"[19]HcHuGnJHqKHqaIseAJf",290,0.986532,19,297,4,293,4,4,0,4,4,155,155,142,138,19
"1848",47,"[19]HcHuGnJHqKHqaIseAJf",295,1,19,294,0,294,0,0,0,0,0,135,135,159,159,19
"1849",48,"[19]HcHuGnJHqKHqaIseAJf",289,0.986486,19,296,4,292,4,4,0,4,4,147,147,149,145,19
"1850",49,"[19]HcHuGnJHqKHqaIseAJf",294,1,19,293,0,293,0,0,0,0,0,147,147,146,146,19
"1851",50,"[19]HcHuGnJHqKHqaIseAJf",298,1,19,297,0,297,0,0,0,0,0,140,140,157,157,19
"1852",51,"[19]HcHuGnJHqKHqaIseAJf",301,1,19,300,0,300,0,0,0,0,0,152,152,148,148,19
"1853",52,"[19]HcHuGnJHqKHqaIseAJf",291,0.996575,19,292,1,291,1,1,0,1,1,135,135,157,156,19
"1854",53,"[19]HcHuGnJHqKHqaIseAJf",296,1,19,295,0,295,0,0,0,0,0,127,127,168,168,19
"1855",54,"[19]HcHuGnJHqKHqaIseAJf",277,0.975862,19,290,7,283,7,7,0,7,7,133,133,157,150,19
"1856",55,"[19]HcHuGnJHqKHqaIseAJf",300,1,19,299,0,299,0,0,0,0,0,146,146,153,153,19
"1857",56,"[19]HcHuGnJHqKHqaIseAJf",303,1,19,302,0,302,0,0,0,0,0,149,149,153,153,19
"1858",57,"[19]HcHuGnJHqKHqaIseAJf",290,1,19,289,0,289,0,0,0,0,0,140,140,149,149,19
"1859",58,"[19]HcHuGnJHqKHqaIseAJf",288,0.993127,19,291,2,289,2,2,0,2,2,137,137,154,152,19
"1860",59,"[19]HcHuGnJHqKHqaIseAJf",305,1,19,304,0,304,0,0,0,0,0,156,156,148,148,19
"1861",60,"[19]HcHuGnJHqKHqaIseAJf",304,1,19,303,0,303,0,0,0,0,0,149,149,154,154,19
"1862",61,"[19]HcHuGnJHqKHqaIseAJf",289,0.996552,19,290,1,289,1,1,0,1,1,133,133,157,156,19
"1863",62,"[19]HcHuGnJHqKHqaIseAJf",286,0.986348,19,293,4,289,4,4,0,4,4,145,145,148,144,19
"1864",63,"[19]HcHuGnJHqKHqaIseAJf",295,0.996622,19,296,1,295,1,1,0,1,1,145,145,151,150,19
"1865",64,"[19]HcHuGnJHqKHqaIseAJf",302,0.9967,19,303,1,302,1,1,0,1,1,155,155,148,147,19
"1866",65,"[19]HcHuGnJHqKHqaIseAJf",297,1,19,296,0,296,0,0,0,0,0,142,142,154,154,19
"1867",66,"[19]HcHuGnJHqKHqaIseAJf",300,1,19,299,0,299,0,0,0,0,0,157,157,142,142,19
"1868",67,"[19]HcHuGnJHqKHqaIseAJf",298,0.993355,19,301,2,299,2,2,0,2,2,159,159,142,140,19
"1869",68,"[19]HcHuGnJHqKHqaIseAJf",297,1,19,296,0,296,0,0,0,0,0,152,152,144,144,19
"1870",69,"[19]HcHuGnJHqKHqaIseAJf",296,1,19,295,0,295,0,0,0,0,0,149,149,146,146,19
"1871",70,"[19]HcHuGnJHqKHqaIseAJf",288,0.993127,19,291,2,289,2,2,0,2,2,138,138,153,151,19
"1872",71,"[19]HcHuGnJHqKHqaIseAJf",300,0.993399,19,303,2,301,2,2,0,2,2,157,157,146,144,19
"1873",72,"[19]HcHuGnJHqKHqaIseAJf",299,0.996667,19,300,1,299,1,1,0,1,1,160,160,140,139,19
"1874",73,"[19]HcHuGnJHqKHqaIseAJf",297,0.996644,19,298,1,297,1,1,0,1,1,149,149,149,148,19
"1875",74,"[19]HcHuGnJHqKHqaIseAJf",298,0.996656,19,299,1,298,1,1,0,1,1,155,155,144,143,19
"1876",75,"[19]HcHuGnJHqKHqaIseAJf",306,1,19,305,0,305,0,0,0,0,0,158,158,147,147,19
"1877",76,"[19]HcHuGnJHqKHqaIseAJf",302,1,19,301,0,301,0,0,0,0,0,160,160,141,141,19
"1878",77,"[19]HcHuGnJHqKHqaIseAJf",303,1,19,302,0,302,0,0,0,0,0,158,158,144,144,19
"1879",78,"[19]HcHuGnJHqKHqaIseAJf",298,0.996656,19,299,1,298,1,1,0,1,1,143,143,156,155,19
"1880",79,"[19]HcHuGnJHqKHqaIseAJf",293,1,19,292,0,292,0,0,0,0,0,138,138,154,154,19
"1881",80,"[19]HcHuGnJHqKHqaIseAJf",302,1,19,301,0,301,0,0,0,0,0,156,156,145,145,19
"1882",81,"[19]HcHuGnJHqKHqaIseAJf",292,0.989899,19,297,3,294,3,3,0,3,3,151,151,146,143,19
"1883",82,"[19]HcHuGnJHqKHqaIseAJf",298,1,19,297,0,297,0,0,0,0,0,143,143,154,154,19
"1884",83,"[19]HcHuGnJHqKHqaIseAJf",297,0.996644,19,298,1,297,1,1,0,1,1,160,160,138,137,19
"1885",84,"[19]HcHuGnJHqKHqaIseAJf",301,1,19,300,0,300,0,0,0,0,0,146,146,154,154,19
"1886",85,"[19]HcHuGnJHqKHqaIseAJf",287,0.993103,19,290,2,288,2,2,0,2,2,140,140,150,148,19
"1887",86,"[19]HcHuGnJHqKHqaIseAJf",301,1,19,300,0,300,0,0,0,0,0,148,148,152,152,19
"1888",87,"[19]HcHuGnJHqKHqaIseAJf",294,0.993266,19,297,2,295,2,2,0,2,2,159,159,138,136,19
"1889",88,"[19]HcHuGnJHqKHqaIseAJf",292,0.99322,19,295,2,293,2,2,0,2,2,158,158,137,135,19
"1890",89,"[19]HcHuGnJHqKHqaIseAJf",304,1,19,303,0,303,0,0,0,0,0,144,144,159,159,19
"1891",90,"[19]HcHuGnJHqKHqaIseAJf",288,0.986441,19,295,4,291,4,4,0,4,4,163,163,132,128,19
"1892",91,"[19]HcHuGnJHqKHqaIseAJf",294,0.99661,19,295,1,294,1,1,0,1,1,135,135,160,159,19
"1893",92,"[19]HcHuGnJHqKHqaIseAJf",306,1,19,305,0,305,0,0,0,0,0,161,161,144,144,19
"1894",93,"[19]HcHuGnJHqKHqaIseAJf",300,1,19,299,0,299,0,0,0,0,0,155,155,144,144,19
"1895",94,"[19]HcHuGnJHqKHqaIseAJf",303,1,19,302,0,302,0,0,0,0,0,164,164,138,138,19
"1896",95,"[19]HcHuGnJHqKHqaIseAJf",300,1,19,299,0,299,0,0,0,0,0,150,150,149,149,19
"1897",96,"[19]HcHuGnJHqKHqaIseAJf",294,0.99661,19,295,1,294,1,1,0,1,1,144,144,151,150,19
"1898",97,"[19]HcHuGnJHqKHqaIseAJf",291,0.993197,19,294,2,292,2,2,0,2,2,136,136,158,156,19
"1899",98,"[19]HcHuGnJHqKHqaIseAJf",299,0.993377,19,302,2,300,2,2,0,2,2,161,161,141,139,19
"1900",99,"[19]HcHuGnJHqKHqaIseAJf",293,0.996599,19,294,1,293,1,1,0,1,1,138,138,156,155,19
"1901",0,"[17]HcHuGnJHqKHqaIHJz",298,0.996656,17,299,1,298,1,1,0,1,1,152,152,147,146,20
"1902",1,"[17]HcHuGnJHqKHqaIHJz",290,1,17,289,0,289,0,0,0,0,0,137,137,152,152,20
"1903",2,"[17]HcHuGnJHqKHqaIHJz",309,1,17,308,0,308,0,0,0,0,0,170,170,138,138,20
"1904",3,"[17]HcHuGnJHqKHqaIHJz",295,1,17,294,0,294,0,0,0,0,0,147,147,147,147,20
"1905",4,"[17]HcHuGnJHqKHqaIHJz",299,0.996667,17,300,1,299,1,1,0,1,1,160,160,140,139,20
"1906",5,"[17]HcHuGnJHqKHqaIHJz",300,1,17,299,0,299,0,0,0,0,0,149,149,150,150,20
"1907",6,"[17]HcHuGnJHqKHqaIHJz",292,0.99322,17,295,2,293,2,2,0,2,2,148,148,147,145,20
"1908",7,"[17]HcHuGnJHqKHqaIHJz",299,0.996667,17,300,1,299,1,1,0,1,1,151,151,149,148,20
"1909",8,"[17]HcHuGnJHqKHqaIHJz",299,0.996667,17,300,1,299,1,1,0,1,1,143,143,157,156,20
"1910",9,"[17]HcHuGnJHqKHqaIHJz",285,0.989655,17,290,3,287,3,3,0,3,3,141,141,149,146,20
"1911",10,"[17]HcHuGnJHqKHqaIHJz",300,0.996678,17,301,1,300,1,1,0,1,1,155,155,146,145,20
"1912",11,"[17]HcHuGnJHqKHqaIHJz",298,0.996656,17,299,1,298,1,1,0,1,1,153,153,146,145,20
"1913",12,"[17]HcHuGnJHqKHqaIHJz",298,1,17,297,0,297,0,0,0,0,0,142,142,155,155,20
"1914",13,"[17]HcHuGnJHqKHqaIHJz",287,0.993103,17,290,2,288,2,2,0,2,2,133,133,157,155,20
"1915",14,"[17]HcHuGnJHqKHqaIHJz",291,1,17,290,0,290,0,0,0,0,0,124,124,166,166,20
"1916",15,"[17]HcHuGnJHqKHqaIHJz",305,1,17,304,0,304,0,0,0,0,0,147,147,157,157,20
"1917",16,"[17]HcHuGnJHqKHqaIHJz",305,1,17,304,0,304,0,0,0,0,0,162,162,142,142,20
"1918",17,"[17]HcHuGnJHqKHqaIHJz",294,1,17,293,0,293,0,0,0,0,0,134,134,159,159,20
"1919",18,"[17]HcHuGnJHqKHqaIHJz",297,0.996644,17,298,1,297,1,1,0,1,1,158,158,140,139,20
"1920",19,"[17]HcHuGnJHqKHqaIHJz",302,1,17,301,0,301,0,0,0,0,0,155,155,146,146,20
"1921",20,"[17]HcHuGnJHqKHqaIHJz",297,1,17,296,0,296,0,0,0,0,0,141,141,155,155,20
"1922",21,"[17]HcHuGnJHqKHqaIHJz",311,1,17,310,0,310,0,0,0,0,0,176,176,134,134,20
"1923",22,"[17]HcHuGnJHqKHqaIHJz",292,0.989899,17,297,3,294,3,3,0,3,3,147,147,150,147,20
"1924",23,"[17]HcHuGnJHqKHqaIHJz",295,0.996622,17,296,1,295,1,1,0,1,1,150,150,146,145,20
"1925",24,"[17]HcHuGnJHqKHqaIHJz",290,0.996564,17,291,1,290,1,1,0,1,1,140,140,151,150,20
"1926",25,"[17]HcHuGnJHqKHqaIHJz",290,0.993174,17,293,2,291,2,2,0,2,2,142,142,151,149,20
"1927",26,"[17]HcHuGnJHqKHqaIHJz",294,0.993266,17,297,2,295,2,2,0,2,2,144,144,153,151,20
"1928",27,"[17]HcHuGnJHqKHqaIHJz",300,1,17,299,0,299,0,0,0,0,0,138,138,161,161,20
"1929",28,"[17]HcHuGnJHqKHqaIHJz",297,0.996644,17,298,1,297,1,1,0,1,1,147,147,151,150,20
"1930",29,"[17]HcHuGnJHqKHqaIHJz",296,0.990033,17,301,3,298,3,3,0,3,3,155,155,146,143,20
"1931",30,"[17]HcHuGnJHqKHqaIHJz",303,0.996711,17,304,1,303,1,1,0,1,1,176,176,128,127,20
"1932",31,"[17]HcHuGnJHqKHqaIHJz",293,1,17,292,0,292,0,0,0,0,0,130,130,162,162,20
"1933",32,"[17]HcHuGnJHqKHqaIHJz",303,1,17,302,0,302,0,0,0,0,0,155,155,147,147,20
"1934",33,"[17]HcHuGnJHqKHqaIHJz",294,0.993266,17,297,2,295,2,2,0,2,2,154,154,143,141,20
"1935",34,"[17]HcHuGnJHqKHqaIHJz",311,1,17,310,0,310,0,0,0,0,0,166,166,144,144,20
"1936",35,"[17]HcHuGnJHqKHqaIHJz",300,1,17,299,0,299,0,0,0,0,0,146,146,153,153,20
"1937",36,"[17]HcHuGnJHqKHqaIHJz",287,1,17,286,0,286,0,0,0,0,0,125,125,161,161,20
"1938",37,"[17]HcHuGnJHqKHqaIHJz",301,0.993421,17,304,2,302,2,2,0,2,2,167,167,137,135,20
"1939",38,"[17]HcHuGnJHqKHqaIHJz",300,1,17,299,0,299,0,0,0,0,0,150,150,149,149,20
"1940",39,"[17]HcHuGnJHqKHqaIHJz",291,0.989865,17,296,3,293,3,3,0,3,3,151,151,145,142,20
"1941",40,"[17]HcHuGnJHqKHqaIHJz",295,0.996622,17,296,1,295,1,1,0,1,1,149,149,147,146,20
"1942",41,"[17]HcHuGnJHqKHqaIHJz",293,0.986667,17,300,4,296,4,4,0,4,4,166,166,134,130,20
"1943",42,"[17]HcHuGnJHqKHqaIHJz",297,1,17,296,0,296,0,0,0,0,0,150,150,146,146,20
"1944",43,"[17]HcHuGnJHqKHqaIHJz",291,1,17,290,0,290,0,0,0,0,0,138,138,152,152,20
"1945",44,"[17]HcHuGnJHqKHqaIHJz",290,0.993174,17,293,2,291,2,2,0,2,2,139,139,154,152,20
"1946",45,"[17]HcHuGnJHqKHqaIHJz",290,0.996564,17,291,1,290,1,1,0,1,1,134,134,157,156,20
"1947",46,"[17]HcHuGnJHqKHqaIHJz",299,1,17,298,0,298,0,0,0,0,0,146,146,152,152,20
"1948",47,"[17]HcHuGnJHqKHqaIHJz",298,1,17,297,0,297,0,0,0,0,0,149,149,148,148,20
"1949",48,"[17]HcHuGnJHqKHqaIHJz",282,0.979522,17,293,6,287,6,6,0,6,6,144,144,149,143,20
"1950",49,"[17]HcHuGnJHqKHqaIHJz",287,0.996528,17,288,1,287,1,1,0,1,1,123,123,165,164,20
"1951",50,"[17]HcHuGnJHqKHqaIHJz",286,0.989691,17,291,3,288,3,3,0,3,3,138,138,153,150,20
"1952",51,"[17]HcHuGnJHqKHqaIHJz",297,0.996644,17,298,1,297,1,1,0,1,1,140,140,158,157,20
"1953",52,"[17]HcHuGnJHqKHqaIHJz",291,0.993197,17,294,2,292,2,2,0,2,2,141,141,153,151,20
"1954",53,"[17]HcHuGnJHqKHqaIHJz",301,1,17,300,0,300,0,0,0,0,0,144,144,156,156,20
"1955",54,"[17]HcHuGnJHqKHqaIHJz",303,0.996711,17,304,1,303,1,1,0,1,1,158,158,146,145,20
"1956",55,"[17]HcHuGnJHqKHqaIHJz",311,0.996795,17,312,1,311,1,1,0,1,1,173,173,139,138,20
"1957",56,"[17]HcHuGnJHqKHqaIHJz",306,0.996743,17,307,1,306,1,1,0,1,1,159,159,148,147,20
"1958",57,"[17]HcHuGnJHqKHqaIHJz",299,1,17,298,0,298,0,0,0,0,0,136,136,162,162,20
"1959",58,"[17]HcHuGnJHqKHqaIHJz",299,0.996667,17,300,1,299,1,1,0,1,1,154,154,146,145,20
"1960",59,"[17]HcHuGnJHqKHqaIHJz",300,1,17,299,0,299,0,0,0,0,0,146,146,153,153,20
"1961",60,"[17]HcHuGnJHqKHqaIHJz",285,0.986301,17,292,4,288,4,4,0,4,4,152,152,140,136,20
"1962",61,"[17]HcHuGnJHqKHqaIHJz",305,1,17,304,0,304,0,0,0,0,0,159,159,145,145,20
"1963",62,"[17]HcHuGnJHqKHqaIHJz",292,0.996587,17,293,1,292,1,1,0,1,1,135,135,158,157,20
"1964",63,"[17]HcHuGnJHqKHqaIHJz",297,0.993333,17,300,2,298,2,2,0,2,2,145,145,155,153,20
"1965",64,"[17]HcHuGnJHqKHqaIHJz",298,1,17,297,0,297,0,0,0,0,0,149,149,148,148,20
"1966",65,"[17]HcHuGnJHqKHqaIHJz",291,0.996575,17,292,1,291,1,1,0,1,1,144,144,148,147,20
"1967",66,"[17]HcHuGnJHqKHqaIHJz",296,1,17,295,0,295,0,0,0,0,0,142,142,153,153,20
"1968",67,"[17]HcHuGnJHqKHqaIHJz",295,1,17,294,0,294,0,0,0,0,0,136,136,158,158,20
"1969",68,"[17]HcHuGnJHqKHqaIHJz",303,1,17,302,0,302,0,0,0,0,0,147,147,155,155,20
"1970",69,"[17]HcHuGnJHqKHqaIHJz",299,1,17,298,0,298,0,0,0,0,0,151,151,147,147,20
"1971",70,"[17]HcHuGnJHqKHqaIHJz",304,1,17,303,0,303,0,0,0,0,0,160,160,143,143,20
"1972",71,"[17]HcHuGnJHqKHqaIHJz",291,0.989865,17,296,3,293,3,3,0,3,3,159,159,137,134,20
"1973",72,"[17]HcHuGnJHqKHqaIHJz",297,1,17,296,0,296,0,0,0,0,0,150,150,146,146,20
"1974",73,"[17]HcHuGnJHqKHqaIHJz",294,0.99661,17,295,1,294,1,1,0,1,1,137,137,158,157,20
"1975",74,"[17]HcHuGnJHqKHqaIHJz",301,1,17,300,0,300,0,0,0,0,0,143,143,157,157,20
"1976",75,"[17]HcHuGnJHqKHqaIHJz",297,0.990066,17,302,3,299,3,3,0,3,3,156,156,146,143,20
"1977",76,"[17]HcHuGnJHqKHqaIHJz",293,0.993243,17,296,2,294,2,2,0,2,2,150,150,146,144,20
"1978",77,"[17]HcHuGnJHqKHqaIHJz",300,1,17,299,0,299,0,0,0,0,0,156,156,143,143,20
"1979",78,"[17]HcHuGnJHqKHqaIHJz",283,0.986207,17,290,4,286,4,4,0,4,4,127,127,163,159,20
"1980",79,"[17]HcHuGnJHqKHqaIHJz",290,1,17,289,0,289,0,0,0,0,0,131,131,158,158,20
"1981",80,"[17]HcHuGnJHqKHqaIHJz",282,0.982818,17,291,5,286,5,5,0,5,5,136,136,155,150,20
"1982",81,"[17]HcHuGnJHqKHqaIHJz",302,1,17,301,0,301,0,0,0,0,0,159,159,142,142,20
"1983",82,"[17]HcHuGnJHqKHqaIHJz",286,0.986348,17,293,4,289,4,4,0,4,4,139,139,154,150,20
"1984",83,"[17]HcHuGnJHqKHqaIHJz",298,1,17,297,0,297,0,0,0,0,0,131,131,166,166,20
"1985",84,"[17]HcHuGnJHqKHqaIHJz",292,0.989899,17,297,3,294,3,3,0,3,3,148,148,149,146,20
"1986",85,"[17]HcHuGnJHqKHqaIHJz",306,1,17,305,0,305,0,0,0,0,0,160,160,145,145,20
"1987",86,"[17]HcHuGnJHqKHqaIHJz",307,0.996753,17,308,1,307,1,1,0,1,1,160,160,148,147,20
"1988",87,"[17]HcHuGnJHqKHqaIHJz",305,1,17,304,0,304,0,0,0,0,0,151,151,153,153,20
"1989",88,"[17]HcHuGnJHqKHqaIHJz",300,1,17,299,0,299,0,0,0,0,0,146,146,153,153,20
"1990",89,"[17]HcHuGnJHqKHqaIHJz",300,1,17,299,0,299,0,0,0,0,0,142,142,157,157,20
"1991",90,"[17]HcHuGnJHqKHqaIHJz",300,1,17,299,0,299,0,0,0,0,0,152,152,147,147,20
"1992",91,"[17]HcHuGnJHqKHqaIHJz",290,1,17,289,0,289,0,0,0,0,0,130,130,159,159,20
"1993",92,"[17]HcHuGnJHqKHqaIHJz",294,0.993266,17,297,2,295,2,2,0,2,2,153,153,144,142,20
"1994",93,"[17]HcHuGnJHqKHqaIHJz",301,1,17,300,0,300,0,0,0,0,0,146,146,154,154,20
"1995",94,"[17]HcHuGnJHqKHqaIHJz",294,1,17,293,0,293,0,0,0,0,0,130,130,163,163,20
"1996",95,"[17]HcHuGnJHqKHqaIHJz",299,1,17,298,0,298,0,0,0,0,0,140,140,158,158,20
"1997",96,"[17]HcHuGnJHqKHqaIHJz",293,0.993243,17,296,2,294,2,2,0,2,2,154,154,142,140,20
"1998",97,"[17]HcHuGnJHqKHqaIHJz",301,1,17,300,0,300,0,0,0,0,0,139,139,161,161,20
"1999",98,"[17]HcHuGnJHqKHqaIHJz",299,1,17,298,0,298,0,0,0,0,0,140,140,158,158,20
"2000",99,"[17]HcHuGnJHqKHqaIHJz",301,1,17,300,0,300,0,0,0,0,0,147,147,153,153,20
"2001",0,"[16]HceHvGnJHqKHqaIJ",304,1,16,303,0,303,0,0,0,0,0,154,154,149,149,21
"2002",1,"[16]HceHvGnJHqKHqaIJ",301,1,16,300,0,300,0,0,0,0,0,159,159,141,141,21
"2003",2,"[16]HceHvGnJHqKHqaIJ",300,1,16,299,0,299,0,0,0,0,0,146,146,153,153,21
"2004",3,"[16]HceHvGnJHqKHqaIJ",311,1,16,310,0,310,0,0,0,0,0,168,168,142,142,21
"2005",4,"[16]HceHvGnJHqKHqaIJ",291,0.993197,16,294,2,292,2,2,0,2,2,142,142,152,150,21
"2006",5,"[16]HceHvGnJHqKHqaIJ",305,1,16,304,0,304,0,0,0,0,0,154,154,150,150,21
"2007",6,"[16]HceHvGnJHqKHqaIJ",301,1,16,300,0,300,0,0,0,0,0,145,145,155,155,21
"2008",7,"[16]HceHvGnJHqKHqaIJ",298,1,16,297,0,297,0,0,0,0,0,148,148,149,149,21
"2009",8,"[16]HceHvGnJHqKHqaIJ",300,0.996678,16,301,1,300,1,1,0,1,1,140,140,161,160,21
"2010",9,"[16]HceHvGnJHqKHqaIJ",292,0.989899,16,297,3,294,3,3,0,3,3,159,159,138,135,21
"2011",10,"[16]HceHvGnJHqKHqaIJ",295,0.993289,16,298,2,296,2,2,0,2,2,153,153,145,143,21
"2012",11,"[16]HceHvGnJHqKHqaIJ",301,1,16,300,0,300,0,0,0,0,0,149,149,151,151,21
"2013",12,"[16]HceHvGnJHqKHqaIJ",309,1,16,308,0,308,0,0,0,0,0,164,164,144,144,21
"2014",13,"[16]HceHvGnJHqKHqaIJ",286,0.986348,16,293,4,289,4,4,0,4,4,142,142,151,147,21
"2015",14,"[16]HceHvGnJHqKHqaIJ",287,0.986395,16,294,4,290,4,4,0,4,4,134,134,160,156,21
"2016",15,"[16]HceHvGnJHqKHqaIJ",292,1,16,291,0,291,0,0,0,0,0,136,136,155,155,21
"2017",16,"[16]HceHvGnJHqKHqaIJ",283,0.982877,16,292,5,287,5,5,0,5,5,142,142,150,145,21
"2018",17,"[16]HceHvGnJHqKHqaIJ",296,0.993311,16,299,2,297,2,2,0,2,2,147,147,152,150,21
"2019",18,"[16]HceHvGnJHqKHqaIJ",293,0.996599,16,294,1,293,1,1,0,1,1,137,137,157,156,21
"2020",19,"[16]HceHvGnJHqKHqaIJ",301,1,16,300,0,300,0,0,0,0,0,155,155,145,145,21
"2021",20,"[16]HceHvGnJHqKHqaIJ",302,1,16,301,0,301,0,0,0,0,0,159,159,142,142,21
"2022",21,"[16]HceHvGnJHqKHqaIJ",298,1,16,297,0,297,0,0,0,0,0,153,153,144,144,21
"2023",22,"[16]HceHvGnJHqKHqaIJ",292,0.99322,16,295,2,293,2,2,0,2,2,135,135,160,158,21
"2024",23,"[16]HceHvGnJHqKHqaIJ",290,0.986532,16,297,4,293,4,4,0,4,4,149,149,148,144,21
"2025",24,"[16]HceHvGnJHqKHqaIJ",305,1,16,304,0,304,0,0,0,0,0,153,153,151,151,21
"2026",25,"[16]HceHvGnJHqKHqaIJ",287,0.989726,16,292,3,289,3,3,0,3,3,140,140,152,149,21
"2027",26,"[16]HceHvGnJHqKHqaIJ",296,1,16,295,0,295,0,0,0,0,0,141,141,154,154,21
"2028",27,"[16]HceHvGnJHqKHqaIJ",297,0.996644,16,298,1,297,1,1,0,1,1,147,147,151,150,21
"2029",28,"[16]HceHvGnJHqKHqaIJ",289,0.986486,16,296,4,292,4,4,0,4,4,167,167,129,125,21
"2030",29,"[16]HceHvGnJHqKHqaIJ",296,0.996633,16,297,1,296,1,1,0,1,1,157,157,140,139,21
"2031",30,"[16]HceHvGnJHqKHqaIJ",301,0.996689,16,302,1,301,1,1,0,1,1,158,158,144,143,21
"2032",31,"[16]HceHvGnJHqKHqaIJ",302,0.9967,16,303,1,302,1,1,0,1,1,150,150,153,152,21
"2033",32,"[16]HceHvGnJHqKHqaIJ",298,1,16,297,0,297,0,0,0,0,0,144,144,153,153,21
"2034",33,"[16]HceHvGnJHqKHqaIJ",302,1,16,301,0,301,0,0,0,0,0,148,148,153,153,21
"2035",34,"[16]HceHvGnJHqKHqaIJ",306,0.996743,16,307,1,306,1,1,0,1,1,171,171,136,135,21
"2036",35,"[16]HceHvGnJHqKHqaIJ",305,1,16,304,0,304,0,0,0,0,0,147,147,157,157,21
"2037",36,"[16]HceHvGnJHqKHqaIJ",303,0.993464,16,306,2,304,2,2,0,2,2,172,172,134,132,21
"2038",37,"[16]HceHvGnJHqKHqaIJ",298,0.996656,16,299,1,298,1,1,0,1,1,149,149,150,149,21
"2039",38,"[16]HceHvGnJHqKHqaIJ",292,0.99322,16,295,2,293,2,2,0,2,2,138,138,157,155,21
"2040",39,"[16]HceHvGnJHqKHqaIJ",289,0.993151,16,292,2,290,2,2,0,2,2,139,139,153,151,21
"2041",40,"[16]HceHvGnJHqKHqaIJ",301,0.993421,16,304,2,302,2,2,0,2,2,156,156,148,146,21
"2042",41,"[16]HceHvGnJHqKHqaIJ",300,1,16,299,0,299,0,0,0,0,0,151,151,148,148,21
"2043",42,"[16]HceHvGnJHqKHqaIJ",307,1,16,306,0,306,0,0,0,0,0,155,155,151,151,21
"2044",43,"[16]HceHvGnJHqKHqaIJ",296,0.993311,16,299,2,297,2,2,0,2,2,151,151,148,146,21
"2045",44,"[16]HceHvGnJHqKHqaIJ",293,0.989933,16,298,3,295,3,3,0,3,3,149,149,149,146,21
"2046",45,"[16]HceHvGnJHqKHqaIJ",300,1,16,299,0,299,0,0,0,0,0,167,167,132,132,21
"2047",46,"[16]HceHvGnJHqKHqaIJ",308,1,16,307,0,307,0,0,0,0,0,162,162,145,145,21
"2048",47,"[16]HceHvGnJHqKHqaIJ",296,0.996633,16,297,1,296,1,1,0,1,1,155,155,142,141,21
"2049",48,"[16]HceHvGnJHqKHqaIJ",301,1,16,300,0,300,0,0,0,0,0,152,152,148,148,21
"2050",49,"[16]HceHvGnJHqKHqaIJ",302,1,16,301,0,301,0,0,0,0,0,143,143,158,158,21
"2051",50,"[16]HceHvGnJHqKHqaIJ",296,0.993311,16,299,2,297,2,2,0,2,2,131,131,168,166,21
"2052",51,"[16]HceHvGnJHqKHqaIJ",293,0.989933,16,298,3,295,3,3,0,3,3,150,150,148,145,21
"2053",52,"[16]HceHvGnJHqKHqaIJ",306,1,16,305,0,305,0,0,0,0,0,159,159,146,146,21
"2054",53,"[16]HceHvGnJHqKHqaIJ",298,1,16,297,0,297,0,0,0,0,0,142,142,155,155,21
"2055",54,"[16]HceHvGnJHqKHqaIJ",302,1,16,301,0,301,0,0,0,0,0,143,143,158,158,21
"2056",55,"[16]HceHvGnJHqKHqaIJ",299,0.996667,16,300,1,299,1,1,0,1,1,150,150,150,149,21
"2057",56,"[16]HceHvGnJHqKHqaIJ",302,1,16,301,0,301,0,0,0,0,0,148,148,153,153,21
"2058",57,"[16]HceHvGnJHqKHqaIJ",302,1,16,301,0,301,0,0,0,0,0,152,152,149,149,21
"2059",58,"[16]HceHvGnJHqKHqaIJ",294,0.993266,16,297,2,295,2,2,0,2,2,138,138,159,157,21
"2060",59,"[16]HceHvGnJHqKHqaIJ",293,0.996599,16,294,1,293,1,1,0,1,1,137,137,157,156,21
"2061",60,"[16]HceHvGnJHqKHqaIJ",297,1,16,296,0,296,0,0,0,0,0,144,144,152,152,21
"2062",61,"[16]HceHvGnJHqKHqaIJ",303,0.996711,16,304,1,303,1,1,0,1,1,161,161,143,142,21
"2063",62,"[16]HceHvGnJHqKHqaIJ",296,0.996633,16,297,1,296,1,1,0,1,1,143,143,154,153,21
"2064",63,"[16]HceHvGnJHqKHqaIJ",298,1,16,297,0,297,0,0,0,0,0,148,148,149,149,21
"2065",64,"[16]HceHvGnJHqKHqaIJ",300,0.996678,16,301,1,300,1,1,0,1,1,156,156,145,144,21
"2066",65,"[16]HceHvGnJHqKHqaIJ",290,0.996564,16,291,1,290,1,1,0,1,1,140,140,151,150,21
"2067",66,"[16]HceHvGnJHqKHqaIJ",304,1,16,303,0,303,0,0,0,0,0,151,151,152,152,21
"2068",67,"[16]HceHvGnJHqKHqaIJ",308,1,16,307,0,307,0,0,0,0,0,167,167,140,140,21
"2069",68,"[16]HceHvGnJHqKHqaIJ",305,1,16,304,0,304,0,0,0,0,0,152,152,152,152,21
"2070",69,"[16]HceHvGnJHqKHqaIJ",301,1,16,300,0,300,0,0,0,0,0,153,153,147,147,21
"2071",70,"[16]HceHvGnJHqKHqaIJ",305,1,16,304,0,304,0,0,0,0,0,152,152,152,152,21
"2072",71,"[16]HceHvGnJHqKHqaIJ",299,1,16,298,0,298,0,0,0,0,0,139,139,159,159,21
"2073",72,"[16]HceHvGnJHqKHqaIJ",302,1,16,301,0,301,0,0,0,0,0,158,158,143,143,21
"2074",73,"[16]HceHvGnJHqKHqaIJ",297,1,16,296,0,296,0,0,0,0,0,136,136,160,160,21
"2075",74,"[16]HceHvGnJHqKHqaIJ",294,0.99661,16,295,1,294,1,1,0,1,1,153,153,142,141,21
"2076",75,"[16]HceHvGnJHqKHqaIJ",290,0.993174,16,293,2,291,2,2,0,2,2,135,135,158,156,21
"2077",76,"[16]HceHvGnJHqKHqaIJ",293,0.996599,16,294,1,293,1,1,0,1,1,135,135,159,158,21
"2078",77,"[16]HceHvGnJHqKHqaIJ",297,0.993333,16,300,2,298,2,2,0,2,2,163,163,137,135,21
"2079",78,"[16]HceHvGnJHqKHqaIJ",298,1,16,297,0,297,0,0,0,0,0,130,130,167,167,21
"2080",79,"[16]HceHvGnJHqKHqaIJ",305,1,16,304,0,304,0,0,0,0,0,165,165,139,139,21
"2081",80,"[16]HceHvGnJHqKHqaIJ",288,0.99654,16,289,1,288,1,1,0,1,1,138,138,151,150,21
"2082",81,"[16]HceHvGnJHqKHqaIJ",301,1,16,300,0,300,0,0,0,0,0,156,156,144,144,21
"2083",82,"[16]HceHvGnJHqKHqaIJ",299,1,16,298,0,298,0,0,0,0,0,147,147,151,151,21
"2084",83,"[16]HceHvGnJHqKHqaIJ",283,0.996479,16,284,1,283,1,1,0,1,1,119,119,165,164,21
"2085",84,"[16]HceHvGnJHqKHqaIJ",304,1,16,303,0,303,0,0,0,0,0,159,159,144,144,21
"2086",85,"[16]HceHvGnJHqKHqaIJ",280,0.979381,16,291,6,285,6,6,0,6,6,134,134,157,151,21
"2087",86,"[16]HceHvGnJHqKHqaIJ",304,1,16,303,0,303,0,0,0,0,0,159,159,144,144,21
"2088",87,"[16]HceHvGnJHqKHqaIJ",306,1,16,305,0,305,0,0,0,0,0,155,155,150,150,21
"2089",88,"[16]HceHvGnJHqKHqaIJ",303,0.996711,16,304,1,303,1,1,0,1,1,149,149,155,154,21
"2090",89,"[16]HceHvGnJHqKHqaIJ",299,1,16,298,0,298,0,0,0,0,0,156,156,142,142,21
"2091",90,"[16]HceHvGnJHqKHqaIJ",295,0.993289,16,298,2,296,2,2,0,2,2,146,146,152,150,21
"2092",91,"[16]HceHvGnJHqKHqaIJ",294,1,16,293,0,293,0,0,0,0,0,136,136,157,157,21
"2093",92,"[16]HceHvGnJHqKHqaIJ",303,1,16,302,0,302,0,0,0,0,0,157,157,145,145,21
"2094",93,"[16]HceHvGnJHqKHqaIJ",299,0.996667,16,300,1,299,1,1,0,1,1,148,148,152,151,21
"2095",94,"[16]HceHvGnJHqKHqaIJ",302,1,16,301,0,301,0,0,0,0,0,162,162,139,139,21
"2096",95,"[16]HceHvGnJHqKHqaIJ",308,0.996764,16,309,1,308,1,1,0,1,1,166,166,143,142,21
"2097",96,"[16]HceHvGnJHqKHqaIJ",288,0.993127,16,291,2,289,2,2,0,2,2,140,140,151,149,21
"2098",97,"[16]HceHvGnJHqKHqaIJ",303,1,16,302,0,302,0,0,0,0,0,161,161,141,141,21
"2099",98,"[16]HceHvGnJHqKHqaIJ",292,0.989899,16,297,3,294,3,3,0,3,3,153,153,144,141,21
"2100",99,"[16]HceHvGnJHqKHqaIJ",301,0.996689,16,302,1,301,1,1,0,1,1,157,157,145,144,21
"2101",0,"[17]HcuHvGnJHqKHqaIJx",297,1,17,296,0,296,0,0,0,0,0,144,144,152,152,22
"2102",1,"[17]HcuHvGnJHqKHqaIJx",290,0.996564,17,291,1,290,1,1,0,1,1,131,131,160,159,22
"2103",2,"[17]HcuHvGnJHqKHqaIJx",306,1,17,305,0,305,0,0,0,0,0,162,162,143,143,22
"2104",3,"[17]HcuHvGnJHqKHqaIJx",304,0.996721,17,305,1,304,1,1,0,1,1,152,152,153,152,22
"2105",4,"[17]HcuHvGnJHqKHqaIJx",302,1,17,301,0,301,0,0,0,0,0,148,148,153,153,22
"2106",5,"[17]HcuHvGnJHqKHqaIJx",278,0.975945,17,291,7,284,7,7,0,7,7,156,156,135,128,22
"2107",6,"[17]HcuHvGnJHqKHqaIJx",296,0.993311,17,299,2,297,2,2,0,2,2,155,155,144,142,22
"2108",7,"[17]HcuHvGnJHqKHqaIJx",297,0.996644,17,298,1,297,1,1,0,1,1,142,142,156,155,22
"2109",8,"[17]HcuHvGnJHqKHqaIJx",297,1,17,296,0,296,0,0,0,0,0,140,140,156,156,22
"2110",9,"[17]HcuHvGnJHqKHqaIJx",307,1,17,306,0,306,0,0,0,0,0,161,161,145,145,22
"2111",10,"[17]HcuHvGnJHqKHqaIJx",295,1,17,294,0,294,0,0,0,0,0,141,141,153,153,22
"2112",11,"[17]HcuHvGnJHqKHqaIJx",296,1,17,295,0,295,0,0,0,0,0,142,142,153,153,22
"2113",12,"[17]HcuHvGnJHqKHqaIJx",276,0.975779,17,289,7,282,7,7,0,7,7,151,151,138,131,22
"2114",13,"[17]HcuHvGnJHqKHqaIJx",297,1,17,296,0,296,0,0,0,0,0,133,133,163,163,22
"2115",14,"[17]HcuHvGnJHqKHqaIJx",290,0.986532,17,297,4,293,4,4,0,4,4,150,150,147,143,22
"2116",15,"[17]HcuHvGnJHqKHqaIJx",300,1,17,299,0,299,0,0,0,0,0,157,157,142,142,22
"2117",16,"[17]HcuHvGnJHqKHqaIJx",295,0.996622,17,296,1,295,1,1,0,1,1,147,147,149,148,22
"2118",17,"[17]HcuHvGnJHqKHqaIJx",290,0.986532,17,297,4,293,4,4,0,4,4,149,149,148,144,22
"2119",18,"[17]HcuHvGnJHqKHqaIJx",300,1,17,299,0,299,0,0,0,0,0,145,145,154,154,22
"2120",19,"[17]HcuHvGnJHqKHqaIJx",308,1,17,307,0,307,0,0,0,0,0,165,165,142,142,22
"2121",20,"[17]HcuHvGnJHqKHqaIJx",291,0.989865,17,296,3,293,3,3,0,3,3,146,146,150,147,22
"2122",21,"[17]HcuHvGnJHqKHqaIJx",276,0.975779,17,289,7,282,7,7,0,7,7,137,137,152,145,22
"2123",22,"[17]HcuHvGnJHqKHqaIJx",297,1,17,296,0,296,0,0,0,0,0,135,135,161,161,22
"2124",23,"[17]HcuHvGnJHqKHqaIJx",300,0.993399,17,303,2,301,2,2,0,2,2,166,166,137,135,22
"2125",24,"[17]HcuHvGnJHqKHqaIJx",300,1,17,299,0,299,0,0,0,0,0,140,140,159,159,22
"2126",25,"[17]HcuHvGnJHqKHqaIJx",281,0.986111,17,288,4,284,4,4,0,4,4,144,144,144,140,22
"2127",26,"[17]HcuHvGnJHqKHqaIJx",298,0.996656,17,299,1,298,1,1,0,1,1,151,151,148,147,22
"2128",27,"[17]HcuHvGnJHqKHqaIJx",299,1,17,298,0,298,0,0,0,0,0,141,141,157,157,22
"2129",28,"[17]HcuHvGnJHqKHqaIJx",290,1,17,289,0,289,0,0,0,0,0,136,136,153,153,22
"2130",29,"[17]HcuHvGnJHqKHqaIJx",296,1,17,295,0,295,0,0,0,0,0,140,140,155,155,22
"2131",30,"[17]HcuHvGnJHqKHqaIJx",285,0.989655,17,290,3,287,3,3,0,3,3,142,142,148,145,22
"2132",31,"[17]HcuHvGnJHqKHqaIJx",294,0.99661,17,295,1,294,1,1,0,1,1,144,144,151,150,22
"2133",32,"[17]HcuHvGnJHqKHqaIJx",298,1,17,297,0,297,0,0,0,0,0,141,141,156,156,22
"2134",33,"[17]HcuHvGnJHqKHqaIJx",294,0.989967,17,299,3,296,3,3,0,3,3,168,168,131,128,22
"2135",34,"[17]HcuHvGnJHqKHqaIJx",294,0.986711,17,301,4,297,4,4,0,4,4,152,152,149,145,22
"2136",35,"[17]HcuHvGnJHqKHqaIJx",288,0.986441,17,295,4,291,4,4,0,4,4,147,147,148,144,22
"2137",36,"[17]HcuHvGnJHqKHqaIJx",307,1,17,306,0,306,0,0,0,0,0,150,150,156,156,22
"2138",37,"[17]HcuHvGnJHqKHqaIJx",304,1,17,303,0,303,0,0,0,0,0,170,170,133,133,22
"2139",38,"[17]HcuHvGnJHqKHqaIJx",300,1,17,299,0,299,0,0,0,0,0,150,150,149,149,22
"2140",39,"[17]HcuHvGnJHqKHqaIJx",303,1,17,302,0,302,0,0,0,0,0,153,153,149,149,22
"2141",40,"[17]HcuHvGnJHqKHqaIJx",295,0.99,17,300,3,297,3,3,0,3,3,151,151,149,146,22
"2142",41,"[17]HcuHvGnJHqKHqaIJx",305,1,17,304,0,304,0,0,0,0,0,157,157,147,147,22
"2143",42,"[17]HcuHvGnJHqKHqaIJx",282,0.982818,17,291,5,286,5,5,0,5,5,143,143,148,143,22
"2144",43,"[17]HcuHvGnJHqKHqaIJx",303,1,17,302,0,302,0,0,0,0,0,142,142,160,160,22
"2145",44,"[17]HcuHvGnJHqKHqaIJx",294,0.993266,17,297,2,295,2,2,0,2,2,152,152,145,143,22
"2146",45,"[17]HcuHvGnJHqKHqaIJx",291,1,17,290,0,290,0,0,0,0,0,141,141,149,149,22
"2147",46,"[17]HcuHvGnJHqKHqaIJx",298,1,17,297,0,297,0,0,0,0,0,155,155,142,142,22
"2148",47,"[17]HcuHvGnJHqKHqaIJx",286,0.989691,17,291,3,288,3,3,0,3,3,139,139,152,149,22
"2149",48,"[17]HcuHvGnJHqKHqaIJx",294,0.989967,17,299,3,296,3,3,0,3,3,153,153,146,143,22
"2150",49,"[17]HcuHvGnJHqKHqaIJx",303,1,17,302,0,302,0,0,0,0,0,163,163,139,139,22
"2151",50,"[17]HcuHvGnJHqKHqaIJx",295,0.996622,17,296,1,295,1,1,0,1,1,139,139,157,156,22
"2152",51,"[17]HcuHvGnJHqKHqaIJx",288,0.989761,17,293,3,290,3,3,0,3,3,136,136,157,154,22
"2153",52,"[17]HcuHvGnJHqKHqaIJx",280,0.986063,17,287,4,283,4,4,0,4,4,134,134,153,149,22
"2154",53,"[17]HcuHvGnJHqKHqaIJx",298,1,17,297,0,297,0,0,0,0,0,143,143,154,154,22
"2155",54,"[17]HcuHvGnJHqKHqaIJx",296,1,17,295,0,295,0,0,0,0,0,138,138,157,157,22
"2156",55,"[17]HcuHvGnJHqKHqaIJx",303,1,17,302,0,302,0,0,0,0,0,156,156,146,146,22
"2157",56,"[17]HcuHvGnJHqKHqaIJx",292,0.996587,17,293,1,292,1,1,0,1,1,142,142,151,150,22
"2158",57,"[17]HcuHvGnJHqKHqaIJx",292,1,17,291,0,291,0,0,0,0,0,136,136,155,155,22
"2159",58,"[17]HcuHvGnJHqKHqaIJx",307,1,17,306,0,306,0,0,0,0,0,159,159,147,147,22
"2160",59,"[17]HcuHvGnJHqKHqaIJx",300,1,17,299,0,299,0,0,0,0,0,144,144,155,155,22
"2161",60,"[17]HcuHvGnJHqKHqaIJx",293,0.989933,17,298,3,295,3,3,0,3,3,147,147,151,148,22
"2162",61,"[17]HcuHvGnJHqKHqaIJx",305,1,17,304,0,304,0,0,0,0,0,166,166,138,138,22
"2163",62,"[17]HcuHvGnJHqKHqaIJx",294,0.99661,17,295,1,294,1,1,0,1,1,144,144,151,150,22
"2164",63,"[17]HcuHvGnJHqKHqaIJx",300,1,17,299,0,299,0,0,0,0,0,150,150,149,149,22
"2165",64,"[17]HcuHvGnJHqKHqaIJx",300,0.996678,17,301,1,300,1,1,0,1,1,164,164,137,136,22
"2166",65,"[17]HcuHvGnJHqKHqaIJx",293,0.993243,17,296,2,294,2,2,0,2,2,150,150,146,144,22
"2167",66,"[17]HcuHvGnJHqKHqaIJx",296,0.986799,17,303,4,299,4,4,0,4,4,160,160,143,139,22
"2168",67,"[17]HcuHvGnJHqKHqaIJx",295,1,17,294,0,294,0,0,0,0,0,144,144,150,150,22
"2169",68,"[17]HcuHvGnJHqKHqaIJx",290,0.993174,17,293,2,291,2,2,0,2,2,137,137,156,154,22
"2170",69,"[17]HcuHvGnJHqKHqaIJx",302,1,17,301,0,301,0,0,0,0,0,147,147,154,154,22
"2171",70,"[17]HcuHvGnJHqKHqaIJx",303,1,17,302,0,302,0,0,0,0,0,158,158,144,144,22
"2172",71,"[17]HcuHvGnJHqKHqaIJx",288,0.99654,17,289,1,288,1,1,0,1,1,129,129,160,159,22
"2173",72,"[17]HcuHvGnJHqKHqaIJx",298,1,17,297,0,297,0,0,0,0,0,143,143,154,154,22
"2174",73,"[17]HcuHvGnJHqKHqaIJx",298,1,17,297,0,297,0,0,0,0,0,138,138,159,159,22
"2175",74,"[17]HcuHvGnJHqKHqaIJx",298,1,17,297,0,297,0,0,0,0,0,138,138,159,159,22
"2176",75,"[17]HcuHvGnJHqKHqaIJx",303,1,17,302,0,302,0,0,0,0,0,159,159,143,143,22
"2177",76,"[17]HcuHvGnJHqKHqaIJx",303,1,17,302,0,302,0,0,0,0,0,162,162,140,140,22
"2178",77,"[17]HcuHvGnJHqKHqaIJx",298,0.996656,17,299,1,298,1,1,0,1,1,152,152,147,146,22
"2179",78,"[17]HcuHvGnJHqKHqaIJx",306,1,17,305,0,305,0,0,0,0,0,156,156,149,149,22
"2180",79,"[17]HcuHvGnJHqKHqaIJx",295,0.99,17,300,3,297,3,3,0,3,3,156,156,144,141,22
"2181",80,"[17]HcuHvGnJHqKHqaIJx",296,1,17,295,0,295,0,0,0,0,0,138,138,157,157,22
"2182",81,"[17]HcuHvGnJHqKHqaIJx",299,0.993377,17,302,2,300,2,2,0,2,2,152,152,150,148,22
"2183",82,"[17]HcuHvGnJHqKHqaIJx",301,1,17,300,0,300,0,0,0,0,0,144,144,156,156,22
"2184",83,"[17]HcuHvGnJHqKHqaIJx",292,1,17,291,0,291,0,0,0,0,0,125,125,166,166,22
"2185",84,"[17]HcuHvGnJHqKHqaIJx",300,1,17,299,0,299,0,0,0,0,0,153,153,146,146,22
"2186",85,"[17]HcuHvGnJHqKHqaIJx",304,1,17,303,0,303,0,0,0,0,0,157,157,146,146,22
"2187",86,"[17]HcuHvGnJHqKHqaIJx",299,0.996667,17,300,1,299,1,1,0,1,1,161,161,139,138,22
"2188",87,"[17]HcuHvGnJHqKHqaIJx",289,0.993151,17,292,2,290,2,2,0,2,2,152,152,140,138,22
"2189",88,"[17]HcuHvGnJHqKHqaIJx",303,1,17,302,0,302,0,0,0,0,0,150,150,152,152,22
"2190",89,"[17]HcuHvGnJHqKHqaIJx",291,0.993197,17,294,2,292,2,2,0,2,2,144,144,150,148,22
"2191",90,"[17]HcuHvGnJHqKHqaIJx",299,0.993377,17,302,2,300,2,2,0,2,2,162,162,140,138,22
"2192",91,"[17]HcuHvGnJHqKHqaIJx",299,1,17,298,0,298,0,0,0,0,0,150,150,148,148,22
"2193",92,"[17]HcuHvGnJHqKHqaIJx",302,0.9967,17,303,1,302,1,1,0,1,1,168,168,135,134,22
"2194",93,"[17]HcuHvGnJHqKHqaIJx",296,1,17,295,0,295,0,0,0,0,0,147,147,148,148,22
"2195",94,"[17]HcuHvGnJHqKHqaIJx",292,0.989899,17,297,3,294,3,3,0,3,3,155,155,142,139,22
"2196",95,"[17]HcuHvGnJHqKHqaIJx",302,1,17,301,0,301,0,0,0,0,0,162,162,139,139,22
"2197",96,"[17]HcuHvGnJHqKHqaIJx",290,0.993174,17,293,2,291,2,2,0,2,2,144,144,149,147,22
"2198",97,"[17]HcuHvGnJHqKHqaIJx",304,1,17,303,0,303,0,0,0,0,0,150,150,153,153,22
"2199",98,"[17]HcuHvGnJHqKHqaIJx",296,1,17,295,0,295,0,0,0,0,0,149,149,146,146,22
"2200",99,"[17]HcuHvGnJHqKHqaIJx",301,0.996689,17,302,1,301,1,1,0,1,1,158,158,144,143,22
"2201",0,"[17]HBHxGnJHqKHqaIvJd",306,1,17,305,0,305,0,0,0,0,0,156,156,149,149,23
"2202",1,"[17]HBHxGnJHqKHqaIvJd",293,0.996599,17,294,1,293,1,1,0,1,1,147,147,147,146,23
"2203",2,"[17]HBHxGnJHqKHqaIvJd",305,0.996732,17,306,1,305,1,1,0,1,1,154,154,152,151,23
"2204",3,"[17]HBHxGnJHqKHqaIvJd",299,1,17,298,0,298,0,0,0,0,0,137,137,161,161,23
"2205",4,"[17]HBHxGnJHqKHqaIvJd",297,1,17,296,0,296,0,0,0,0,0,147,147,149,149,23
"2206",5,"[17]HBHxGnJHqKHqaIvJd",307,1,17,306,0,306,0,0,0,0,0,161,161,145,145,23
"2207",6,"[17]HBHxGnJHqKHqaIvJd",296,1,17,295,0,295,0,0,0,0,0,143,143,152,152,23
"2208",7,"[17]HBHxGnJHqKHqaIvJd",279,0.986014,17,286,4,282,4,4,0,4,4,132,132,154,150,23
"2209",8,"[17]HBHxGnJHqKHqaIvJd",298,0.993355,17,301,2,299,2,2,0,2,2,154,154,147,145,23
"2210",9,"[17]HBHxGnJHqKHqaIvJd",292,0.996587,17,293,1,292,1,1,0,1,1,149,149,144,143,23
"2211",10,"[17]HBHxGnJHqKHqaIvJd",292,0.989899,17,297,3,294,3,3,0,3,3,151,151,146,143,23
"2212",11,"[17]HBHxGnJHqKHqaIvJd",304,1,17,303,0,303,0,0,0,0,0,156,156,147,147,23
"2213",12,"[17]HBHxGnJHqKHqaIvJd",300,0.990164,17,305,3,302,3,3,0,3,3,171,171,134,131,23
"2214",13,"[17]HBHxGnJHqKHqaIvJd",299,0.996667,17,300,1,299,1,1,0,1,1,147,147,153,152,23
"2215",14,"[17]HBHxGnJHqKHqaIvJd",306,1,17,305,0,305,0,0,0,0,0,154,154,151,151,23
"2216",15,"[17]HBHxGnJHqKHqaIvJd",295,0.996622,17,296,1,295,1,1,0,1,1,146,146,150,149,23
"2217",16,"[17]HBHxGnJHqKHqaIvJd",289,0.993151,17,292,2,290,2,2,0,2,2,132,132,160,158,23
"2218",17,"[17]HBHxGnJHqKHqaIvJd",311,1,17,310,0,310,0,0,0,0,0,173,173,137,137,23
"2219",18,"[17]HBHxGnJHqKHqaIvJd",280,0.982699,17,289,5,284,5,5,0,5,5,144,144,145,140,23
"2220",19,"[17]HBHxGnJHqKHqaIvJd",292,0.996587,17,293,1,292,1,1,0,1,1,146,146,147,146,23
"2221",20,"[17]HBHxGnJHqKHqaIvJd",292,0.996587,17,293,1,292,1,1,0,1,1,142,142,151,150,23
"2222",21,"[17]HBHxGnJHqKHqaIvJd",296,1,17,295,0,295,0,0,0,0,0,147,147,148,148,23
"2223",22,"[17]HBHxGnJHqKHqaIvJd",289,1,17,288,0,288,0,0,0,0,0,125,125,163,163,23
"2224",23,"[17]HBHxGnJHqKHqaIvJd",303,0.996711,17,304,1,303,1,1,0,1,1,173,173,131,130,23
"2225",24,"[17]HBHxGnJHqKHqaIvJd",290,0.989831,17,295,3,292,3,3,0,3,3,154,154,141,138,23
"2226",25,"[17]HBHxGnJHqKHqaIvJd",291,0.993197,17,294,2,292,2,2,0,2,2,140,140,154,152,23
"2227",26,"[17]HBHxGnJHqKHqaIvJd",287,0.989726,17,292,3,289,3,3,0,3,3,140,140,152,149,23
"2228",27,"[17]HBHxGnJHqKHqaIvJd",293,0.993243,17,296,2,294,2,2,0,2,2,143,143,153,151,23
"2229",28,"[17]HBHxGnJHqKHqaIvJd",298,1,17,297,0,297,0,0,0,0,0,136,136,161,161,23
"2230",29,"[17]HBHxGnJHqKHqaIvJd",294,0.989967,17,299,3,296,3,3,0,3,3,160,160,139,136,23
"2231",30,"[17]HBHxGnJHqKHqaIvJd",293,0.993243,17,296,2,294,2,2,0,2,2,148,148,148,146,23
"2232",31,"[17]HBHxGnJHqKHqaIvJd",291,1,17,290,0,290,0,0,0,0,0,127,127,163,163,23
"2233",32,"[17]HBHxGnJHqKHqaIvJd",299,1,17,298,0,298,0,0,0,0,0,151,151,147,147,23
"2234",33,"[17]HBHxGnJHqKHqaIvJd",288,0.99654,17,289,1,288,1,1,0,1,1,130,130,159,158,23
"2235",34,"[17]HBHxGnJHqKHqaIvJd",303,1,17,302,0,302,0,0,0,0,0,142,142,160,160,23
"2236",35,"[17]HBHxGnJHqKHqaIvJd",294,0.99661,17,295,1,294,1,1,0,1,1,148,148,147,146,23
"2237",36,"[17]HBHxGnJHqKHqaIvJd",306,1,17,305,0,305,0,0,0,0,0,161,161,144,144,23
"2238",37,"[17]HBHxGnJHqKHqaIvJd",295,0.996622,17,296,1,295,1,1,0,1,1,142,142,154,153,23
"2239",38,"[17]HBHxGnJHqKHqaIvJd",291,0.996575,17,292,1,291,1,1,0,1,1,139,139,153,152,23
"2240",39,"[17]HBHxGnJHqKHqaIvJd",296,0.996633,17,297,1,296,1,1,0,1,1,142,142,155,154,23
"2241",40,"[17]HBHxGnJHqKHqaIvJd",286,0.986348,17,293,4,289,4,4,0,4,4,151,151,142,138,23
"2242",41,"[17]HBHxGnJHqKHqaIvJd",290,0.996564,17,291,1,290,1,1,0,1,1,128,128,163,162,23
"2243",42,"[17]HBHxGnJHqKHqaIvJd",300,0.993399,17,303,2,301,2,2,0,2,2,152,152,151,149,23
"2244",43,"[17]HBHxGnJHqKHqaIvJd",294,0.993266,17,297,2,295,2,2,0,2,2,151,151,146,144,23
"2245",44,"[17]HBHxGnJHqKHqaIvJd",294,0.993266,17,297,2,295,2,2,0,2,2,150,150,147,145,23
"2246",45,"[17]HBHxGnJHqKHqaIvJd",290,1,17,289,0,289,0,0,0,0,0,136,136,153,153,23
"2247",46,"[17]HBHxGnJHqKHqaIvJd",305,1,17,304,0,304,0,0,0,0,0,158,158,146,146,23
"2248",47,"[17]HBHxGnJHqKHqaIvJd",298,1,17,297,0,297,0,0,0,0,0,149,149,148,148,23
"2249",48,"[17]HBHxGnJHqKHqaIvJd",301,1,17,300,0,300,0,0,0,0,0,156,156,144,144,23
"2250",49,"[17]HBHxGnJHqKHqaIvJd",301,1,17,300,0,300,0,0,0,0,0,155,155,145,145,23
"2251",50,"[17]HBHxGnJHqKHqaIvJd",303,1,17,302,0,302,0,0,0,0,0,146,146,156,156,23
"2252",51,"[17]HBHxGnJHqKHqaIvJd",288,0.993127,17,291,2,289,2,2,0,2,2,129,129,162,160,23
"2253",52,"[17]HBHxGnJHqKHqaIvJd",288,0.986441,17,295,4,291,4,4,0,4,4,144,144,151,147,23
"2254",53,"[17]HBHxGnJHqKHqaIvJd",296,1,17,295,0,295,0,0,0,0,0,135,135,160,160,23
"2255",54,"[17]HBHxGnJHqKHqaIvJd",298,1,17,297,0,297,0,0,0,0,0,148,148,149,149,23
"2256",55,"[17]HBHxGnJHqKHqaIvJd",298,1,17,297,0,297,0,0,0,0,0,148,148,149,149,23
"2257",56,"[17]HBHxGnJHqKHqaIvJd",299,0.990132,17,304,3,301,3,3,0,3,3,166,166,138,135,23
"2258",57,"[17]HBHxGnJHqKHqaIvJd",309,1,17,308,0,308,0,0,0,0,0,168,168,140,140,23
"2259",58,"[17]HBHxGnJHqKHqaIvJd",280,0.986063,17,287,4,283,4,4,0,4,4,132,132,155,151,23
"2260",59,"[17]HBHxGnJHqKHqaIvJd",303,1,17,302,0,302,0,0,0,0,0,153,153,149,149,23
"2261",60,"[17]HBHxGnJHqKHqaIvJd",295,0.996622,17,296,1,295,1,1,0,1,1,145,145,151,150,23
"2262",61,"[17]HBHxGnJHqKHqaIvJd",299,1,17,298,0,298,0,0,0,0,0,151,151,147,147,23
"2263",62,"[17]HBHxGnJHqKHqaIvJd",282,0.992982,17,285,2,283,2,2,0,2,2,127,127,158,156,23
"2264",63,"[17]HBHxGnJHqKHqaIvJd",298,0.993355,17,301,2,299,2,2,0,2,2,158,158,143,141,23
"2265",64,"[17]HBHxGnJHqKHqaIvJd",295,1,17,294,0,294,0,0,0,0,0,142,142,152,152,23
"2266",65,"[17]HBHxGnJHqKHqaIvJd",299,1,17,298,0,298,0,0,0,0,0,143,143,155,155,23
"2267",66,"[17]HBHxGnJHqKHqaIvJd",297,1,17,296,0,296,0,0,0,0,0,146,146,150,150,23
"2268",67,"[17]HBHxGnJHqKHqaIvJd",293,0.983444,17,302,5,297,5,5,0,5,5,160,160,142,137,23
"2269",68,"[17]HBHxGnJHqKHqaIvJd",297,0.996644,17,298,1,297,1,1,0,1,1,149,149,149,148,23
"2270",69,"[17]HBHxGnJHqKHqaIvJd",295,1,17,294,0,294,0,0,0,0,0,132,132,162,162,23
"2271",70,"[17]HBHxGnJHqKHqaIvJd",297,1,17,296,0,296,0,0,0,0,0,132,132,164,164,23
"2272",71,"[17]HBHxGnJHqKHqaIvJd",299,0.996667,17,300,1,299,1,1,0,1,1,159,159,141,140,23
"2273",72,"[17]HBHxGnJHqKHqaIvJd",274,0.978947,17,285,6,279,6,6,0,6,6,135,135,150,144,23
"2274",73,"[17]HBHxGnJHqKHqaIvJd",290,0.996564,17,291,1,290,1,1,0,1,1,132,132,159,158,23
"2275",74,"[17]HBHxGnJHqKHqaIvJd",281,0.98951,17,286,3,283,3,3,0,3,3,133,133,153,150,23
"2276",75,"[17]HBHxGnJHqKHqaIvJd",296,0.983607,17,305,5,300,5,5,0,5,5,166,166,139,134,23
"2277",76,"[17]HBHxGnJHqKHqaIvJd",303,1,17,302,0,302,0,0,0,0,0,150,150,152,152,23
"2278",77,"[17]HBHxGnJHqKHqaIvJd",292,0.996587,17,293,1,292,1,1,0,1,1,137,137,156,155,23
"2279",78,"[17]HBHxGnJHqKHqaIvJd",304,1,17,303,0,303,0,0,0,0,0,163,163,140,140,23
"2280",79,"[17]HBHxGnJHqKHqaIvJd",303,1,17,302,0,302,0,0,0,0,0,164,164,138,138,23
"2281",80,"[17]HBHxGnJHqKHqaIvJd",298,1,17,297,0,297,0,0,0,0,0,145,145,152,152,23
"2282",81,"[17]HBHxGnJHqKHqaIvJd",294,1,17,293,0,293,0,0,0,0,0,149,149,144,144,23
"2283",82,"[17]HBHxGnJHqKHqaIvJd",285,0.986301,17,292,4,288,4,4,0,4,4,150,150,142,138,23
"2284",83,"[17]HBHxGnJHqKHqaIvJd",285,0.982993,17,294,5,289,5,5,0,5,5,158,158,136,131,23
"2285",84,"[17]HBHxGnJHqKHqaIvJd",299,1,17,298,0,298,0,0,0,0,0,139,139,159,159,23
"2286",85,"[17]HBHxGnJHqKHqaIvJd",273,0.978873,17,284,6,278,6,6,0,6,6,136,136,148,142,23
"2287",86,"[17]HBHxGnJHqKHqaIvJd",310,1,17,309,0,309,0,0,0,0,0,154,154,155,155,23
"2288",87,"[17]HBHxGnJHqKHqaIvJd",299,0.996667,17,300,1,299,1,1,0,1,1,139,139,161,160,23
"2289",88,"[17]HBHxGnJHqKHqaIvJd",301,0.996689,17,302,1,301,1,1,0,1,1,157,157,145,144,23
"2290",89,"[17]HBHxGnJHqKHqaIvJd",298,1,17,297,0,297,0,0,0,0,0,144,144,153,153,23
"2291",90,"[17]HBHxGnJHqKHqaIvJd",297,1,17,296,0,296,0,0,0,0,0,147,147,149,149,23
"2292",91,"[17]HBHxGnJHqKHqaIvJd",295,1,17,294,0,294,0,0,0,0,0,150,150,144,144,23
"2293",92,"[17]HBHxGnJHqKHqaIvJd",294,0.993266,17,297,2,295,2,2,0,2,2,143,143,154,152,23
"2294",93,"[17]HBHxGnJHqKHqaIvJd",306,1,17,305,0,305,0,0,0,0,0,157,157,148,148,23
"2295",94,"[17]HBHxGnJHqKHqaIvJd",304,1,17,303,0,303,0,0,0,0,0,154,154,149,149,23
"2296",95,"[17]HBHxGnJHqKHqaIvJd",299,0.993377,17,302,2,300,2,2,0,2,2,156,156,146,144,23
"2297",96,"[17]HBHxGnJHqKHqaIvJd",295,0.996622,17,296,1,295,1,1,0,1,1,144,144,152,151,23
"2298",97,"[17]HBHxGnJHqKHqaIvJd",307,1,17,306,0,306,0,0,0,0,0,158,158,148,148,23
"2299",98,"[17]HBHxGnJHqKHqaIvJd",289,0.986486,17,296,4,292,4,4,0,4,4,145,145,151,147,23
"2300",99,"[17]HBHxGnJHqKHqaIvJd",299,0.993377,17,302,2,300,2,2,0,2,2,153,153,149,147,23
"2301",0,"[15]HcHwGnJHqKHqaIJ",301,1,15,300,0,300,0,0,0,0,0,148,148,152,152,24
"2302",1,"[15]HcHwGnJHqKHqaIJ",301,1,15,300,0,300,0,0,0,0,0,153,153,147,147,24
"2303",2,"[15]HcHwGnJHqKHqaIJ",306,1,15,305,0,305,0,0,0,0,0,159,159,146,146,24
"2304",3,"[15]HcHwGnJHqKHqaIJ",296,1,15,295,0,295,0,0,0,0,0,140,140,155,155,24
"2305",4,"[15]HcHwGnJHqKHqaIJ",299,1,15,298,0,298,0,0,0,0,0,142,142,156,156,24
"2306",5,"[15]HcHwGnJHqKHqaIJ",302,0.9967,15,303,1,302,1,1,0,1,1,153,153,150,149,24
"2307",6,"[15]HcHwGnJHqKHqaIJ",298,1,15,297,0,297,0,0,0,0,0,149,149,148,148,24
"2308",7,"[15]HcHwGnJHqKHqaIJ",289,1,15,288,0,288,0,0,0,0,0,125,125,163,163,24
"2309",8,"[15]HcHwGnJHqKHqaIJ",300,1,15,299,0,299,0,0,0,0,0,150,150,149,149,24
"2310",9,"[15]HcHwGnJHqKHqaIJ",296,0.986799,15,303,4,299,4,4,0,4,4,175,175,128,124,24
"2311",10,"[15]HcHwGnJHqKHqaIJ",282,0.989547,15,287,3,284,3,3,0,3,3,123,123,164,161,24
"2312",11,"[15]HcHwGnJHqKHqaIJ",303,0.993464,15,306,2,304,2,2,0,2,2,160,160,146,144,24
"2313",12,"[15]HcHwGnJHqKHqaIJ",300,1,15,299,0,299,0,0,0,0,0,149,149,150,150,24
"2314",13,"[15]HcHwGnJHqKHqaIJ",301,1,15,300,0,300,0,0,0,0,0,139,139,161,161,24
"2315",14,"[15]HcHwGnJHqKHqaIJ",305,1,15,304,0,304,0,0,0,0,0,152,152,152,152,24
"2316",15,"[15]HcHwGnJHqKHqaIJ",299,0.993377,15,302,2,300,2,2,0,2,2,151,151,151,149,24
"2317",16,"[15]HcHwGnJHqKHqaIJ",293,0.996599,15,294,1,293,1,1,0,1,1,150,150,144,143,24
"2318",17,"[15]HcHwGnJHqKHqaIJ",301,0.987013,15,308,4,304,4,4,0,4,4,169,169,139,135,24
"2319",18,"[15]HcHwGnJHqKHqaIJ",290,1,15,289,0,289,0,0,0,0,0,131,131,158,158,24
"2320",19,"[15]HcHwGnJHqKHqaIJ",303,0.996711,15,304,1,303,1,1,0,1,1,153,153,151,150,24
"2321",20,"[15]HcHwGnJHqKHqaIJ",296,0.993311,15,299,2,297,2,2,0,2,2,149,149,150,148,24
"2322",21,"[15]HcHwGnJHqKHqaIJ",284,1,15,283,0,283,0,0,0,0,0,108,108,175,175,24
"2323",22,"[15]HcHwGnJHqKHqaIJ",292,0.996587,15,293,1,292,1,1,0,1,1,139,139,154,153,24
"2324",23,"[15]HcHwGnJHqKHqaIJ",304,1,15,303,0,303,0,0,0,0,0,149,149,154,154,24
"2325",24,"[15]HcHwGnJHqKHqaIJ",294,0.99661,15,295,1,294,1,1,0,1,1,141,141,154,153,24
"2326",25,"[15]HcHwGnJHqKHqaIJ",296,0.996633,15,297,1,296,1,1,0,1,1,155,155,142,141,24
"2327",26,"[15]HcHwGnJHqKHqaIJ",299,0.996667,15,300,1,299,1,1,0,1,1,146,146,154,153,24
"2328",27,"[15]HcHwGnJHqKHqaIJ",305,1,15,304,0,304,0,0,0,0,0,151,151,153,153,24
"2329",28,"[15]HcHwGnJHqKHqaIJ",289,0.986486,15,296,4,292,4,4,0,4,4,152,152,144,140,24
"2330",29,"[15]HcHwGnJHqKHqaIJ",291,0.989865,15,296,3,293,3,3,0,3,3,146,146,150,147,24
"2331",30,"[15]HcHwGnJHqKHqaIJ",298,0.996656,15,299,1,298,1,1,0,1,1,139,139,160,159,24
"2332",31,"[15]HcHwGnJHqKHqaIJ",288,1,15,287,0,287,0,0,0,0,0,120,120,167,167,24
"2333",32,"[15]HcHwGnJHqKHqaIJ",285,1,15,284,0,284,0,0,0,0,0,110,110,174,174,24
"2334",33,"[15]HcHwGnJHqKHqaIJ",299,1,15,298,0,298,0,0,0,0,0,143,143,155,155,24
"2335",34,"[15]HcHwGnJHqKHqaIJ",304,0.993485,15,307,2,305,2,2,0,2,2,163,163,144,142,24
"2336",35,"[15]HcHwGnJHqKHqaIJ",300,0.996678,15,301,1,300,1,1,0,1,1,155,155,146,145,24
"2337",36,"[15]HcHwGnJHqKHqaIJ",302,1,15,301,0,301,0,0,0,0,0,160,160,141,141,24
"2338",37,"[15]HcHwGnJHqKHqaIJ",295,1,15,294,0,294,0,0,0,0,0,136,136,158,158,24
"2339",38,"[15]HcHwGnJHqKHqaIJ",302,1,15,301,0,301,0,0,0,0,0,169,169,132,132,24
"2340",39,"[15]HcHwGnJHqKHqaIJ",288,0.99654,15,289,1,288,1,1,0,1,1,121,121,168,167,24
"2341",40,"[15]HcHwGnJHqKHqaIJ",289,0.996552,15,290,1,289,1,1,0,1,1,125,125,165,164,24
"2342",41,"[15]HcHwGnJHqKHqaIJ",303,1,15,302,0,302,0,0,0,0,0,153,153,149,149,24
"2343",42,"[15]HcHwGnJHqKHqaIJ",293,1,15,292,0,292,0,0,0,0,0,129,129,163,163,24
"2344",43,"[15]HcHwGnJHqKHqaIJ",289,0.996552,15,290,1,289,1,1,0,1,1,122,122,168,167,24
"2345",44,"[15]HcHwGnJHqKHqaIJ",295,0.996622,15,296,1,295,1,1,0,1,1,150,150,146,145,24
"2346",45,"[15]HcHwGnJHqKHqaIJ",302,1,15,301,0,301,0,0,0,0,0,163,163,138,138,24
"2347",46,"[15]HcHwGnJHqKHqaIJ",291,0.983333,15,300,5,295,5,5,0,5,5,152,152,148,143,24
"2348",47,"[15]HcHwGnJHqKHqaIJ",296,0.993311,15,299,2,297,2,2,0,2,2,152,152,147,145,24
"2349",48,"[15]HcHwGnJHqKHqaIJ",305,1,15,304,0,304,0,0,0,0,0,166,166,138,138,24
"2350",49,"[15]HcHwGnJHqKHqaIJ",282,0.982818,15,291,5,286,5,5,0,5,5,141,141,150,145,24
"2351",50,"[15]HcHwGnJHqKHqaIJ",300,1,15,299,0,299,0,0,0,0,0,154,154,145,145,24
"2352",51,"[15]HcHwGnJHqKHqaIJ",297,0.996644,15,298,1,297,1,1,0,1,1,140,140,158,157,24
"2353",52,"[15]HcHwGnJHqKHqaIJ",302,1,15,301,0,301,0,0,0,0,0,152,152,149,149,24
"2354",53,"[15]HcHwGnJHqKHqaIJ",291,0.993197,15,294,2,292,2,2,0,2,2,144,144,150,148,24
"2355",54,"[15]HcHwGnJHqKHqaIJ",306,1,15,305,0,305,0,0,0,0,0,157,157,148,148,24
"2356",55,"[15]HcHwGnJHqKHqaIJ",292,0.996587,15,293,1,292,1,1,0,1,1,138,138,155,154,24
"2357",56,"[15]HcHwGnJHqKHqaIJ",296,1,15,295,0,295,0,0,0,0,0,143,143,152,152,24
"2358",57,"[15]HcHwGnJHqKHqaIJ",303,1,15,302,0,302,0,0,0,0,0,152,152,150,150,24
"2359",58,"[15]HcHwGnJHqKHqaIJ",303,0.996711,15,304,1,303,1,1,0,1,1,160,160,144,143,24
"2360",59,"[15]HcHwGnJHqKHqaIJ",285,0.993056,15,288,2,286,2,2,0,2,2,130,130,158,156,24
"2361",60,"[15]HcHwGnJHqKHqaIJ",290,0.993174,15,293,2,291,2,2,0,2,2,154,154,139,137,24
"2362",61,"[15]HcHwGnJHqKHqaIJ",296,0.996633,15,297,1,296,1,1,0,1,1,141,141,156,155,24
"2363",62,"[15]HcHwGnJHqKHqaIJ",297,0.993333,15,300,2,298,2,2,0,2,2,155,155,145,143,24
"2364",63,"[15]HcHwGnJHqKHqaIJ",311,1,15,310,0,310,0,0,0,0,0,164,164,146,146,24
"2365",64,"[15]HcHwGnJHqKHqaIJ",291,0.983333,15,300,5,295,5,5,0,5,5,162,162,138,133,24
"2366",65,"[15]HcHwGnJHqKHqaIJ",301,1,15,300,0,300,0,0,0,0,0,154,154,146,146,24
"2367",66,"[15]HcHwGnJHqKHqaIJ",291,0.989865,15,296,3,293,3,3,0,3,3,155,155,141,138,24
"2368",67,"[15]HcHwGnJHqKHqaIJ",297,1,15,296,0,296,0,0,0,0,0,149,149,147,147,24
"2369",68,"[15]HcHwGnJHqKHqaIJ",304,1,15,303,0,303,0,0,0,0,0,155,155,148,148,24
"2370",69,"[15]HcHwGnJHqKHqaIJ",305,1,15,304,0,304,0,0,0,0,0,153,153,151,151,24
"2371",70,"[15]HcHwGnJHqKHqaIJ",301,1,15,300,0,300,0,0,0,0,0,146,146,154,154,24
"2372",71,"[15]HcHwGnJHqKHqaIJ",304,1,15,303,0,303,0,0,0,0,0,150,150,153,153,24
"2373",72,"[15]HcHwGnJHqKHqaIJ",303,0.996711,15,304,1,303,1,1,0,1,1,159,159,145,144,24
"2374",73,"[15]HcHwGnJHqKHqaIJ",294,0.989967,15,299,3,296,3,3,0,3,3,167,167,132,129,24
"2375",74,"[15]HcHwGnJHqKHqaIJ",291,0.996575,15,292,1,291,1,1,0,1,1,150,150,142,141,24
"2376",75,"[15]HcHwGnJHqKHqaIJ",303,0.996711,15,304,1,303,1,1,0,1,1,162,162,142,141,24
"2377",76,"[15]HcHwGnJHqKHqaIJ",301,0.996689,15,302,1,301,1,1,0,1,1,150,150,152,151,24
"2378",77,"[15]HcHwGnJHqKHqaIJ",292,1,15,291,0,291,0,0,0,0,0,126,126,165,165,24
"2379",78,"[15]HcHwGnJHqKHqaIJ",314,1,15,313,0,313,0,0,0,0,0,178,178,135,135,24
"2380",79,"[15]HcHwGnJHqKHqaIJ",305,0.993506,15,308,2,306,2,2,0,2,2,158,158,150,148,24
"2381",80,"[15]HcHwGnJHqKHqaIJ",296,1,15,295,0,295,0,0,0,0,0,150,150,145,145,24
"2382",81,"[15]HcHwGnJHqKHqaIJ",277,0.972603,15,292,8,284,8,8,0,8,8,144,144,148,140,24
"2383",82,"[15]HcHwGnJHqKHqaIJ",301,1,15,300,0,300,0,0,0,0,0,141,141,159,159,24
"2384",83,"[15]HcHwGnJHqKHqaIJ",289,0.993151,15,292,2,290,2,2,0,2,2,134,134,158,156,24
"2385",84,"[15]HcHwGnJHqKHqaIJ",298,0.996656,15,299,1,298,1,1,0,1,1,156,156,143,142,24
"2386",85,"[15]HcHwGnJHqKHqaIJ",303,1,15,302,0,302,0,0,0,0,0,156,156,146,146,24
"2387",86,"[15]HcHwGnJHqKHqaIJ",299,1,15,298,0,298,0,0,0,0,0,147,147,151,151,24
"2388",87,"[15]HcHwGnJHqKHqaIJ",298,1,15,297,0,297,0,0,0,0,0,142,142,155,155,24
"2389",88,"[15]HcHwGnJHqKHqaIJ",305,1,15,304,0,304,0,0,0,0,0,173,173,131,131,24
"2390",89,"[15]HcHwGnJHqKHqaIJ",301,0.993421,15,304,2,302,2,2,0,2,2,170,170,134,132,24
"2391",90,"[15]HcHwGnJHqKHqaIJ",299,0.996667,15,300,1,299,1,1,0,1,1,160,160,140,139,24
"2392",91,"[15]HcHwGnJHqKHqaIJ",292,0.996587,15,293,1,292,1,1,0,1,1,139,139,154,153,24
"2393",92,"[15]HcHwGnJHqKHqaIJ",298,1,15,297,0,297,0,0,0,0,0,139,139,158,158,24
"2394",93,"[15]HcHwGnJHqKHqaIJ",307,1,15,306,0,306,0,0,0,0,0,155,155,151,151,24
"2395",94,"[15]HcHwGnJHqKHqaIJ",300,1,15,299,0,299,0,0,0,0,0,151,151,148,148,24
"2396",95,"[15]HcHwGnJHqKHqaIJ",305,1,15,304,0,304,0,0,0,0,0,146,146,158,158,24
"2397",96,"[15]HcHwGnJHqKHqaIJ",299,0.993377,15,302,2,300,2,2,0,2,2,146,146,156,154,24
"2398",97,"[15]HcHwGnJHqKHqaIJ",292,0.99322,15,295,2,293,2,2,0,2,2,140,140,155,153,24
"2399",98,"[15]HcHwGnJHqKHqaIJ",299,0.996667,15,300,1,299,1,1,0,1,1,156,156,144,143,24
"2400",99,"[15]HcHwGnJHqKHqaIJ",301,1,15,300,0,300,0,0,0,0,0,149,149,151,151,24
"2401",0,"[18]HBHwGnJHqKHqaIfJsm",297,0.996644,18,298,1,297,1,1,0,1,1,140,140,158,157,25
"2402",1,"[18]HBHwGnJHqKHqaIfJsm",293,0.996599,18,294,1,293,1,1,0,1,1,139,139,155,154,25
"2403",2,"[18]HBHwGnJHqKHqaIfJsm",297,0.996644,18,298,1,297,1,1,0,1,1,155,155,143,142,25
"2404",3,"[18]HBHwGnJHqKHqaIfJsm",290,0.993174,18,293,2,291,2,2,0,2,2,129,129,164,162,25
"2405",4,"[18]HBHwGnJHqKHqaIfJsm",303,1,18,302,0,302,0,0,0,0,0,166,166,136,136,25
"2406",5,"[18]HBHwGnJHqKHqaIfJsm",298,1,18,297,0,297,0,0,0,0,0,148,148,149,149,25
"2407",6,"[18]HBHwGnJHqKHqaIfJsm",301,1,18,300,0,300,0,0,0,0,0,151,151,149,149,25
"2408",7,"[18]HBHwGnJHqKHqaIfJsm",295,0.996622,18,296,1,295,1,1,0,1,1,152,152,144,143,25
"2409",8,"[18]HBHwGnJHqKHqaIfJsm",303,1,18,302,0,302,0,0,0,0,0,151,151,151,151,25
"2410",9,"[18]HBHwGnJHqKHqaIfJsm",297,0.996644,18,298,1,297,1,1,0,1,1,148,148,150,149,25
"2411",10,"[18]HBHwGnJHqKHqaIfJsm",299,1,18,298,0,298,0,0,0,0,0,135,135,163,163,25
"2412",11,"[18]HBHwGnJHqKHqaIfJsm",302,0.9967,18,303,1,302,1,1,0,1,1,155,155,148,147,25
"2413",12,"[18]HBHwGnJHqKHqaIfJsm",293,0.993243,18,296,2,294,2,2,0,2,2,161,161,135,133,25
"2414",13,"[18]HBHwGnJHqKHqaIfJsm",296,0.996633,18,297,1,296,1,1,0,1,1,144,144,153,152,25
"2415",14,"[18]HBHwGnJHqKHqaIfJsm",288,1,18,287,0,287,0,0,0,0,0,136,136,151,151,25
"2416",15,"[18]HBHwGnJHqKHqaIfJsm",305,1,18,304,0,304,0,0,0,0,0,172,172,132,132,25
"2417",16,"[18]HBHwGnJHqKHqaIfJsm",283,0.993007,18,286,2,284,2,2,0,2,2,130,130,156,154,25
"2418",17,"[18]HBHwGnJHqKHqaIfJsm",292,0.996587,18,293,1,292,1,1,0,1,1,144,144,149,148,25
"2419",18,"[18]HBHwGnJHqKHqaIfJsm",303,1,18,302,0,302,0,0,0,0,0,153,153,149,149,25
"2420",19,"[18]HBHwGnJHqKHqaIfJsm",285,0.986301,18,292,4,288,4,4,0,4,4,136,136,156,152,25
"2421",20,"[18]HBHwGnJHqKHqaIfJsm",301,1,18,300,0,300,0,0,0,0,0,152,152,148,148,25
"2422",21,"[18]HBHwGnJHqKHqaIfJsm",296,1,18,295,0,295,0,0,0,0,0,142,142,153,153,25
"2423",22,"[18]HBHwGnJHqKHqaIfJsm",296,1,18,295,0,295,0,0,0,0,0,139,139,156,156,25
"2424",23,"[18]HBHwGnJHqKHqaIfJsm",295,0.99,18,300,3,297,3,3,0,3,3,152,152,148,145,25
"2425",24,"[18]HBHwGnJHqKHqaIfJsm",299,0.996667,18,300,1,299,1,1,0,1,1,156,156,144,143,25
"2426",25,"[18]HBHwGnJHqKHqaIfJsm",294,1,18,293,0,293,0,0,0,0,0,140,140,153,153,25
"2427",26,"[18]HBHwGnJHqKHqaIfJsm",298,0.996656,18,299,1,298,1,1,0,1,1,145,145,154,153,25
"2428",27,"[18]HBHwGnJHqKHqaIfJsm",294,0.99661,18,295,1,294,1,1,0,1,1,147,147,148,147,25
"2429",28,"[18]HBHwGnJHqKHqaIfJsm",300,0.996678,18,301,1,300,1,1,0,1,1,150,150,151,150,25
"2430",29,"[18]HBHwGnJHqKHqaIfJsm",291,1,18,290,0,290,0,0,0,0,0,129,129,161,161,25
"2431",30,"[18]HBHwGnJHqKHqaIfJsm",298,0.996656,18,299,1,298,1,1,0,1,1,151,151,148,147,25
"2432",31,"[18]HBHwGnJHqKHqaIfJsm",304,1,18,303,0,303,0,0,0,0,0,147,147,156,156,25
"2433",32,"[18]HBHwGnJHqKHqaIfJsm",298,1,18,297,0,297,0,0,0,0,0,155,155,142,142,25
"2434",33,"[18]HBHwGnJHqKHqaIfJsm",297,1,18,296,0,296,0,0,0,0,0,154,154,142,142,25
"2435",34,"[18]HBHwGnJHqKHqaIfJsm",299,0.993377,18,302,2,300,2,2,0,2,2,149,149,153,151,25
"2436",35,"[18]HBHwGnJHqKHqaIfJsm",303,1,18,302,0,302,0,0,0,0,0,155,155,147,147,25
"2437",36,"[18]HBHwGnJHqKHqaIfJsm",299,0.996667,18,300,1,299,1,1,0,1,1,138,138,162,161,25
"2438",37,"[18]HBHwGnJHqKHqaIfJsm",294,0.99661,18,295,1,294,1,1,0,1,1,141,141,154,153,25
"2439",38,"[18]HBHwGnJHqKHqaIfJsm",295,1,18,294,0,294,0,0,0,0,0,143,143,151,151,25
"2440",39,"[18]HBHwGnJHqKHqaIfJsm",302,1,18,301,0,301,0,0,0,0,0,148,148,153,153,25
"2441",40,"[18]HBHwGnJHqKHqaIfJsm",293,1,18,292,0,292,0,0,0,0,0,132,132,160,160,25
"2442",41,"[18]HBHwGnJHqKHqaIfJsm",300,1,18,299,0,299,0,0,0,0,0,144,144,155,155,25
"2443",42,"[18]HBHwGnJHqKHqaIfJsm",307,1,18,306,0,306,0,0,0,0,0,155,155,151,151,25
"2444",43,"[18]HBHwGnJHqKHqaIfJsm",285,0.982993,18,294,5,289,5,5,0,5,5,153,153,141,136,25
"2445",44,"[18]HBHwGnJHqKHqaIfJsm",307,1,18,306,0,306,0,0,0,0,0,160,160,146,146,25
"2446",45,"[18]HBHwGnJHqKHqaIfJsm",308,1,18,307,0,307,0,0,0,0,0,157,157,150,150,25
"2447",46,"[18]HBHwGnJHqKHqaIfJsm",298,0.993355,18,301,2,299,2,2,0,2,2,150,150,151,149,25
"2448",47,"[18]HBHwGnJHqKHqaIfJsm",296,1,18,295,0,295,0,0,0,0,0,134,134,161,161,25
"2449",48,"[18]HBHwGnJHqKHqaIfJsm",286,0.99308,18,289,2,287,2,2,0,2,2,130,130,159,157,25
"2450",49,"[18]HBHwGnJHqKHqaIfJsm",300,1,18,299,0,299,0,0,0,0,0,141,141,158,158,25
"2451",50,"[18]HBHwGnJHqKHqaIfJsm",302,1,18,301,0,301,0,0,0,0,0,150,150,151,151,25
"2452",51,"[18]HBHwGnJHqKHqaIfJsm",292,1,18,291,0,291,0,0,0,0,0,141,141,150,150,25
"2453",52,"[18]HBHwGnJHqKHqaIfJsm",305,1,18,304,0,304,0,0,0,0,0,164,164,140,140,25
"2454",53,"[18]HBHwGnJHqKHqaIfJsm",285,0.993056,18,288,2,286,2,2,0,2,2,125,125,163,161,25
"2455",54,"[18]HBHwGnJHqKHqaIfJsm",297,0.993333,18,300,2,298,2,2,0,2,2,157,157,143,141,25
"2456",55,"[18]HBHwGnJHqKHqaIfJsm",302,0.9967,18,303,1,302,1,1,0,1,1,152,152,151,150,25
"2457",56,"[18]HBHwGnJHqKHqaIfJsm",299,1,18,298,0,298,0,0,0,0,0,149,149,149,149,25
"2458",57,"[18]HBHwGnJHqKHqaIfJsm",287,0.989726,18,292,3,289,3,3,0,3,3,142,142,150,147,25
"2459",58,"[18]HBHwGnJHqKHqaIfJsm",302,0.9967,18,303,1,302,1,1,0,1,1,157,157,146,145,25
"2460",59,"[18]HBHwGnJHqKHqaIfJsm",300,0.996678,18,301,1,300,1,1,0,1,1,157,157,144,143,25
"2461",60,"[18]HBHwGnJHqKHqaIfJsm",297,0.996644,18,298,1,297,1,1,0,1,1,153,153,145,144,25
"2462",61,"[18]HBHwGnJHqKHqaIfJsm",301,0.990196,18,306,3,303,3,3,0,3,3,169,169,137,134,25
"2463",62,"[18]HBHwGnJHqKHqaIfJsm",301,1,18,300,0,300,0,0,0,0,0,155,155,145,145,25
"2464",63,"[18]HBHwGnJHqKHqaIfJsm",296,1,18,295,0,295,0,0,0,0,0,136,136,159,159,25
"2465",64,"[18]HBHwGnJHqKHqaIfJsm",303,1,18,302,0,302,0,0,0,0,0,159,159,143,143,25
"2466",65,"[18]HBHwGnJHqKHqaIfJsm",294,0.989967,18,299,3,296,3,3,0,3,3,151,151,148,145,25
"2467",66,"[18]HBHwGnJHqKHqaIfJsm",300,1,18,299,0,299,0,0,0,0,0,142,142,157,157,25
"2468",67,"[18]HBHwGnJHqKHqaIfJsm",299,1,18,298,0,298,0,0,0,0,0,151,151,147,147,25
"2469",68,"[18]HBHwGnJHqKHqaIfJsm",293,0.989933,18,298,3,295,3,3,0,3,3,145,145,153,150,25
"2470",69,"[18]HBHwGnJHqKHqaIfJsm",275,0.979021,18,286,6,280,6,6,0,6,6,136,136,150,144,25
"2471",70,"[18]HBHwGnJHqKHqaIfJsm",286,0.979798,18,297,6,291,6,6,0,6,6,155,155,142,136,25
"2472",71,"[18]HBHwGnJHqKHqaIfJsm",296,0.996633,18,297,1,296,1,1,0,1,1,139,139,158,157,25
"2473",72,"[18]HBHwGnJHqKHqaIfJsm",295,0.996622,18,296,1,295,1,1,0,1,1,144,144,152,151,25
"2474",73,"[18]HBHwGnJHqKHqaIfJsm",296,0.996633,18,297,1,296,1,1,0,1,1,150,150,147,146,25
"2475",74,"[18]HBHwGnJHqKHqaIfJsm",296,1,18,295,0,295,0,0,0,0,0,142,142,153,153,25
"2476",75,"[18]HBHwGnJHqKHqaIfJsm",286,0.989691,18,291,3,288,3,3,0,3,3,140,140,151,148,25
"2477",76,"[18]HBHwGnJHqKHqaIfJsm",294,1,18,293,0,293,0,0,0,0,0,142,142,151,151,25
"2478",77,"[18]HBHwGnJHqKHqaIfJsm",298,0.996656,18,299,1,298,1,1,0,1,1,157,157,142,141,25
"2479",78,"[18]HBHwGnJHqKHqaIfJsm",291,0.993197,18,294,2,292,2,2,0,2,2,150,150,144,142,25
"2480",79,"[18]HBHwGnJHqKHqaIfJsm",305,0.996732,18,306,1,305,1,1,0,1,1,166,166,140,139,25
"2481",80,"[18]HBHwGnJHqKHqaIfJsm",300,1,18,299,0,299,0,0,0,0,0,146,146,153,153,25
"2482",81,"[18]HBHwGnJHqKHqaIfJsm",294,0.993266,18,297,2,295,2,2,0,2,2,142,142,155,153,25
"2483",82,"[18]HBHwGnJHqKHqaIfJsm",305,1,18,304,0,304,0,0,0,0,0,149,149,155,155,25
"2484",83,"[18]HBHwGnJHqKHqaIfJsm",290,1,18,289,0,289,0,0,0,0,0,128,128,161,161,25
"2485",84,"[18]HBHwGnJHqKHqaIfJsm",294,0.989967,18,299,3,296,3,3,0,3,3,149,149,150,147,25
"2486",85,"[18]HBHwGnJHqKHqaIfJsm",300,0.996678,18,301,1,300,1,1,0,1,1,157,157,144,143,25
"2487",86,"[18]HBHwGnJHqKHqaIfJsm",284,0.986254,18,291,4,287,4,4,0,4,4,147,147,144,140,25
"2488",87,"[18]HBHwGnJHqKHqaIfJsm",310,1,18,309,0,309,0,0,0,0,0,162,162,147,147,25
"2489",88,"[18]HBHwGnJHqKHqaIfJsm",296,0.996633,18,297,1,296,1,1,0,1,1,155,155,142,141,25
"2490",89,"[18]HBHwGnJHqKHqaIfJsm",307,1,18,306,0,306,0,0,0,0,0,159,159,147,147,25
"2491",90,"[18]HBHwGnJHqKHqaIfJsm",289,0.993151,18,292,2,290,2,2,0,2,2,144,144,148,146,25
"2492",91,"[18]HBHwGnJHqKHqaIfJsm",300,1,18,299,0,299,0,0,0,0,0,146,146,153,153,25
"2493",92,"[18]HBHwGnJHqKHqaIfJsm",300,1,18,299,0,299,0,0,0,0,0,141,141,158,158,25
"2494",93,"[18]HBHwGnJHqKHqaIfJsm",310,1,18,309,0,309,0,0,0,0,0,159,159,150,150,25
"2495",94,"[18]HBHwGnJHqKHqaIfJsm",299,1,18,298,0,298,0,0,0,0,0,149,149,149,149,25
"2496",95,"[18]HBHwGnJHqKHqaIfJsm",276,0.982456,18,285,5,280,5,5,0,5,5,136,136,149,144,25
"2497",96,"[18]HBHwGnJHqKHqaIfJsm",303,1,18,302,0,302,0,0,0,0,0,159,159,143,143,25
"2498",97,"[18]HBHwGnJHqKHqaIfJsm",296,1,18,295,0,295,0,0,0,0,0,142,142,153,153,25
"2499",98,"[18]HBHwGnJHqKHqaIfJsm",309,0.996774,18,310,1,309,1,1,0,1,1,180,180,130,129,25
"2500",99,"[18]HBHwGnJHqKHqaIfJsm",282,0.979522,18,293,6,287,6,6,0,6,6,148,148,145,139,25
"2501",0,"[17]HBHsGnJHqKHqazIoJ",303,0.996711,17,304,1,303,1,1,0,1,1,166,166,138,137,26
"2502",1,"[17]HBHsGnJHqKHqazIoJ",284,0.979661,17,295,6,289,6,6,0,6,6,155,155,140,134,26
"2503",2,"[17]HBHsGnJHqKHqazIoJ",303,0.996711,17,304,1,303,1,1,0,1,1,150,150,154,153,26
"2504",3,"[17]HBHsGnJHqKHqazIoJ",296,1,17,295,0,295,0,0,0,0,0,142,142,153,153,26
"2505",4,"[17]HBHsGnJHqKHqazIoJ",295,1,17,294,0,294,0,0,0,0,0,136,136,158,158,26
"2506",5,"[17]HBHsGnJHqKHqazIoJ",293,1,17,292,0,292,0,0,0,0,0,137,137,155,155,26
"2507",6,"[17]HBHsGnJHqKHqazIoJ",297,0.996644,17,298,1,297,1,1,0,1,1,141,141,157,156,26
"2508",7,"[17]HBHsGnJHqKHqazIoJ",293,1,17,292,0,292,0,0,0,0,0,128,128,164,164,26
"2509",8,"[17]HBHsGnJHqKHqazIoJ",286,0.99308,17,289,2,287,2,2,0,2,2,131,131,158,156,26
"2510",9,"[17]HBHsGnJHqKHqazIoJ",291,0.996575,17,292,1,291,1,1,0,1,1,138,138,154,153,26
"2511",10,"[17]HBHsGnJHqKHqazIoJ",305,1,17,304,0,304,0,0,0,0,0,143,143,161,161,26
"2512",11,"[17]HBHsGnJHqKHqazIoJ",294,0.993266,17,297,2,295,2,2,0,2,2,140,140,157,155,26
"2513",12,"[17]HBHsGnJHqKHqazIoJ",292,0.989899,17,297,3,294,3,3,0,3,3,157,157,140,137,26
"2514",13,"[17]HBHsGnJHqKHqazIoJ",294,1,17,293,0,293,0,0,0,0,0,127,127,166,166,26
"2515",14,"[17]HBHsGnJHqKHqazIoJ",301,1,17,300,0,300,0,0,0,0,0,148,148,152,152,26
"2516",15,"[17]HBHsGnJHqKHqazIoJ",294,0.99661,17,295,1,294,1,1,0,1,1,138,138,157,156,26
"2517",16,"[17]HBHsGnJHqKHqazIoJ",297,1,17,296,0,296,0,0,0,0,0,131,131,165,165,26
"2518",17,"[17]HBHsGnJHqKHqazIoJ",291,0.993197,17,294,2,292,2,2,0,2,2,139,139,155,153,26
"2519",18,"[17]HBHsGnJHqKHqazIoJ",297,1,17,296,0,296,0,0,0,0,0,144,144,152,152,26
"2520",19,"[17]HBHsGnJHqKHqazIoJ",293,0.989933,17,298,3,295,3,3,0,3,3,148,148,150,147,26
"2521",20,"[17]HBHsGnJHqKHqazIoJ",291,0.989865,17,296,3,293,3,3,0,3,3,152,152,144,141,26
"2522",21,"[17]HBHsGnJHqKHqazIoJ",301,1,17,300,0,300,0,0,0,0,0,139,139,161,161,26
"2523",22,"[17]HBHsGnJHqKHqazIoJ",289,0.993151,17,292,2,290,2,2,0,2,2,140,140,152,150,26
"2524",23,"[17]HBHsGnJHqKHqazIoJ",292,1,17,291,0,291,0,0,0,0,0,140,140,151,151,26
"2525",24,"[17]HBHsGnJHqKHqazIoJ",299,0.996667,17,300,1,299,1,1,0,1,1,147,147,153,152,26
"2526",25,"[17]HBHsGnJHqKHqazIoJ",287,0.979866,17,298,6,292,6,6,0,6,6,153,153,145,139,26
"2527",26,"[17]HBHsGnJHqKHqazIoJ",300,1,17,299,0,299,0,0,0,0,0,145,145,154,154,26
"2528",27,"[17]HBHsGnJHqKHqazIoJ",297,1,17,296,0,296,0,0,0,0,0,145,145,151,151,26
"2529",28,"[17]HBHsGnJHqKHqazIoJ",297,0.996644,17,298,1,297,1,1,0,1,1,152,152,146,145,26
"2530",29,"[17]HBHsGnJHqKHqazIoJ",297,1,17,296,0,296,0,0,0,0,0,150,150,146,146,26
"2531",30,"[17]HBHsGnJHqKHqazIoJ",303,1,17,302,0,302,0,0,0,0,0,169,169,133,133,26
"2532",31,"[17]HBHsGnJHqKHqazIoJ",290,0.986532,17,297,4,293,4,4,0,4,4,158,158,139,135,26
"2533",32,"[17]HBHsGnJHqKHqazIoJ",298,1,17,297,0,297,0,0,0,0,0,142,142,155,155,26
"2534",33,"[17]HBHsGnJHqKHqazIoJ",282,0.986159,17,289,4,285,4,4,0,4,4,140,140,149,145,26
"2535",34,"[17]HBHsGnJHqKHqazIoJ",297,0.993333,17,300,2,298,2,2,0,2,2,163,163,137,135,26
"2536",35,"[17]HBHsGnJHqKHqazIoJ",293,0.986667,17,300,4,296,4,4,0,4,4,148,148,152,148,26
"2537",36,"[17]HBHsGnJHqKHqazIoJ",296,0.993311,17,299,2,297,2,2,0,2,2,153,153,146,144,26
"2538",37,"[17]HBHsGnJHqKHqazIoJ",294,0.99661,17,295,1,294,1,1,0,1,1,140,140,155,154,26
"2539",38,"[17]HBHsGnJHqKHqazIoJ",302,1,17,301,0,301,0,0,0,0,0,153,153,148,148,26
"2540",39,"[17]HBHsGnJHqKHqazIoJ",295,1,17,294,0,294,0,0,0,0,0,145,145,149,149,26
"2541",40,"[17]HBHsGnJHqKHqazIoJ",301,1,17,300,0,300,0,0,0,0,0,168,168,132,132,26
"2542",41,"[17]HBHsGnJHqKHqazIoJ",295,0.996622,17,296,1,295,1,1,0,1,1,146,146,150,149,26
"2543",42,"[17]HBHsGnJHqKHqazIoJ",283,0.989583,17,288,3,285,3,3,0,3,3,136,136,152,149,26
"2544",43,"[17]HBHsGnJHqKHqazIoJ",297,1,17,296,0,296,0,0,0,0,0,159,159,137,137,26
"2545",44,"[17]HBHsGnJHqKHqazIoJ",291,0.996575,17,292,1,291,1,1,0,1,1,133,133,159,158,26
"2546",45,"[17]HBHsGnJHqKHqazIoJ",286,1,17,285,0,285,0,0,0,0,0,117,117,168,168,26
"2547",46,"[17]HBHsGnJHqKHqazIoJ",300,1,17,299,0,299,0,0,0,0,0,143,143,156,156,26
"2548",47,"[17]HBHsGnJHqKHqazIoJ",304,1,17,303,0,303,0,0,0,0,0,154,154,149,149,26
"2549",48,"[17]HBHsGnJHqKHqazIoJ",296,0.996633,17,297,1,296,1,1,0,1,1,144,144,153,152,26
"2550",49,"[17]HBHsGnJHqKHqazIoJ",289,0.993151,17,292,2,290,2,2,0,2,2,138,138,154,152,26
"2551",50,"[17]HBHsGnJHqKHqazIoJ",301,0.996689,17,302,1,301,1,1,0,1,1,153,153,149,148,26
"2552",51,"[17]HBHsGnJHqKHqazIoJ",295,1,17,294,0,294,0,0,0,0,0,137,137,157,157,26
"2553",52,"[17]HBHsGnJHqKHqazIoJ",291,0.996575,17,292,1,291,1,1,0,1,1,136,136,156,155,26
"2554",53,"[17]HBHsGnJHqKHqazIoJ",297,0.996644,17,298,1,297,1,1,0,1,1,159,159,139,138,26
"2555",54,"[17]HBHsGnJHqKHqazIoJ",306,1,17,305,0,305,0,0,0,0,0,163,163,142,142,26
"2556",55,"[17]HBHsGnJHqKHqazIoJ",298,1,17,297,0,297,0,0,0,0,0,139,139,158,158,26
"2557",56,"[17]HBHsGnJHqKHqazIoJ",301,1,17,300,0,300,0,0,0,0,0,154,154,146,146,26
"2558",57,"[17]HBHsGnJHqKHqazIoJ",309,1,17,308,0,308,0,0,0,0,0,157,157,151,151,26
"2559",58,"[17]HBHsGnJHqKHqazIoJ",287,0.986395,17,294,4,290,4,4,0,4,4,153,153,141,137,26
"2560",59,"[17]HBHsGnJHqKHqazIoJ",294,0.989967,17,299,3,296,3,3,0,3,3,149,149,150,147,26
"2561",60,"[17]HBHsGnJHqKHqazIoJ",305,1,17,304,0,304,0,0,0,0,0,147,147,157,157,26
"2562",61,"[17]HBHsGnJHqKHqazIoJ",295,0.996622,17,296,1,295,1,1,0,1,1,143,143,153,152,26
"2563",62,"[17]HBHsGnJHqKHqazIoJ",301,1,17,300,0,300,0,0,0,0,0,146,146,154,154,26
"2564",63,"[17]HBHsGnJHqKHqazIoJ",301,1,17,300,0,300,0,0,0,0,0,148,148,152,152,26
"2565",64,"[17]HBHsGnJHqKHqazIoJ",291,0.986577,17,298,4,294,4,4,0,4,4,157,157,141,137,26
"2566",65,"[17]HBHsGnJHqKHqazIoJ",286,0.983051,17,295,5,290,5,5,0,5,5,156,156,139,134,26
"2567",66,"[17]HBHsGnJHqKHqazIoJ",300,0.996678,17,301,1,300,1,1,0,1,1,154,154,147,146,26
"2568",67,"[17]HBHsGnJHqKHqazIoJ",303,1,17,302,0,302,0,0,0,0,0,145,145,157,157,26
"2569",68,"[17]HBHsGnJHqKHqazIoJ",300,1,17,299,0,299,0,0,0,0,0,144,144,155,155,26
"2570",69,"[17]HBHsGnJHqKHqazIoJ",289,0.996552,17,290,1,289,1,1,0,1,1,144,144,146,145,26
"2571",70,"[17]HBHsGnJHqKHqazIoJ",298,0.996656,17,299,1,298,1,1,0,1,1,150,150,149,148,26
"2572",71,"[17]HBHsGnJHqKHqazIoJ",292,0.996587,17,293,1,292,1,1,0,1,1,131,131,162,161,26
"2573",72,"[17]HBHsGnJHqKHqazIoJ",304,1,17,303,0,303,0,0,0,0,0,154,154,149,149,26
"2574",73,"[17]HBHsGnJHqKHqazIoJ",306,1,17,305,0,305,0,0,0,0,0,160,160,145,145,26
"2575",74,"[17]HBHsGnJHqKHqazIoJ",295,1,17,294,0,294,0,0,0,0,0,141,141,153,153,26
"2576",75,"[17]HBHsGnJHqKHqazIoJ",290,0.996564,17,291,1,290,1,1,0,1,1,139,139,152,151,26
"2577",76,"[17]HBHsGnJHqKHqazIoJ",297,1,17,296,0,296,0,0,0,0,0,144,144,152,152,26
"2578",77,"[17]HBHsGnJHqKHqazIoJ",301,1,17,300,0,300,0,0,0,0,0,143,143,157,157,26
"2579",78,"[17]HBHsGnJHqKHqazIoJ",292,0.996587,17,293,1,292,1,1,0,1,1,138,138,155,154,26
"2580",79,"[17]HBHsGnJHqKHqazIoJ",296,1,17,295,0,295,0,0,0,0,0,136,136,159,159,26
"2581",80,"[17]HBHsGnJHqKHqazIoJ",296,1,17,295,0,295,0,0,0,0,0,140,140,155,155,26
"2582",81,"[17]HBHsGnJHqKHqazIoJ",291,0.993197,17,294,2,292,2,2,0,2,2,140,140,154,152,26
"2583",82,"[17]HBHsGnJHqKHqazIoJ",305,1,17,304,0,304,0,0,0,0,0,159,159,145,145,26
"2584",83,"[17]HBHsGnJHqKHqazIoJ",302,0.9967,17,303,1,302,1,1,0,1,1,153,153,150,149,26
"2585",84,"[17]HBHsGnJHqKHqazIoJ",298,0.996656,17,299,1,298,1,1,0,1,1,150,150,149,148,26
"2586",85,"[17]HBHsGnJHqKHqazIoJ",295,0.993289,17,298,2,296,2,2,0,2,2,153,153,145,143,26
"2587",86,"[17]HBHsGnJHqKHqazIoJ",299,1,17,298,0,298,0,0,0,0,0,141,141,157,157,26
"2588",87,"[17]HBHsGnJHqKHqazIoJ",293,0.996599,17,294,1,293,1,1,0,1,1,150,150,144,143,26
"2589",88,"[17]HBHsGnJHqKHqazIoJ",297,1,17,296,0,296,0,0,0,0,0,136,136,160,160,26
"2590",89,"[17]HBHsGnJHqKHqazIoJ",296,1,17,295,0,295,0,0,0,0,0,143,143,152,152,26
"2591",90,"[17]HBHsGnJHqKHqazIoJ",289,0.989796,17,294,3,291,3,3,0,3,3,137,137,157,154,26
"2592",91,"[17]HBHsGnJHqKHqazIoJ",303,1,17,302,0,302,0,0,0,0,0,154,154,148,148,26
"2593",92,"[17]HBHsGnJHqKHqazIoJ",305,0.996732,17,306,1,305,1,1,0,1,1,159,159,147,146,26
"2594",93,"[17]HBHsGnJHqKHqazIoJ",302,0.9967,17,303,1,302,1,1,0,1,1,159,159,144,143,26
"2595",94,"[17]HBHsGnJHqKHqazIoJ",293,0.996599,17,294,1,293,1,1,0,1,1,144,144,150,149,26
"2596",95,"[17]HBHsGnJHqKHqazIoJ",302,1,17,301,0,301,0,0,0,0,0,154,154,147,147,26
"2597",96,"[17]HBHsGnJHqKHqazIoJ",293,0.996599,17,294,1,293,1,1,0,1,1,140,140,154,153,26
"2598",97,"[17]HBHsGnJHqKHqazIoJ",310,1,17,309,0,309,0,0,0,0,0,158,158,151,151,26
"2599",98,"[17]HBHsGnJHqKHqazIoJ",291,0.996575,17,292,1,291,1,1,0,1,1,142,142,150,149,26
"2600",99,"[17]HBHsGnJHqKHqazIoJ",297,0.996644,17,298,1,297,1,1,0,1,1,152,152,146,145,26
"2601",0,"[17]HBHtGnJHqKHqaIuJf",293,0.986667,17,300,4,296,4,4,0,4,4,156,156,144,140,27
"2602",1,"[17]HBHtGnJHqKHqaIuJf",303,1,17,302,0,302,0,0,0,0,0,152,152,150,150,27
"2603",2,"[17]HBHtGnJHqKHqaIuJf",291,0.993197,17,294,2,292,2,2,0,2,2,138,138,156,154,27
"2604",3,"[17]HBHtGnJHqKHqaIuJf",298,1,17,297,0,297,0,0,0,0,0,156,156,141,141,27
"2605",4,"[17]HBHtGnJHqKHqaIuJf",307,1,17,306,0,306,0,0,0,0,0,160,160,146,146,27
"2606",5,"[17]HBHtGnJHqKHqaIuJf",291,0.996575,17,292,1,291,1,1,0,1,1,131,131,161,160,27
"2607",6,"[17]HBHtGnJHqKHqaIuJf",302,1,17,301,0,301,0,0,0,0,0,155,155,146,146,27
"2608",7,"[17]HBHtGnJHqKHqaIuJf",296,0.993311,17,299,2,297,2,2,0,2,2,155,155,144,142,27
"2609",8,"[17]HBHtGnJHqKHqaIuJf",295,1,17,294,0,294,0,0,0,0,0,130,130,164,164,27
"2610",9,"[17]HBHtGnJHqKHqaIuJf",299,0.993377,17,302,2,300,2,2,0,2,2,159,159,143,141,27
"2611",10,"[17]HBHtGnJHqKHqaIuJf",297,0.993333,17,300,2,298,2,2,0,2,2,153,153,147,145,27
"2612",11,"[17]HBHtGnJHqKHqaIuJf",303,0.996711,17,304,1,303,1,1,0,1,1,158,158,146,145,27
"2613",12,"[17]HBHtGnJHqKHqaIuJf",296,0.996633,17,297,1,296,1,1,0,1,1,134,134,163,162,27
"2614",13,"[17]HBHtGnJHqKHqaIuJf",299,0.996667,17,300,1,299,1,1,0,1,1,151,151,149,148,27
"2615",14,"[17]HBHtGnJHqKHqaIuJf",307,1,17,306,0,306,0,0,0,0,0,167,167,139,139,27
"2616",15,"[17]HBHtGnJHqKHqaIuJf",304,1,17,303,0,303,0,0,0,0,0,162,162,141,141,27
"2617",16,"[17]HBHtGnJHqKHqaIuJf",299,1,17,298,0,298,0,0,0,0,0,154,154,144,144,27
"2618",17,"[17]HBHtGnJHqKHqaIuJf",294,1,17,293,0,293,0,0,0,0,0,147,147,146,146,27
"2619",18,"[17]HBHtGnJHqKHqaIuJf",287,0.989726,17,292,3,289,3,3,0,3,3,144,144,148,145,27
"2620",19,"[17]HBHtGnJHqKHqaIuJf",289,0.996552,17,290,1,289,1,1,0,1,1,145,145,145,144,27
"2621",20,"[17]HBHtGnJHqKHqaIuJf",300,1,17,299,0,299,0,0,0,0,0,158,158,141,141,27
"2622",21,"[17]HBHtGnJHqKHqaIuJf",304,0.993485,17,307,2,305,2,2,0,2,2,154,154,153,151,27
"2623",22,"[17]HBHtGnJHqKHqaIuJf",302,0.9967,17,303,1,302,1,1,0,1,1,153,153,150,149,27
"2624",23,"[17]HBHtGnJHqKHqaIuJf",293,0.996599,17,294,1,293,1,1,0,1,1,146,146,148,147,27
"2625",24,"[17]HBHtGnJHqKHqaIuJf",295,0.99,17,300,3,297,3,3,0,3,3,153,153,147,144,27
"2626",25,"[17]HBHtGnJHqKHqaIuJf",295,1,17,294,0,294,0,0,0,0,0,137,137,157,157,27
"2627",26,"[17]HBHtGnJHqKHqaIuJf",291,1,17,290,0,290,0,0,0,0,0,137,137,153,153,27
"2628",27,"[17]HBHtGnJHqKHqaIuJf",304,1,17,303,0,303,0,0,0,0,0,162,162,141,141,27
"2629",28,"[17]HBHtGnJHqKHqaIuJf",295,0.996622,17,296,1,295,1,1,0,1,1,147,147,149,148,27
"2630",29,"[17]HBHtGnJHqKHqaIuJf",300,1,17,299,0,299,0,0,0,0,0,150,150,149,149,27
"2631",30,"[17]HBHtGnJHqKHqaIuJf",298,1,17,297,0,297,0,0,0,0,0,155,155,142,142,27
"2632",31,"[17]HBHtGnJHqKHqaIuJf",295,1,17,294,0,294,0,0,0,0,0,141,141,153,153,27
"2633",32,"[17]HBHtGnJHqKHqaIuJf",293,0.996599,17,294,1,293,1,1,0,1,1,140,140,154,153,27
"2634",33,"[17]HBHtGnJHqKHqaIuJf",304,1,17,303,0,303,0,0,0,0,0,148,148,155,155,27
"2635",34,"[17]HBHtGnJHqKHqaIuJf",302,1,17,301,0,301,0,0,0,0,0,144,144,157,157,27
"2636",35,"[17]HBHtGnJHqKHqaIuJf",300,1,17,299,0,299,0,0,0,0,0,144,144,155,155,27
"2637",36,"[17]HBHtGnJHqKHqaIuJf",303,0.996711,17,304,1,303,1,1,0,1,1,154,154,150,149,27
"2638",37,"[17]HBHtGnJHqKHqaIuJf",287,0.989726,17,292,3,289,3,3,0,3,3,131,131,161,158,27
"2639",38,"[17]HBHtGnJHqKHqaIuJf",298,1,17,297,0,297,0,0,0,0,0,147,147,150,150,27
"2640",39,"[17]HBHtGnJHqKHqaIuJf",300,1,17,299,0,299,0,0,0,0,0,149,149,150,150,27
"2641",40,"[17]HBHtGnJHqKHqaIuJf",292,0.99322,17,295,2,293,2,2,0,2,2,149,149,146,144,27
"2642",41,"[17]HBHtGnJHqKHqaIuJf",313,1,17,312,0,312,0,0,0,0,0,176,176,136,136,27
"2643",42,"[17]HBHtGnJHqKHqaIuJf",291,0.993197,17,294,2,292,2,2,0,2,2,135,135,159,157,27
"2644",43,"[17]HBHtGnJHqKHqaIuJf",293,0.996599,17,294,1,293,1,1,0,1,1,148,148,146,145,27
"2645",44,"[17]HBHtGnJHqKHqaIuJf",301,0.996689,17,302,1,301,1,1,0,1,1,163,163,139,138,27
"2646",45,"[17]HBHtGnJHqKHqaIuJf",295,0.99,17,300,3,297,3,3,0,3,3,152,152,148,145,27
"2647",46,"[17]HBHtGnJHqKHqaIuJf",291,0.993197,17,294,2,292,2,2,0,2,2,141,141,153,151,27
"2648",47,"[17]HBHtGnJHqKHqaIuJf",295,1,17,294,0,294,0,0,0,0,0,145,145,149,149,27
"2649",48,"[17]HBHtGnJHqKHqaIuJf",297,0.996644,17,298,1,297,1,1,0,1,1,153,153,145,144,27
"2650",49,"[17]HBHtGnJHqKHqaIuJf",303,0.993464,17,306,2,304,2,2,0,2,2,159,159,147,145,27
"2651",50,"[17]HBHtGnJHqKHqaIuJf",295,1,17,294,0,294,0,0,0,0,0,141,141,153,153,27
"2652",51,"[17]HBHtGnJHqKHqaIuJf",296,0.996633,17,297,1,296,1,1,0,1,1,143,143,154,153,27
"2653",52,"[17]HBHtGnJHqKHqaIuJf",295,1,17,294,0,294,0,0,0,0,0,140,140,154,154,27
"2654",53,"[17]HBHtGnJHqKHqaIuJf",295,0.993289,17,298,2,296,2,2,0,2,2,147,147,151,149,27
"2655",54,"[17]HBHtGnJHqKHqaIuJf",296,0.996633,17,297,1,296,1,1,0,1,1,147,147,150,149,27
"2656",55,"[17]HBHtGnJHqKHqaIuJf",301,1,17,300,0,300,0,0,0,0,0,142,142,158,158,27
"2657",56,"[17]HBHtGnJHqKHqaIuJf",289,0.993151,17,292,2,290,2,2,0,2,2,160,160,132,130,27
"2658",57,"[17]HBHtGnJHqKHqaIuJf",293,0.993243,17,296,2,294,2,2,0,2,2,144,144,152,150,27
"2659",58,"[17]HBHtGnJHqKHqaIuJf",296,0.996633,17,297,1,296,1,1,0,1,1,137,137,160,159,27
"2660",59,"[17]HBHtGnJHqKHqaIuJf",296,0.996633,17,297,1,296,1,1,0,1,1,145,145,152,151,27
"2661",60,"[17]HBHtGnJHqKHqaIuJf",289,0.993151,17,292,2,290,2,2,0,2,2,135,135,157,155,27
"2662",61,"[17]HBHtGnJHqKHqaIuJf",296,1,17,295,0,295,0,0,0,0,0,138,138,157,157,27
"2663",62,"[17]HBHtGnJHqKHqaIuJf",286,0.989691,17,291,3,288,3,3,0,3,3,131,131,160,157,27
"2664",63,"[17]HBHtGnJHqKHqaIuJf",293,0.996599,17,294,1,293,1,1,0,1,1,137,137,157,156,27
"2665",64,"[17]HBHtGnJHqKHqaIuJf",288,0.986441,17,295,4,291,4,4,0,4,4,150,150,145,141,27
"2666",65,"[17]HBHtGnJHqKHqaIuJf",303,1,17,302,0,302,0,0,0,0,0,157,157,145,145,27
"2667",66,"[17]HBHtGnJHqKHqaIuJf",304,1,17,303,0,303,0,0,0,0,0,161,161,142,142,27
"2668",67,"[17]HBHtGnJHqKHqaIuJf",300,0.996678,17,301,1,300,1,1,0,1,1,157,157,144,143,27
"2669",68,"[17]HBHtGnJHqKHqaIuJf",297,1,17,296,0,296,0,0,0,0,0,136,136,160,160,27
"2670",69,"[17]HBHtGnJHqKHqaIuJf",303,1,17,302,0,302,0,0,0,0,0,159,159,143,143,27
"2671",70,"[17]HBHtGnJHqKHqaIuJf",303,1,17,302,0,302,0,0,0,0,0,162,162,140,140,27
"2672",71,"[17]HBHtGnJHqKHqaIuJf",300,1,17,299,0,299,0,0,0,0,0,154,154,145,145,27
"2673",72,"[17]HBHtGnJHqKHqaIuJf",304,1,17,303,0,303,0,0,0,0,0,168,168,135,135,27
"2674",73,"[17]HBHtGnJHqKHqaIuJf",297,0.996644,17,298,1,297,1,1,0,1,1,145,145,153,152,27
"2675",74,"[17]HBHtGnJHqKHqaIuJf",309,1,17,308,0,308,0,0,0,0,0,169,169,139,139,27
"2676",75,"[17]HBHtGnJHqKHqaIuJf",300,1,17,299,0,299,0,0,0,0,0,143,143,156,156,27
"2677",76,"[17]HBHtGnJHqKHqaIuJf",306,1,17,305,0,305,0,0,0,0,0,165,165,140,140,27
"2678",77,"[17]HBHtGnJHqKHqaIuJf",299,1,17,298,0,298,0,0,0,0,0,144,144,154,154,27
"2679",78,"[17]HBHtGnJHqKHqaIuJf",298,1,17,297,0,297,0,0,0,0,0,141,141,156,156,27
"2680",79,"[17]HBHtGnJHqKHqaIuJf",297,0.993333,17,300,2,298,2,2,0,2,2,159,159,141,139,27
"2681",80,"[17]HBHtGnJHqKHqaIuJf",287,0.996528,17,288,1,287,1,1,0,1,1,126,126,162,161,27
"2682",81,"[17]HBHtGnJHqKHqaIuJf",293,1,17,292,0,292,0,0,0,0,0,136,136,156,156,27
"2683",82,"[17]HBHtGnJHqKHqaIuJf",303,1,17,302,0,302,0,0,0,0,0,155,155,147,147,27
"2684",83,"[17]HBHtGnJHqKHqaIuJf",298,1,17,297,0,297,0,0,0,0,0,158,158,139,139,27
"2685",84,"[17]HBHtGnJHqKHqaIuJf",297,1,17,296,0,296,0,0,0,0,0,146,146,150,150,27
"2686",85,"[17]HBHtGnJHqKHqaIuJf",300,1,17,299,0,299,0,0,0,0,0,151,151,148,148,27
"2687",86,"[17]HBHtGnJHqKHqaIuJf",297,0.986842,17,304,4,300,4,4,0,4,4,157,157,147,143,27
"2688",87,"[17]HBHtGnJHqKHqaIuJf",302,1,17,301,0,301,0,0,0,0,0,152,152,149,149,27
"2689",88,"[17]HBHtGnJHqKHqaIuJf",303,1,17,302,0,302,0,0,0,0,0,162,162,140,140,27
"2690",89,"[17]HBHtGnJHqKHqaIuJf",302,0.9967,17,303,1,302,1,1,0,1,1,157,157,146,145,27
"2691",90,"[17]HBHtGnJHqKHqaIuJf",295,1,17,294,0,294,0,0,0,0,0,141,141,153,153,27
"2692",91,"[17]HBHtGnJHqKHqaIuJf",286,0.989691,17,291,3,288,3,3,0,3,3,150,150,141,138,27
"2693",92,"[17]HBHtGnJHqKHqaIuJf",287,0.986395,17,294,4,290,4,4,0,4,4,147,147,147,143,27
"2694",93,"[17]HBHtGnJHqKHqaIuJf",285,0.986301,17,292,4,288,4,4,0,4,4,144,144,148,144,27
"2695",94,"[17]HBHtGnJHqKHqaIuJf",302,1,17,301,0,301,0,0,0,0,0,146,146,155,155,27
"2696",95,"[17]HBHtGnJHqKHqaIuJf",291,0.989865,17,296,3,293,3,3,0,3,3,154,154,142,139,27
"2697",96,"[17]HBHtGnJHqKHqaIuJf",302,1,17,301,0,301,0,0,0,0,0,153,153,148,148,27
"2698",97,"[17]HBHtGnJHqKHqaIuJf",302,1,17,301,0,301,0,0,0,0,0,152,152,149,149,27
"2699",98,"[17]HBHtGnJHqKHqaIuJf",290,0.986532,17,297,4,293,4,4,0,4,4,161,161,136,132,27
"2700",99,"[17]HBHtGnJHqKHqaIuJf",303,1,17,302,0,302,0,0,0,0,0,149,149,153,153,27
"2701",0,"[19]HciHwGnJHqKHqaIvEtJ",298,0.996656,19,299,1,298,1,1,0,1,1,159,159,140,139,28
"2702",1,"[19]HciHwGnJHqKHqaIvEtJ",298,1,19,297,0,297,0,0,0,0,0,149,149,148,148,28
"2703",2,"[19]HciHwGnJHqKHqaIvEtJ",305,1,19,304,0,304,0,0,0,0,0,154,154,150,150,28
"2704",3,"[19]HciHwGnJHqKHqaIvEtJ",284,0.982935,19,293,5,288,5,5,0,5,5,145,145,148,143,28
"2705",4,"[19]HciHwGnJHqKHqaIvEtJ",303,1,19,302,0,302,0,0,0,0,0,146,146,156,156,28
"2706",5,"[19]HciHwGnJHqKHqaIvEtJ",287,0.989726,19,292,3,289,3,3,0,3,3,136,136,156,153,28
"2707",6,"[19]HciHwGnJHqKHqaIvEtJ",302,0.9967,19,303,1,302,1,1,0,1,1,148,148,155,154,28
"2708",7,"[19]HciHwGnJHqKHqaIvEtJ",310,1,19,309,0,309,0,0,0,0,0,166,166,143,143,28
"2709",8,"[19]HciHwGnJHqKHqaIvEtJ",294,1,19,293,0,293,0,0,0,0,0,145,145,148,148,28
"2710",9,"[19]HciHwGnJHqKHqaIvEtJ",274,0.989247,19,279,3,276,3,3,0,3,3,115,115,164,161,28
"2711",10,"[19]HciHwGnJHqKHqaIvEtJ",302,1,19,301,0,301,0,0,0,0,0,155,155,146,146,28
"2712",11,"[19]HciHwGnJHqKHqaIvEtJ",308,0.996764,19,309,1,308,1,1,0,1,1,167,167,142,141,28
"2713",12,"[19]HciHwGnJHqKHqaIvEtJ",290,0.993174,19,293,2,291,2,2,0,2,2,148,148,145,143,28
"2714",13,"[19]HciHwGnJHqKHqaIvEtJ",297,1,19,296,0,296,0,0,0,0,0,156,156,140,140,28
"2715",14,"[19]HciHwGnJHqKHqaIvEtJ",299,1,19,298,0,298,0,0,0,0,0,146,146,152,152,28
"2716",15,"[19]HciHwGnJHqKHqaIvEtJ",296,1,19,295,0,295,0,0,0,0,0,133,133,162,162,28
"2717",16,"[19]HciHwGnJHqKHqaIvEtJ",293,1,19,292,0,292,0,0,0,0,0,146,146,146,146,28
"2718",17,"[19]HciHwGnJHqKHqaIvEtJ",303,0.996711,19,304,1,303,1,1,0,1,1,154,154,150,149,28
"2719",18,"[19]HciHwGnJHqKHqaIvEtJ",309,1,19,308,0,308,0,0,0,0,0,145,145,163,163,28
"2720",19,"[19]HciHwGnJHqKHqaIvEtJ",286,0.986348,19,293,4,289,4,4,0,4,4,146,146,147,143,28
"2721",20,"[19]HciHwGnJHqKHqaIvEtJ",291,0.996575,19,292,1,291,1,1,0,1,1,153,153,139,138,28
"2722",21,"[19]HciHwGnJHqKHqaIvEtJ",309,1,19,308,0,308,0,0,0,0,0,168,168,140,140,28
"2723",22,"[19]HciHwGnJHqKHqaIvEtJ",294,0.99661,19,295,1,294,1,1,0,1,1,144,144,151,150,28
"2724",23,"[19]HciHwGnJHqKHqaIvEtJ",306,0.996743,19,307,1,306,1,1,0,1,1,176,176,131,130,28
"2725",24,"[19]HciHwGnJHqKHqaIvEtJ",295,1,19,294,0,294,0,0,0,0,0,137,137,157,157,28
"2726",25,"[19]HciHwGnJHqKHqaIvEtJ",284,0.993031,19,287,2,285,2,2,0,2,2,128,128,159,157,28
"2727",26,"[19]HciHwGnJHqKHqaIvEtJ",287,0.989726,19,292,3,289,3,3,0,3,3,141,141,151,148,28
"2728",27,"[19]HciHwGnJHqKHqaIvEtJ",304,0.993485,19,307,2,305,2,2,0,2,2,165,165,142,140,28
"2729",28,"[19]HciHwGnJHqKHqaIvEtJ",300,1,19,299,0,299,0,0,0,0,0,144,144,155,155,28
"2730",29,"[19]HciHwGnJHqKHqaIvEtJ",302,1,19,301,0,301,0,0,0,0,0,147,147,154,154,28
"2731",30,"[19]HciHwGnJHqKHqaIvEtJ",306,1,19,305,0,305,0,0,0,0,0,167,167,138,138,28
"2732",31,"[19]HciHwGnJHqKHqaIvEtJ",304,1,19,303,0,303,0,0,0,0,0,141,141,162,162,28
"2733",32,"[19]HciHwGnJHqKHqaIvEtJ",294,0.989967,19,299,3,296,3,3,0,3,3,149,149,150,147,28
"2734",33,"[19]HciHwGnJHqKHqaIvEtJ",285,0.97973,19,296,6,290,6,6,0,6,6,152,152,144,138,28
"2735",34,"[19]HciHwGnJHqKHqaIvEtJ",295,1,19,294,0,294,0,0,0,0,0,150,150,144,144,28
"2736",35,"[19]HciHwGnJHqKHqaIvEtJ",305,1,19,304,0,304,0,0,0,0,0,151,151,153,153,28
"2737",36,"[19]HciHwGnJHqKHqaIvEtJ",290,0.993174,19,293,2,291,2,2,0,2,2,149,149,144,142,28
"2738",37,"[19]HciHwGnJHqKHqaIvEtJ",290,0.993174,19,293,2,291,2,2,0,2,2,138,138,155,153,28
"2739",38,"[19]HciHwGnJHqKHqaIvEtJ",304,1,19,303,0,303,0,0,0,0,0,159,159,144,144,28
"2740",39,"[19]HciHwGnJHqKHqaIvEtJ",290,0.989831,19,295,3,292,3,3,0,3,3,151,151,144,141,28
"2741",40,"[19]HciHwGnJHqKHqaIvEtJ",301,1,19,300,0,300,0,0,0,0,0,150,150,150,150,28
"2742",41,"[19]HciHwGnJHqKHqaIvEtJ",283,0.989583,19,288,3,285,3,3,0,3,3,139,139,149,146,28
"2743",42,"[19]HciHwGnJHqKHqaIvEtJ",293,0.996599,19,294,1,293,1,1,0,1,1,148,148,146,145,28
"2744",43,"[19]HciHwGnJHqKHqaIvEtJ",297,1,19,296,0,296,0,0,0,0,0,141,141,155,155,28
"2745",44,"[19]HciHwGnJHqKHqaIvEtJ",299,0.993377,19,302,2,300,2,2,0,2,2,163,163,139,137,28
"2746",45,"[19]HciHwGnJHqKHqaIvEtJ",290,0.986532,19,297,4,293,4,4,0,4,4,152,152,145,141,28
"2747",46,"[19]HciHwGnJHqKHqaIvEtJ",302,1,19,301,0,301,0,0,0,0,0,154,154,147,147,28
"2748",47,"[19]HciHwGnJHqKHqaIvEtJ",296,0.996633,19,297,1,296,1,1,0,1,1,154,154,143,142,28
"2749",48,"[19]HciHwGnJHqKHqaIvEtJ",289,0.993151,19,292,2,290,2,2,0,2,2,143,143,149,147,28
"2750",49,"[19]HciHwGnJHqKHqaIvEtJ",299,0.996667,19,300,1,299,1,1,0,1,1,161,161,139,138,28
"2751",50,"[19]HciHwGnJHqKHqaIvEtJ",305,1,19,304,0,304,0,0,0,0,0,166,166,138,138,28
"2752",51,"[19]HciHwGnJHqKHqaIvEtJ",301,0.993421,19,304,2,302,2,2,0,2,2,158,158,146,144,28
"2753",52,"[19]HciHwGnJHqKHqaIvEtJ",280,0.982699,19,289,5,284,5,5,0,5,5,149,149,140,135,28
"2754",53,"[19]HciHwGnJHqKHqaIvEtJ",300,1,19,299,0,299,0,0,0,0,0,148,148,151,151,28
"2755",54,"[19]HciHwGnJHqKHqaIvEtJ",289,0.989796,19,294,3,291,3,3,0,3,3,140,140,154,151,28
"2756",55,"[19]HciHwGnJHqKHqaIvEtJ",282,0.979522,19,293,6,287,6,6,0,6,6,154,154,139,133,28
"2757",56,"[19]HciHwGnJHqKHqaIvEtJ",300,0.996678,19,301,1,300,1,1,0,1,1,156,156,145,144,28
"2758",57,"[19]HciHwGnJHqKHqaIvEtJ",297,1,19,296,0,296,0,0,0,0,0,150,150,146,146,28
"2759",58,"[19]HciHwGnJHqKHqaIvEtJ",298,1,19,297,0,297,0,0,0,0,0,148,148,149,149,28
"2760",59,"[19]HciHwGnJHqKHqaIvEtJ",286,0.99308,19,289,2,287,2,2,0,2,2,139,139,150,148,28
"2761",60,"[19]HciHwGnJHqKHqaIvEtJ",293,1,19,292,0,292,0,0,0,0,0,136,136,156,156,28
"2762",61,"[19]HciHwGnJHqKHqaIvEtJ",309,1,19,308,0,308,0,0,0,0,0,176,176,132,132,28
"2763",62,"[19]HciHwGnJHqKHqaIvEtJ",298,1,19,297,0,297,0,0,0,0,0,144,144,153,153,28
"2764",63,"[19]HciHwGnJHqKHqaIvEtJ",291,1,19,290,0,290,0,0,0,0,0,135,135,155,155,28
"2765",64,"[19]HciHwGnJHqKHqaIvEtJ",302,1,19,301,0,301,0,0,0,0,0,159,159,142,142,28
"2766",65,"[19]HciHwGnJHqKHqaIvEtJ",296,1,19,295,0,295,0,0,0,0,0,138,138,157,157,28
"2767",66,"[19]HciHwGnJHqKHqaIvEtJ",302,0.9967,19,303,1,302,1,1,0,1,1,160,160,143,142,28
"2768",67,"[19]HciHwGnJHqKHqaIvEtJ",294,0.993266,19,297,2,295,2,2,0,2,2,150,150,147,145,28
"2769",68,"[19]HciHwGnJHqKHqaIvEtJ",293,0.996599,19,294,1,293,1,1,0,1,1,143,143,151,150,28
"2770",69,"[19]HciHwGnJHqKHqaIvEtJ",283,0.982877,19,292,5,287,5,5,0,5,5,151,151,141,136,28
"2771",70,"[19]HciHwGnJHqKHqaIvEtJ",282,0.989547,19,287,3,284,3,3,0,3,3,140,140,147,144,28
"2772",71,"[19]HciHwGnJHqKHqaIvEtJ",290,0.986532,19,297,4,293,4,4,0,4,4,152,152,145,141,28
"2773",72,"[19]HciHwGnJHqKHqaIvEtJ",297,1,19,296,0,296,0,0,0,0,0,142,142,154,154,28
"2774",73,"[19]HciHwGnJHqKHqaIvEtJ",294,0.993266,19,297,2,295,2,2,0,2,2,140,140,157,155,28
"2775",74,"[19]HciHwGnJHqKHqaIvEtJ",288,0.993127,19,291,2,289,2,2,0,2,2,150,150,141,139,28
"2776",75,"[19]HciHwGnJHqKHqaIvEtJ",305,1,19,304,0,304,0,0,0,0,0,169,169,135,135,28
"2777",76,"[19]HciHwGnJHqKHqaIvEtJ",290,0.996564,19,291,1,290,1,1,0,1,1,136,136,155,154,28
"2778",77,"[19]HciHwGnJHqKHqaIvEtJ",301,0.996689,19,302,1,301,1,1,0,1,1,163,163,139,138,28
"2779",78,"[19]HciHwGnJHqKHqaIvEtJ",290,0.996564,19,291,1,290,1,1,0,1,1,137,137,154,153,28
"2780",79,"[19]HciHwGnJHqKHqaIvEtJ",302,1,19,301,0,301,0,0,0,0,0,162,162,139,139,28
"2781",80,"[19]HciHwGnJHqKHqaIvEtJ",307,1,19,306,0,306,0,0,0,0,0,165,165,141,141,28
"2782",81,"[19]HciHwGnJHqKHqaIvEtJ",295,1,19,294,0,294,0,0,0,0,0,144,144,150,150,28
"2783",82,"[19]HciHwGnJHqKHqaIvEtJ",276,0.972509,19,291,8,283,8,8,0,8,8,146,146,145,137,28
"2784",83,"[19]HciHwGnJHqKHqaIvEtJ",291,0.996575,19,292,1,291,1,1,0,1,1,138,138,154,153,28
"2785",84,"[19]HciHwGnJHqKHqaIvEtJ",299,1,19,298,0,298,0,0,0,0,0,153,153,145,145,28
"2786",85,"[19]HciHwGnJHqKHqaIvEtJ",296,0.993311,19,299,2,297,2,2,0,2,2,157,157,142,140,28
"2787",86,"[19]HciHwGnJHqKHqaIvEtJ",294,0.993266,19,297,2,295,2,2,0,2,2,146,146,151,149,28
"2788",87,"[19]HciHwGnJHqKHqaIvEtJ",302,1,19,301,0,301,0,0,0,0,0,151,151,150,150,28
"2789",88,"[19]HciHwGnJHqKHqaIvEtJ",274,0.978947,19,285,6,279,6,6,0,6,6,135,135,150,144,28
"2790",89,"[19]HciHwGnJHqKHqaIvEtJ",301,1,19,300,0,300,0,0,0,0,0,150,150,150,150,28
"2791",90,"[19]HciHwGnJHqKHqaIvEtJ",304,1,19,303,0,303,0,0,0,0,0,157,157,146,146,28
"2792",91,"[19]HciHwGnJHqKHqaIvEtJ",299,1,19,298,0,298,0,0,0,0,0,149,149,149,149,28
"2793",92,"[19]HciHwGnJHqKHqaIvEtJ",296,1,19,295,0,295,0,0,0,0,0,141,141,154,154,28
"2794",93,"[19]HciHwGnJHqKHqaIvEtJ",296,1,19,295,0,295,0,0,0,0,0,137,137,158,158,28
"2795",94,"[19]HciHwGnJHqKHqaIvEtJ",294,0.99661,19,295,1,294,1,1,0,1,1,146,146,149,148,28
"2796",95,"[19]HciHwGnJHqKHqaIvEtJ",286,0.99308,19,289,2,287,2,2,0,2,2,138,138,151,149,28
"2797",96,"[19]HciHwGnJHqKHqaIvEtJ",297,1,19,296,0,296,0,0,0,0,0,134,134,162,162,28
"2798",97,"[19]HciHwGnJHqKHqaIvEtJ",299,1,19,298,0,298,0,0,0,0,0,146,146,152,152,28
"2799",98,"[19]HciHwGnJHqKHqaIvEtJ",296,1,19,295,0,295,0,0,0,0,0,142,142,153,153,28
"2800",99,"[19]HciHwGnJHqKHqaIvEtJ",302,1,19,301,0,301,0,0,0,0,0,156,156,145,145,28
"2801",0,"[17]HclHxGnJHqKHqaIfJ",305,1,17,304,0,304,0,0,0,0,0,168,168,136,136,29
"2802",1,"[17]HclHxGnJHqKHqaIfJ",295,1,17,294,0,294,0,0,0,0,0,150,150,144,144,29
"2803",2,"[17]HclHxGnJHqKHqaIfJ",296,0.993311,17,299,2,297,2,2,0,2,2,151,151,148,146,29
"2804",3,"[17]HclHxGnJHqKHqaIfJ",303,0.996711,17,304,1,303,1,1,0,1,1,156,156,148,147,29
"2805",4,"[17]HclHxGnJHqKHqaIfJ",298,1,17,297,0,297,0,0,0,0,0,144,144,153,153,29
"2806",5,"[17]HclHxGnJHqKHqaIfJ",270,0.968641,17,287,9,278,9,9,0,9,9,135,135,152,143,29
"2807",6,"[17]HclHxGnJHqKHqaIfJ",297,1,17,296,0,296,0,0,0,0,0,131,131,165,165,29
"2808",7,"[17]HclHxGnJHqKHqaIfJ",300,1,17,299,0,299,0,0,0,0,0,138,138,161,161,29
"2809",8,"[17]HclHxGnJHqKHqaIfJ",287,0.989726,17,292,3,289,3,3,0,3,3,134,134,158,155,29
"2810",9,"[17]HclHxGnJHqKHqaIfJ",300,0.996678,17,301,1,300,1,1,0,1,1,156,156,145,144,29
"2811",10,"[17]HclHxGnJHqKHqaIfJ",297,0.996644,17,298,1,297,1,1,0,1,1,145,145,153,152,29
"2812",11,"[17]HclHxGnJHqKHqaIfJ",299,1,17,298,0,298,0,0,0,0,0,147,147,151,151,29
"2813",12,"[17]HclHxGnJHqKHqaIfJ",308,1,17,307,0,307,0,0,0,0,0,165,165,142,142,29
"2814",13,"[17]HclHxGnJHqKHqaIfJ",306,0.996743,17,307,1,306,1,1,0,1,1,160,160,147,146,29
"2815",14,"[17]HclHxGnJHqKHqaIfJ",306,1,17,305,0,305,0,0,0,0,0,154,154,151,151,29
"2816",15,"[17]HclHxGnJHqKHqaIfJ",298,0.996656,17,299,1,298,1,1,0,1,1,141,141,158,157,29
"2817",16,"[17]HclHxGnJHqKHqaIfJ",284,0.996491,17,285,1,284,1,1,0,1,1,125,125,160,159,29
"2818",17,"[17]HclHxGnJHqKHqaIfJ",293,0.989933,17,298,3,295,3,3,0,3,3,147,147,151,148,29
"2819",18,"[17]HclHxGnJHqKHqaIfJ",299,0.996667,17,300,1,299,1,1,0,1,1,157,157,143,142,29
"2820",19,"[17]HclHxGnJHqKHqaIfJ",288,0.986441,17,295,4,291,4,4,0,4,4,150,150,145,141,29
"2821",20,"[17]HclHxGnJHqKHqaIfJ",287,1,17,286,0,286,0,0,0,0,0,120,120,166,166,29
"2822",21,"[17]HclHxGnJHqKHqaIfJ",297,0.996644,17,298,1,297,1,1,0,1,1,159,159,139,138,29
"2823",22,"[17]HclHxGnJHqKHqaIfJ",303,1,17,302,0,302,0,0,0,0,0,151,151,151,151,29
"2824",23,"[17]HclHxGnJHqKHqaIfJ",304,1,17,303,0,303,0,0,0,0,0,157,157,146,146,29
"2825",24,"[17]HclHxGnJHqKHqaIfJ",305,1,17,304,0,304,0,0,0,0,0,155,155,149,149,29
"2826",25,"[17]HclHxGnJHqKHqaIfJ",288,0.993127,17,291,2,289,2,2,0,2,2,135,135,156,154,29
"2827",26,"[17]HclHxGnJHqKHqaIfJ",284,0.986254,17,291,4,287,4,4,0,4,4,133,133,158,154,29
"2828",27,"[17]HclHxGnJHqKHqaIfJ",307,1,17,306,0,306,0,0,0,0,0,150,150,156,156,29
"2829",28,"[17]HclHxGnJHqKHqaIfJ",300,1,17,299,0,299,0,0,0,0,0,147,147,152,152,29
"2830",29,"[17]HclHxGnJHqKHqaIfJ",281,0.986111,17,288,4,284,4,4,0,4,4,139,139,149,145,29
"2831",30,"[17]HclHxGnJHqKHqaIfJ",295,0.996622,17,296,1,295,1,1,0,1,1,139,139,157,156,29
"2832",31,"[17]HclHxGnJHqKHqaIfJ",304,1,17,303,0,303,0,0,0,0,0,157,157,146,146,29
"2833",32,"[17]HclHxGnJHqKHqaIfJ",295,1,17,294,0,294,0,0,0,0,0,140,140,154,154,29
"2834",33,"[17]HclHxGnJHqKHqaIfJ",294,0.99661,17,295,1,294,1,1,0,1,1,151,151,144,143,29
"2835",34,"[17]HclHxGnJHqKHqaIfJ",297,1,17,296,0,296,0,0,0,0,0,150,150,146,146,29
"2836",35,"[17]HclHxGnJHqKHqaIfJ",298,1,17,297,0,297,0,0,0,0,0,141,141,156,156,29
"2837",36,"[17]HclHxGnJHqKHqaIfJ",291,0.996575,17,292,1,291,1,1,0,1,1,137,137,155,154,29
"2838",37,"[17]HclHxGnJHqKHqaIfJ",294,0.99661,17,295,1,294,1,1,0,1,1,146,146,149,148,29
"2839",38,"[17]HclHxGnJHqKHqaIfJ",301,1,17,300,0,300,0,0,0,0,0,147,147,153,153,29
"2840",39,"[17]HclHxGnJHqKHqaIfJ",296,1,17,295,0,295,0,0,0,0,0,139,139,156,156,29
"2841",40,"[17]HclHxGnJHqKHqaIfJ",310,1,17,309,0,309,0,0,0,0,0,165,165,144,144,29
"2842",41,"[17]HclHxGnJHqKHqaIfJ",288,0.993127,17,291,2,289,2,2,0,2,2,138,138,153,151,29
"2843",42,"[17]HclHxGnJHqKHqaIfJ",300,1,17,299,0,299,0,0,0,0,0,143,143,156,156,29
"2844",43,"[17]HclHxGnJHqKHqaIfJ",298,1,17,297,0,297,0,0,0,0,0,136,136,161,161,29
"2845",44,"[17]HclHxGnJHqKHqaIfJ",307,0.996753,17,308,1,307,1,1,0,1,1,173,173,135,134,29
"2846",45,"[17]HclHxGnJHqKHqaIfJ",298,0.996656,17,299,1,298,1,1,0,1,1,159,159,140,139,29
"2847",46,"[17]HclHxGnJHqKHqaIfJ",298,1,17,297,0,297,0,0,0,0,0,147,147,150,150,29
"2848",47,"[17]HclHxGnJHqKHqaIfJ",298,1,17,297,0,297,0,0,0,0,0,156,156,141,141,29
"2849",48,"[17]HclHxGnJHqKHqaIfJ",291,0.996575,17,292,1,291,1,1,0,1,1,142,142,150,149,29
"2850",49,"[17]HclHxGnJHqKHqaIfJ",297,0.996644,17,298,1,297,1,1,0,1,1,149,149,149,148,29
"2851",50,"[17]HclHxGnJHqKHqaIfJ",296,0.993311,17,299,2,297,2,2,0,2,2,154,154,145,143,29
"2852",51,"[17]HclHxGnJHqKHqaIfJ",294,0.99661,17,295,1,294,1,1,0,1,1,141,141,154,153,29
"2853",52,"[17]HclHxGnJHqKHqaIfJ",291,0.986577,17,298,4,294,4,4,0,4,4,155,155,143,139,29
"2854",53,"[17]HclHxGnJHqKHqaIfJ",301,1,17,300,0,300,0,0,0,0,0,143,143,157,157,29
"2855",54,"[17]HclHxGnJHqKHqaIfJ",304,1,17,303,0,303,0,0,0,0,0,152,152,151,151,29
"2856",55,"[17]HclHxGnJHqKHqaIfJ",290,0.993174,17,293,2,291,2,2,0,2,2,130,130,163,161,29
"2857",56,"[17]HclHxGnJHqKHqaIfJ",298,0.993355,17,301,2,299,2,2,0,2,2,153,153,148,146,29
"2858",57,"[17]HclHxGnJHqKHqaIfJ",302,0.9967,17,303,1,302,1,1,0,1,1,158,158,145,144,29
"2859",58,"[17]HclHxGnJHqKHqaIfJ",300,0.996678,17,301,1,300,1,1,0,1,1,153,153,148,147,29
"2860",59,"[17]HclHxGnJHqKHqaIfJ",303,0.996711,17,304,1,303,1,1,0,1,1,157,157,147,146,29
"2861",60,"[17]HclHxGnJHqKHqaIfJ",301,0.996689,17,302,1,301,1,1,0,1,1,156,156,146,145,29
"2862",61,"[17]HclHxGnJHqKHqaIfJ",297,0.993333,17,300,2,298,2,2,0,2,2,150,150,150,148,29
"2863",62,"[17]HclHxGnJHqKHqaIfJ",292,0.989899,17,297,3,294,3,3,0,3,3,156,156,141,138,29
"2864",63,"[17]HclHxGnJHqKHqaIfJ",296,0.996633,17,297,1,296,1,1,0,1,1,140,140,157,156,29
"2865",64,"[17]HclHxGnJHqKHqaIfJ",301,1,17,300,0,300,0,0,0,0,0,143,143,157,157,29
"2866",65,"[17]HclHxGnJHqKHqaIfJ",278,0.975945,17,291,7,284,7,7,0,7,7,144,144,147,140,29
"2867",66,"[17]HclHxGnJHqKHqaIfJ",299,1,17,298,0,298,0,0,0,0,0,157,157,141,141,29
"2868",67,"[17]HclHxGnJHqKHqaIfJ",297,1,17,296,0,296,0,0,0,0,0,132,132,164,164,29
"2869",68,"[17]HclHxGnJHqKHqaIfJ",298,0.996656,17,299,1,298,1,1,0,1,1,151,151,148,147,29
"2870",69,"[17]HclHxGnJHqKHqaIfJ",296,1,17,295,0,295,0,0,0,0,0,144,144,151,151,29
"2871",70,"[17]HclHxGnJHqKHqaIfJ",293,0.996599,17,294,1,293,1,1,0,1,1,138,138,156,155,29
"2872",71,"[17]HclHxGnJHqKHqaIfJ",294,1,17,293,0,293,0,0,0,0,0,144,144,149,149,29
"2873",72,"[17]HclHxGnJHqKHqaIfJ",296,1,17,295,0,295,0,0,0,0,0,154,154,141,141,29
"2874",73,"[17]HclHxGnJHqKHqaIfJ",309,1,17,308,0,308,0,0,0,0,0,156,156,152,152,29
"2875",74,"[17]HclHxGnJHqKHqaIfJ",304,1,17,303,0,303,0,0,0,0,0,160,160,143,143,29
"2876",75,"[17]HclHxGnJHqKHqaIfJ",297,0.996644,17,298,1,297,1,1,0,1,1,142,142,156,155,29
"2877",76,"[17]HclHxGnJHqKHqaIfJ",299,1,17,298,0,298,0,0,0,0,0,149,149,149,149,29
"2878",77,"[17]HclHxGnJHqKHqaIfJ",304,1,17,303,0,303,0,0,0,0,0,148,148,155,155,29
"2879",78,"[17]HclHxGnJHqKHqaIfJ",294,1,17,293,0,293,0,0,0,0,0,135,135,158,158,29
"2880",79,"[17]HclHxGnJHqKHqaIfJ",299,0.996667,17,300,1,299,1,1,0,1,1,157,157,143,142,29
"2881",80,"[17]HclHxGnJHqKHqaIfJ",288,0.986441,17,295,4,291,4,4,0,4,4,148,148,147,143,29
"2882",81,"[17]HclHxGnJHqKHqaIfJ",299,0.996667,17,300,1,299,1,1,0,1,1,148,148,152,151,29
"2883",82,"[17]HclHxGnJHqKHqaIfJ",284,0.986254,17,291,4,287,4,4,0,4,4,138,138,153,149,29
"2884",83,"[17]HclHxGnJHqKHqaIfJ",291,0.993197,17,294,2,292,2,2,0,2,2,141,141,153,151,29
"2885",84,"[17]HclHxGnJHqKHqaIfJ",303,1,17,302,0,302,0,0,0,0,0,157,157,145,145,29
"2886",85,"[17]HclHxGnJHqKHqaIfJ",302,0.9967,17,303,1,302,1,1,0,1,1,156,156,147,146,29
"2887",86,"[17]HclHxGnJHqKHqaIfJ",300,1,17,299,0,299,0,0,0,0,0,153,153,146,146,29
"2888",87,"[17]HclHxGnJHqKHqaIfJ",301,1,17,300,0,300,0,0,0,0,0,154,154,146,146,29
"2889",88,"[17]HclHxGnJHqKHqaIfJ",301,0.993421,17,304,2,302,2,2,0,2,2,155,155,149,147,29
"2890",89,"[17]HclHxGnJHqKHqaIfJ",293,0.993243,17,296,2,294,2,2,0,2,2,152,152,144,142,29
"2891",90,"[17]HclHxGnJHqKHqaIfJ",299,1,17,298,0,298,0,0,0,0,0,151,151,147,147,29
"2892",91,"[17]HclHxGnJHqKHqaIfJ",288,0.993127,17,291,2,289,2,2,0,2,2,140,140,151,149,29
"2893",92,"[17]HclHxGnJHqKHqaIfJ",294,0.993266,17,297,2,295,2,2,0,2,2,160,160,137,135,29
"2894",93,"[17]HclHxGnJHqKHqaIfJ",294,1,17,293,0,293,0,0,0,0,0,142,142,151,151,29
"2895",94,"[17]HclHxGnJHqKHqaIfJ",294,0.99661,17,295,1,294,1,1,0,1,1,150,150,145,144,29
"2896",95,"[17]HclHxGnJHqKHqaIfJ",298,0.993355,17,301,2,299,2,2,0,2,2,153,153,148,146,29
"2897",96,"[17]HclHxGnJHqKHqaIfJ",297,1,17,296,0,296,0,0,0,0,0,142,142,154,154,29
"2898",97,"[17]HclHxGnJHqKHqaIfJ",298,1,17,297,0,297,0,0,0,0,0,150,150,147,147,29
"2899",98,"[17]HclHxGnJHqKHqaIfJ",296,0.996633,17,297,1,296,1,1,0,1,1,153,153,144,143,29
"2900",99,"[17]HclHxGnJHqKHqaIfJ",302,1,17,301,0,301,0,0,0,0,0,153,153,148,148,29
"2901",0,"[18]HcyHxGnJHqKHqaItGJ",304,0.993485,18,307,2,305,2,2,0,2,2,169,169,138,136,30
"2902",1,"[18]HcyHxGnJHqKHqaItGJ",294,0.993266,18,297,2,295,2,2,0,2,2,157,157,140,138,30
"2903",2,"[18]HcyHxGnJHqKHqaItGJ",283,0.989583,18,288,3,285,3,3,0,3,3,121,121,167,164,30
"2904",3,"[18]HcyHxGnJHqKHqaItGJ",304,1,18,303,0,303,0,0,0,0,0,160,160,143,143,30
"2905",4,"[18]HcyHxGnJHqKHqaItGJ",299,1,18,298,0,298,0,0,0,0,0,140,140,158,158,30
"2906",5,"[18]HcyHxGnJHqKHqaItGJ",298,0.996656,18,299,1,298,1,1,0,1,1,141,141,158,157,30
"2907",6,"[18]HcyHxGnJHqKHqaItGJ",295,1,18,294,0,294,0,0,0,0,0,138,138,156,156,30
"2908",7,"[18]HcyHxGnJHqKHqaItGJ",306,1,18,305,0,305,0,0,0,0,0,157,157,148,148,30
"2909",8,"[18]HcyHxGnJHqKHqaItGJ",289,0.996552,18,290,1,289,1,1,0,1,1,135,135,155,154,30
"2910",9,"[18]HcyHxGnJHqKHqaItGJ",306,1,18,305,0,305,0,0,0,0,0,155,155,150,150,30
"2911",10,"[18]HcyHxGnJHqKHqaItGJ",293,1,18,292,0,292,0,0,0,0,0,132,132,160,160,30
"2912",11,"[18]HcyHxGnJHqKHqaItGJ",295,0.996622,18,296,1,295,1,1,0,1,1,143,143,153,152,30
"2913",12,"[18]HcyHxGnJHqKHqaItGJ",290,1,18,289,0,289,0,0,0,0,0,130,130,159,159,30
"2914",13,"[18]HcyHxGnJHqKHqaItGJ",294,1,18,293,0,293,0,0,0,0,0,136,136,157,157,30
"2915",14,"[18]HcyHxGnJHqKHqaItGJ",301,0.996689,18,302,1,301,1,1,0,1,1,163,163,139,138,30
"2916",15,"[18]HcyHxGnJHqKHqaItGJ",293,0.989933,18,298,3,295,3,3,0,3,3,149,149,149,146,30
"2917",16,"[18]HcyHxGnJHqKHqaItGJ",293,0.996599,18,294,1,293,1,1,0,1,1,136,136,158,157,30
"2918",17,"[18]HcyHxGnJHqKHqaItGJ",284,0.993031,18,287,2,285,2,2,0,2,2,130,130,157,155,30
"2919",18,"[18]HcyHxGnJHqKHqaItGJ",294,0.993266,18,297,2,295,2,2,0,2,2,150,150,147,145,30
"2920",19,"[18]HcyHxGnJHqKHqaItGJ",298,1,18,297,0,297,0,0,0,0,0,145,145,152,152,30
"2921",20,"[18]HcyHxGnJHqKHqaItGJ",303,1,18,302,0,302,0,0,0,0,0,142,142,160,160,30
"2922",21,"[18]HcyHxGnJHqKHqaItGJ",305,0.996732,18,306,1,305,1,1,0,1,1,165,165,141,140,30
"2923",22,"[18]HcyHxGnJHqKHqaItGJ",301,1,18,300,0,300,0,0,0,0,0,166,166,134,134,30
"2924",23,"[18]HcyHxGnJHqKHqaItGJ",310,1,18,309,0,309,0,0,0,0,0,162,162,147,147,30
"2925",24,"[18]HcyHxGnJHqKHqaItGJ",295,1,18,294,0,294,0,0,0,0,0,143,143,151,151,30
"2926",25,"[18]HcyHxGnJHqKHqaItGJ",299,0.993377,18,302,2,300,2,2,0,2,2,157,157,145,143,30
"2927",26,"[18]HcyHxGnJHqKHqaItGJ",292,0.99322,18,295,2,293,2,2,0,2,2,153,153,142,140,30
"2928",27,"[18]HcyHxGnJHqKHqaItGJ",290,1,18,289,0,289,0,0,0,0,0,125,125,164,164,30
"2929",28,"[18]HcyHxGnJHqKHqaItGJ",291,0.986577,18,298,4,294,4,4,0,4,4,143,143,155,151,30
"2930",29,"[18]HcyHxGnJHqKHqaItGJ",288,0.989761,18,293,3,290,3,3,0,3,3,151,151,142,139,30
"2931",30,"[18]HcyHxGnJHqKHqaItGJ",302,0.9967,18,303,1,302,1,1,0,1,1,162,162,141,140,30
"2932",31,"[18]HcyHxGnJHqKHqaItGJ",300,0.996678,18,301,1,300,1,1,0,1,1,154,154,147,146,30
"2933",32,"[18]HcyHxGnJHqKHqaItGJ",285,0.982993,18,294,5,289,5,5,0,5,5,155,155,139,134,30
"2934",33,"[18]HcyHxGnJHqKHqaItGJ",299,1,18,298,0,298,0,0,0,0,0,151,151,147,147,30
"2935",34,"[18]HcyHxGnJHqKHqaItGJ",289,1,18,288,0,288,0,0,0,0,0,124,124,164,164,30
"2936",35,"[18]HcyHxGnJHqKHqaItGJ",300,0.996678,18,301,1,300,1,1,0,1,1,160,160,141,140,30
"2937",36,"[18]HcyHxGnJHqKHqaItGJ",287,0.989726,18,292,3,289,3,3,0,3,3,141,141,151,148,30
"2938",37,"[18]HcyHxGnJHqKHqaItGJ",302,1,18,301,0,301,0,0,0,0,0,154,154,147,147,30
"2939",38,"[18]HcyHxGnJHqKHqaItGJ",295,0.996622,18,296,1,295,1,1,0,1,1,142,142,154,153,30
"2940",39,"[18]HcyHxGnJHqKHqaItGJ",302,1,18,301,0,301,0,0,0,0,0,155,155,146,146,30
"2941",40,"[18]HcyHxGnJHqKHqaItGJ",304,1,18,303,0,303,0,0,0,0,0,151,151,152,152,30
"2942",41,"[18]HcyHxGnJHqKHqaItGJ",301,1,18,300,0,300,0,0,0,0,0,144,144,156,156,30
"2943",42,"[18]HcyHxGnJHqKHqaItGJ",296,1,18,295,0,295,0,0,0,0,0,144,144,151,151,30
"2944",43,"[18]HcyHxGnJHqKHqaItGJ",299,0.996667,18,300,1,299,1,1,0,1,1,146,146,154,153,30
"2945",44,"[18]HcyHxGnJHqKHqaItGJ",296,0.996633,18,297,1,296,1,1,0,1,1,136,136,161,160,30
"2946",45,"[18]HcyHxGnJHqKHqaItGJ",298,1,18,297,0,297,0,0,0,0,0,146,146,151,151,30
"2947",46,"[18]HcyHxGnJHqKHqaItGJ",295,0.996622,18,296,1,295,1,1,0,1,1,144,144,152,151,30
"2948",47,"[18]HcyHxGnJHqKHqaItGJ",296,1,18,295,0,295,0,0,0,0,0,138,138,157,157,30
"2949",48,"[18]HcyHxGnJHqKHqaItGJ",301,1,18,300,0,300,0,0,0,0,0,153,153,147,147,30
"2950",49,"[18]HcyHxGnJHqKHqaItGJ",294,0.993266,18,297,2,295,2,2,0,2,2,148,148,149,147,30
"2951",50,"[18]HcyHxGnJHqKHqaItGJ",304,0.996721,18,305,1,304,1,1,0,1,1,177,177,128,127,30
"2952",51,"[18]HcyHxGnJHqKHqaItGJ",270,0.97193,18,285,8,277,8,8,0,8,8,143,143,142,134,30
"2953",52,"[18]HcyHxGnJHqKHqaItGJ",301,1,18,300,0,300,0,0,0,0,0,158,158,142,142,30
"2954",53,"[18]HcyHxGnJHqKHqaItGJ",295,0.996622,18,296,1,295,1,1,0,1,1,152,152,144,143,30
"2955",54,"[18]HcyHxGnJHqKHqaItGJ",304,1,18,303,0,303,0,0,0,0,0,146,146,157,157,30
"2956",55,"[18]HcyHxGnJHqKHqaItGJ",305,1,18,304,0,304,0,0,0,0,0,159,159,145,145,30
"2957",56,"[18]HcyHxGnJHqKHqaItGJ",293,0.996599,18,294,1,293,1,1,0,1,1,136,136,158,157,30
"2958",57,"[18]HcyHxGnJHqKHqaItGJ",293,0.996599,18,294,1,293,1,1,0,1,1,152,152,142,141,30
"2959",58,"[18]HcyHxGnJHqKHqaItGJ",282,0.992982,18,285,2,283,2,2,0,2,2,139,139,146,144,30
"2960",59,"[18]HcyHxGnJHqKHqaItGJ",292,0.996587,18,293,1,292,1,1,0,1,1,134,134,159,158,30
"2961",60,"[18]HcyHxGnJHqKHqaItGJ",293,0.996599,18,294,1,293,1,1,0,1,1,139,139,155,154,30
"2962",61,"[18]HcyHxGnJHqKHqaItGJ",306,0.996743,18,307,1,306,1,1,0,1,1,156,156,151,150,30
"2963",62,"[18]HcyHxGnJHqKHqaItGJ",282,0.976271,18,295,7,288,7,7,0,7,7,155,155,140,133,30
"2964",63,"[18]HcyHxGnJHqKHqaItGJ",304,1,18,303,0,303,0,0,0,0,0,161,161,142,142,30
"2965",64,"[18]HcyHxGnJHqKHqaItGJ",306,1,18,305,0,305,0,0,0,0,0,167,167,138,138,30
"2966",65,"[18]HcyHxGnJHqKHqaItGJ",300,1,18,299,0,299,0,0,0,0,0,146,146,153,153,30
"2967",66,"[18]HcyHxGnJHqKHqaItGJ",299,0.996667,18,300,1,299,1,1,0,1,1,156,156,144,143,30
"2968",67,"[18]HcyHxGnJHqKHqaItGJ",296,1,18,295,0,295,0,0,0,0,0,138,138,157,157,30
"2969",68,"[18]HcyHxGnJHqKHqaItGJ",289,1,18,288,0,288,0,0,0,0,0,135,135,153,153,30
"2970",69,"[18]HcyHxGnJHqKHqaItGJ",299,0.996667,18,300,1,299,1,1,0,1,1,155,155,145,144,30
"2971",70,"[18]HcyHxGnJHqKHqaItGJ",298,1,18,297,0,297,0,0,0,0,0,146,146,151,151,30
"2972",71,"[18]HcyHxGnJHqKHqaItGJ",300,0.996678,18,301,1,300,1,1,0,1,1,154,154,147,146,30
"2973",72,"[18]HcyHxGnJHqKHqaItGJ",300,0.993399,18,303,2,301,2,2,0,2,2,158,158,145,143,30
"2974",73,"[18]HcyHxGnJHqKHqaItGJ",302,0.9967,18,303,1,302,1,1,0,1,1,154,154,149,148,30
"2975",74,"[18]HcyHxGnJHqKHqaItGJ",300,0.996678,18,301,1,300,1,1,0,1,1,149,149,152,151,30
"2976",75,"[18]HcyHxGnJHqKHqaItGJ",306,0.996743,18,307,1,306,1,1,0,1,1,166,166,141,140,30
"2977",76,"[18]HcyHxGnJHqKHqaItGJ",306,1,18,305,0,305,0,0,0,0,0,165,165,140,140,30
"2978",77,"[18]HcyHxGnJHqKHqaItGJ",302,1,18,301,0,301,0,0,0,0,0,148,148,153,153,30
"2979",78,"[18]HcyHxGnJHqKHqaItGJ",295,1,18,294,0,294,0,0,0,0,0,137,137,157,157,30
"2980",79,"[18]HcyHxGnJHqKHqaItGJ",302,1,18,301,0,301,0,0,0,0,0,151,151,150,150,30
"2981",80,"[18]HcyHxGnJHqKHqaItGJ",296,1,18,295,0,295,0,0,0,0,0,137,137,158,158,30
"2982",81,"[18]HcyHxGnJHqKHqaItGJ",294,0.993266,18,297,2,295,2,2,0,2,2,144,144,153,151,30
"2983",82,"[18]HcyHxGnJHqKHqaItGJ",288,0.99654,18,289,1,288,1,1,0,1,1,132,132,157,156,30
"2984",83,"[18]HcyHxGnJHqKHqaItGJ",291,0.989865,18,296,3,293,3,3,0,3,3,149,149,147,144,30
"2985",84,"[18]HcyHxGnJHqKHqaItGJ",286,0.99308,18,289,2,287,2,2,0,2,2,133,133,156,154,30
"2986",85,"[18]HcyHxGnJHqKHqaItGJ",294,0.99661,18,295,1,294,1,1,0,1,1,142,142,153,152,30
"2987",86,"[18]HcyHxGnJHqKHqaItGJ",282,0.996466,18,283,1,282,1,1,0,1,1,120,120,163,162,30
"2988",87,"[18]HcyHxGnJHqKHqaItGJ",308,1,18,307,0,307,0,0,0,0,0,173,173,134,134,30
"2989",88,"[18]HcyHxGnJHqKHqaItGJ",304,1,18,303,0,303,0,0,0,0,0,151,151,152,152,30
"2990",89,"[18]HcyHxGnJHqKHqaItGJ",300,0.996678,18,301,1,300,1,1,0,1,1,149,149,152,151,30
"2991",90,"[18]HcyHxGnJHqKHqaItGJ",290,0.996564,18,291,1,290,1,1,0,1,1,134,134,157,156,30
"2992",91,"[18]HcyHxGnJHqKHqaItGJ",308,1,18,307,0,307,0,0,0,0,0,157,157,150,150,30
"2993",92,"[18]HcyHxGnJHqKHqaItGJ",290,0.986532,18,297,4,293,4,4,0,4,4,146,146,151,147,30
"2994",93,"[18]HcyHxGnJHqKHqaItGJ",297,0.996644,18,298,1,297,1,1,0,1,1,151,151,147,146,30
"2995",94,"[18]HcyHxGnJHqKHqaItGJ",291,0.993197,18,294,2,292,2,2,0,2,2,149,149,145,143,30
"2996",95,"[18]HcyHxGnJHqKHqaItGJ",289,0.993151,18,292,2,290,2,2,0,2,2,128,128,164,162,30
"2997",96,"[18]HcyHxGnJHqKHqaItGJ",291,0.996575,18,292,1,291,1,1,0,1,1,144,144,148,147,30
"2998",97,"[18]HcyHxGnJHqKHqaItGJ",296,1,18,295,0,295,0,0,0,0,0,141,141,154,154,30
"2999",98,"[18]HcyHxGnJHqKHqaItGJ",301,0.993421,18,304,2,302,2,2,0,2,2,157,157,147,145,30
"3000",99,"[18]HcyHxGnJHqKHqaItGJ",304,1,18,303,0,303,0,0,0,0,0,161,161,142,142,30
"3001",0,"[18]HBHunJHqKHGqaIrkJk",317,1,18,316,0,316,0,0,0,0,0,153,153,163,163,31
"3002",1,"[18]HBHunJHqKHGqaIrkJk",320,1,18,319,0,319,0,0,0,0,0,162,162,157,157,31
"3003",2,"[18]HBHunJHqKHGqaIrkJk",316,1,18,315,0,315,0,0,0,0,0,162,162,153,153,31
"3004",3,"[18]HBHunJHqKHGqaIrkJk",313,0.996815,18,314,1,313,1,1,0,1,1,160,160,154,153,31
"3005",4,"[18]HBHunJHqKHGqaIrkJk",324,0.996923,18,325,1,324,1,1,0,1,1,180,180,145,144,31
"3006",5,"[18]HBHunJHqKHGqaIrkJk",319,1,18,318,0,318,0,0,0,0,0,158,158,160,160,31
"3007",6,"[18]HBHunJHqKHGqaIrkJk",320,0.993808,18,323,2,321,2,2,0,2,2,168,168,155,153,31
"3008",7,"[18]HBHunJHqKHGqaIrkJk",282,0.976271,18,295,7,288,7,7,0,7,7,133,133,162,155,31
"3009",8,"[18]HBHunJHqKHGqaIrkJk",319,1,18,318,0,318,0,0,0,0,0,166,166,152,152,31
"3010",9,"[18]HBHunJHqKHGqaIrkJk",321,1,18,320,0,320,0,0,0,0,0,162,162,158,158,31
"3011",10,"[18]HBHunJHqKHGqaIrkJk",320,1,18,319,0,319,0,0,0,0,0,163,163,156,156,31
"3012",11,"[18]HBHunJHqKHGqaIrkJk",286,0.979798,18,297,6,291,6,6,0,6,6,139,139,158,152,31
"3013",12,"[18]HBHunJHqKHGqaIrkJk",304,0.984026,18,313,5,308,5,5,0,5,5,165,165,148,143,31
"3014",13,"[18]HBHunJHqKHGqaIrkJk",311,0.987421,18,318,4,314,4,4,0,4,4,167,167,151,147,31
"3015",14,"[18]HBHunJHqKHGqaIrkJk",320,1,18,319,0,319,0,0,0,0,0,163,163,156,156,31
"3016",15,"[18]HBHunJHqKHGqaIrkJk",315,1,18,314,0,314,0,0,0,0,0,154,154,160,160,31
"3017",16,"[18]HBHunJHqKHGqaIrkJk",326,1,18,325,0,325,0,0,0,0,0,173,173,152,152,31
"3018",17,"[18]HBHunJHqKHGqaIrkJk",316,0.99373,18,319,2,317,2,2,0,2,2,165,165,154,152,31
"3019",18,"[18]HBHunJHqKHGqaIrkJk",335,0.997024,18,336,1,335,1,1,0,1,1,188,188,148,147,31
"3020",19,"[18]HBHunJHqKHGqaIrkJk",314,0.993691,18,317,2,315,2,2,0,2,2,151,151,166,164,31
"3021",20,"[18]HBHunJHqKHGqaIrkJk",297,0.993333,18,300,2,298,2,2,0,2,2,126,126,174,172,31
"3022",21,"[18]HBHunJHqKHGqaIrkJk",303,0.993464,18,306,2,304,2,2,0,2,2,138,138,168,166,31
"3023",22,"[18]HBHunJHqKHGqaIrkJk",333,0.997006,18,334,1,333,1,1,0,1,1,196,196,138,137,31
"3024",23,"[18]HBHunJHqKHGqaIrkJk",317,1,18,316,0,316,0,0,0,0,0,158,158,158,158,31
"3025",24,"[18]HBHunJHqKHGqaIrkJk",323,0.996914,18,324,1,323,1,1,0,1,1,175,175,149,148,31
"3026",25,"[18]HBHunJHqKHGqaIrkJk",316,1,18,315,0,315,0,0,0,0,0,155,155,160,160,31
"3027",26,"[18]HBHunJHqKHGqaIrkJk",320,1,18,319,0,319,0,0,0,0,0,160,160,159,159,31
"3028",27,"[18]HBHunJHqKHGqaIrkJk",308,1,18,307,0,307,0,0,0,0,0,141,141,166,166,31
"3029",28,"[18]HBHunJHqKHGqaIrkJk",308,1,18,307,0,307,0,0,0,0,0,134,134,173,173,31
"3030",29,"[18]HBHunJHqKHGqaIrkJk",315,1,18,314,0,314,0,0,0,0,0,151,151,163,163,31
"3031",30,"[18]HBHunJHqKHGqaIrkJk",313,1,18,312,0,312,0,0,0,0,0,145,145,167,167,31
"3032",31,"[18]HBHunJHqKHGqaIrkJk",310,1,18,309,0,309,0,0,0,0,0,145,145,164,164,31
"3033",32,"[18]HBHunJHqKHGqaIrkJk",310,0.99361,18,313,2,311,2,2,0,2,2,168,168,145,143,31
"3034",33,"[18]HBHunJHqKHGqaIrkJk",311,0.996795,18,312,1,311,1,1,0,1,1,145,145,167,166,31
"3035",34,"[18]HBHunJHqKHGqaIrkJk",318,0.996865,18,319,1,318,1,1,0,1,1,160,160,159,158,31
"3036",35,"[18]HBHunJHqKHGqaIrkJk",320,1,18,319,0,319,0,0,0,0,0,164,164,155,155,31
"3037",36,"[18]HBHunJHqKHGqaIrkJk",319,1,18,318,0,318,0,0,0,0,0,154,154,164,164,31
"3038",37,"[18]HBHunJHqKHGqaIrkJk",313,0.993671,18,316,2,314,2,2,0,2,2,162,162,154,152,31
"3039",38,"[18]HBHunJHqKHGqaIrkJk",311,0.993631,18,314,2,312,2,2,0,2,2,159,159,155,153,31
"3040",39,"[18]HBHunJHqKHGqaIrkJk",308,0.990415,18,313,3,310,3,3,0,3,3,156,156,157,154,31
"3041",40,"[18]HBHunJHqKHGqaIrkJk",311,0.996795,18,312,1,311,1,1,0,1,1,144,144,168,167,31
"3042",41,"[18]HBHunJHqKHGqaIrkJk",299,0.990132,18,304,3,301,3,3,0,3,3,144,144,160,157,31
"3043",42,"[18]HBHunJHqKHGqaIrkJk",306,0.996743,18,307,1,306,1,1,0,1,1,147,147,160,159,31
"3044",43,"[18]HBHunJHqKHGqaIrkJk",316,1,18,315,0,315,0,0,0,0,0,158,158,157,157,31
"3045",44,"[18]HBHunJHqKHGqaIrkJk",323,1,18,322,0,322,0,0,0,0,0,174,174,148,148,31
"3046",45,"[18]HBHunJHqKHGqaIrkJk",332,1,18,331,0,331,0,0,0,0,0,181,181,150,150,31
"3047",46,"[18]HBHunJHqKHGqaIrkJk",327,1,18,326,0,326,0,0,0,0,0,169,169,157,157,31
"3048",47,"[18]HBHunJHqKHGqaIrkJk",305,0.990323,18,310,3,307,3,3,0,3,3,150,150,160,157,31
"3049",48,"[18]HBHunJHqKHGqaIrkJk",320,0.996885,18,321,1,320,1,1,0,1,1,162,162,159,158,31
"3050",49,"[18]HBHunJHqKHGqaIrkJk",312,1,18,311,0,311,0,0,0,0,0,158,158,153,153,31
"3051",50,"[18]HBHunJHqKHGqaIrkJk",325,1,18,324,0,324,0,0,0,0,0,179,179,145,145,31
"3052",51,"[18]HBHunJHqKHGqaIrkJk",294,0.993266,18,297,2,295,2,2,0,2,2,131,131,166,164,31
"3053",52,"[18]HBHunJHqKHGqaIrkJk",315,1,18,314,0,314,0,0,0,0,0,155,155,159,159,31
"3054",53,"[18]HBHunJHqKHGqaIrkJk",311,0.993631,18,314,2,312,2,2,0,2,2,152,152,162,160,31
"3055",54,"[18]HBHunJHqKHGqaIrkJk",312,0.996805,18,313,1,312,1,1,0,1,1,152,152,161,160,31
"3056",55,"[18]HBHunJHqKHGqaIrkJk",315,0.993711,18,318,2,316,2,2,0,2,2,160,160,158,156,31
"3057",56,"[18]HBHunJHqKHGqaIrkJk",312,0.993651,18,315,2,313,2,2,0,2,2,163,163,152,150,31
"3058",57,"[18]HBHunJHqKHGqaIrkJk",306,0.993528,18,309,2,307,2,2,0,2,2,155,155,154,152,31
"3059",58,"[18]HBHunJHqKHGqaIrkJk",307,0.990385,18,312,3,309,3,3,0,3,3,157,157,155,152,31
"3060",59,"[18]HBHunJHqKHGqaIrkJk",324,0.990881,18,329,3,326,3,3,0,3,3,188,188,141,138,31
"3061",60,"[18]HBHunJHqKHGqaIrkJk",310,1,18,309,0,309,0,0,0,0,0,144,144,165,165,31
"3062",61,"[18]HBHunJHqKHGqaIrkJk",315,1,18,314,0,314,0,0,0,0,0,153,153,161,161,31
"3063",62,"[18]HBHunJHqKHGqaIrkJk",329,1,18,328,0,328,0,0,0,0,0,179,179,149,149,31
"3064",63,"[18]HBHunJHqKHGqaIrkJk",311,1,18,310,0,310,0,0,0,0,0,144,144,166,166,31
"3065",64,"[18]HBHunJHqKHGqaIrkJk",304,0.993485,18,307,2,305,2,2,0,2,2,146,146,161,159,31
"3066",65,"[18]HBHunJHqKHGqaIrkJk",317,1,18,316,0,316,0,0,0,0,0,156,156,160,160,31
"3067",66,"[18]HBHunJHqKHGqaIrkJk",317,1,18,316,0,316,0,0,0,0,0,154,154,162,162,31
"3068",67,"[18]HBHunJHqKHGqaIrkJk",315,0.996835,18,316,1,315,1,1,0,1,1,153,153,163,162,31
"3069",68,"[18]HBHunJHqKHGqaIrkJk",311,1,18,310,0,310,0,0,0,0,0,146,146,164,164,31
"3070",69,"[18]HBHunJHqKHGqaIrkJk",319,0.993789,18,322,2,320,2,2,0,2,2,173,173,149,147,31
"3071",70,"[18]HBHunJHqKHGqaIrkJk",311,1,18,310,0,310,0,0,0,0,0,146,146,164,164,31
"3072",71,"[18]HBHunJHqKHGqaIrkJk",326,1,18,325,0,325,0,0,0,0,0,167,167,158,158,31
"3073",72,"[18]HBHunJHqKHGqaIrkJk",324,1,18,323,0,323,0,0,0,0,0,169,169,154,154,31
"3074",73,"[18]HBHunJHqKHGqaIrkJk",331,1,18,330,0,330,0,0,0,0,0,180,180,150,150,31
"3075",74,"[18]HBHunJHqKHGqaIrkJk",314,0.996825,18,315,1,314,1,1,0,1,1,160,160,155,154,31
"3076",75,"[18]HBHunJHqKHGqaIrkJk",310,1,18,309,0,309,0,0,0,0,0,147,147,162,162,31
"3077",76,"[18]HBHunJHqKHGqaIrkJk",309,0.996774,18,310,1,309,1,1,0,1,1,144,144,166,165,31
"3078",77,"[18]HBHunJHqKHGqaIrkJk",304,0.996721,18,305,1,304,1,1,0,1,1,140,140,165,164,31
"3079",78,"[18]HBHunJHqKHGqaIrkJk",318,1,18,317,0,317,0,0,0,0,0,160,160,157,157,31
"3080",79,"[18]HBHunJHqKHGqaIrkJk",312,1,18,311,0,311,0,0,0,0,0,146,146,165,165,31
"3081",80,"[18]HBHunJHqKHGqaIrkJk",318,1,18,317,0,317,0,0,0,0,0,160,160,157,157,31
"3082",81,"[18]HBHunJHqKHGqaIrkJk",317,0.99375,18,320,2,318,2,2,0,2,2,170,170,150,148,31
"3083",82,"[18]HBHunJHqKHGqaIrkJk",315,1,18,314,0,314,0,0,0,0,0,151,151,163,163,31
"3084",83,"[18]HBHunJHqKHGqaIrkJk",310,0.99361,18,313,2,311,2,2,0,2,2,153,153,160,158,31
"3085",84,"[18]HBHunJHqKHGqaIrkJk",312,0.993651,18,315,2,313,2,2,0,2,2,157,157,158,156,31
"3086",85,"[18]HBHunJHqKHGqaIrkJk",324,1,18,323,0,323,0,0,0,0,0,176,176,147,147,31
"3087",86,"[18]HBHunJHqKHGqaIrkJk",320,1,18,319,0,319,0,0,0,0,0,163,163,156,156,31
"3088",87,"[18]HBHunJHqKHGqaIrkJk",325,1,18,324,0,324,0,0,0,0,0,170,170,154,154,31
"3089",88,"[18]HBHunJHqKHGqaIrkJk",310,1,18,309,0,309,0,0,0,0,0,144,144,165,165,31
"3090",89,"[18]HBHunJHqKHGqaIrkJk",317,1,18,316,0,316,0,0,0,0,0,168,168,148,148,31
"3091",90,"[18]HBHunJHqKHGqaIrkJk",310,0.990476,18,315,3,312,3,3,0,3,3,159,159,156,153,31
"3092",91,"[18]HBHunJHqKHGqaIrkJk",318,1,18,317,0,317,0,0,0,0,0,156,156,161,161,31
"3093",92,"[18]HBHunJHqKHGqaIrkJk",313,1,18,312,0,312,0,0,0,0,0,150,150,162,162,31
"3094",93,"[18]HBHunJHqKHGqaIrkJk",321,0.996894,18,322,1,321,1,1,0,1,1,176,176,146,145,31
"3095",94,"[18]HBHunJHqKHGqaIrkJk",320,1,18,319,0,319,0,0,0,0,0,165,165,154,154,31
"3096",95,"[18]HBHunJHqKHGqaIrkJk",322,1,18,321,0,321,0,0,0,0,0,160,160,161,161,31
"3097",96,"[18]HBHunJHqKHGqaIrkJk",318,1,18,317,0,317,0,0,0,0,0,159,159,158,158,31
"3098",97,"[18]HBHunJHqKHGqaIrkJk",323,1,18,322,0,322,0,0,0,0,0,169,169,153,153,31
"3099",98,"[18]HBHunJHqKHGqaIrkJk",313,0.993671,18,316,2,314,2,2,0,2,2,159,159,157,155,31
"3100",99,"[18]HBHunJHqKHGqaIrkJk",307,0.996753,18,308,1,307,1,1,0,1,1,143,143,165,164,31
"3101",0,"[15]HcHxGnJHqKHqaIJ",307,1,15,306,0,306,0,0,0,0,0,155,155,151,151,32
"3102",1,"[15]HcHxGnJHqKHqaIJ",300,1,15,299,0,299,0,0,0,0,0,156,156,143,143,32
"3103",2,"[15]HcHxGnJHqKHqaIJ",304,1,15,303,0,303,0,0,0,0,0,162,162,141,141,32
"3104",3,"[15]HcHxGnJHqKHqaIJ",300,1,15,299,0,299,0,0,0,0,0,157,157,142,142,32
"3105",4,"[15]HcHxGnJHqKHqaIJ",293,0.989933,15,298,3,295,3,3,0,3,3,148,148,150,147,32
"3106",5,"[15]HcHxGnJHqKHqaIJ",290,0.996564,15,291,1,290,1,1,0,1,1,137,137,154,153,32
"3107",6,"[15]HcHxGnJHqKHqaIJ",297,1,15,296,0,296,0,0,0,0,0,139,139,157,157,32
"3108",7,"[15]HcHxGnJHqKHqaIJ",283,0.993007,15,286,2,284,2,2,0,2,2,135,135,151,149,32
"3109",8,"[15]HcHxGnJHqKHqaIJ",298,1,15,297,0,297,0,0,0,0,0,144,144,153,153,32
"3110",9,"[15]HcHxGnJHqKHqaIJ",301,1,15,300,0,300,0,0,0,0,0,150,150,150,150,32
"3111",10,"[15]HcHxGnJHqKHqaIJ",294,0.989967,15,299,3,296,3,3,0,3,3,155,155,144,141,32
"3112",11,"[15]HcHxGnJHqKHqaIJ",298,1,15,297,0,297,0,0,0,0,0,159,159,138,138,32
"3113",12,"[15]HcHxGnJHqKHqaIJ",293,1,15,292,0,292,0,0,0,0,0,132,132,160,160,32
"3114",13,"[15]HcHxGnJHqKHqaIJ",296,0.993311,15,299,2,297,2,2,0,2,2,153,153,146,144,32
"3115",14,"[15]HcHxGnJHqKHqaIJ",299,1,15,298,0,298,0,0,0,0,0,149,149,149,149,32
"3116",15,"[15]HcHxGnJHqKHqaIJ",280,0.976109,15,293,7,286,7,7,0,7,7,145,145,148,141,32
"3117",16,"[15]HcHxGnJHqKHqaIJ",292,0.99322,15,295,2,293,2,2,0,2,2,142,142,153,151,32
"3118",17,"[15]HcHxGnJHqKHqaIJ",297,1,15,296,0,296,0,0,0,0,0,140,140,156,156,32
"3119",18,"[15]HcHxGnJHqKHqaIJ",298,1,15,297,0,297,0,0,0,0,0,145,145,152,152,32
"3120",19,"[15]HcHxGnJHqKHqaIJ",299,0.996667,15,300,1,299,1,1,0,1,1,154,154,146,145,32
"3121",20,"[15]HcHxGnJHqKHqaIJ",302,1,15,301,0,301,0,0,0,0,0,148,148,153,153,32
"3122",21,"[15]HcHxGnJHqKHqaIJ",302,1,15,301,0,301,0,0,0,0,0,150,150,151,151,32
"3123",22,"[15]HcHxGnJHqKHqaIJ",299,0.996667,15,300,1,299,1,1,0,1,1,154,154,146,145,32
"3124",23,"[15]HcHxGnJHqKHqaIJ",295,0.99,15,300,3,297,3,3,0,3,3,152,152,148,145,32
"3125",24,"[15]HcHxGnJHqKHqaIJ",293,1,15,292,0,292,0,0,0,0,0,131,131,161,161,32
"3126",25,"[15]HcHxGnJHqKHqaIJ",302,0.9967,15,303,1,302,1,1,0,1,1,158,158,145,144,32
"3127",26,"[15]HcHxGnJHqKHqaIJ",297,1,15,296,0,296,0,0,0,0,0,143,143,153,153,32
"3128",27,"[15]HcHxGnJHqKHqaIJ",301,1,15,300,0,300,0,0,0,0,0,135,135,165,165,32
"3129",28,"[15]HcHxGnJHqKHqaIJ",303,1,15,302,0,302,0,0,0,0,0,163,163,139,139,32
"3130",29,"[15]HcHxGnJHqKHqaIJ",296,0.993311,15,299,2,297,2,2,0,2,2,146,146,153,151,32
"3131",30,"[15]HcHxGnJHqKHqaIJ",294,0.993266,15,297,2,295,2,2,0,2,2,145,145,152,150,32
"3132",31,"[15]HcHxGnJHqKHqaIJ",295,0.99,15,300,3,297,3,3,0,3,3,146,146,154,151,32
"3133",32,"[15]HcHxGnJHqKHqaIJ",301,0.996689,15,302,1,301,1,1,0,1,1,156,156,146,145,32
"3134",33,"[15]HcHxGnJHqKHqaIJ",300,1,15,299,0,299,0,0,0,0,0,154,154,145,145,32
"3135",34,"[15]HcHxGnJHqKHqaIJ",303,0.996711,15,304,1,303,1,1,0,1,1,159,159,145,144,32
"3136",35,"[15]HcHxGnJHqKHqaIJ",301,1,15,300,0,300,0,0,0,0,0,162,162,138,138,32
"3137",36,"[15]HcHxGnJHqKHqaIJ",295,0.996622,15,296,1,295,1,1,0,1,1,137,137,159,158,32
"3138",37,"[15]HcHxGnJHqKHqaIJ",303,1,15,302,0,302,0,0,0,0,0,151,151,151,151,32
"3139",38,"[15]HcHxGnJHqKHqaIJ",303,0.996711,15,304,1,303,1,1,0,1,1,165,165,139,138,32
"3140",39,"[15]HcHxGnJHqKHqaIJ",293,0.996599,15,294,1,293,1,1,0,1,1,140,140,154,153,32
"3141",40,"[15]HcHxGnJHqKHqaIJ",297,0.996644,15,298,1,297,1,1,0,1,1,149,149,149,148,32
"3142",41,"[15]HcHxGnJHqKHqaIJ",301,1,15,300,0,300,0,0,0,0,0,143,143,157,157,32
"3143",42,"[15]HcHxGnJHqKHqaIJ",298,1,15,297,0,297,0,0,0,0,0,141,141,156,156,32
"3144",43,"[15]HcHxGnJHqKHqaIJ",305,1,15,304,0,304,0,0,0,0,0,160,160,144,144,32
"3145",44,"[15]HcHxGnJHqKHqaIJ",301,1,15,300,0,300,0,0,0,0,0,149,149,151,151,32
"3146",45,"[15]HcHxGnJHqKHqaIJ",304,1,15,303,0,303,0,0,0,0,0,157,157,146,146,32
"3147",46,"[15]HcHxGnJHqKHqaIJ",303,1,15,302,0,302,0,0,0,0,0,157,157,145,145,32
"3148",47,"[15]HcHxGnJHqKHqaIJ",299,0.996667,15,300,1,299,1,1,0,1,1,150,150,150,149,32
"3149",48,"[15]HcHxGnJHqKHqaIJ",291,0.993197,15,294,2,292,2,2,0,2,2,147,147,147,145,32
"3150",49,"[15]HcHxGnJHqKHqaIJ",291,1,15,290,0,290,0,0,0,0,0,132,132,158,158,32
"3151",50,"[15]HcHxGnJHqKHqaIJ",295,0.993289,15,298,2,296,2,2,0,2,2,146,146,152,150,32
"3152",51,"[15]HcHxGnJHqKHqaIJ",292,0.989899,15,297,3,294,3,3,0,3,3,151,151,146,143,32
"3153",52,"[15]HcHxGnJHqKHqaIJ",295,0.99,15,300,3,297,3,3,0,3,3,161,161,139,136,32
"3154",53,"[15]HcHxGnJHqKHqaIJ",309,1,15,308,0,308,0,0,0,0,0,163,163,145,145,32
"3155",54,"[15]HcHxGnJHqKHqaIJ",303,0.996711,15,304,1,303,1,1,0,1,1,154,154,150,149,32
"3156",55,"[15]HcHxGnJHqKHqaIJ",299,1,15,298,0,298,0,0,0,0,0,147,147,151,151,32
"3157",56,"[15]HcHxGnJHqKHqaIJ",296,1,15,295,0,295,0,0,0,0,0,142,142,153,153,32
"3158",57,"[15]HcHxGnJHqKHqaIJ",292,0.99322,15,295,2,293,2,2,0,2,2,143,143,152,150,32
"3159",58,"[15]HcHxGnJHqKHqaIJ",302,0.993443,15,305,2,303,2,2,0,2,2,154,154,151,149,32
"3160",59,"[15]HcHxGnJHqKHqaIJ",298,1,15,297,0,297,0,0,0,0,0,138,138,159,159,32
"3161",60,"[15]HcHxGnJHqKHqaIJ",289,0.983221,15,298,5,293,5,5,0,5,5,154,154,144,139,32
"3162",61,"[15]HcHxGnJHqKHqaIJ",303,0.996711,15,304,1,303,1,1,0,1,1,154,154,150,149,32
"3163",62,"[15]HcHxGnJHqKHqaIJ",295,1,15,294,0,294,0,0,0,0,0,137,137,157,157,32
"3164",63,"[15]HcHxGnJHqKHqaIJ",302,1,15,301,0,301,0,0,0,0,0,152,152,149,149,32
"3165",64,"[15]HcHxGnJHqKHqaIJ",303,1,15,302,0,302,0,0,0,0,0,159,159,143,143,32
"3166",65,"[15]HcHxGnJHqKHqaIJ",295,0.993289,15,298,2,296,2,2,0,2,2,154,154,144,142,32
"3167",66,"[15]HcHxGnJHqKHqaIJ",289,0.993151,15,292,2,290,2,2,0,2,2,130,130,162,160,32
"3168",67,"[15]HcHxGnJHqKHqaIJ",296,1,15,295,0,295,0,0,0,0,0,141,141,154,154,32
"3169",68,"[15]HcHxGnJHqKHqaIJ",294,0.993266,15,297,2,295,2,2,0,2,2,158,158,139,137,32
"3170",69,"[15]HcHxGnJHqKHqaIJ",299,1,15,298,0,298,0,0,0,0,0,145,145,153,153,32
"3171",70,"[15]HcHxGnJHqKHqaIJ",294,0.986711,15,301,4,297,4,4,0,4,4,164,164,137,133,32
"3172",71,"[15]HcHxGnJHqKHqaIJ",302,1,15,301,0,301,0,0,0,0,0,153,153,148,148,32
"3173",72,"[15]HcHxGnJHqKHqaIJ",303,1,15,302,0,302,0,0,0,0,0,152,152,150,150,32
"3174",73,"[15]HcHxGnJHqKHqaIJ",303,0.996711,15,304,1,303,1,1,0,1,1,151,151,153,152,32
"3175",74,"[15]HcHxGnJHqKHqaIJ",298,0.993355,15,301,2,299,2,2,0,2,2,147,147,154,152,32
"3176",75,"[15]HcHxGnJHqKHqaIJ",294,1,15,293,0,293,0,0,0,0,0,132,132,161,161,32
"3177",76,"[15]HcHxGnJHqKHqaIJ",302,1,15,301,0,301,0,0,0,0,0,144,144,157,157,32
"3178",77,"[15]HcHxGnJHqKHqaIJ",291,1,15,290,0,290,0,0,0,0,0,134,134,156,156,32
"3179",78,"[15]HcHxGnJHqKHqaIJ",290,1,15,289,0,289,0,0,0,0,0,120,120,169,169,32
"3180",79,"[15]HcHxGnJHqKHqaIJ",304,0.996721,15,305,1,304,1,1,0,1,1,161,161,144,143,32
"3181",80,"[15]HcHxGnJHqKHqaIJ",287,0.996528,15,288,1,287,1,1,0,1,1,126,126,162,161,32
"3182",81,"[15]HcHxGnJHqKHqaIJ",302,1,15,301,0,301,0,0,0,0,0,150,150,151,151,32
"3183",82,"[15]HcHxGnJHqKHqaIJ",299,0.996667,15,300,1,299,1,1,0,1,1,134,134,166,165,32
"3184",83,"[15]HcHxGnJHqKHqaIJ",290,0.989831,15,295,3,292,3,3,0,3,3,147,147,148,145,32
"3185",84,"[15]HcHxGnJHqKHqaIJ",306,1,15,305,0,305,0,0,0,0,0,146,146,159,159,32
"3186",85,"[15]HcHxGnJHqKHqaIJ",292,1,15,291,0,291,0,0,0,0,0,140,140,151,151,32
"3187",86,"[15]HcHxGnJHqKHqaIJ",292,0.99322,15,295,2,293,2,2,0,2,2,142,142,153,151,32
"3188",87,"[15]HcHxGnJHqKHqaIJ",299,1,15,298,0,298,0,0,0,0,0,138,138,160,160,32
"3189",88,"[15]HcHxGnJHqKHqaIJ",295,0.993289,15,298,2,296,2,2,0,2,2,156,156,142,140,32
"3190",89,"[15]HcHxGnJHqKHqaIJ",304,1,15,303,0,303,0,0,0,0,0,153,153,150,150,32
"3191",90,"[15]HcHxGnJHqKHqaIJ",301,1,15,300,0,300,0,0,0,0,0,145,145,155,155,32
"3192",91,"[15]HcHxGnJHqKHqaIJ",287,0.986395,15,294,4,290,4,4,0,4,4,139,139,155,151,32
"3193",92,"[15]HcHxGnJHqKHqaIJ",300,0.993399,15,303,2,301,2,2,0,2,2,163,163,140,138,32
"3194",93,"[15]HcHxGnJHqKHqaIJ",301,1,15,300,0,300,0,0,0,0,0,158,158,142,142,32
"3195",94,"[15]HcHxGnJHqKHqaIJ",295,1,15,294,0,294,0,0,0,0,0,151,151,143,143,32
"3196",95,"[15]HcHxGnJHqKHqaIJ",304,1,15,303,0,303,0,0,0,0,0,163,163,140,140,32
"3197",96,"[15]HcHxGnJHqKHqaIJ",283,0.986207,15,290,4,286,4,4,0,4,4,139,139,151,147,32
"3198",97,"[15]HcHxGnJHqKHqaIJ",294,0.99661,15,295,1,294,1,1,0,1,1,135,135,160,159,32
"3199",98,"[15]HcHxGnJHqKHqaIJ",298,0.996656,15,299,1,298,1,1,0,1,1,147,147,152,151,32
"3200",99,"[15]HcHxGnJHqKHqaIJ",306,1,15,305,0,305,0,0,0,0,0,161,161,144,144,32
"3201",0,"[19]cHcHsGnJHqKHqaIzJdr",297,1,19,296,0,296,0,0,0,0,0,156,156,140,140,33
"3202",1,"[19]cHcHsGnJHqKHqaIzJdr",297,1,19,296,0,296,0,0,0,0,0,129,129,167,167,33
"3203",2,"[19]cHcHsGnJHqKHqaIzJdr",295,1,19,294,0,294,0,0,0,0,0,142,142,152,152,33
"3204",3,"[19]cHcHsGnJHqKHqaIzJdr",288,0.989761,19,293,3,290,3,3,0,3,3,140,140,153,150,33
"3205",4,"[19]cHcHsGnJHqKHqaIzJdr",301,1,19,300,0,300,0,0,0,0,0,149,149,151,151,33
"3206",5,"[19]cHcHsGnJHqKHqaIzJdr",302,0.9967,19,303,1,302,1,1,0,1,1,156,156,147,146,33
"3207",6,"[19]cHcHsGnJHqKHqaIzJdr",284,0.989619,19,289,3,286,3,3,0,3,3,146,146,143,140,33
"3208",7,"[19]cHcHsGnJHqKHqaIzJdr",295,0.996622,19,296,1,295,1,1,0,1,1,144,144,152,151,33
"3209",8,"[19]cHcHsGnJHqKHqaIzJdr",302,1,19,301,0,301,0,0,0,0,0,163,163,138,138,33
"3210",9,"[19]cHcHsGnJHqKHqaIzJdr",297,0.996644,19,298,1,297,1,1,0,1,1,151,151,147,146,33
"3211",10,"[19]cHcHsGnJHqKHqaIzJdr",300,1,19,299,0,299,0,0,0,0,0,155,155,144,144,33
"3212",11,"[19]cHcHsGnJHqKHqaIzJdr",284,0.989619,19,289,3,286,3,3,0,3,3,130,130,159,156,33
"3213",12,"[19]cHcHsGnJHqKHqaIzJdr",307,1,19,306,0,306,0,0,0,0,0,161,161,145,145,33
"3214",13,"[19]cHcHsGnJHqKHqaIzJdr",286,0.983051,19,295,5,290,5,5,0,5,5,144,144,151,146,33
"3215",14,"[19]cHcHsGnJHqKHqaIzJdr",292,0.989899,19,297,3,294,3,3,0,3,3,155,155,142,139,33
"3216",15,"[19]cHcHsGnJHqKHqaIzJdr",298,1,19,297,0,297,0,0,0,0,0,144,144,153,153,33
"3217",16,"[19]cHcHsGnJHqKHqaIzJdr",288,1,19,287,0,287,0,0,0,0,0,118,118,169,169,33
"3218",17,"[19]cHcHsGnJHqKHqaIzJdr",294,1,19,293,0,293,0,0,0,0,0,141,141,152,152,33
"3219",18,"[19]cHcHsGnJHqKHqaIzJdr",291,0.996575,19,292,1,291,1,1,0,1,1,143,143,149,148,33
"3220",19,"[19]cHcHsGnJHqKHqaIzJdr",293,1,19,292,0,292,0,0,0,0,0,134,134,158,158,33
"3221",20,"[19]cHcHsGnJHqKHqaIzJdr",306,0.996743,19,307,1,306,1,1,0,1,1,159,159,148,147,33
"3222",21,"[19]cHcHsGnJHqKHqaIzJdr",292,0.996587,19,293,1,292,1,1,0,1,1,145,145,148,147,33
"3223",22,"[19]cHcHsGnJHqKHqaIzJdr",300,0.996678,19,301,1,300,1,1,0,1,1,150,150,151,150,33
"3224",23,"[19]cHcHsGnJHqKHqaIzJdr",301,1,19,300,0,300,0,0,0,0,0,150,150,150,150,33
"3225",24,"[19]cHcHsGnJHqKHqaIzJdr",302,1,19,301,0,301,0,0,0,0,0,148,148,153,153,33
"3226",25,"[19]cHcHsGnJHqKHqaIzJdr",296,1,19,295,0,295,0,0,0,0,0,133,133,162,162,33
"3227",26,"[19]cHcHsGnJHqKHqaIzJdr",307,1,19,306,0,306,0,0,0,0,0,155,155,151,151,33
"3228",27,"[19]cHcHsGnJHqKHqaIzJdr",312,1,19,311,0,311,0,0,0,0,0,160,160,151,151,33
"3229",28,"[19]cHcHsGnJHqKHqaIzJdr",306,1,19,305,0,305,0,0,0,0,0,154,154,151,151,33
"3230",29,"[19]cHcHsGnJHqKHqaIzJdr",283,0.986207,19,290,4,286,4,4,0,4,4,144,144,146,142,33
"3231",30,"[19]cHcHsGnJHqKHqaIzJdr",291,0.993197,19,294,2,292,2,2,0,2,2,157,157,137,135,33
"3232",31,"[19]cHcHsGnJHqKHqaIzJdr",301,1,19,300,0,300,0,0,0,0,0,150,150,150,150,33
"3233",32,"[19]cHcHsGnJHqKHqaIzJdr",305,1,19,304,0,304,0,0,0,0,0,149,149,155,155,33
"3234",33,"[19]cHcHsGnJHqKHqaIzJdr",300,0.996678,19,301,1,300,1,1,0,1,1,148,148,153,152,33
"3235",34,"[19]cHcHsGnJHqKHqaIzJdr",294,0.993266,19,297,2,295,2,2,0,2,2,142,142,155,153,33
"3236",35,"[19]cHcHsGnJHqKHqaIzJdr",304,1,19,303,0,303,0,0,0,0,0,164,164,139,139,33
"3237",36,"[19]cHcHsGnJHqKHqaIzJdr",300,1,19,299,0,299,0,0,0,0,0,148,148,151,151,33
"3238",37,"[19]cHcHsGnJHqKHqaIzJdr",293,1,19,292,0,292,0,0,0,0,0,138,138,154,154,33
"3239",38,"[19]cHcHsGnJHqKHqaIzJdr",291,0.986577,19,298,4,294,4,4,0,4,4,154,154,144,140,33
"3240",39,"[19]cHcHsGnJHqKHqaIzJdr",286,0.996516,19,287,1,286,1,1,0,1,1,128,128,159,158,33
"3241",40,"[19]cHcHsGnJHqKHqaIzJdr",301,0.996689,19,302,1,301,1,1,0,1,1,157,157,145,144,33
"3242",41,"[19]cHcHsGnJHqKHqaIzJdr",297,1,19,296,0,296,0,0,0,0,0,136,136,160,160,33
"3243",42,"[19]cHcHsGnJHqKHqaIzJdr",289,0.989796,19,294,3,291,3,3,0,3,3,145,145,149,146,33
"3244",43,"[19]cHcHsGnJHqKHqaIzJdr",297,0.993333,19,300,2,298,2,2,0,2,2,148,148,152,150,33
"3245",44,"[19]cHcHsGnJHqKHqaIzJdr",302,1,19,301,0,301,0,0,0,0,0,139,139,162,162,33
"3246",45,"[19]cHcHsGnJHqKHqaIzJdr",300,0.993399,19,303,2,301,2,2,0,2,2,166,166,137,135,33
"3247",46,"[19]cHcHsGnJHqKHqaIzJdr",295,0.993289,19,298,2,296,2,2,0,2,2,167,167,131,129,33
"3248",47,"[19]cHcHsGnJHqKHqaIzJdr",298,0.993355,19,301,2,299,2,2,0,2,2,166,166,135,133,33
"3249",48,"[19]cHcHsGnJHqKHqaIzJdr",296,1,19,295,0,295,0,0,0,0,0,135,135,160,160,33
"3250",49,"[19]cHcHsGnJHqKHqaIzJdr",307,1,19,306,0,306,0,0,0,0,0,159,159,147,147,33
"3251",50,"[19]cHcHsGnJHqKHqaIzJdr",298,0.996656,19,299,1,298,1,1,0,1,1,156,156,143,142,33
"3252",51,"[19]cHcHsGnJHqKHqaIzJdr",290,0.996564,19,291,1,290,1,1,0,1,1,138,138,153,152,33
"3253",52,"[19]cHcHsGnJHqKHqaIzJdr",291,0.989865,19,296,3,293,3,3,0,3,3,137,137,159,156,33
"3254",53,"[19]cHcHsGnJHqKHqaIzJdr",299,0.996667,19,300,1,299,1,1,0,1,1,151,151,149,148,33
"3255",54,"[19]cHcHsGnJHqKHqaIzJdr",292,0.996587,19,293,1,292,1,1,0,1,1,147,147,146,145,33
"3256",55,"[19]cHcHsGnJHqKHqaIzJdr",300,0.996678,19,301,1,300,1,1,0,1,1,149,149,152,151,33
"3257",56,"[19]cHcHsGnJHqKHqaIzJdr",293,0.993243,19,296,2,294,2,2,0,2,2,150,150,146,144,33
"3258",57,"[19]cHcHsGnJHqKHqaIzJdr",284,0.996491,19,285,1,284,1,1,0,1,1,131,131,154,153,33
"3259",58,"[19]cHcHsGnJHqKHqaIzJdr",297,1,19,296,0,296,0,0,0,0,0,140,140,156,156,33
"3260",59,"[19]cHcHsGnJHqKHqaIzJdr",293,1,19,292,0,292,0,0,0,0,0,136,136,156,156,33
"3261",60,"[19]cHcHsGnJHqKHqaIzJdr",299,1,19,298,0,298,0,0,0,0,0,150,150,148,148,33
"3262",61,"[19]cHcHsGnJHqKHqaIzJdr",304,0.996721,19,305,1,304,1,1,0,1,1,157,157,148,147,33
"3263",62,"[19]cHcHsGnJHqKHqaIzJdr",291,0.996575,19,292,1,291,1,1,0,1,1,149,149,143,142,33
"3264",63,"[19]cHcHsGnJHqKHqaIzJdr",291,1,19,290,0,290,0,0,0,0,0,137,137,153,153,33
"3265",64,"[19]cHcHsGnJHqKHqaIzJdr",301,1,19,300,0,300,0,0,0,0,0,152,152,148,148,33
"3266",65,"[19]cHcHsGnJHqKHqaIzJdr",290,0.996564,19,291,1,290,1,1,0,1,1,129,129,162,161,33
"3267",66,"[19]cHcHsGnJHqKHqaIzJdr",289,1,19,288,0,288,0,0,0,0,0,123,123,165,165,33
"3268",67,"[19]cHcHsGnJHqKHqaIzJdr",301,0.996689,19,302,1,301,1,1,0,1,1,154,154,148,147,33
"3269",68,"[19]cHcHsGnJHqKHqaIzJdr",300,0.996678,19,301,1,300,1,1,0,1,1,148,148,153,152,33
"3270",69,"[19]cHcHsGnJHqKHqaIzJdr",292,0.989899,19,297,3,294,3,3,0,3,3,145,145,152,149,33
"3271",70,"[19]cHcHsGnJHqKHqaIzJdr",293,0.993243,19,296,2,294,2,2,0,2,2,141,141,155,153,33
"3272",71,"[19]cHcHsGnJHqKHqaIzJdr",296,0.993311,19,299,2,297,2,2,0,2,2,153,153,146,144,33
"3273",72,"[19]cHcHsGnJHqKHqaIzJdr",294,1,19,293,0,293,0,0,0,0,0,146,146,147,147,33
"3274",73,"[19]cHcHsGnJHqKHqaIzJdr",298,1,19,297,0,297,0,0,0,0,0,155,155,142,142,33
"3275",74,"[19]cHcHsGnJHqKHqaIzJdr",302,1,19,301,0,301,0,0,0,0,0,158,158,143,143,33
"3276",75,"[19]cHcHsGnJHqKHqaIzJdr",303,1,19,302,0,302,0,0,0,0,0,152,152,150,150,33
"3277",76,"[19]cHcHsGnJHqKHqaIzJdr",295,1,19,294,0,294,0,0,0,0,0,137,137,157,157,33
"3278",77,"[19]cHcHsGnJHqKHqaIzJdr",296,0.996633,19,297,1,296,1,1,0,1,1,142,142,155,154,33
"3279",78,"[19]cHcHsGnJHqKHqaIzJdr",306,1,19,305,0,305,0,0,0,0,0,160,160,145,145,33
"3280",79,"[19]cHcHsGnJHqKHqaIzJdr",304,1,19,303,0,303,0,0,0,0,0,155,155,148,148,33
"3281",80,"[19]cHcHsGnJHqKHqaIzJdr",299,1,19,298,0,298,0,0,0,0,0,142,142,156,156,33
"3282",81,"[19]cHcHsGnJHqKHqaIzJdr",294,1,19,293,0,293,0,0,0,0,0,133,133,160,160,33
"3283",82,"[19]cHcHsGnJHqKHqaIzJdr",299,1,19,298,0,298,0,0,0,0,0,155,155,143,143,33
"3284",83,"[19]cHcHsGnJHqKHqaIzJdr",298,0.996656,19,299,1,298,1,1,0,1,1,145,145,154,153,33
"3285",84,"[19]cHcHsGnJHqKHqaIzJdr",306,1,19,305,0,305,0,0,0,0,0,157,157,148,148,33
"3286",85,"[19]cHcHsGnJHqKHqaIzJdr",298,0.996656,19,299,1,298,1,1,0,1,1,155,155,144,143,33
"3287",86,"[19]cHcHsGnJHqKHqaIzJdr",294,1,19,293,0,293,0,0,0,0,0,134,134,159,159,33
"3288",87,"[19]cHcHsGnJHqKHqaIzJdr",301,0.993421,19,304,2,302,2,2,0,2,2,163,163,141,139,33
"3289",88,"[19]cHcHsGnJHqKHqaIzJdr",300,0.996678,19,301,1,300,1,1,0,1,1,156,156,145,144,33
"3290",89,"[19]cHcHsGnJHqKHqaIzJdr",293,0.993243,19,296,2,294,2,2,0,2,2,150,150,146,144,33
"3291",90,"[19]cHcHsGnJHqKHqaIzJdr",297,0.993333,19,300,2,298,2,2,0,2,2,148,148,152,150,33
"3292",91,"[19]cHcHsGnJHqKHqaIzJdr",296,0.993311,19,299,2,297,2,2,0,2,2,154,154,145,143,33
"3293",92,"[19]cHcHsGnJHqKHqaIzJdr",288,0.989761,19,293,3,290,3,3,0,3,3,137,137,156,153,33
"3294",93,"[19]cHcHsGnJHqKHqaIzJdr",303,0.993464,19,306,2,304,2,2,0,2,2,163,163,143,141,33
"3295",94,"[19]cHcHsGnJHqKHqaIzJdr",301,0.996689,19,302,1,301,1,1,0,1,1,160,160,142,141,33
"3296",95,"[19]cHcHsGnJHqKHqaIzJdr",295,0.996622,19,296,1,295,1,1,0,1,1,150,150,146,145,33
"3297",96,"[19]cHcHsGnJHqKHqaIzJdr",304,0.993485,19,307,2,305,2,2,0,2,2,164,164,143,141,33
"3298",97,"[19]cHcHsGnJHqKHqaIzJdr",298,1,19,297,0,297,0,0,0,0,0,145,145,152,152,33
"3299",98,"[19]cHcHsGnJHqKHqaIzJdr",299,1,19,298,0,298,0,0,0,0,0,153,153,145,145,33
"3300",99,"[19]cHcHsGnJHqKHqaIzJdr",294,0.99661,19,295,1,294,1,1,0,1,1,137,137,158,157,33
"3301",0,"[16]HcbHxGnJHqKHqaIJ",297,0.996644,16,298,1,297,1,1,0,1,1,139,139,159,158,34
"3302",1,"[16]HcbHxGnJHqKHqaIJ",310,1,16,309,0,309,0,0,0,0,0,169,169,140,140,34
"3303",2,"[16]HcbHxGnJHqKHqaIJ",297,0.996644,16,298,1,297,1,1,0,1,1,150,150,148,147,34
"3304",3,"[16]HcbHxGnJHqKHqaIJ",308,0.996764,16,309,1,308,1,1,0,1,1,166,166,143,142,34
"3305",4,"[16]HcbHxGnJHqKHqaIJ",293,0.996599,16,294,1,293,1,1,0,1,1,145,145,149,148,34
"3306",5,"[16]HcbHxGnJHqKHqaIJ",294,1,16,293,0,293,0,0,0,0,0,148,148,145,145,34
"3307",6,"[16]HcbHxGnJHqKHqaIJ",286,0.983051,16,295,5,290,5,5,0,5,5,155,155,140,135,34
"3308",7,"[16]HcbHxGnJHqKHqaIJ",291,1,16,290,0,290,0,0,0,0,0,134,134,156,156,34
"3309",8,"[16]HcbHxGnJHqKHqaIJ",289,0.986486,16,296,4,292,4,4,0,4,4,152,152,144,140,34
"3310",9,"[16]HcbHxGnJHqKHqaIJ",307,1,16,306,0,306,0,0,0,0,0,162,162,144,144,34
"3311",10,"[16]HcbHxGnJHqKHqaIJ",303,0.993464,16,306,2,304,2,2,0,2,2,160,160,146,144,34
"3312",11,"[16]HcbHxGnJHqKHqaIJ",300,1,16,299,0,299,0,0,0,0,0,149,149,150,150,34
"3313",12,"[16]HcbHxGnJHqKHqaIJ",294,1,16,293,0,293,0,0,0,0,0,146,146,147,147,34
"3314",13,"[16]HcbHxGnJHqKHqaIJ",288,1,16,287,0,287,0,0,0,0,0,131,131,156,156,34
"3315",14,"[16]HcbHxGnJHqKHqaIJ",299,0.993377,16,302,2,300,2,2,0,2,2,158,158,144,142,34
"3316",15,"[16]HcbHxGnJHqKHqaIJ",294,1,16,293,0,293,0,0,0,0,0,141,141,152,152,34
"3317",16,"[16]HcbHxGnJHqKHqaIJ",297,1,16,296,0,296,0,0,0,0,0,144,144,152,152,34
"3318",17,"[16]HcbHxGnJHqKHqaIJ",307,1,16,306,0,306,0,0,0,0,0,162,162,144,144,34
"3319",18,"[16]HcbHxGnJHqKHqaIJ",299,1,16,298,0,298,0,0,0,0,0,157,157,141,141,34
"3320",19,"[16]HcbHxGnJHqKHqaIJ",306,1,16,305,0,305,0,0,0,0,0,156,156,149,149,34
"3321",20,"[16]HcbHxGnJHqKHqaIJ",293,0.996599,16,294,1,293,1,1,0,1,1,145,145,149,148,34
"3322",21,"[16]HcbHxGnJHqKHqaIJ",300,1,16,299,0,299,0,0,0,0,0,150,150,149,149,34
"3323",22,"[16]HcbHxGnJHqKHqaIJ",289,0.989796,16,294,3,291,3,3,0,3,3,142,142,152,149,34
"3324",23,"[16]HcbHxGnJHqKHqaIJ",293,0.993243,16,296,2,294,2,2,0,2,2,145,145,151,149,34
"3325",24,"[16]HcbHxGnJHqKHqaIJ",295,1,16,294,0,294,0,0,0,0,0,149,149,145,145,34
"3326",25,"[16]HcbHxGnJHqKHqaIJ",291,0.989865,16,296,3,293,3,3,0,3,3,139,139,157,154,34
"3327",26,"[16]HcbHxGnJHqKHqaIJ",294,0.993266,16,297,2,295,2,2,0,2,2,163,163,134,132,34
"3328",27,"[16]HcbHxGnJHqKHqaIJ",288,0.979933,16,299,6,293,6,6,0,6,6,168,168,131,125,34
"3329",28,"[16]HcbHxGnJHqKHqaIJ",302,1,16,301,0,301,0,0,0,0,0,156,156,145,145,34
"3330",29,"[16]HcbHxGnJHqKHqaIJ",300,1,16,299,0,299,0,0,0,0,0,149,149,150,150,34
"3331",30,"[16]HcbHxGnJHqKHqaIJ",305,1,16,304,0,304,0,0,0,0,0,156,156,148,148,34
"3332",31,"[16]HcbHxGnJHqKHqaIJ",279,0.989437,16,284,3,281,3,3,0,3,3,121,121,163,160,34
"3333",32,"[16]HcbHxGnJHqKHqaIJ",291,1,16,290,0,290,0,0,0,0,0,145,145,145,145,34
"3334",33,"[16]HcbHxGnJHqKHqaIJ",298,1,16,297,0,297,0,0,0,0,0,147,147,150,150,34
"3335",34,"[16]HcbHxGnJHqKHqaIJ",301,1,16,300,0,300,0,0,0,0,0,145,145,155,155,34
"3336",35,"[16]HcbHxGnJHqKHqaIJ",310,1,16,309,0,309,0,0,0,0,0,154,154,155,155,34
"3337",36,"[16]HcbHxGnJHqKHqaIJ",297,1,16,296,0,296,0,0,0,0,0,144,144,152,152,34
"3338",37,"[16]HcbHxGnJHqKHqaIJ",275,0.979021,16,286,6,280,6,6,0,6,6,125,125,161,155,34
"3339",38,"[16]HcbHxGnJHqKHqaIJ",303,0.996711,16,304,1,303,1,1,0,1,1,159,159,145,144,34
"3340",39,"[16]HcbHxGnJHqKHqaIJ",293,0.996599,16,294,1,293,1,1,0,1,1,146,146,148,147,34
"3341",40,"[16]HcbHxGnJHqKHqaIJ",300,1,16,299,0,299,0,0,0,0,0,159,159,140,140,34
"3342",41,"[16]HcbHxGnJHqKHqaIJ",296,1,16,295,0,295,0,0,0,0,0,149,149,146,146,34
"3343",42,"[16]HcbHxGnJHqKHqaIJ",304,1,16,303,0,303,0,0,0,0,0,151,151,152,152,34
"3344",43,"[16]HcbHxGnJHqKHqaIJ",297,0.990066,16,302,3,299,3,3,0,3,3,161,161,141,138,34
"3345",44,"[16]HcbHxGnJHqKHqaIJ",289,0.996552,16,290,1,289,1,1,0,1,1,131,131,159,158,34
"3346",45,"[16]HcbHxGnJHqKHqaIJ",298,1,16,297,0,297,0,0,0,0,0,139,139,158,158,34
"3347",46,"[16]HcbHxGnJHqKHqaIJ",295,0.996622,16,296,1,295,1,1,0,1,1,147,147,149,148,34
"3348",47,"[16]HcbHxGnJHqKHqaIJ",312,1,16,311,0,311,0,0,0,0,0,160,160,151,151,34
"3349",48,"[16]HcbHxGnJHqKHqaIJ",303,0.996711,16,304,1,303,1,1,0,1,1,161,161,143,142,34
"3350",49,"[16]HcbHxGnJHqKHqaIJ",304,1,16,303,0,303,0,0,0,0,0,161,161,142,142,34
"3351",50,"[16]HcbHxGnJHqKHqaIJ",299,1,16,298,0,298,0,0,0,0,0,142,142,156,156,34
"3352",51,"[16]HcbHxGnJHqKHqaIJ",295,0.996622,16,296,1,295,1,1,0,1,1,144,144,152,151,34
"3353",52,"[16]HcbHxGnJHqKHqaIJ",304,1,16,303,0,303,0,0,0,0,0,151,151,152,152,34
"3354",53,"[16]HcbHxGnJHqKHqaIJ",294,1,16,293,0,293,0,0,0,0,0,137,137,156,156,34
"3355",54,"[16]HcbHxGnJHqKHqaIJ",288,1,16,287,0,287,0,0,0,0,0,139,139,148,148,34
"3356",55,"[16]HcbHxGnJHqKHqaIJ",297,0.996644,16,298,1,297,1,1,0,1,1,154,154,144,143,34
"3357",56,"[16]HcbHxGnJHqKHqaIJ",294,1,16,293,0,293,0,0,0,0,0,127,127,166,166,34
"3358",57,"[16]HcbHxGnJHqKHqaIJ",288,0.993127,16,291,2,289,2,2,0,2,2,129,129,162,160,34
"3359",58,"[16]HcbHxGnJHqKHqaIJ",298,0.996656,16,299,1,298,1,1,0,1,1,147,147,152,151,34
"3360",59,"[16]HcbHxGnJHqKHqaIJ",300,0.996678,16,301,1,300,1,1,0,1,1,149,149,152,151,34
"3361",60,"[16]HcbHxGnJHqKHqaIJ",294,1,16,293,0,293,0,0,0,0,0,135,135,158,158,34
"3362",61,"[16]HcbHxGnJHqKHqaIJ",285,0.982993,16,294,5,289,5,5,0,5,5,143,143,151,146,34
"3363",62,"[16]HcbHxGnJHqKHqaIJ",301,0.993421,16,304,2,302,2,2,0,2,2,172,172,132,130,34
"3364",63,"[16]HcbHxGnJHqKHqaIJ",298,0.996656,16,299,1,298,1,1,0,1,1,154,154,145,144,34
"3365",64,"[16]HcbHxGnJHqKHqaIJ",296,1,16,295,0,295,0,0,0,0,0,145,145,150,150,34
"3366",65,"[16]HcbHxGnJHqKHqaIJ",296,1,16,295,0,295,0,0,0,0,0,138,138,157,157,34
"3367",66,"[16]HcbHxGnJHqKHqaIJ",295,0.996622,16,296,1,295,1,1,0,1,1,140,140,156,155,34
"3368",67,"[16]HcbHxGnJHqKHqaIJ",294,1,16,293,0,293,0,0,0,0,0,134,134,159,159,34
"3369",68,"[16]HcbHxGnJHqKHqaIJ",299,1,16,298,0,298,0,0,0,0,0,151,151,147,147,34
"3370",69,"[16]HcbHxGnJHqKHqaIJ",282,0.982818,16,291,5,286,5,5,0,5,5,134,134,157,152,34
"3371",70,"[16]HcbHxGnJHqKHqaIJ",302,0.9967,16,303,1,302,1,1,0,1,1,162,162,141,140,34
"3372",71,"[16]HcbHxGnJHqKHqaIJ",291,1,16,290,0,290,0,0,0,0,0,135,135,155,155,34
"3373",72,"[16]HcbHxGnJHqKHqaIJ",300,0.993399,16,303,2,301,2,2,0,2,2,162,162,141,139,34
"3374",73,"[16]HcbHxGnJHqKHqaIJ",289,0.989796,16,294,3,291,3,3,0,3,3,140,140,154,151,34
"3375",74,"[16]HcbHxGnJHqKHqaIJ",302,1,16,301,0,301,0,0,0,0,0,152,152,149,149,34
"3376",75,"[16]HcbHxGnJHqKHqaIJ",308,1,16,307,0,307,0,0,0,0,0,156,156,151,151,34
"3377",76,"[16]HcbHxGnJHqKHqaIJ",289,1,16,288,0,288,0,0,0,0,0,128,128,160,160,34
"3378",77,"[16]HcbHxGnJHqKHqaIJ",295,1,16,294,0,294,0,0,0,0,0,138,138,156,156,34
"3379",78,"[16]HcbHxGnJHqKHqaIJ",299,1,16,298,0,298,0,0,0,0,0,149,149,149,149,34
"3380",79,"[16]HcbHxGnJHqKHqaIJ",299,1,16,298,0,298,0,0,0,0,0,138,138,160,160,34
"3381",80,"[16]HcbHxGnJHqKHqaIJ",288,0.993127,16,291,2,289,2,2,0,2,2,131,131,160,158,34
"3382",81,"[16]HcbHxGnJHqKHqaIJ",298,0.996656,16,299,1,298,1,1,0,1,1,147,147,152,151,34
"3383",82,"[16]HcbHxGnJHqKHqaIJ",300,1,16,299,0,299,0,0,0,0,0,147,147,152,152,34
"3384",83,"[16]HcbHxGnJHqKHqaIJ",299,1,16,298,0,298,0,0,0,0,0,147,147,151,151,34
"3385",84,"[16]HcbHxGnJHqKHqaIJ",300,1,16,299,0,299,0,0,0,0,0,160,160,139,139,34
"3386",85,"[16]HcbHxGnJHqKHqaIJ",289,0.983221,16,298,5,293,5,5,0,5,5,147,147,151,146,34
"3387",86,"[16]HcbHxGnJHqKHqaIJ",297,1,16,296,0,296,0,0,0,0,0,150,150,146,146,34
"3388",87,"[16]HcbHxGnJHqKHqaIJ",283,0.989583,16,288,3,285,3,3,0,3,3,140,140,148,145,34
"3389",88,"[16]HcbHxGnJHqKHqaIJ",300,1,16,299,0,299,0,0,0,0,0,148,148,151,151,34
"3390",89,"[16]HcbHxGnJHqKHqaIJ",306,1,16,305,0,305,0,0,0,0,0,171,171,134,134,34
"3391",90,"[16]HcbHxGnJHqKHqaIJ",299,0.996667,16,300,1,299,1,1,0,1,1,150,150,150,149,34
"3392",91,"[16]HcbHxGnJHqKHqaIJ",298,1,16,297,0,297,0,0,0,0,0,139,139,158,158,34
"3393",92,"[16]HcbHxGnJHqKHqaIJ",302,1,16,301,0,301,0,0,0,0,0,156,156,145,145,34
"3394",93,"[16]HcbHxGnJHqKHqaIJ",301,0.996689,16,302,1,301,1,1,0,1,1,158,158,144,143,34
"3395",94,"[16]HcbHxGnJHqKHqaIJ",290,0.996564,16,291,1,290,1,1,0,1,1,121,121,170,169,34
"3396",95,"[16]HcbHxGnJHqKHqaIJ",303,1,16,302,0,302,0,0,0,0,0,157,157,145,145,34
"3397",96,"[16]HcbHxGnJHqKHqaIJ",297,1,16,296,0,296,0,0,0,0,0,142,142,154,154,34
"3398",97,"[16]HcbHxGnJHqKHqaIJ",304,1,16,303,0,303,0,0,0,0,0,163,163,140,140,34
"3399",98,"[16]HcbHxGnJHqKHqaIJ",299,1,16,298,0,298,0,0,0,0,0,149,149,149,149,34
"3400",99,"[16]HcbHxGnJHqKHqaIJ",301,1,16,300,0,300,0,0,0,0,0,146,146,154,154,34
"3401",0,"[17]HceHunJHqGKHqavIJ",312,0.993651,17,315,2,313,2,2,0,2,2,159,159,156,154,35
"3402",1,"[17]HceHunJHqGKHqavIJ",311,0.996795,17,312,1,311,1,1,0,1,1,152,152,160,159,35
"3403",2,"[17]HceHunJHqGKHqavIJ",321,0.993827,17,324,2,322,2,2,0,2,2,175,175,149,147,35
"3404",3,"[17]HceHunJHqGKHqavIJ",318,0.996865,17,319,1,318,1,1,0,1,1,166,166,153,152,35
"3405",4,"[17]HceHunJHqGKHqavIJ",313,1,17,312,0,312,0,0,0,0,0,149,149,163,163,35
"3406",5,"[17]HceHunJHqGKHqavIJ",326,0.996942,17,327,1,326,1,1,0,1,1,186,186,141,140,35
"3407",6,"[17]HceHunJHqGKHqavIJ",323,0.996914,17,324,1,323,1,1,0,1,1,170,170,154,153,35
"3408",7,"[17]HceHunJHqGKHqavIJ",316,0.996845,17,317,1,316,1,1,0,1,1,167,167,150,149,35
"3409",8,"[17]HceHunJHqGKHqavIJ",306,1,17,305,0,305,0,0,0,0,0,149,149,156,156,35
"3410",9,"[17]HceHunJHqGKHqavIJ",315,0.996835,17,316,1,315,1,1,0,1,1,161,161,155,154,35
"3411",10,"[17]HceHunJHqGKHqavIJ",314,0.996825,17,315,1,314,1,1,0,1,1,154,154,161,160,35
"3412",11,"[17]HceHunJHqGKHqavIJ",319,0.996875,17,320,1,319,1,1,0,1,1,165,165,155,154,35
"3413",12,"[17]HceHunJHqGKHqavIJ",323,1,17,322,0,322,0,0,0,0,0,168,168,154,154,35
"3414",13,"[17]HceHunJHqGKHqavIJ",320,1,17,319,0,319,0,0,0,0,0,163,163,156,156,35
"3415",14,"[17]HceHunJHqGKHqavIJ",315,0.996835,17,316,1,315,1,1,0,1,1,156,156,160,159,35
"3416",15,"[17]HceHunJHqGKHqavIJ",314,0.996825,17,315,1,314,1,1,0,1,1,153,153,162,161,35
"3417",16,"[17]HceHunJHqGKHqavIJ",311,1,17,310,0,310,0,0,0,0,0,153,153,157,157,35
"3418",17,"[17]HceHunJHqGKHqavIJ",317,1,17,316,0,316,0,0,0,0,0,160,160,156,156,35
"3419",18,"[17]HceHunJHqGKHqavIJ",310,1,17,309,0,309,0,0,0,0,0,152,152,157,157,35
"3420",19,"[17]HceHunJHqGKHqavIJ",315,0.996835,17,316,1,315,1,1,0,1,1,158,158,158,157,35
"3421",20,"[17]HceHunJHqGKHqavIJ",309,0.996774,17,310,1,309,1,1,0,1,1,150,150,160,159,35
"3422",21,"[17]HceHunJHqGKHqavIJ",300,0.986971,17,307,4,303,4,4,0,4,4,149,149,158,154,35
"3423",22,"[17]HceHunJHqGKHqavIJ",305,0.993506,17,308,2,306,2,2,0,2,2,153,153,155,153,35
"3424",23,"[17]HceHunJHqGKHqavIJ",326,1,17,325,0,325,0,0,0,0,0,171,171,154,154,35
"3425",24,"[17]HceHunJHqGKHqavIJ",317,1,17,316,0,316,0,0,0,0,0,158,158,158,158,35
"3426",25,"[17]HceHunJHqGKHqavIJ",314,0.996825,17,315,1,314,1,1,0,1,1,155,155,160,159,35
"3427",26,"[17]HceHunJHqGKHqavIJ",312,0.996805,17,313,1,312,1,1,0,1,1,151,151,162,161,35
"3428",27,"[17]HceHunJHqGKHqavIJ",287,0.983108,17,296,5,291,5,5,0,5,5,132,132,164,159,35
"3429",28,"[17]HceHunJHqGKHqavIJ",324,1,17,323,0,323,0,0,0,0,0,165,165,158,158,35
"3430",29,"[17]HceHunJHqGKHqavIJ",314,1,17,313,0,313,0,0,0,0,0,160,160,153,153,35
"3431",30,"[17]HceHunJHqGKHqavIJ",313,0.990566,17,318,3,315,3,3,0,3,3,165,165,153,150,35
"3432",31,"[17]HceHunJHqGKHqavIJ",310,1,17,309,0,309,0,0,0,0,0,144,144,165,165,35
"3433",32,"[17]HceHunJHqGKHqavIJ",319,1,17,318,0,318,0,0,0,0,0,158,158,160,160,35
"3434",33,"[17]HceHunJHqGKHqavIJ",318,1,17,317,0,317,0,0,0,0,0,159,159,158,158,35
"3435",34,"[17]HceHunJHqGKHqavIJ",324,1,17,323,0,323,0,0,0,0,0,169,169,154,154,35
"3436",35,"[17]HceHunJHqGKHqavIJ",319,1,17,318,0,318,0,0,0,0,0,166,166,152,152,35
"3437",36,"[17]HceHunJHqGKHqavIJ",310,1,17,309,0,309,0,0,0,0,0,142,142,167,167,35
"3438",37,"[17]HceHunJHqGKHqavIJ",306,0.993528,17,309,2,307,2,2,0,2,2,150,150,159,157,35
"3439",38,"[17]HceHunJHqGKHqavIJ",320,1,17,319,0,319,0,0,0,0,0,162,162,157,157,35
"3440",39,"[17]HceHunJHqGKHqavIJ",311,0.993631,17,314,2,312,2,2,0,2,2,160,160,154,152,35
"3441",40,"[17]HceHunJHqGKHqavIJ",320,1,17,319,0,319,0,0,0,0,0,172,172,147,147,35
"3442",41,"[17]HceHunJHqGKHqavIJ",309,0.996774,17,310,1,309,1,1,0,1,1,152,152,158,157,35
"3443",42,"[17]HceHunJHqGKHqavIJ",314,0.996825,17,315,1,314,1,1,0,1,1,157,157,158,157,35
"3444",43,"[17]HceHunJHqGKHqavIJ",318,1,17,317,0,317,0,0,0,0,0,163,163,154,154,35
"3445",44,"[17]HceHunJHqGKHqavIJ",309,1,17,308,0,308,0,0,0,0,0,143,143,165,165,35
"3446",45,"[17]HceHunJHqGKHqavIJ",310,0.996785,17,311,1,310,1,1,0,1,1,156,156,155,154,35
"3447",46,"[17]HceHunJHqGKHqavIJ",322,1,17,321,0,321,0,0,0,0,0,164,164,157,157,35
"3448",47,"[17]HceHunJHqGKHqavIJ",309,0.990446,17,314,3,311,3,3,0,3,3,160,160,154,151,35
"3449",48,"[17]HceHunJHqGKHqavIJ",317,1,17,316,0,316,0,0,0,0,0,157,157,159,159,35
"3450",49,"[17]HceHunJHqGKHqavIJ",325,1,17,324,0,324,0,0,0,0,0,169,169,155,155,35
"3451",50,"[17]HceHunJHqGKHqavIJ",289,0.986486,17,296,4,292,4,4,0,4,4,126,126,170,166,35
"3452",51,"[17]HceHunJHqGKHqavIJ",307,0.996753,17,308,1,307,1,1,0,1,1,148,148,160,159,35
"3453",52,"[17]HceHunJHqGKHqavIJ",320,1,17,319,0,319,0,0,0,0,0,167,167,152,152,35
"3454",53,"[17]HceHunJHqGKHqavIJ",314,1,17,313,0,313,0,0,0,0,0,159,159,154,154,35
"3455",54,"[17]HceHunJHqGKHqavIJ",313,1,17,312,0,312,0,0,0,0,0,149,149,163,163,35
"3456",55,"[17]HceHunJHqGKHqavIJ",304,0.996721,17,305,1,304,1,1,0,1,1,146,146,159,158,35
"3457",56,"[17]HceHunJHqGKHqavIJ",333,1,17,332,0,332,0,0,0,0,0,189,189,143,143,35
"3458",57,"[17]HceHunJHqGKHqavIJ",303,0.987097,17,310,4,306,4,4,0,4,4,154,154,156,152,35
"3459",58,"[17]HceHunJHqGKHqavIJ",317,0.996855,17,318,1,317,1,1,0,1,1,161,161,157,156,35
"3460",59,"[17]HceHunJHqGKHqavIJ",309,1,17,308,0,308,0,0,0,0,0,146,146,162,162,35
"3461",60,"[17]HceHunJHqGKHqavIJ",319,0.996875,17,320,1,319,1,1,0,1,1,166,166,154,153,35
"3462",61,"[17]HceHunJHqGKHqavIJ",320,1,17,319,0,319,0,0,0,0,0,161,161,158,158,35
"3463",62,"[17]HceHunJHqGKHqavIJ",302,0.977778,17,315,7,308,7,7,0,7,7,170,170,145,138,35
"3464",63,"[17]HceHunJHqGKHqavIJ",316,1,17,315,0,315,0,0,0,0,0,157,157,158,158,35
"3465",64,"[17]HceHunJHqGKHqavIJ",309,0.996774,17,310,1,309,1,1,0,1,1,146,146,164,163,35
"3466",65,"[17]HceHunJHqGKHqavIJ",310,0.99361,17,313,2,311,2,2,0,2,2,159,159,154,152,35
"3467",66,"[17]HceHunJHqGKHqavIJ",317,1,17,316,0,316,0,0,0,0,0,155,155,161,161,35
"3468",67,"[17]HceHunJHqGKHqavIJ",316,1,17,315,0,315,0,0,0,0,0,164,164,151,151,35
"3469",68,"[17]HceHunJHqGKHqavIJ",306,0.996743,17,307,1,306,1,1,0,1,1,149,149,158,157,35
"3470",69,"[17]HceHunJHqGKHqavIJ",297,0.996644,17,298,1,297,1,1,0,1,1,135,135,163,162,35
"3471",70,"[17]HceHunJHqGKHqavIJ",308,0.990415,17,313,3,310,3,3,0,3,3,160,160,153,150,35
"3472",71,"[17]HceHunJHqGKHqavIJ",309,1,17,308,0,308,0,0,0,0,0,149,149,159,159,35
"3473",72,"[17]HceHunJHqGKHqavIJ",313,1,17,312,0,312,0,0,0,0,0,149,149,163,163,35
"3474",73,"[17]HceHunJHqGKHqavIJ",320,1,17,319,0,319,0,0,0,0,0,167,167,152,152,35
"3475",74,"[17]HceHunJHqGKHqavIJ",303,1,17,302,0,302,0,0,0,0,0,139,139,163,163,35
"3476",75,"[17]HceHunJHqGKHqavIJ",310,1,17,309,0,309,0,0,0,0,0,140,140,169,169,35
"3477",76,"[17]HceHunJHqGKHqavIJ",298,0.996656,17,299,1,298,1,1,0,1,1,131,131,168,167,35
"3478",77,"[17]HceHunJHqGKHqavIJ",286,0.983051,17,295,5,290,5,5,0,5,5,124,124,171,166,35
"3479",78,"[17]HceHunJHqGKHqavIJ",301,0.987013,17,308,4,304,4,4,0,4,4,149,149,159,155,35
"3480",79,"[17]HceHunJHqGKHqavIJ",296,0.980456,17,307,6,301,6,6,0,6,6,154,154,153,147,35
"3481",80,"[17]HceHunJHqGKHqavIJ",318,0.996865,17,319,1,318,1,1,0,1,1,166,166,153,152,35
"3482",81,"[17]HceHunJHqGKHqavIJ",319,0.996875,17,320,1,319,1,1,0,1,1,163,163,157,156,35
"3483",82,"[17]HceHunJHqGKHqavIJ",326,1,17,325,0,325,0,0,0,0,0,177,177,148,148,35
"3484",83,"[17]HceHunJHqGKHqavIJ",298,0.983713,17,307,5,302,5,5,0,5,5,155,155,152,147,35
"3485",84,"[17]HceHunJHqGKHqavIJ",317,1,17,316,0,316,0,0,0,0,0,163,163,153,153,35
"3486",85,"[17]HceHunJHqGKHqavIJ",311,1,17,310,0,310,0,0,0,0,0,147,147,163,163,35
"3487",86,"[17]HceHunJHqGKHqavIJ",298,0.996656,17,299,1,298,1,1,0,1,1,136,136,163,162,35
"3488",87,"[17]HceHunJHqGKHqavIJ",318,0.993769,17,321,2,319,2,2,0,2,2,176,176,145,143,35
"3489",88,"[17]HceHunJHqGKHqavIJ",327,0.993939,17,330,2,328,2,2,0,2,2,189,189,141,139,35
"3490",89,"[17]HceHunJHqGKHqavIJ",302,0.987055,17,309,4,305,4,4,0,4,4,158,158,151,147,35
"3491",90,"[17]HceHunJHqGKHqavIJ",315,0.996835,17,316,1,315,1,1,0,1,1,159,159,157,156,35
"3492",91,"[17]HceHunJHqGKHqavIJ",316,1,17,315,0,315,0,0,0,0,0,162,162,153,153,35
"3493",92,"[17]HceHunJHqGKHqavIJ",311,1,17,310,0,310,0,0,0,0,0,147,147,163,163,35
"3494",93,"[17]HceHunJHqGKHqavIJ",323,1,17,322,0,322,0,0,0,0,0,171,171,151,151,35
"3495",94,"[17]HceHunJHqGKHqavIJ",320,1,17,319,0,319,0,0,0,0,0,171,171,148,148,35
"3496",95,"[17]HceHunJHqGKHqavIJ",308,1,17,307,0,307,0,0,0,0,0,145,145,162,162,35
"3497",96,"[17]HceHunJHqGKHqavIJ",318,0.990712,17,323,3,320,3,3,0,3,3,176,176,147,144,35
"3498",97,"[17]HceHunJHqGKHqavIJ",320,0.996885,17,321,1,320,1,1,0,1,1,169,169,152,151,35
"3499",98,"[17]HceHunJHqGKHqavIJ",308,0.996764,17,309,1,308,1,1,0,1,1,156,156,153,152,35
"3500",99,"[17]HceHunJHqGKHqavIJ",315,1,17,314,0,314,0,0,0,0,0,164,164,150,150,35
"3501",0,"[19]HcHxnJHqKGHqaIJGGEG",308,0.996764,19,309,1,308,1,1,0,1,1,147,147,162,161,36
"3502",1,"[19]HcHxnJHqKGHqaIJGGEG",324,1,19,323,0,323,0,0,0,0,0,169,169,154,154,36
"3503",2,"[19]HcHxnJHqKGHqaIJGGEG",314,0.996825,19,315,1,314,1,1,0,1,1,163,163,152,151,36
"3504",3,"[19]HcHxnJHqKGHqaIJGGEG",333,1,19,332,0,332,0,0,0,0,0,196,196,136,136,36
"3505",4,"[19]HcHxnJHqKGHqaIJGGEG",324,1,19,323,0,323,0,0,0,0,0,175,175,148,148,36
"3506",5,"[19]HcHxnJHqKGHqaIJGGEG",329,1,19,328,0,328,0,0,0,0,0,176,176,152,152,36
"3507",6,"[19]HcHxnJHqKGHqaIJGGEG",315,1,19,314,0,314,0,0,0,0,0,151,151,163,163,36
"3508",7,"[19]HcHxnJHqKGHqaIJGGEG",313,1,19,312,0,312,0,0,0,0,0,158,158,154,154,36
"3509",8,"[19]HcHxnJHqKGHqaIJGGEG",323,1,19,322,0,322,0,0,0,0,0,169,169,153,153,36
"3510",9,"[19]HcHxnJHqKGHqaIJGGEG",318,1,19,317,0,317,0,0,0,0,0,163,163,154,154,36
"3511",10,"[19]HcHxnJHqKGHqaIJGGEG",324,1,19,323,0,323,0,0,0,0,0,171,171,152,152,36
"3512",11,"[19]HcHxnJHqKGHqaIJGGEG",316,1,19,315,0,315,0,0,0,0,0,157,157,158,158,36
"3513",12,"[19]HcHxnJHqKGHqaIJGGEG",315,1,19,314,0,314,0,0,0,0,0,151,151,163,163,36
"3514",13,"[19]HcHxnJHqKGHqaIJGGEG",316,1,19,315,0,315,0,0,0,0,0,157,157,158,158,36
"3515",14,"[19]HcHxnJHqKGHqaIJGGEG",311,0.993631,19,314,2,312,2,2,0,2,2,170,170,144,142,36
"3516",15,"[19]HcHxnJHqKGHqaIJGGEG",304,0.996721,19,305,1,304,1,1,0,1,1,138,138,167,166,36
"3517",16,"[19]HcHxnJHqKGHqaIJGGEG",317,1,19,316,0,316,0,0,0,0,0,162,162,154,154,36
"3518",17,"[19]HcHxnJHqKGHqaIJGGEG",323,0.996914,19,324,1,323,1,1,0,1,1,173,173,151,150,36
"3519",18,"[19]HcHxnJHqKGHqaIJGGEG",282,0.973064,19,297,8,289,8,8,0,8,8,143,143,154,146,36
"3520",19,"[19]HcHxnJHqKGHqaIJGGEG",314,1,19,313,0,313,0,0,0,0,0,146,146,167,167,36
"3521",20,"[19]HcHxnJHqKGHqaIJGGEG",322,0.993846,19,325,2,323,2,2,0,2,2,184,184,141,139,36
"3522",21,"[19]HcHxnJHqKGHqaIJGGEG",293,0.993243,19,296,2,294,2,2,0,2,2,127,127,169,167,36
"3523",22,"[19]HcHxnJHqKGHqaIJGGEG",324,0.996923,19,325,1,324,1,1,0,1,1,180,180,145,144,36
"3524",23,"[19]HcHxnJHqKGHqaIJGGEG",308,0.987302,19,315,4,311,4,4,0,4,4,157,157,158,154,36
"3525",24,"[19]HcHxnJHqKGHqaIJGGEG",310,0.996785,19,311,1,310,1,1,0,1,1,138,138,173,172,36
"3526",25,"[19]HcHxnJHqKGHqaIJGGEG",322,1,19,321,0,321,0,0,0,0,0,165,165,156,156,36
"3527",26,"[19]HcHxnJHqKGHqaIJGGEG",322,1,19,321,0,321,0,0,0,0,0,166,166,155,155,36
"3528",27,"[19]HcHxnJHqKGHqaIJGGEG",322,1,19,321,0,321,0,0,0,0,0,167,167,154,154,36
"3529",28,"[19]HcHxnJHqKGHqaIJGGEG",315,0.996835,19,316,1,315,1,1,0,1,1,163,163,153,152,36
"3530",29,"[19]HcHxnJHqKGHqaIJGGEG",325,1,19,324,0,324,0,0,0,0,0,169,169,155,155,36
"3531",30,"[19]HcHxnJHqKGHqaIJGGEG",315,0.993711,19,318,2,316,2,2,0,2,2,168,168,150,148,36
"3532",31,"[19]HcHxnJHqKGHqaIJGGEG",314,1,19,313,0,313,0,0,0,0,0,153,153,160,160,36
"3533",32,"[19]HcHxnJHqKGHqaIJGGEG",317,1,19,316,0,316,0,0,0,0,0,164,164,152,152,36
"3534",33,"[19]HcHxnJHqKGHqaIJGGEG",312,0.993651,19,315,2,313,2,2,0,2,2,160,160,155,153,36
"3535",34,"[19]HcHxnJHqKGHqaIJGGEG",316,1,19,315,0,315,0,0,0,0,0,159,159,156,156,36
"3536",35,"[19]HcHxnJHqKGHqaIJGGEG",302,0.9967,19,303,1,302,1,1,0,1,1,143,143,160,159,36
"3537",36,"[19]HcHxnJHqKGHqaIJGGEG",304,0.990291,19,309,3,306,3,3,0,3,3,142,142,167,164,36
"3538",37,"[19]HcHxnJHqKGHqaIJGGEG",318,1,19,317,0,317,0,0,0,0,0,160,160,157,157,36
"3539",38,"[19]HcHxnJHqKGHqaIJGGEG",325,0.996933,19,326,1,325,1,1,0,1,1,175,175,151,150,36
"3540",39,"[19]HcHxnJHqKGHqaIJGGEG",313,0.996815,19,314,1,313,1,1,0,1,1,159,159,155,154,36
"3541",40,"[19]HcHxnJHqKGHqaIJGGEG",307,1,19,306,0,306,0,0,0,0,0,142,142,164,164,36
"3542",41,"[19]HcHxnJHqKGHqaIJGGEG",323,0.996914,19,324,1,323,1,1,0,1,1,178,178,146,145,36
"3543",42,"[19]HcHxnJHqKGHqaIJGGEG",309,1,19,308,0,308,0,0,0,0,0,143,143,165,165,36
"3544",43,"[19]HcHxnJHqKGHqaIJGGEG",308,0.990415,19,313,3,310,3,3,0,3,3,157,157,156,153,36
"3545",44,"[19]HcHxnJHqKGHqaIJGGEG",319,1,19,318,0,318,0,0,0,0,0,162,162,156,156,36
"3546",45,"[19]HcHxnJHqKGHqaIJGGEG",321,0.993827,19,324,2,322,2,2,0,2,2,175,175,149,147,36
"3547",46,"[19]HcHxnJHqKGHqaIJGGEG",318,0.996865,19,319,1,318,1,1,0,1,1,163,163,156,155,36
"3548",47,"[19]HcHxnJHqKGHqaIJGGEG",318,1,19,317,0,317,0,0,0,0,0,156,156,161,161,36
"3549",48,"[19]HcHxnJHqKGHqaIJGGEG",296,0.993311,19,299,2,297,2,2,0,2,2,133,133,166,164,36
"3550",49,"[19]HcHxnJHqKGHqaIJGGEG",325,1,19,324,0,324,0,0,0,0,0,170,170,154,154,36
"3551",50,"[19]HcHxnJHqKGHqaIJGGEG",319,1,19,318,0,318,0,0,0,0,0,160,160,158,158,36
"3552",51,"[19]HcHxnJHqKGHqaIJGGEG",315,1,19,314,0,314,0,0,0,0,0,154,154,160,160,36
"3553",52,"[19]HcHxnJHqKGHqaIJGGEG",325,1,19,324,0,324,0,0,0,0,0,169,169,155,155,36
"3554",53,"[19]HcHxnJHqKGHqaIJGGEG",315,1,19,314,0,314,0,0,0,0,0,149,149,165,165,36
"3555",54,"[19]HcHxnJHqKGHqaIJGGEG",312,0.993651,19,315,2,313,2,2,0,2,2,163,163,152,150,36
"3556",55,"[19]HcHxnJHqKGHqaIJGGEG",312,0.996805,19,313,1,312,1,1,0,1,1,150,150,163,162,36
"3557",56,"[19]HcHxnJHqKGHqaIJGGEG",310,0.996785,19,311,1,310,1,1,0,1,1,145,145,166,165,36
"3558",57,"[19]HcHxnJHqKGHqaIJGGEG",309,0.99359,19,312,2,310,2,2,0,2,2,152,152,160,158,36
"3559",58,"[19]HcHxnJHqKGHqaIJGGEG",316,1,19,315,0,315,0,0,0,0,0,152,152,163,163,36
"3560",59,"[19]HcHxnJHqKGHqaIJGGEG",318,0.996865,19,319,1,318,1,1,0,1,1,158,158,161,160,36
"3561",60,"[19]HcHxnJHqKGHqaIJGGEG",311,0.993631,19,314,2,312,2,2,0,2,2,151,151,163,161,36
"3562",61,"[19]HcHxnJHqKGHqaIJGGEG",320,1,19,319,0,319,0,0,0,0,0,166,166,153,153,36
"3563",62,"[19]HcHxnJHqKGHqaIJGGEG",315,1,19,314,0,314,0,0,0,0,0,151,151,163,163,36
"3564",63,"[19]HcHxnJHqKGHqaIJGGEG",322,1,19,321,0,321,0,0,0,0,0,167,167,154,154,36
"3565",64,"[19]HcHxnJHqKGHqaIJGGEG",308,0.990415,19,313,3,310,3,3,0,3,3,159,159,154,151,36
"3566",65,"[19]HcHxnJHqKGHqaIJGGEG",315,1,19,314,0,314,0,0,0,0,0,151,151,163,163,36
"3567",66,"[19]HcHxnJHqKGHqaIJGGEG",325,1,19,324,0,324,0,0,0,0,0,171,171,153,153,36
"3568",67,"[19]HcHxnJHqKGHqaIJGGEG",319,1,19,318,0,318,0,0,0,0,0,155,155,163,163,36
"3569",68,"[19]HcHxnJHqKGHqaIJGGEG",315,1,19,314,0,314,0,0,0,0,0,151,151,163,163,36
"3570",69,"[19]HcHxnJHqKGHqaIJGGEG",297,0.986842,19,304,4,300,4,4,0,4,4,145,145,159,155,36
"3571",70,"[19]HcHxnJHqKGHqaIJGGEG",323,1,19,322,0,322,0,0,0,0,0,170,170,152,152,36
"3572",71,"[19]HcHxnJHqKGHqaIJGGEG",312,0.993651,19,315,2,313,2,2,0,2,2,172,172,143,141,36
"3573",72,"[19]HcHxnJHqKGHqaIJGGEG",293,0.986667,19,300,4,296,4,4,0,4,4,136,136,164,160,36
"3574",73,"[19]HcHxnJHqKGHqaIJGGEG",315,0.990625,19,320,3,317,3,3,0,3,3,166,166,154,151,36
"3575",74,"[19]HcHxnJHqKGHqaIJGGEG",315,1,19,314,0,314,0,0,0,0,0,154,154,160,160,36
"3576",75,"[19]HcHxnJHqKGHqaIJGGEG",315,0.996835,19,316,1,315,1,1,0,1,1,162,162,154,153,36
"3577",76,"[19]HcHxnJHqKGHqaIJGGEG",297,0.986842,19,304,4,300,4,4,0,4,4,148,148,156,152,36
"3578",77,"[19]HcHxnJHqKGHqaIJGGEG",323,1,19,322,0,322,0,0,0,0,0,160,160,162,162,36
"3579",78,"[19]HcHxnJHqKGHqaIJGGEG",316,1,19,315,0,315,0,0,0,0,0,159,159,156,156,36
"3580",79,"[19]HcHxnJHqKGHqaIJGGEG",301,0.993421,19,304,2,302,2,2,0,2,2,142,142,162,160,36
"3581",80,"[19]HcHxnJHqKGHqaIJGGEG",312,0.993651,19,315,2,313,2,2,0,2,2,160,160,155,153,36
"3582",81,"[19]HcHxnJHqKGHqaIJGGEG",324,1,19,323,0,323,0,0,0,0,0,170,170,153,153,36
"3583",82,"[19]HcHxnJHqKGHqaIJGGEG",320,1,19,319,0,319,0,0,0,0,0,160,160,159,159,36
"3584",83,"[19]HcHxnJHqKGHqaIJGGEG",302,0.993443,19,305,2,303,2,2,0,2,2,144,144,161,159,36
"3585",84,"[19]HcHxnJHqKGHqaIJGGEG",317,0.99375,19,320,2,318,2,2,0,2,2,165,165,155,153,36
"3586",85,"[19]HcHxnJHqKGHqaIJGGEG",303,0.993464,19,306,2,304,2,2,0,2,2,143,143,163,161,36
"3587",86,"[19]HcHxnJHqKGHqaIJGGEG",308,0.993569,19,311,2,309,2,2,0,2,2,157,157,154,152,36
"3588",87,"[19]HcHxnJHqKGHqaIJGGEG",281,0.986111,19,288,4,284,4,4,0,4,4,120,120,168,164,36
"3589",88,"[19]HcHxnJHqKGHqaIJGGEG",309,0.996774,19,310,1,309,1,1,0,1,1,151,151,159,158,36
"3590",89,"[19]HcHxnJHqKGHqaIJGGEG",312,1,19,311,0,311,0,0,0,0,0,150,150,161,161,36
"3591",90,"[19]HcHxnJHqKGHqaIJGGEG",315,0.996835,19,316,1,315,1,1,0,1,1,161,161,155,154,36
"3592",91,"[19]HcHxnJHqKGHqaIJGGEG",308,0.996764,19,309,1,308,1,1,0,1,1,150,150,159,158,36
"3593",92,"[19]HcHxnJHqKGHqaIJGGEG",284,0.973244,19,299,8,291,8,8,0,8,8,141,141,158,150,36
"3594",93,"[19]HcHxnJHqKGHqaIJGGEG",311,1,19,310,0,310,0,0,0,0,0,151,151,159,159,36
"3595",94,"[19]HcHxnJHqKGHqaIJGGEG",314,1,19,313,0,313,0,0,0,0,0,154,154,159,159,36
"3596",95,"[19]HcHxnJHqKGHqaIJGGEG",316,1,19,315,0,315,0,0,0,0,0,155,155,160,160,36
"3597",96,"[19]HcHxnJHqKGHqaIJGGEG",303,0.99026,19,308,3,305,3,3,0,3,3,147,147,161,158,36
"3598",97,"[19]HcHxnJHqKGHqaIJGGEG",313,1,19,312,0,312,0,0,0,0,0,152,152,160,160,36
"3599",98,"[19]HcHxnJHqKGHqaIJGGEG",309,1,19,308,0,308,0,0,0,0,0,147,147,161,161,36
"3600",99,"[19]HcHxnJHqKGHqaIJGGEG",307,0.987261,19,314,4,310,4,4,0,4,4,162,162,152,148,36
"3601",0,"[16]HcHtGnJHqKHqaoIJ",289,0.993151,16,292,2,290,2,2,0,2,2,129,129,163,161,37
"3602",1,"[16]HcHtGnJHqKHqaoIJ",295,0.993289,16,298,2,296,2,2,0,2,2,144,144,154,152,37
"3603",2,"[16]HcHtGnJHqKHqaoIJ",299,1,16,298,0,298,0,0,0,0,0,145,145,153,153,37
"3604",3,"[16]HcHtGnJHqKHqaoIJ",283,0.979592,16,294,6,288,6,6,0,6,6,146,146,148,142,37
"3605",4,"[16]HcHtGnJHqKHqaoIJ",297,0.996644,16,298,1,297,1,1,0,1,1,146,146,152,151,37
"3606",5,"[16]HcHtGnJHqKHqaoIJ",285,0.989655,16,290,3,287,3,3,0,3,3,138,138,152,149,37
"3607",6,"[16]HcHtGnJHqKHqaoIJ",295,0.986755,16,302,4,298,4,4,0,4,4,155,155,147,143,37
"3608",7,"[16]HcHtGnJHqKHqaoIJ",298,1,16,297,0,297,0,0,0,0,0,147,147,150,150,37
"3609",8,"[16]HcHtGnJHqKHqaoIJ",295,1,16,294,0,294,0,0,0,0,0,136,136,158,158,37
"3610",9,"[16]HcHtGnJHqKHqaoIJ",305,0.993506,16,308,2,306,2,2,0,2,2,164,164,144,142,37
"3611",10,"[16]HcHtGnJHqKHqaoIJ",299,1,16,298,0,298,0,0,0,0,0,157,157,141,141,37
"3612",11,"[16]HcHtGnJHqKHqaoIJ",289,0.989796,16,294,3,291,3,3,0,3,3,146,146,148,145,37
"3613",12,"[16]HcHtGnJHqKHqaoIJ",293,1,16,292,0,292,0,0,0,0,0,129,129,163,163,37
"3614",13,"[16]HcHtGnJHqKHqaoIJ",299,1,16,298,0,298,0,0,0,0,0,151,151,147,147,37
"3615",14,"[16]HcHtGnJHqKHqaoIJ",290,0.993174,16,293,2,291,2,2,0,2,2,134,134,159,157,37
"3616",15,"[16]HcHtGnJHqKHqaoIJ",288,0.989761,16,293,3,290,3,3,0,3,3,150,150,143,140,37
"3617",16,"[16]HcHtGnJHqKHqaoIJ",303,1,16,302,0,302,0,0,0,0,0,159,159,143,143,37
"3618",17,"[16]HcHtGnJHqKHqaoIJ",296,0.996633,16,297,1,296,1,1,0,1,1,148,148,149,148,37
"3619",18,"[16]HcHtGnJHqKHqaoIJ",299,0.993377,16,302,2,300,2,2,0,2,2,148,148,154,152,37
"3620",19,"[16]HcHtGnJHqKHqaoIJ",307,1,16,306,0,306,0,0,0,0,0,150,150,156,156,37
"3621",20,"[16]HcHtGnJHqKHqaoIJ",299,1,16,298,0,298,0,0,0,0,0,145,145,153,153,37
"3622",21,"[16]HcHtGnJHqKHqaoIJ",299,1,16,298,0,298,0,0,0,0,0,150,150,148,148,37
"3623",22,"[16]HcHtGnJHqKHqaoIJ",305,1,16,304,0,304,0,0,0,0,0,165,165,139,139,37
"3624",23,"[16]HcHtGnJHqKHqaoIJ",299,0.996667,16,300,1,299,1,1,0,1,1,137,137,163,162,37
"3625",24,"[16]HcHtGnJHqKHqaoIJ",297,1,16,296,0,296,0,0,0,0,0,139,139,157,157,37
"3626",25,"[16]HcHtGnJHqKHqaoIJ",304,1,16,303,0,303,0,0,0,0,0,164,164,139,139,37
"3627",26,"[16]HcHtGnJHqKHqaoIJ",291,1,16,290,0,290,0,0,0,0,0,129,129,161,161,37
"3628",27,"[16]HcHtGnJHqKHqaoIJ",305,1,16,304,0,304,0,0,0,0,0,155,155,149,149,37
"3629",28,"[16]HcHtGnJHqKHqaoIJ",299,1,16,298,0,298,0,0,0,0,0,150,150,148,148,37
"3630",29,"[16]HcHtGnJHqKHqaoIJ",294,0.99661,16,295,1,294,1,1,0,1,1,141,141,154,153,37
"3631",30,"[16]HcHtGnJHqKHqaoIJ",305,1,16,304,0,304,0,0,0,0,0,157,157,147,147,37
"3632",31,"[16]HcHtGnJHqKHqaoIJ",295,1,16,294,0,294,0,0,0,0,0,137,137,157,157,37
"3633",32,"[16]HcHtGnJHqKHqaoIJ",299,1,16,298,0,298,0,0,0,0,0,141,141,157,157,37
"3634",33,"[16]HcHtGnJHqKHqaoIJ",294,0.993266,16,297,2,295,2,2,0,2,2,145,145,152,150,37
"3635",34,"[16]HcHtGnJHqKHqaoIJ",302,1,16,301,0,301,0,0,0,0,0,155,155,146,146,37
"3636",35,"[16]HcHtGnJHqKHqaoIJ",306,1,16,305,0,305,0,0,0,0,0,159,159,146,146,37
"3637",36,"[16]HcHtGnJHqKHqaoIJ",303,1,16,302,0,302,0,0,0,0,0,157,157,145,145,37
"3638",37,"[16]HcHtGnJHqKHqaoIJ",300,0.993399,16,303,2,301,2,2,0,2,2,170,170,133,131,37
"3639",38,"[16]HcHtGnJHqKHqaoIJ",300,1,16,299,0,299,0,0,0,0,0,133,133,166,166,37
"3640",39,"[16]HcHtGnJHqKHqaoIJ",306,1,16,305,0,305,0,0,0,0,0,161,161,144,144,37
"3641",40,"[16]HcHtGnJHqKHqaoIJ",295,0.993289,16,298,2,296,2,2,0,2,2,144,144,154,152,37
"3642",41,"[16]HcHtGnJHqKHqaoIJ",304,0.996721,16,305,1,304,1,1,0,1,1,152,152,153,152,37
"3643",42,"[16]HcHtGnJHqKHqaoIJ",291,0.996575,16,292,1,291,1,1,0,1,1,141,141,151,150,37
"3644",43,"[16]HcHtGnJHqKHqaoIJ",299,1,16,298,0,298,0,0,0,0,0,149,149,149,149,37
"3645",44,"[16]HcHtGnJHqKHqaoIJ",305,1,16,304,0,304,0,0,0,0,0,150,150,154,154,37
"3646",45,"[16]HcHtGnJHqKHqaoIJ",276,0.975779,16,289,7,282,7,7,0,7,7,134,134,155,148,37
"3647",46,"[16]HcHtGnJHqKHqaoIJ",294,0.986711,16,301,4,297,4,4,0,4,4,156,156,145,141,37
"3648",47,"[16]HcHtGnJHqKHqaoIJ",298,1,16,297,0,297,0,0,0,0,0,151,151,146,146,37
"3649",48,"[16]HcHtGnJHqKHqaoIJ",292,0.996587,16,293,1,292,1,1,0,1,1,143,143,150,149,37
"3650",49,"[16]HcHtGnJHqKHqaoIJ",301,1,16,300,0,300,0,0,0,0,0,164,164,136,136,37
"3651",50,"[16]HcHtGnJHqKHqaoIJ",290,0.989831,16,295,3,292,3,3,0,3,3,145,145,150,147,37
"3652",51,"[16]HcHtGnJHqKHqaoIJ",294,1,16,293,0,293,0,0,0,0,0,136,136,157,157,37
"3653",52,"[16]HcHtGnJHqKHqaoIJ",292,0.99322,16,295,2,293,2,2,0,2,2,152,152,143,141,37
"3654",53,"[16]HcHtGnJHqKHqaoIJ",303,1,16,302,0,302,0,0,0,0,0,159,159,143,143,37
"3655",54,"[16]HcHtGnJHqKHqaoIJ",292,0.99322,16,295,2,293,2,2,0,2,2,154,154,141,139,37
"3656",55,"[16]HcHtGnJHqKHqaoIJ",290,1,16,289,0,289,0,0,0,0,0,125,125,164,164,37
"3657",56,"[16]HcHtGnJHqKHqaoIJ",292,1,16,291,0,291,0,0,0,0,0,137,137,154,154,37
"3658",57,"[16]HcHtGnJHqKHqaoIJ",290,0.983278,16,299,5,294,5,5,0,5,5,149,149,150,145,37
"3659",58,"[16]HcHtGnJHqKHqaoIJ",289,0.996552,16,290,1,289,1,1,0,1,1,129,129,161,160,37
"3660",59,"[16]HcHtGnJHqKHqaoIJ",304,1,16,303,0,303,0,0,0,0,0,150,150,153,153,37
"3661",60,"[16]HcHtGnJHqKHqaoIJ",295,1,16,294,0,294,0,0,0,0,0,145,145,149,149,37
"3662",61,"[16]HcHtGnJHqKHqaoIJ",299,1,16,298,0,298,0,0,0,0,0,157,157,141,141,37
"3663",62,"[16]HcHtGnJHqKHqaoIJ",292,0.99322,16,295,2,293,2,2,0,2,2,150,150,145,143,37
"3664",63,"[16]HcHtGnJHqKHqaoIJ",310,1,16,309,0,309,0,0,0,0,0,170,170,139,139,37
"3665",64,"[16]HcHtGnJHqKHqaoIJ",301,1,16,300,0,300,0,0,0,0,0,148,148,152,152,37
"3666",65,"[16]HcHtGnJHqKHqaoIJ",298,0.996656,16,299,1,298,1,1,0,1,1,149,149,150,149,37
"3667",66,"[16]HcHtGnJHqKHqaoIJ",293,0.983444,16,302,5,297,5,5,0,5,5,169,169,133,128,37
"3668",67,"[16]HcHtGnJHqKHqaoIJ",304,1,16,303,0,303,0,0,0,0,0,151,151,152,152,37
"3669",68,"[16]HcHtGnJHqKHqaoIJ",292,1,16,291,0,291,0,0,0,0,0,130,130,161,161,37
"3670",69,"[16]HcHtGnJHqKHqaoIJ",304,1,16,303,0,303,0,0,0,0,0,163,163,140,140,37
"3671",70,"[16]HcHtGnJHqKHqaoIJ",296,1,16,295,0,295,0,0,0,0,0,137,137,158,158,37
"3672",71,"[16]HcHtGnJHqKHqaoIJ",305,0.996732,16,306,1,305,1,1,0,1,1,148,148,158,157,37
"3673",72,"[16]HcHtGnJHqKHqaoIJ",291,0.993197,16,294,2,292,2,2,0,2,2,144,144,150,148,37
"3674",73,"[16]HcHtGnJHqKHqaoIJ",308,1,16,307,0,307,0,0,0,0,0,162,162,145,145,37
"3675",74,"[16]HcHtGnJHqKHqaoIJ",301,1,16,300,0,300,0,0,0,0,0,148,148,152,152,37
"3676",75,"[16]HcHtGnJHqKHqaoIJ",292,0.996587,16,293,1,292,1,1,0,1,1,127,127,166,165,37
"3677",76,"[16]HcHtGnJHqKHqaoIJ",303,1,16,302,0,302,0,0,0,0,0,157,157,145,145,37
"3678",77,"[16]HcHtGnJHqKHqaoIJ",298,1,16,297,0,297,0,0,0,0,0,145,145,152,152,37
"3679",78,"[16]HcHtGnJHqKHqaoIJ",305,1,16,304,0,304,0,0,0,0,0,158,158,146,146,37
"3680",79,"[16]HcHtGnJHqKHqaoIJ",305,1,16,304,0,304,0,0,0,0,0,149,149,155,155,37
"3681",80,"[16]HcHtGnJHqKHqaoIJ",296,0.993311,16,299,2,297,2,2,0,2,2,153,153,146,144,37
"3682",81,"[16]HcHtGnJHqKHqaoIJ",299,0.996667,16,300,1,299,1,1,0,1,1,148,148,152,151,37
"3683",82,"[16]HcHtGnJHqKHqaoIJ",304,1,16,303,0,303,0,0,0,0,0,145,145,158,158,37
"3684",83,"[16]HcHtGnJHqKHqaoIJ",302,1,16,301,0,301,0,0,0,0,0,151,151,150,150,37
"3685",84,"[16]HcHtGnJHqKHqaoIJ",297,0.993333,16,300,2,298,2,2,0,2,2,158,158,142,140,37
"3686",85,"[16]HcHtGnJHqKHqaoIJ",293,0.996599,16,294,1,293,1,1,0,1,1,149,149,145,144,37
"3687",86,"[16]HcHtGnJHqKHqaoIJ",300,0.996678,16,301,1,300,1,1,0,1,1,160,160,141,140,37
"3688",87,"[16]HcHtGnJHqKHqaoIJ",286,1,16,285,0,285,0,0,0,0,0,129,129,156,156,37
"3689",88,"[16]HcHtGnJHqKHqaoIJ",294,0.99661,16,295,1,294,1,1,0,1,1,139,139,156,155,37
"3690",89,"[16]HcHtGnJHqKHqaoIJ",308,1,16,307,0,307,0,0,0,0,0,167,167,140,140,37
"3691",90,"[16]HcHtGnJHqKHqaoIJ",296,0.993311,16,299,2,297,2,2,0,2,2,161,161,138,136,37
"3692",91,"[16]HcHtGnJHqKHqaoIJ",301,1,16,300,0,300,0,0,0,0,0,141,141,159,159,37
"3693",92,"[16]HcHtGnJHqKHqaoIJ",294,0.986711,16,301,4,297,4,4,0,4,4,162,162,139,135,37
"3694",93,"[16]HcHtGnJHqKHqaoIJ",281,0.979452,16,292,6,286,6,6,0,6,6,142,142,150,144,37
"3695",94,"[16]HcHtGnJHqKHqaoIJ",304,1,16,303,0,303,0,0,0,0,0,147,147,156,156,37
"3696",95,"[16]HcHtGnJHqKHqaoIJ",304,0.996721,16,305,1,304,1,1,0,1,1,164,164,141,140,37
"3697",96,"[16]HcHtGnJHqKHqaoIJ",286,0.979798,16,297,6,291,6,6,0,6,6,151,151,146,140,37
"3698",97,"[16]HcHtGnJHqKHqaoIJ",301,0.996689,16,302,1,301,1,1,0,1,1,162,162,140,139,37
"3699",98,"[16]HcHtGnJHqKHqaoIJ",291,0.996575,16,292,1,291,1,1,0,1,1,132,132,160,159,37
"3700",99,"[16]HcHtGnJHqKHqaoIJ",294,0.986711,16,301,4,297,4,4,0,4,4,157,157,144,140,37
"3701",0,"[18]HcHwGnJHqKHqaAInAJ",298,1,18,297,0,297,0,0,0,0,0,146,146,151,151,38
"3702",1,"[18]HcHwGnJHqKHqaAInAJ",296,0.993311,18,299,2,297,2,2,0,2,2,151,151,148,146,38
"3703",2,"[18]HcHwGnJHqKHqaAInAJ",297,0.993333,18,300,2,298,2,2,0,2,2,152,152,148,146,38
"3704",3,"[18]HcHwGnJHqKHqaAInAJ",289,0.983221,18,298,5,293,5,5,0,5,5,155,155,143,138,38
"3705",4,"[18]HcHwGnJHqKHqaAInAJ",303,1,18,302,0,302,0,0,0,0,0,162,162,140,140,38
"3706",5,"[18]HcHwGnJHqKHqaAInAJ",283,0.979592,18,294,6,288,6,6,0,6,6,148,148,146,140,38
"3707",6,"[18]HcHwGnJHqKHqaAInAJ",293,1,18,292,0,292,0,0,0,0,0,138,138,154,154,38
"3708",7,"[18]HcHwGnJHqKHqaAInAJ",295,0.996622,18,296,1,295,1,1,0,1,1,150,150,146,145,38
"3709",8,"[18]HcHwGnJHqKHqaAInAJ",287,0.993103,18,290,2,288,2,2,0,2,2,140,140,150,148,38
"3710",9,"[18]HcHwGnJHqKHqaAInAJ",292,0.989899,18,297,3,294,3,3,0,3,3,156,156,141,138,38
"3711",10,"[18]HcHwGnJHqKHqaAInAJ",299,1,18,298,0,298,0,0,0,0,0,156,156,142,142,38
"3712",11,"[18]HcHwGnJHqKHqaAInAJ",290,0.996564,18,291,1,290,1,1,0,1,1,139,139,152,151,38
"3713",12,"[18]HcHwGnJHqKHqaAInAJ",304,1,18,303,0,303,0,0,0,0,0,157,157,146,146,38
"3714",13,"[18]HcHwGnJHqKHqaAInAJ",297,0.996644,18,298,1,297,1,1,0,1,1,155,155,143,142,38
"3715",14,"[18]HcHwGnJHqKHqaAInAJ",288,0.99654,18,289,1,288,1,1,0,1,1,128,128,161,160,38
"3716",15,"[18]HcHwGnJHqKHqaAInAJ",291,0.996575,18,292,1,291,1,1,0,1,1,133,133,159,158,38
"3717",16,"[18]HcHwGnJHqKHqaAInAJ",300,1,18,299,0,299,0,0,0,0,0,160,160,139,139,38
"3718",17,"[18]HcHwGnJHqKHqaAInAJ",295,0.996622,18,296,1,295,1,1,0,1,1,144,144,152,151,38
"3719",18,"[18]HcHwGnJHqKHqaAInAJ",286,0.979798,18,297,6,291,6,6,0,6,6,152,152,145,139,38
"3720",19,"[18]HcHwGnJHqKHqaAInAJ",298,0.996656,18,299,1,298,1,1,0,1,1,155,155,144,143,38
"3721",20,"[18]HcHwGnJHqKHqaAInAJ",305,1,18,304,0,304,0,0,0,0,0,145,145,159,159,38
"3722",21,"[18]HcHwGnJHqKHqaAInAJ",291,0.996575,18,292,1,291,1,1,0,1,1,134,134,158,157,38
"3723",22,"[18]HcHwGnJHqKHqaAInAJ",299,1,18,298,0,298,0,0,0,0,0,148,148,150,150,38
"3724",23,"[18]HcHwGnJHqKHqaAInAJ",302,1,18,301,0,301,0,0,0,0,0,145,145,156,156,38
"3725",24,"[18]HcHwGnJHqKHqaAInAJ",297,0.993333,18,300,2,298,2,2,0,2,2,164,164,136,134,38
"3726",25,"[18]HcHwGnJHqKHqaAInAJ",291,0.993197,18,294,2,292,2,2,0,2,2,155,155,139,137,38
"3727",26,"[18]HcHwGnJHqKHqaAInAJ",291,0.996575,18,292,1,291,1,1,0,1,1,143,143,149,148,38
"3728",27,"[18]HcHwGnJHqKHqaAInAJ",289,1,18,288,0,288,0,0,0,0,0,123,123,165,165,38
"3729",28,"[18]HcHwGnJHqKHqaAInAJ",308,1,18,307,0,307,0,0,0,0,0,156,156,151,151,38
"3730",29,"[18]HcHwGnJHqKHqaAInAJ",303,1,18,302,0,302,0,0,0,0,0,158,158,144,144,38
"3731",30,"[18]HcHwGnJHqKHqaAInAJ",296,1,18,295,0,295,0,0,0,0,0,133,133,162,162,38
"3732",31,"[18]HcHwGnJHqKHqaAInAJ",300,1,18,299,0,299,0,0,0,0,0,156,156,143,143,38
"3733",32,"[18]HcHwGnJHqKHqaAInAJ",295,1,18,294,0,294,0,0,0,0,0,126,126,168,168,38
"3734",33,"[18]HcHwGnJHqKHqaAInAJ",294,0.993266,18,297,2,295,2,2,0,2,2,155,155,142,140,38
"3735",34,"[18]HcHwGnJHqKHqaAInAJ",298,1,18,297,0,297,0,0,0,0,0,151,151,146,146,38
"3736",35,"[18]HcHwGnJHqKHqaAInAJ",293,0.993243,18,296,2,294,2,2,0,2,2,142,142,154,152,38
"3737",36,"[18]HcHwGnJHqKHqaAInAJ",302,0.9967,18,303,1,302,1,1,0,1,1,164,164,139,138,38
"3738",37,"[18]HcHwGnJHqKHqaAInAJ",300,0.996678,18,301,1,300,1,1,0,1,1,162,162,139,138,38
"3739",38,"[18]HcHwGnJHqKHqaAInAJ",296,0.996633,18,297,1,296,1,1,0,1,1,151,151,146,145,38
"3740",39,"[18]HcHwGnJHqKHqaAInAJ",295,1,18,294,0,294,0,0,0,0,0,140,140,154,154,38
"3741",40,"[18]HcHwGnJHqKHqaAInAJ",301,1,18,300,0,300,0,0,0,0,0,152,152,148,148,38
"3742",41,"[18]HcHwGnJHqKHqaAInAJ",293,0.996599,18,294,1,293,1,1,0,1,1,140,140,154,153,38
"3743",42,"[18]HcHwGnJHqKHqaAInAJ",300,0.993399,18,303,2,301,2,2,0,2,2,163,163,140,138,38
"3744",43,"[18]HcHwGnJHqKHqaAInAJ",293,0.983444,18,302,5,297,5,5,0,5,5,165,165,137,132,38
"3745",44,"[18]HcHwGnJHqKHqaAInAJ",288,0.99654,18,289,1,288,1,1,0,1,1,132,132,157,156,38
"3746",45,"[18]HcHwGnJHqKHqaAInAJ",299,1,18,298,0,298,0,0,0,0,0,142,142,156,156,38
"3747",46,"[18]HcHwGnJHqKHqaAInAJ",295,1,18,294,0,294,0,0,0,0,0,135,135,159,159,38
"3748",47,"[18]HcHwGnJHqKHqaAInAJ",292,0.99322,18,295,2,293,2,2,0,2,2,139,139,156,154,38
"3749",48,"[18]HcHwGnJHqKHqaAInAJ",285,0.989655,18,290,3,287,3,3,0,3,3,140,140,150,147,38
"3750",49,"[18]HcHwGnJHqKHqaAInAJ",297,1,18,296,0,296,0,0,0,0,0,136,136,160,160,38
"3751",50,"[18]HcHwGnJHqKHqaAInAJ",308,1,18,307,0,307,0,0,0,0,0,151,151,156,156,38
"3752",51,"[18]HcHwGnJHqKHqaAInAJ",293,0.993243,18,296,2,294,2,2,0,2,2,146,146,150,148,38
"3753",52,"[18]HcHwGnJHqKHqaAInAJ",298,0.996656,18,299,1,298,1,1,0,1,1,159,159,140,139,38
"3754",53,"[18]HcHwGnJHqKHqaAInAJ",291,1,18,290,0,290,0,0,0,0,0,125,125,165,165,38
"3755",54,"[18]HcHwGnJHqKHqaAInAJ",294,1,18,293,0,293,0,0,0,0,0,137,137,156,156,38
"3756",55,"[18]HcHwGnJHqKHqaAInAJ",296,1,18,295,0,295,0,0,0,0,0,149,149,146,146,38
"3757",56,"[18]HcHwGnJHqKHqaAInAJ",309,1,18,308,0,308,0,0,0,0,0,164,164,144,144,38
"3758",57,"[18]HcHwGnJHqKHqaAInAJ",292,0.996587,18,293,1,292,1,1,0,1,1,139,139,154,153,38
"3759",58,"[18]HcHwGnJHqKHqaAInAJ",282,0.992982,18,285,2,283,2,2,0,2,2,119,119,166,164,38
"3760",59,"[18]HcHwGnJHqKHqaAInAJ",293,1,18,292,0,292,0,0,0,0,0,131,131,161,161,38
"3761",60,"[18]HcHwGnJHqKHqaAInAJ",303,1,18,302,0,302,0,0,0,0,0,162,162,140,140,38
"3762",61,"[18]HcHwGnJHqKHqaAInAJ",301,1,18,300,0,300,0,0,0,0,0,165,165,135,135,38
"3763",62,"[18]HcHwGnJHqKHqaAInAJ",285,0.996503,18,286,1,285,1,1,0,1,1,126,126,160,159,38
"3764",63,"[18]HcHwGnJHqKHqaAInAJ",302,0.9967,18,303,1,302,1,1,0,1,1,163,163,140,139,38
"3765",64,"[18]HcHwGnJHqKHqaAInAJ",299,0.996667,18,300,1,299,1,1,0,1,1,153,153,147,146,38
"3766",65,"[18]HcHwGnJHqKHqaAInAJ",302,1,18,301,0,301,0,0,0,0,0,153,153,148,148,38
"3767",66,"[18]HcHwGnJHqKHqaAInAJ",305,1,18,304,0,304,0,0,0,0,0,153,153,151,151,38
"3768",67,"[18]HcHwGnJHqKHqaAInAJ",296,0.996633,18,297,1,296,1,1,0,1,1,145,145,152,151,38
"3769",68,"[18]HcHwGnJHqKHqaAInAJ",288,0.993127,18,291,2,289,2,2,0,2,2,139,139,152,150,38
"3770",69,"[18]HcHwGnJHqKHqaAInAJ",296,1,18,295,0,295,0,0,0,0,0,139,139,156,156,38
"3771",70,"[18]HcHwGnJHqKHqaAInAJ",299,0.996667,18,300,1,299,1,1,0,1,1,158,158,142,141,38
"3772",71,"[18]HcHwGnJHqKHqaAInAJ",299,0.996667,18,300,1,299,1,1,0,1,1,164,164,136,135,38
"3773",72,"[18]HcHwGnJHqKHqaAInAJ",296,1,18,295,0,295,0,0,0,0,0,139,139,156,156,38
"3774",73,"[18]HcHwGnJHqKHqaAInAJ",303,1,18,302,0,302,0,0,0,0,0,153,153,149,149,38
"3775",74,"[18]HcHwGnJHqKHqaAInAJ",300,0.990164,18,305,3,302,3,3,0,3,3,162,162,143,140,38
"3776",75,"[18]HcHwGnJHqKHqaAInAJ",296,1,18,295,0,295,0,0,0,0,0,144,144,151,151,38
"3777",76,"[18]HcHwGnJHqKHqaAInAJ",294,1,18,293,0,293,0,0,0,0,0,132,132,161,161,38
"3778",77,"[18]HcHwGnJHqKHqaAInAJ",291,0.993197,18,294,2,292,2,2,0,2,2,153,153,141,139,38
"3779",78,"[18]HcHwGnJHqKHqaAInAJ",304,1,18,303,0,303,0,0,0,0,0,153,153,150,150,38
"3780",79,"[18]HcHwGnJHqKHqaAInAJ",310,1,18,309,0,309,0,0,0,0,0,169,169,140,140,38
"3781",80,"[18]HcHwGnJHqKHqaAInAJ",299,1,18,298,0,298,0,0,0,0,0,149,149,149,149,38
"3782",81,"[18]HcHwGnJHqKHqaAInAJ",294,0.993266,18,297,2,295,2,2,0,2,2,154,154,143,141,38
"3783",82,"[18]HcHwGnJHqKHqaAInAJ",277,0.982517,18,286,5,281,5,5,0,5,5,136,136,150,145,38
"3784",83,"[18]HcHwGnJHqKHqaAInAJ",305,1,18,304,0,304,0,0,0,0,0,159,159,145,145,38
"3785",84,"[18]HcHwGnJHqKHqaAInAJ",296,0.996633,18,297,1,296,1,1,0,1,1,144,144,153,152,38
"3786",85,"[18]HcHwGnJHqKHqaAInAJ",295,1,18,294,0,294,0,0,0,0,0,134,134,160,160,38
"3787",86,"[18]HcHwGnJHqKHqaAInAJ",290,0.989831,18,295,3,292,3,3,0,3,3,155,155,140,137,38
"3788",87,"[18]HcHwGnJHqKHqaAInAJ",311,1,18,310,0,310,0,0,0,0,0,162,162,148,148,38
"3789",88,"[18]HcHwGnJHqKHqaAInAJ",309,1,18,308,0,308,0,0,0,0,0,161,161,147,147,38
"3790",89,"[18]HcHwGnJHqKHqaAInAJ",298,1,18,297,0,297,0,0,0,0,0,136,136,161,161,38
"3791",90,"[18]HcHwGnJHqKHqaAInAJ",303,1,18,302,0,302,0,0,0,0,0,157,157,145,145,38
"3792",91,"[18]HcHwGnJHqKHqaAInAJ",300,0.996678,18,301,1,300,1,1,0,1,1,149,149,152,151,38
"3793",92,"[18]HcHwGnJHqKHqaAInAJ",302,0.9967,18,303,1,302,1,1,0,1,1,149,149,154,153,38
"3794",93,"[18]HcHwGnJHqKHqaAInAJ",304,0.996721,18,305,1,304,1,1,0,1,1,159,159,146,145,38
"3795",94,"[18]HcHwGnJHqKHqaAInAJ",283,0.989583,18,288,3,285,3,3,0,3,3,137,137,151,148,38
"3796",95,"[18]HcHwGnJHqKHqaAInAJ",303,1,18,302,0,302,0,0,0,0,0,159,159,143,143,38
"3797",96,"[18]HcHwGnJHqKHqaAInAJ",295,1,18,294,0,294,0,0,0,0,0,139,139,155,155,38
"3798",97,"[18]HcHwGnJHqKHqaAInAJ",301,0.996689,18,302,1,301,1,1,0,1,1,153,153,149,148,38
"3799",98,"[18]HcHwGnJHqKHqaAInAJ",300,1,18,299,0,299,0,0,0,0,0,143,143,156,156,38
"3800",99,"[18]HcHwGnJHqKHqaAInAJ",294,0.99661,18,295,1,294,1,1,0,1,1,148,148,147,146,38
"3801",0,"[17]HcrHvnJHqKHGqaIxJ",320,0.990769,17,325,3,322,3,3,0,3,3,181,181,144,141,39
"3802",1,"[17]HcrHvnJHqKHGqaIxJ",319,1,17,318,0,318,0,0,0,0,0,160,160,158,158,39
"3803",2,"[17]HcrHvnJHqKHGqaIxJ",319,1,17,318,0,318,0,0,0,0,0,168,168,150,150,39
"3804",3,"[17]HcrHvnJHqKHGqaIxJ",320,1,17,319,0,319,0,0,0,0,0,169,169,150,150,39
"3805",4,"[17]HcrHvnJHqKHGqaIxJ",299,0.993377,17,302,2,300,2,2,0,2,2,135,135,167,165,39
"3806",5,"[17]HcrHvnJHqKHGqaIxJ",327,1,17,326,0,326,0,0,0,0,0,186,186,140,140,39
"3807",6,"[17]HcrHvnJHqKHGqaIxJ",323,1,17,322,0,322,0,0,0,0,0,167,167,155,155,39
"3808",7,"[17]HcrHvnJHqKHGqaIxJ",315,1,17,314,0,314,0,0,0,0,0,151,151,163,163,39
"3809",8,"[17]HcrHvnJHqKHGqaIxJ",320,0.993808,17,323,2,321,2,2,0,2,2,164,164,159,157,39
"3810",9,"[17]HcrHvnJHqKHGqaIxJ",314,1,17,313,0,313,0,0,0,0,0,153,153,160,160,39
"3811",10,"[17]HcrHvnJHqKHGqaIxJ",333,1,17,332,0,332,0,0,0,0,0,187,187,145,145,39
"3812",11,"[17]HcrHvnJHqKHGqaIxJ",307,1,17,306,0,306,0,0,0,0,0,144,144,162,162,39
"3813",12,"[17]HcrHvnJHqKHGqaIxJ",301,0.987013,17,308,4,304,4,4,0,4,4,147,147,161,157,39
"3814",13,"[17]HcrHvnJHqKHGqaIxJ",310,0.996785,17,311,1,310,1,1,0,1,1,145,145,166,165,39
"3815",14,"[17]HcrHvnJHqKHGqaIxJ",325,1,17,324,0,324,0,0,0,0,0,177,177,147,147,39
"3816",15,"[17]HcrHvnJHqKHGqaIxJ",322,1,17,321,0,321,0,0,0,0,0,170,170,151,151,39
"3817",16,"[17]HcrHvnJHqKHGqaIxJ",309,0.984277,17,318,5,313,5,5,0,5,5,173,173,145,140,39
"3818",17,"[17]HcrHvnJHqKHGqaIxJ",307,1,17,306,0,306,0,0,0,0,0,144,144,162,162,39
"3819",18,"[17]HcrHvnJHqKHGqaIxJ",318,1,17,317,0,317,0,0,0,0,0,151,151,166,166,39
"3820",19,"[17]HcrHvnJHqKHGqaIxJ",311,1,17,310,0,310,0,0,0,0,0,142,142,168,168,39
"3821",20,"[17]HcrHvnJHqKHGqaIxJ",318,1,17,317,0,317,0,0,0,0,0,160,160,157,157,39
"3822",21,"[17]HcrHvnJHqKHGqaIxJ",306,0.98722,17,313,4,309,4,4,0,4,4,166,166,147,143,39
"3823",22,"[17]HcrHvnJHqKHGqaIxJ",319,0.996875,17,320,1,319,1,1,0,1,1,168,168,152,151,39
"3824",23,"[17]HcrHvnJHqKHGqaIxJ",317,1,17,316,0,316,0,0,0,0,0,159,159,157,157,39
"3825",24,"[17]HcrHvnJHqKHGqaIxJ",318,1,17,317,0,317,0,0,0,0,0,158,158,159,159,39
"3826",25,"[17]HcrHvnJHqKHGqaIxJ",312,0.996805,17,313,1,312,1,1,0,1,1,155,155,158,157,39
"3827",26,"[17]HcrHvnJHqKHGqaIxJ",315,1,17,314,0,314,0,0,0,0,0,158,158,156,156,39
"3828",27,"[17]HcrHvnJHqKHGqaIxJ",307,0.990385,17,312,3,309,3,3,0,3,3,157,157,155,152,39
"3829",28,"[17]HcrHvnJHqKHGqaIxJ",296,0.986799,17,303,4,299,4,4,0,4,4,144,144,159,155,39
"3830",29,"[17]HcrHvnJHqKHGqaIxJ",322,1,17,321,0,321,0,0,0,0,0,165,165,156,156,39
"3831",30,"[17]HcrHvnJHqKHGqaIxJ",322,1,17,321,0,321,0,0,0,0,0,171,171,150,150,39
"3832",31,"[17]HcrHvnJHqKHGqaIxJ",319,1,17,318,0,318,0,0,0,0,0,155,155,163,163,39
"3833",32,"[17]HcrHvnJHqKHGqaIxJ",320,1,17,319,0,319,0,0,0,0,0,162,162,157,157,39
"3834",33,"[17]HcrHvnJHqKHGqaIxJ",323,1,17,322,0,322,0,0,0,0,0,160,160,162,162,39
"3835",34,"[17]HcrHvnJHqKHGqaIxJ",318,1,17,317,0,317,0,0,0,0,0,152,152,165,165,39
"3836",35,"[17]HcrHvnJHqKHGqaIxJ",315,0.996835,17,316,1,315,1,1,0,1,1,159,159,157,156,39
"3837",36,"[17]HcrHvnJHqKHGqaIxJ",326,1,17,325,0,325,0,0,0,0,0,170,170,155,155,39
"3838",37,"[17]HcrHvnJHqKHGqaIxJ",318,1,17,317,0,317,0,0,0,0,0,162,162,155,155,39
"3839",38,"[17]HcrHvnJHqKHGqaIxJ",321,0.993827,17,324,2,322,2,2,0,2,2,168,168,156,154,39
"3840",39,"[17]HcrHvnJHqKHGqaIxJ",322,1,17,321,0,321,0,0,0,0,0,174,174,147,147,39
"3841",40,"[17]HcrHvnJHqKHGqaIxJ",314,1,17,313,0,313,0,0,0,0,0,157,157,156,156,39
"3842",41,"[17]HcrHvnJHqKHGqaIxJ",324,1,17,323,0,323,0,0,0,0,0,169,169,154,154,39
"3843",42,"[17]HcrHvnJHqKHGqaIxJ",317,0.996855,17,318,1,317,1,1,0,1,1,170,170,148,147,39
"3844",43,"[17]HcrHvnJHqKHGqaIxJ",327,1,17,326,0,326,0,0,0,0,0,175,175,151,151,39
"3845",44,"[17]HcrHvnJHqKHGqaIxJ",314,0.996825,17,315,1,314,1,1,0,1,1,150,150,165,164,39
"3846",45,"[17]HcrHvnJHqKHGqaIxJ",316,0.996845,17,317,1,316,1,1,0,1,1,162,162,155,154,39
"3847",46,"[17]HcrHvnJHqKHGqaIxJ",313,0.993671,17,316,2,314,2,2,0,2,2,166,166,150,148,39
"3848",47,"[17]HcrHvnJHqKHGqaIxJ",312,0.996805,17,313,1,312,1,1,0,1,1,160,160,153,152,39
"3849",48,"[17]HcrHvnJHqKHGqaIxJ",316,1,17,315,0,315,0,0,0,0,0,170,170,145,145,39
"3850",49,"[17]HcrHvnJHqKHGqaIxJ",316,1,17,315,0,315,0,0,0,0,0,159,159,156,156,39
"3851",50,"[17]HcrHvnJHqKHGqaIxJ",303,0.99026,17,308,3,305,3,3,0,3,3,150,150,158,155,39
"3852",51,"[17]HcrHvnJHqKHGqaIxJ",310,1,17,309,0,309,0,0,0,0,0,141,141,168,168,39
"3853",52,"[17]HcrHvnJHqKHGqaIxJ",311,1,17,310,0,310,0,0,0,0,0,151,151,159,159,39
"3854",53,"[17]HcrHvnJHqKHGqaIxJ",314,0.996825,17,315,1,314,1,1,0,1,1,157,157,158,157,39
"3855",54,"[17]HcrHvnJHqKHGqaIxJ",322,1,17,321,0,321,0,0,0,0,0,166,166,155,155,39
"3856",55,"[17]HcrHvnJHqKHGqaIxJ",315,1,17,314,0,314,0,0,0,0,0,153,153,161,161,39
"3857",56,"[17]HcrHvnJHqKHGqaIxJ",312,1,17,311,0,311,0,0,0,0,0,163,163,148,148,39
"3858",57,"[17]HcrHvnJHqKHGqaIxJ",295,0.993289,17,298,2,296,2,2,0,2,2,134,134,164,162,39
"3859",58,"[17]HcrHvnJHqKHGqaIxJ",311,0.996795,17,312,1,311,1,1,0,1,1,148,148,164,163,39
"3860",59,"[17]HcrHvnJHqKHGqaIxJ",311,1,17,310,0,310,0,0,0,0,0,155,155,155,155,39
"3861",60,"[17]HcrHvnJHqKHGqaIxJ",314,0.993691,17,317,2,315,2,2,0,2,2,161,161,156,154,39
"3862",61,"[17]HcrHvnJHqKHGqaIxJ",313,0.996815,17,314,1,313,1,1,0,1,1,161,161,153,152,39
"3863",62,"[17]HcrHvnJHqKHGqaIxJ",293,0.980263,17,304,6,298,6,6,0,6,6,151,151,153,147,39
"3864",63,"[17]HcrHvnJHqKHGqaIxJ",313,1,17,312,0,312,0,0,0,0,0,163,163,149,149,39
"3865",64,"[17]HcrHvnJHqKHGqaIxJ",306,0.996743,17,307,1,306,1,1,0,1,1,143,143,164,163,39
"3866",65,"[17]HcrHvnJHqKHGqaIxJ",308,1,17,307,0,307,0,0,0,0,0,143,143,164,164,39
"3867",66,"[17]HcrHvnJHqKHGqaIxJ",326,1,17,325,0,325,0,0,0,0,0,177,177,148,148,39
"3868",67,"[17]HcrHvnJHqKHGqaIxJ",307,1,17,306,0,306,0,0,0,0,0,138,138,168,168,39
"3869",68,"[17]HcrHvnJHqKHGqaIxJ",305,0.996732,17,306,1,305,1,1,0,1,1,140,140,166,165,39
"3870",69,"[17]HcrHvnJHqKHGqaIxJ",310,1,17,309,0,309,0,0,0,0,0,141,141,168,168,39
"3871",70,"[17]HcrHvnJHqKHGqaIxJ",313,1,17,312,0,312,0,0,0,0,0,148,148,164,164,39
"3872",71,"[17]HcrHvnJHqKHGqaIxJ",299,0.986928,17,306,4,302,4,4,0,4,4,141,141,165,161,39
"3873",72,"[17]HcrHvnJHqKHGqaIxJ",316,0.99373,17,319,2,317,2,2,0,2,2,167,167,152,150,39
"3874",73,"[17]HcrHvnJHqKHGqaIxJ",319,1,17,318,0,318,0,0,0,0,0,158,158,160,160,39
"3875",74,"[17]HcrHvnJHqKHGqaIxJ",291,0.976974,17,304,7,297,7,7,0,7,7,147,147,157,150,39
"3876",75,"[17]HcrHvnJHqKHGqaIxJ",321,0.996894,17,322,1,321,1,1,0,1,1,178,178,144,143,39
"3877",76,"[17]HcrHvnJHqKHGqaIxJ",308,0.990415,17,313,3,310,3,3,0,3,3,162,162,151,148,39
"3878",77,"[17]HcrHvnJHqKHGqaIxJ",318,1,17,317,0,317,0,0,0,0,0,152,152,165,165,39
"3879",78,"[17]HcrHvnJHqKHGqaIxJ",295,0.99,17,300,3,297,3,3,0,3,3,136,136,164,161,39
"3880",79,"[17]HcrHvnJHqKHGqaIxJ",308,1,17,307,0,307,0,0,0,0,0,142,142,165,165,39
"3881",80,"[17]HcrHvnJHqKHGqaIxJ",315,0.996835,17,316,1,315,1,1,0,1,1,151,151,165,164,39
"3882",81,"[17]HcrHvnJHqKHGqaIxJ",312,0.996805,17,313,1,312,1,1,0,1,1,154,154,159,158,39
"3883",82,"[17]HcrHvnJHqKHGqaIxJ",316,1,17,315,0,315,0,0,0,0,0,155,155,160,160,39
"3884",83,"[17]HcrHvnJHqKHGqaIxJ",319,1,17,318,0,318,0,0,0,0,0,164,164,154,154,39
"3885",84,"[17]HcrHvnJHqKHGqaIxJ",305,1,17,304,0,304,0,0,0,0,0,139,139,165,165,39
"3886",85,"[17]HcrHvnJHqKHGqaIxJ",321,1,17,320,0,320,0,0,0,0,0,163,163,157,157,39
"3887",86,"[17]HcrHvnJHqKHGqaIxJ",325,1,17,324,0,324,0,0,0,0,0,178,178,146,146,39
"3888",87,"[17]HcrHvnJHqKHGqaIxJ",307,0.996753,17,308,1,307,1,1,0,1,1,146,146,162,161,39
"3889",88,"[17]HcrHvnJHqKHGqaIxJ",310,0.996785,17,311,1,310,1,1,0,1,1,153,153,158,157,39
"3890",89,"[17]HcrHvnJHqKHGqaIxJ",318,1,17,317,0,317,0,0,0,0,0,159,159,158,158,39
"3891",90,"[17]HcrHvnJHqKHGqaIxJ",316,1,17,315,0,315,0,0,0,0,0,155,155,160,160,39
"3892",91,"[17]HcrHvnJHqKHGqaIxJ",320,1,17,319,0,319,0,0,0,0,0,163,163,156,156,39
"3893",92,"[17]HcrHvnJHqKHGqaIxJ",305,0.996732,17,306,1,305,1,1,0,1,1,141,141,165,164,39
"3894",93,"[17]HcrHvnJHqKHGqaIxJ",311,0.993631,17,314,2,312,2,2,0,2,2,155,155,159,157,39
"3895",94,"[17]HcrHvnJHqKHGqaIxJ",312,1,17,311,0,311,0,0,0,0,0,154,154,157,157,39
"3896",95,"[17]HcrHvnJHqKHGqaIxJ",306,0.996743,17,307,1,306,1,1,0,1,1,147,147,160,159,39
"3897",96,"[17]HcrHvnJHqKHGqaIxJ",307,0.993548,17,310,2,308,2,2,0,2,2,158,158,152,150,39
"3898",97,"[17]HcrHvnJHqKHGqaIxJ",323,1,17,322,0,322,0,0,0,0,0,175,175,147,147,39
"3899",98,"[17]HcrHvnJHqKHGqaIxJ",315,0.996835,17,316,1,315,1,1,0,1,1,164,164,152,151,39
"3900",99,"[17]HcrHvnJHqKHGqaIxJ",319,1,17,318,0,318,0,0,0,0,0,160,160,158,158,39
"3901",0,"[15]HBHwGnJHqKHqaIJ",301,1,15,300,0,300,0,0,0,0,0,147,147,153,153,40
"3902",1,"[15]HBHwGnJHqKHqaIJ",304,1,15,303,0,303,0,0,0,0,0,159,159,144,144,40
"3903",2,"[15]HBHwGnJHqKHqaIJ",308,1,15,307,0,307,0,0,0,0,0,152,152,155,155,40
"3904",3,"[15]HBHwGnJHqKHqaIJ",285,0.996503,15,286,1,285,1,1,0,1,1,132,132,154,153,40
"3905",4,"[15]HBHwGnJHqKHqaIJ",304,0.996721,15,305,1,304,1,1,0,1,1,162,162,143,142,40
"3906",5,"[15]HBHwGnJHqKHqaIJ",294,1,15,293,0,293,0,0,0,0,0,137,137,156,156,40
"3907",6,"[15]HBHwGnJHqKHqaIJ",297,1,15,296,0,296,0,0,0,0,0,156,156,140,140,40
"3908",7,"[15]HBHwGnJHqKHqaIJ",294,0.993266,15,297,2,295,2,2,0,2,2,147,147,150,148,40
"3909",8,"[15]HBHwGnJHqKHqaIJ",301,1,15,300,0,300,0,0,0,0,0,150,150,150,150,40
"3910",9,"[15]HBHwGnJHqKHqaIJ",302,0.993443,15,305,2,303,2,2,0,2,2,155,155,150,148,40
"3911",10,"[15]HBHwGnJHqKHqaIJ",300,1,15,299,0,299,0,0,0,0,0,149,149,150,150,40
"3912",11,"[15]HBHwGnJHqKHqaIJ",294,1,15,293,0,293,0,0,0,0,0,136,136,157,157,40
"3913",12,"[15]HBHwGnJHqKHqaIJ",301,1,15,300,0,300,0,0,0,0,0,144,144,156,156,40
"3914",13,"[15]HBHwGnJHqKHqaIJ",303,1,15,302,0,302,0,0,0,0,0,150,150,152,152,40
"3915",14,"[15]HBHwGnJHqKHqaIJ",310,1,15,309,0,309,0,0,0,0,0,166,166,143,143,40
"3916",15,"[15]HBHwGnJHqKHqaIJ",301,1,15,300,0,300,0,0,0,0,0,151,151,149,149,40
"3917",16,"[15]HBHwGnJHqKHqaIJ",298,1,15,297,0,297,0,0,0,0,0,145,145,152,152,40
"3918",17,"[15]HBHwGnJHqKHqaIJ",303,0.993464,15,306,2,304,2,2,0,2,2,158,158,148,146,40
"3919",18,"[15]HBHwGnJHqKHqaIJ",295,1,15,294,0,294,0,0,0,0,0,138,138,156,156,40
"3920",19,"[15]HBHwGnJHqKHqaIJ",300,1,15,299,0,299,0,0,0,0,0,153,153,146,146,40
"3921",20,"[15]HBHwGnJHqKHqaIJ",300,1,15,299,0,299,0,0,0,0,0,158,158,141,141,40
"3922",21,"[15]HBHwGnJHqKHqaIJ",299,1,15,298,0,298,0,0,0,0,0,144,144,154,154,40
"3923",22,"[15]HBHwGnJHqKHqaIJ",289,0.983221,15,298,5,293,5,5,0,5,5,145,145,153,148,40
"3924",23,"[15]HBHwGnJHqKHqaIJ",301,1,15,300,0,300,0,0,0,0,0,144,144,156,156,40
"3925",24,"[15]HBHwGnJHqKHqaIJ",301,1,15,300,0,300,0,0,0,0,0,142,142,158,158,40
"3926",25,"[15]HBHwGnJHqKHqaIJ",298,1,15,297,0,297,0,0,0,0,0,154,154,143,143,40
"3927",26,"[15]HBHwGnJHqKHqaIJ",302,1,15,301,0,301,0,0,0,0,0,154,154,147,147,40
"3928",27,"[15]HBHwGnJHqKHqaIJ",305,1,15,304,0,304,0,0,0,0,0,164,164,140,140,40
"3929",28,"[15]HBHwGnJHqKHqaIJ",304,1,15,303,0,303,0,0,0,0,0,146,146,157,157,40
"3930",29,"[15]HBHwGnJHqKHqaIJ",299,0.996667,15,300,1,299,1,1,0,1,1,145,145,155,154,40
"3931",30,"[15]HBHwGnJHqKHqaIJ",288,0.986441,15,295,4,291,4,4,0,4,4,139,139,156,152,40
"3932",31,"[15]HBHwGnJHqKHqaIJ",287,0.993103,15,290,2,288,2,2,0,2,2,129,129,161,159,40
"3933",32,"[15]HBHwGnJHqKHqaIJ",300,0.996678,15,301,1,300,1,1,0,1,1,150,150,151,150,40
"3934",33,"[15]HBHwGnJHqKHqaIJ",303,0.996711,15,304,1,303,1,1,0,1,1,156,156,148,147,40
"3935",34,"[15]HBHwGnJHqKHqaIJ",299,1,15,298,0,298,0,0,0,0,0,147,147,151,151,40
"3936",35,"[15]HBHwGnJHqKHqaIJ",292,0.989899,15,297,3,294,3,3,0,3,3,151,151,146,143,40
"3937",36,"[15]HBHwGnJHqKHqaIJ",309,1,15,308,0,308,0,0,0,0,0,160,160,148,148,40
"3938",37,"[15]HBHwGnJHqKHqaIJ",302,1,15,301,0,301,0,0,0,0,0,137,137,164,164,40
"3939",38,"[15]HBHwGnJHqKHqaIJ",299,0.993377,15,302,2,300,2,2,0,2,2,159,159,143,141,40
"3940",39,"[15]HBHwGnJHqKHqaIJ",301,1,15,300,0,300,0,0,0,0,0,146,146,154,154,40
"3941",40,"[15]HBHwGnJHqKHqaIJ",292,0.996587,15,293,1,292,1,1,0,1,1,139,139,154,153,40
"3942",41,"[15]HBHwGnJHqKHqaIJ",302,0.9967,15,303,1,302,1,1,0,1,1,147,147,156,155,40
"3943",42,"[15]HBHwGnJHqKHqaIJ",303,1,15,302,0,302,0,0,0,0,0,154,154,148,148,40
"3944",43,"[15]HBHwGnJHqKHqaIJ",300,0.993399,15,303,2,301,2,2,0,2,2,161,161,142,140,40
"3945",44,"[15]HBHwGnJHqKHqaIJ",280,0.982699,15,289,5,284,5,5,0,5,5,148,148,141,136,40
"3946",45,"[15]HBHwGnJHqKHqaIJ",304,1,15,303,0,303,0,0,0,0,0,151,151,152,152,40
"3947",46,"[15]HBHwGnJHqKHqaIJ",307,1,15,306,0,306,0,0,0,0,0,144,144,162,162,40
"3948",47,"[15]HBHwGnJHqKHqaIJ",298,1,15,297,0,297,0,0,0,0,0,144,144,153,153,40
"3949",48,"[15]HBHwGnJHqKHqaIJ",297,1,15,296,0,296,0,0,0,0,0,145,145,151,151,40
"3950",49,"[15]HBHwGnJHqKHqaIJ",297,0.993333,15,300,2,298,2,2,0,2,2,155,155,145,143,40
"3951",50,"[15]HBHwGnJHqKHqaIJ",303,1,15,302,0,302,0,0,0,0,0,164,164,138,138,40
"3952",51,"[15]HBHwGnJHqKHqaIJ",302,0.993443,15,305,2,303,2,2,0,2,2,157,157,148,146,40
"3953",52,"[15]HBHwGnJHqKHqaIJ",295,0.996622,15,296,1,295,1,1,0,1,1,153,153,143,142,40
"3954",53,"[15]HBHwGnJHqKHqaIJ",290,0.996564,15,291,1,290,1,1,0,1,1,135,135,156,155,40
"3955",54,"[15]HBHwGnJHqKHqaIJ",299,1,15,298,0,298,0,0,0,0,0,148,148,150,150,40
"3956",55,"[15]HBHwGnJHqKHqaIJ",295,1,15,294,0,294,0,0,0,0,0,143,143,151,151,40
"3957",56,"[15]HBHwGnJHqKHqaIJ",295,1,15,294,0,294,0,0,0,0,0,141,141,153,153,40
"3958",57,"[15]HBHwGnJHqKHqaIJ",306,1,15,305,0,305,0,0,0,0,0,162,162,143,143,40
"3959",58,"[15]HBHwGnJHqKHqaIJ",303,1,15,302,0,302,0,0,0,0,0,161,161,141,141,40
"3960",59,"[15]HBHwGnJHqKHqaIJ",297,1,15,296,0,296,0,0,0,0,0,152,152,144,144,40
"3961",60,"[15]HBHwGnJHqKHqaIJ",291,1,15,290,0,290,0,0,0,0,0,138,138,152,152,40
"3962",61,"[15]HBHwGnJHqKHqaIJ",301,1,15,300,0,300,0,0,0,0,0,152,152,148,148,40
"3963",62,"[15]HBHwGnJHqKHqaIJ",309,1,15,308,0,308,0,0,0,0,0,160,160,148,148,40
"3964",63,"[15]HBHwGnJHqKHqaIJ",295,0.996622,15,296,1,295,1,1,0,1,1,139,139,157,156,40
"3965",64,"[15]HBHwGnJHqKHqaIJ",298,0.993355,15,301,2,299,2,2,0,2,2,151,151,150,148,40
"3966",65,"[15]HBHwGnJHqKHqaIJ",295,0.99,15,300,3,297,3,3,0,3,3,149,149,151,148,40
"3967",66,"[15]HBHwGnJHqKHqaIJ",287,0.989726,15,292,3,289,3,3,0,3,3,140,140,152,149,40
"3968",67,"[15]HBHwGnJHqKHqaIJ",288,0.993127,15,291,2,289,2,2,0,2,2,140,140,151,149,40
"3969",68,"[15]HBHwGnJHqKHqaIJ",301,0.996689,15,302,1,301,1,1,0,1,1,155,155,147,146,40
"3970",69,"[15]HBHwGnJHqKHqaIJ",304,0.996721,15,305,1,304,1,1,0,1,1,148,148,157,156,40
"3971",70,"[15]HBHwGnJHqKHqaIJ",306,1,15,305,0,305,0,0,0,0,0,144,144,161,161,40
"3972",71,"[15]HBHwGnJHqKHqaIJ",300,1,15,299,0,299,0,0,0,0,0,151,151,148,148,40
"3973",72,"[15]HBHwGnJHqKHqaIJ",308,1,15,307,0,307,0,0,0,0,0,159,159,148,148,40
"3974",73,"[15]HBHwGnJHqKHqaIJ",299,1,15,298,0,298,0,0,0,0,0,145,145,153,153,40
"3975",74,"[15]HBHwGnJHqKHqaIJ",309,0.996774,15,310,1,309,1,1,0,1,1,177,177,133,132,40
"3976",75,"[15]HBHwGnJHqKHqaIJ",287,0.979866,15,298,6,292,6,6,0,6,6,146,146,152,146,40
"3977",76,"[15]HBHwGnJHqKHqaIJ",297,1,15,296,0,296,0,0,0,0,0,139,139,157,157,40
"3978",77,"[15]HBHwGnJHqKHqaIJ",307,1,15,306,0,306,0,0,0,0,0,156,156,150,150,40
"3979",78,"[15]HBHwGnJHqKHqaIJ",304,0.990291,15,309,3,306,3,3,0,3,3,177,177,132,129,40
"3980",79,"[15]HBHwGnJHqKHqaIJ",297,1,15,296,0,296,0,0,0,0,0,158,158,138,138,40
"3981",80,"[15]HBHwGnJHqKHqaIJ",305,1,15,304,0,304,0,0,0,0,0,151,151,153,153,40
"3982",81,"[15]HBHwGnJHqKHqaIJ",283,0.979592,15,294,6,288,6,6,0,6,6,147,147,147,141,40
"3983",82,"[15]HBHwGnJHqKHqaIJ",299,0.993377,15,302,2,300,2,2,0,2,2,157,157,145,143,40
"3984",83,"[15]HBHwGnJHqKHqaIJ",300,0.996678,15,301,1,300,1,1,0,1,1,157,157,144,143,40
"3985",84,"[15]HBHwGnJHqKHqaIJ",293,1,15,292,0,292,0,0,0,0,0,141,141,151,151,40
"3986",85,"[15]HBHwGnJHqKHqaIJ",294,0.993266,15,297,2,295,2,2,0,2,2,147,147,150,148,40
"3987",86,"[15]HBHwGnJHqKHqaIJ",299,0.996667,15,300,1,299,1,1,0,1,1,142,142,158,157,40
"3988",87,"[15]HBHwGnJHqKHqaIJ",296,1,15,295,0,295,0,0,0,0,0,150,150,145,145,40
"3989",88,"[15]HBHwGnJHqKHqaIJ",304,1,15,303,0,303,0,0,0,0,0,155,155,148,148,40
"3990",89,"[15]HBHwGnJHqKHqaIJ",293,0.993243,15,296,2,294,2,2,0,2,2,157,157,139,137,40
"3991",90,"[15]HBHwGnJHqKHqaIJ",300,1,15,299,0,299,0,0,0,0,0,148,148,151,151,40
"3992",91,"[15]HBHwGnJHqKHqaIJ",293,0.996599,15,294,1,293,1,1,0,1,1,129,129,165,164,40
"3993",92,"[15]HBHwGnJHqKHqaIJ",308,1,15,307,0,307,0,0,0,0,0,160,160,147,147,40
"3994",93,"[15]HBHwGnJHqKHqaIJ",292,1,15,291,0,291,0,0,0,0,0,132,132,159,159,40
"3995",94,"[15]HBHwGnJHqKHqaIJ",299,0.993377,15,302,2,300,2,2,0,2,2,159,159,143,141,40
"3996",95,"[15]HBHwGnJHqKHqaIJ",299,1,15,298,0,298,0,0,0,0,0,149,149,149,149,40
"3997",96,"[15]HBHwGnJHqKHqaIJ",305,1,15,304,0,304,0,0,0,0,0,155,155,149,149,40
"3998",97,"[15]HBHwGnJHqKHqaIJ",293,0.993243,15,296,2,294,2,2,0,2,2,149,149,147,145,40
"3999",98,"[15]HBHwGnJHqKHqaIJ",289,0.986486,15,296,4,292,4,4,0,4,4,149,149,147,143,40
"4000",99,"[15]HBHwGnJHqKHqaIJ",295,0.993289,15,298,2,296,2,2,0,2,2,151,151,147,145,40
"4001",0,"[15]HcHwGnJHqKHqaIJ",288,0.989761,15,293,3,290,3,3,0,3,3,139,139,154,151,41
"4002",1,"[15]HcHwGnJHqKHqaIJ",295,0.996622,15,296,1,295,1,1,0,1,1,141,141,155,154,41
"4003",2,"[15]HcHwGnJHqKHqaIJ",307,0.996753,15,308,1,307,1,1,0,1,1,179,179,129,128,41
"4004",3,"[15]HcHwGnJHqKHqaIJ",302,1,15,301,0,301,0,0,0,0,0,148,148,153,153,41
"4005",4,"[15]HcHwGnJHqKHqaIJ",298,1,15,297,0,297,0,0,0,0,0,143,143,154,154,41
"4006",5,"[15]HcHwGnJHqKHqaIJ",302,1,15,301,0,301,0,0,0,0,0,153,153,148,148,41
"4007",6,"[15]HcHwGnJHqKHqaIJ",300,1,15,299,0,299,0,0,0,0,0,136,136,163,163,41
"4008",7,"[15]HcHwGnJHqKHqaIJ",298,0.996656,15,299,1,298,1,1,0,1,1,141,141,158,157,41
"4009",8,"[15]HcHwGnJHqKHqaIJ",284,0.982935,15,293,5,288,5,5,0,5,5,132,132,161,156,41
"4010",9,"[15]HcHwGnJHqKHqaIJ",304,0.990291,15,309,3,306,3,3,0,3,3,165,165,144,141,41
"4011",10,"[15]HcHwGnJHqKHqaIJ",294,0.99661,15,295,1,294,1,1,0,1,1,153,153,142,141,41
"4012",11,"[15]HcHwGnJHqKHqaIJ",307,1,15,306,0,306,0,0,0,0,0,164,164,142,142,41
"4013",12,"[15]HcHwGnJHqKHqaIJ",306,1,15,305,0,305,0,0,0,0,0,161,161,144,144,41
"4014",13,"[15]HcHwGnJHqKHqaIJ",287,0.983108,15,296,5,291,5,5,0,5,5,140,140,156,151,41
"4015",14,"[15]HcHwGnJHqKHqaIJ",297,0.996644,15,298,1,297,1,1,0,1,1,149,149,149,148,41
"4016",15,"[15]HcHwGnJHqKHqaIJ",299,1,15,298,0,298,0,0,0,0,0,137,137,161,161,41
"4017",16,"[15]HcHwGnJHqKHqaIJ",289,0.993151,15,292,2,290,2,2,0,2,2,137,137,155,153,41
"4018",17,"[15]HcHwGnJHqKHqaIJ",307,0.996753,15,308,1,307,1,1,0,1,1,157,157,151,150,41
"4019",18,"[15]HcHwGnJHqKHqaIJ",296,0.996633,15,297,1,296,1,1,0,1,1,140,140,157,156,41
"4020",19,"[15]HcHwGnJHqKHqaIJ",284,0.989619,15,289,3,286,3,3,0,3,3,124,124,165,162,41
"4021",20,"[15]HcHwGnJHqKHqaIJ",289,0.989796,15,294,3,291,3,3,0,3,3,156,156,138,135,41
"4022",21,"[15]HcHwGnJHqKHqaIJ",301,1,15,300,0,300,0,0,0,0,0,146,146,154,154,41
"4023",22,"[15]HcHwGnJHqKHqaIJ",289,0.996552,15,290,1,289,1,1,0,1,1,132,132,158,157,41
"4024",23,"[15]HcHwGnJHqKHqaIJ",300,0.996678,15,301,1,300,1,1,0,1,1,151,151,150,149,41
"4025",24,"[15]HcHwGnJHqKHqaIJ",298,0.996656,15,299,1,298,1,1,0,1,1,145,145,154,153,41
"4026",25,"[15]HcHwGnJHqKHqaIJ",268,0.971731,15,283,8,275,8,8,0,8,8,130,130,153,145,41
"4027",26,"[15]HcHwGnJHqKHqaIJ",292,0.989899,15,297,3,294,3,3,0,3,3,153,153,144,141,41
"4028",27,"[15]HcHwGnJHqKHqaIJ",289,0.993151,15,292,2,290,2,2,0,2,2,132,132,160,158,41
"4029",28,"[15]HcHwGnJHqKHqaIJ",299,1,15,298,0,298,0,0,0,0,0,150,150,148,148,41
"4030",29,"[15]HcHwGnJHqKHqaIJ",275,0.969178,15,292,9,283,9,9,0,9,9,136,136,156,147,41
"4031",30,"[15]HcHwGnJHqKHqaIJ",304,1,15,303,0,303,0,0,0,0,0,150,150,153,153,41
"4032",31,"[15]HcHwGnJHqKHqaIJ",292,0.989899,15,297,3,294,3,3,0,3,3,152,152,145,142,41
"4033",32,"[15]HcHwGnJHqKHqaIJ",288,0.989761,15,293,3,290,3,3,0,3,3,138,138,155,152,41
"4034",33,"[15]HcHwGnJHqKHqaIJ",296,1,15,295,0,295,0,0,0,0,0,142,142,153,153,41
"4035",34,"[15]HcHwGnJHqKHqaIJ",299,0.993377,15,302,2,300,2,2,0,2,2,152,152,150,148,41
"4036",35,"[15]HcHwGnJHqKHqaIJ",301,1,15,300,0,300,0,0,0,0,0,152,152,148,148,41
"4037",36,"[15]HcHwGnJHqKHqaIJ",305,1,15,304,0,304,0,0,0,0,0,149,149,155,155,41
"4038",37,"[15]HcHwGnJHqKHqaIJ",301,0.996689,15,302,1,301,1,1,0,1,1,161,161,141,140,41
"4039",38,"[15]HcHwGnJHqKHqaIJ",309,1,15,308,0,308,0,0,0,0,0,167,167,141,141,41
"4040",39,"[15]HcHwGnJHqKHqaIJ",305,1,15,304,0,304,0,0,0,0,0,153,153,151,151,41
"4041",40,"[15]HcHwGnJHqKHqaIJ",286,0.99308,15,289,2,287,2,2,0,2,2,139,139,150,148,41
"4042",41,"[15]HcHwGnJHqKHqaIJ",295,0.996622,15,296,1,295,1,1,0,1,1,142,142,154,153,41
"4043",42,"[15]HcHwGnJHqKHqaIJ",295,1,15,294,0,294,0,0,0,0,0,137,137,157,157,41
"4044",43,"[15]HcHwGnJHqKHqaIJ",295,1,15,294,0,294,0,0,0,0,0,138,138,156,156,41
"4045",44,"[15]HcHwGnJHqKHqaIJ",300,0.993399,15,303,2,301,2,2,0,2,2,150,150,153,151,41
"4046",45,"[15]HcHwGnJHqKHqaIJ",294,0.986711,15,301,4,297,4,4,0,4,4,148,148,153,149,41
"4047",46,"[15]HcHwGnJHqKHqaIJ",305,1,15,304,0,304,0,0,0,0,0,152,152,152,152,41
"4048",47,"[15]HcHwGnJHqKHqaIJ",299,1,15,298,0,298,0,0,0,0,0,145,145,153,153,41
"4049",48,"[15]HcHwGnJHqKHqaIJ",286,1,15,285,0,285,0,0,0,0,0,123,123,162,162,41
"4050",49,"[15]HcHwGnJHqKHqaIJ",295,0.993289,15,298,2,296,2,2,0,2,2,142,142,156,154,41
"4051",50,"[15]HcHwGnJHqKHqaIJ",292,0.983389,15,301,5,296,5,5,0,5,5,155,155,146,141,41
"4052",51,"[15]HcHwGnJHqKHqaIJ",298,1,15,297,0,297,0,0,0,0,0,143,143,154,154,41
"4053",52,"[15]HcHwGnJHqKHqaIJ",301,0.990196,15,306,3,303,3,3,0,3,3,163,163,143,140,41
"4054",53,"[15]HcHwGnJHqKHqaIJ",295,0.996622,15,296,1,295,1,1,0,1,1,139,139,157,156,41
"4055",54,"[15]HcHwGnJHqKHqaIJ",287,0.996528,15,288,1,287,1,1,0,1,1,144,144,144,143,41
"4056",55,"[15]HcHwGnJHqKHqaIJ",297,1,15,296,0,296,0,0,0,0,0,144,144,152,152,41
"4057",56,"[15]HcHwGnJHqKHqaIJ",290,0.996564,15,291,1,290,1,1,0,1,1,131,131,160,159,41
"4058",57,"[15]HcHwGnJHqKHqaIJ",291,0.989865,15,296,3,293,3,3,0,3,3,145,145,151,148,41
"4059",58,"[15]HcHwGnJHqKHqaIJ",297,0.996644,15,298,1,297,1,1,0,1,1,144,144,154,153,41
"4060",59,"[15]HcHwGnJHqKHqaIJ",293,1,15,292,0,292,0,0,0,0,0,137,137,155,155,41
"4061",60,"[15]HcHwGnJHqKHqaIJ",299,1,15,298,0,298,0,0,0,0,0,158,158,140,140,41
"4062",61,"[15]HcHwGnJHqKHqaIJ",296,0.996633,15,297,1,296,1,1,0,1,1,146,146,151,150,41
"4063",62,"[15]HcHwGnJHqKHqaIJ",300,0.996678,15,301,1,300,1,1,0,1,1,150,150,151,150,41
"4064",63,"[15]HcHwGnJHqKHqaIJ",293,0.993243,15,296,2,294,2,2,0,2,2,147,147,149,147,41
"4065",64,"[15]HcHwGnJHqKHqaIJ",305,1,15,304,0,304,0,0,0,0,0,158,158,146,146,41
"4066",65,"[15]HcHwGnJHqKHqaIJ",304,1,15,303,0,303,0,0,0,0,0,148,148,155,155,41
"4067",66,"[15]HcHwGnJHqKHqaIJ",301,0.996689,15,302,1,301,1,1,0,1,1,159,159,143,142,41
"4068",67,"[15]HcHwGnJHqKHqaIJ",299,1,15,298,0,298,0,0,0,0,0,144,144,154,154,41
"4069",68,"[15]HcHwGnJHqKHqaIJ",299,1,15,298,0,298,0,0,0,0,0,148,148,150,150,41
"4070",69,"[15]HcHwGnJHqKHqaIJ",297,1,15,296,0,296,0,0,0,0,0,142,142,154,154,41
"4071",70,"[15]HcHwGnJHqKHqaIJ",299,1,15,298,0,298,0,0,0,0,0,143,143,155,155,41
"4072",71,"[15]HcHwGnJHqKHqaIJ",305,1,15,304,0,304,0,0,0,0,0,158,158,146,146,41
"4073",72,"[15]HcHwGnJHqKHqaIJ",300,0.993399,15,303,2,301,2,2,0,2,2,167,167,136,134,41
"4074",73,"[15]HcHwGnJHqKHqaIJ",289,0.996552,15,290,1,289,1,1,0,1,1,131,131,159,158,41
"4075",74,"[15]HcHwGnJHqKHqaIJ",289,0.989796,15,294,3,291,3,3,0,3,3,147,147,147,144,41
"4076",75,"[15]HcHwGnJHqKHqaIJ",301,0.996689,15,302,1,301,1,1,0,1,1,156,156,146,145,41
"4077",76,"[15]HcHwGnJHqKHqaIJ",295,1,15,294,0,294,0,0,0,0,0,141,141,153,153,41
"4078",77,"[15]HcHwGnJHqKHqaIJ",310,1,15,309,0,309,0,0,0,0,0,175,175,134,134,41
"4079",78,"[15]HcHwGnJHqKHqaIJ",298,0.996656,15,299,1,298,1,1,0,1,1,142,142,157,156,41
"4080",79,"[15]HcHwGnJHqKHqaIJ",295,0.99,15,300,3,297,3,3,0,3,3,138,138,162,159,41
"4081",80,"[15]HcHwGnJHqKHqaIJ",297,1,15,296,0,296,0,0,0,0,0,139,139,157,157,41
"4082",81,"[15]HcHwGnJHqKHqaIJ",298,0.996656,15,299,1,298,1,1,0,1,1,147,147,152,151,41
"4083",82,"[15]HcHwGnJHqKHqaIJ",299,0.996667,15,300,1,299,1,1,0,1,1,144,144,156,155,41
"4084",83,"[15]HcHwGnJHqKHqaIJ",301,1,15,300,0,300,0,0,0,0,0,139,139,161,161,41
"4085",84,"[15]HcHwGnJHqKHqaIJ",286,0.986348,15,293,4,289,4,4,0,4,4,147,147,146,142,41
"4086",85,"[15]HcHwGnJHqKHqaIJ",307,1,15,306,0,306,0,0,0,0,0,163,163,143,143,41
"4087",86,"[15]HcHwGnJHqKHqaIJ",303,1,15,302,0,302,0,0,0,0,0,149,149,153,153,41
"4088",87,"[15]HcHwGnJHqKHqaIJ",301,1,15,300,0,300,0,0,0,0,0,160,160,140,140,41
"4089",88,"[15]HcHwGnJHqKHqaIJ",304,0.996721,15,305,1,304,1,1,0,1,1,159,159,146,145,41
"4090",89,"[15]HcHwGnJHqKHqaIJ",292,0.989899,15,297,3,294,3,3,0,3,3,154,154,143,140,41
"4091",90,"[15]HcHwGnJHqKHqaIJ",306,1,15,305,0,305,0,0,0,0,0,162,162,143,143,41
"4092",91,"[15]HcHwGnJHqKHqaIJ",285,0.982993,15,294,5,289,5,5,0,5,5,136,136,158,153,41
"4093",92,"[15]HcHwGnJHqKHqaIJ",306,0.996743,15,307,1,306,1,1,0,1,1,163,163,144,143,41
"4094",93,"[15]HcHwGnJHqKHqaIJ",304,1,15,303,0,303,0,0,0,0,0,156,156,147,147,41
"4095",94,"[15]HcHwGnJHqKHqaIJ",296,0.996633,15,297,1,296,1,1,0,1,1,146,146,151,150,41
"4096",95,"[15]HcHwGnJHqKHqaIJ",298,1,15,297,0,297,0,0,0,0,0,151,151,146,146,41
"4097",96,"[15]HcHwGnJHqKHqaIJ",306,1,15,305,0,305,0,0,0,0,0,156,156,149,149,41
"4098",97,"[15]HcHwGnJHqKHqaIJ",304,0.996721,15,305,1,304,1,1,0,1,1,172,172,133,132,41
"4099",98,"[15]HcHwGnJHqKHqaIJ",303,0.996711,15,304,1,303,1,1,0,1,1,166,166,138,137,41
"4100",99,"[15]HcHwGnJHqKHqaIJ",308,1,15,307,0,307,0,0,0,0,0,166,166,141,141,41
"4101",0,"[15]HcHsGnJHqKHqaIJ",298,1,15,297,0,297,0,0,0,0,0,154,154,143,143,42
"4102",1,"[15]HcHsGnJHqKHqaIJ",299,0.996667,15,300,1,299,1,1,0,1,1,160,160,140,139,42
"4103",2,"[15]HcHsGnJHqKHqaIJ",302,1,15,301,0,301,0,0,0,0,0,152,152,149,149,42
"4104",3,"[15]HcHsGnJHqKHqaIJ",295,1,15,294,0,294,0,0,0,0,0,132,132,162,162,42
"4105",4,"[15]HcHsGnJHqKHqaIJ",292,0.996587,15,293,1,292,1,1,0,1,1,134,134,159,158,42
"4106",5,"[15]HcHsGnJHqKHqaIJ",283,0.993007,15,286,2,284,2,2,0,2,2,125,125,161,159,42
"4107",6,"[15]HcHsGnJHqKHqaIJ",293,0.996599,15,294,1,293,1,1,0,1,1,147,147,147,146,42
"4108",7,"[15]HcHsGnJHqKHqaIJ",287,0.996528,15,288,1,287,1,1,0,1,1,133,133,155,154,42
"4109",8,"[15]HcHsGnJHqKHqaIJ",299,1,15,298,0,298,0,0,0,0,0,149,149,149,149,42
"4110",9,"[15]HcHsGnJHqKHqaIJ",288,0.99654,15,289,1,288,1,1,0,1,1,132,132,157,156,42
"4111",10,"[15]HcHsGnJHqKHqaIJ",297,0.993333,15,300,2,298,2,2,0,2,2,154,154,146,144,42
"4112",11,"[15]HcHsGnJHqKHqaIJ",298,1,15,297,0,297,0,0,0,0,0,151,151,146,146,42
"4113",12,"[15]HcHsGnJHqKHqaIJ",296,0.996633,15,297,1,296,1,1,0,1,1,147,147,150,149,42
"4114",13,"[15]HcHsGnJHqKHqaIJ",294,0.99661,15,295,1,294,1,1,0,1,1,148,148,147,146,42
"4115",14,"[15]HcHsGnJHqKHqaIJ",311,1,15,310,0,310,0,0,0,0,0,172,172,138,138,42
"4116",15,"[15]HcHsGnJHqKHqaIJ",293,1,15,292,0,292,0,0,0,0,0,142,142,150,150,42
"4117",16,"[15]HcHsGnJHqKHqaIJ",306,1,15,305,0,305,0,0,0,0,0,165,165,140,140,42
"4118",17,"[15]HcHsGnJHqKHqaIJ",293,0.989933,15,298,3,295,3,3,0,3,3,156,156,142,139,42
"4119",18,"[15]HcHsGnJHqKHqaIJ",295,1,15,294,0,294,0,0,0,0,0,142,142,152,152,42
"4120",19,"[15]HcHsGnJHqKHqaIJ",305,0.996732,15,306,1,305,1,1,0,1,1,152,152,154,153,42
"4121",20,"[15]HcHsGnJHqKHqaIJ",303,1,15,302,0,302,0,0,0,0,0,147,147,155,155,42
"4122",21,"[15]HcHsGnJHqKHqaIJ",294,0.993266,15,297,2,295,2,2,0,2,2,153,153,144,142,42
"4123",22,"[15]HcHsGnJHqKHqaIJ",296,0.990033,15,301,3,298,3,3,0,3,3,150,150,151,148,42
"4124",23,"[15]HcHsGnJHqKHqaIJ",302,0.993443,15,305,2,303,2,2,0,2,2,162,162,143,141,42
"4125",24,"[15]HcHsGnJHqKHqaIJ",296,1,15,295,0,295,0,0,0,0,0,138,138,157,157,42
"4126",25,"[15]HcHsGnJHqKHqaIJ",298,0.993355,15,301,2,299,2,2,0,2,2,154,154,147,145,42
"4127",26,"[15]HcHsGnJHqKHqaIJ",293,0.996599,15,294,1,293,1,1,0,1,1,135,135,159,158,42
"4128",27,"[15]HcHsGnJHqKHqaIJ",298,0.996656,15,299,1,298,1,1,0,1,1,151,151,148,147,42
"4129",28,"[15]HcHsGnJHqKHqaIJ",289,0.993151,15,292,2,290,2,2,0,2,2,132,132,160,158,42
"4130",29,"[15]HcHsGnJHqKHqaIJ",303,1,15,302,0,302,0,0,0,0,0,162,162,140,140,42
"4131",30,"[15]HcHsGnJHqKHqaIJ",286,0.989691,15,291,3,288,3,3,0,3,3,141,141,150,147,42
"4132",31,"[15]HcHsGnJHqKHqaIJ",300,1,15,299,0,299,0,0,0,0,0,152,152,147,147,42
"4133",32,"[15]HcHsGnJHqKHqaIJ",293,0.993243,15,296,2,294,2,2,0,2,2,152,152,144,142,42
"4134",33,"[15]HcHsGnJHqKHqaIJ",300,1,15,299,0,299,0,0,0,0,0,144,144,155,155,42
"4135",34,"[15]HcHsGnJHqKHqaIJ",290,0.989831,15,295,3,292,3,3,0,3,3,139,139,156,153,42
"4136",35,"[15]HcHsGnJHqKHqaIJ",301,1,15,300,0,300,0,0,0,0,0,140,140,160,160,42
"4137",36,"[15]HcHsGnJHqKHqaIJ",293,0.989933,15,298,3,295,3,3,0,3,3,136,136,162,159,42
"4138",37,"[15]HcHsGnJHqKHqaIJ",296,0.996633,15,297,1,296,1,1,0,1,1,157,157,140,139,42
"4139",38,"[15]HcHsGnJHqKHqaIJ",300,1,15,299,0,299,0,0,0,0,0,164,164,135,135,42
"4140",39,"[15]HcHsGnJHqKHqaIJ",306,1,15,305,0,305,0,0,0,0,0,143,143,162,162,42
"4141",40,"[15]HcHsGnJHqKHqaIJ",284,0.986254,15,291,4,287,4,4,0,4,4,145,145,146,142,42
"4142",41,"[15]HcHsGnJHqKHqaIJ",300,1,15,299,0,299,0,0,0,0,0,152,152,147,147,42
"4143",42,"[15]HcHsGnJHqKHqaIJ",293,0.983444,15,302,5,297,5,5,0,5,5,155,155,147,142,42
"4144",43,"[15]HcHsGnJHqKHqaIJ",302,1,15,301,0,301,0,0,0,0,0,150,150,151,151,42
"4145",44,"[15]HcHsGnJHqKHqaIJ",297,0.996644,15,298,1,297,1,1,0,1,1,157,157,141,140,42
"4146",45,"[15]HcHsGnJHqKHqaIJ",286,0.986348,15,293,4,289,4,4,0,4,4,143,143,150,146,42
"4147",46,"[15]HcHsGnJHqKHqaIJ",298,0.996656,15,299,1,298,1,1,0,1,1,157,157,142,141,42
"4148",47,"[15]HcHsGnJHqKHqaIJ",274,0.97561,15,287,7,280,7,7,0,7,7,134,134,153,146,42
"4149",48,"[15]HcHsGnJHqKHqaIJ",291,0.993197,15,294,2,292,2,2,0,2,2,148,148,146,144,42
"4150",49,"[15]HcHsGnJHqKHqaIJ",293,0.989933,15,298,3,295,3,3,0,3,3,164,164,134,131,42
"4151",50,"[15]HcHsGnJHqKHqaIJ",293,0.996599,15,294,1,293,1,1,0,1,1,144,144,150,149,42
"4152",51,"[15]HcHsGnJHqKHqaIJ",289,0.986486,15,296,4,292,4,4,0,4,4,148,148,148,144,42
"4153",52,"[15]HcHsGnJHqKHqaIJ",305,0.996732,15,306,1,305,1,1,0,1,1,157,157,149,148,42
"4154",53,"[15]HcHsGnJHqKHqaIJ",295,1,15,294,0,294,0,0,0,0,0,139,139,155,155,42
"4155",54,"[15]HcHsGnJHqKHqaIJ",310,1,15,309,0,309,0,0,0,0,0,158,158,151,151,42
"4156",55,"[15]HcHsGnJHqKHqaIJ",299,1,15,298,0,298,0,0,0,0,0,150,150,148,148,42
"4157",56,"[15]HcHsGnJHqKHqaIJ",302,1,15,301,0,301,0,0,0,0,0,159,159,142,142,42
"4158",57,"[15]HcHsGnJHqKHqaIJ",298,1,15,297,0,297,0,0,0,0,0,140,140,157,157,42
"4159",58,"[15]HcHsGnJHqKHqaIJ",303,1,15,302,0,302,0,0,0,0,0,146,146,156,156,42
"4160",59,"[15]HcHsGnJHqKHqaIJ",295,1,15,294,0,294,0,0,0,0,0,147,147,147,147,42
"4161",60,"[15]HcHsGnJHqKHqaIJ",300,1,15,299,0,299,0,0,0,0,0,157,157,142,142,42
"4162",61,"[15]HcHsGnJHqKHqaIJ",310,1,15,309,0,309,0,0,0,0,0,168,168,141,141,42
"4163",62,"[15]HcHsGnJHqKHqaIJ",303,0.996711,15,304,1,303,1,1,0,1,1,164,164,140,139,42
"4164",63,"[15]HcHsGnJHqKHqaIJ",306,1,15,305,0,305,0,0,0,0,0,153,153,152,152,42
"4165",64,"[15]HcHsGnJHqKHqaIJ",297,0.996644,15,298,1,297,1,1,0,1,1,140,140,158,157,42
"4166",65,"[15]HcHsGnJHqKHqaIJ",302,0.993443,15,305,2,303,2,2,0,2,2,162,162,143,141,42
"4167",66,"[15]HcHsGnJHqKHqaIJ",303,0.996711,15,304,1,303,1,1,0,1,1,153,153,151,150,42
"4168",67,"[15]HcHsGnJHqKHqaIJ",299,0.996667,15,300,1,299,1,1,0,1,1,148,148,152,151,42
"4169",68,"[15]HcHsGnJHqKHqaIJ",284,0.982935,15,293,5,288,5,5,0,5,5,143,143,150,145,42
"4170",69,"[15]HcHsGnJHqKHqaIJ",299,1,15,298,0,298,0,0,0,0,0,145,145,153,153,42
"4171",70,"[15]HcHsGnJHqKHqaIJ",303,0.996711,15,304,1,303,1,1,0,1,1,170,170,134,133,42
"4172",71,"[15]HcHsGnJHqKHqaIJ",302,1,15,301,0,301,0,0,0,0,0,156,156,145,145,42
"4173",72,"[15]HcHsGnJHqKHqaIJ",299,1,15,298,0,298,0,0,0,0,0,140,140,158,158,42
"4174",73,"[15]HcHsGnJHqKHqaIJ",289,0.993151,15,292,2,290,2,2,0,2,2,143,143,149,147,42
"4175",74,"[15]HcHsGnJHqKHqaIJ",299,0.996667,15,300,1,299,1,1,0,1,1,143,143,157,156,42
"4176",75,"[15]HcHsGnJHqKHqaIJ",287,0.983108,15,296,5,291,5,5,0,5,5,139,139,157,152,42
"4177",76,"[15]HcHsGnJHqKHqaIJ",302,1,15,301,0,301,0,0,0,0,0,161,161,140,140,42
"4178",77,"[15]HcHsGnJHqKHqaIJ",300,0.996678,15,301,1,300,1,1,0,1,1,160,160,141,140,42
"4179",78,"[15]HcHsGnJHqKHqaIJ",303,1,15,302,0,302,0,0,0,0,0,162,162,140,140,42
"4180",79,"[15]HcHsGnJHqKHqaIJ",306,1,15,305,0,305,0,0,0,0,0,154,154,151,151,42
"4181",80,"[15]HcHsGnJHqKHqaIJ",308,1,15,307,0,307,0,0,0,0,0,164,164,143,143,42
"4182",81,"[15]HcHsGnJHqKHqaIJ",293,1,15,292,0,292,0,0,0,0,0,147,147,145,145,42
"4183",82,"[15]HcHsGnJHqKHqaIJ",307,1,15,306,0,306,0,0,0,0,0,167,167,139,139,42
"4184",83,"[15]HcHsGnJHqKHqaIJ",299,0.993377,15,302,2,300,2,2,0,2,2,149,149,153,151,42
"4185",84,"[15]HcHsGnJHqKHqaIJ",299,1,15,298,0,298,0,0,0,0,0,148,148,150,150,42
"4186",85,"[15]HcHsGnJHqKHqaIJ",299,1,15,298,0,298,0,0,0,0,0,149,149,149,149,42
"4187",86,"[15]HcHsGnJHqKHqaIJ",292,1,15,291,0,291,0,0,0,0,0,130,130,161,161,42
"4188",87,"[15]HcHsGnJHqKHqaIJ",298,1,15,297,0,297,0,0,0,0,0,149,149,148,148,42
"4189",88,"[15]HcHsGnJHqKHqaIJ",303,0.996711,15,304,1,303,1,1,0,1,1,159,159,145,144,42
"4190",89,"[15]HcHsGnJHqKHqaIJ",299,1,15,298,0,298,0,0,0,0,0,141,141,157,157,42
"4191",90,"[15]HcHsGnJHqKHqaIJ",299,0.996667,15,300,1,299,1,1,0,1,1,156,156,144,143,42
"4192",91,"[15]HcHsGnJHqKHqaIJ",296,1,15,295,0,295,0,0,0,0,0,139,139,156,156,42
"4193",92,"[15]HcHsGnJHqKHqaIJ",306,1,15,305,0,305,0,0,0,0,0,168,168,137,137,42
"4194",93,"[15]HcHsGnJHqKHqaIJ",299,0.996667,15,300,1,299,1,1,0,1,1,152,152,148,147,42
"4195",94,"[15]HcHsGnJHqKHqaIJ",295,0.996622,15,296,1,295,1,1,0,1,1,146,146,150,149,42
"4196",95,"[15]HcHsGnJHqKHqaIJ",307,0.996753,15,308,1,307,1,1,0,1,1,164,164,144,143,42
"4197",96,"[15]HcHsGnJHqKHqaIJ",304,1,15,303,0,303,0,0,0,0,0,151,151,152,152,42
"4198",97,"[15]HcHsGnJHqKHqaIJ",293,1,15,292,0,292,0,0,0,0,0,147,147,145,145,42
"4199",98,"[15]HcHsGnJHqKHqaIJ",294,0.993266,15,297,2,295,2,2,0,2,2,166,166,131,129,42
"4200",99,"[15]HcHsGnJHqKHqaIJ",299,1,15,298,0,298,0,0,0,0,0,141,141,157,157,42
"4201",0,"[22]HBsHsvnJHqGKHqaxgIgJog",315,1,22,314,0,314,0,0,0,0,0,155,155,159,159,43
"4202",1,"[22]HBsHsvnJHqGKHqaxgIgJog",301,0.996689,22,302,1,301,1,1,0,1,1,136,136,166,165,43
"4203",2,"[22]HBsHsvnJHqGKHqaxgIgJog",324,1,22,323,0,323,0,0,0,0,0,170,170,153,153,43
"4204",3,"[22]HBsHsvnJHqGKHqaxgIgJog",310,0.99361,22,313,2,311,2,2,0,2,2,156,156,157,155,43
"4205",4,"[22]HBsHsvnJHqGKHqaxgIgJog",315,0.993711,22,318,2,316,2,2,0,2,2,167,167,151,149,43
"4206",5,"[22]HBsHsvnJHqGKHqaxgIgJog",315,1,22,314,0,314,0,0,0,0,0,157,157,157,157,43
"4207",6,"[22]HBsHsvnJHqGKHqaxgIgJog",317,0.996855,22,318,1,317,1,1,0,1,1,168,168,150,149,43
"4208",7,"[22]HBsHsvnJHqGKHqaxgIgJog",321,0.993827,22,324,2,322,2,2,0,2,2,173,173,151,149,43
"4209",8,"[22]HBsHsvnJHqGKHqaxgIgJog",323,0.993865,22,326,2,324,2,2,0,2,2,182,182,144,142,43
"4210",9,"[22]HBsHsvnJHqGKHqaxgIgJog",316,0.996845,22,317,1,316,1,1,0,1,1,167,167,150,149,43
"4211",10,"[22]HBsHsvnJHqGKHqaxgIgJog",319,0.996875,22,320,1,319,1,1,0,1,1,160,160,160,159,43
"4212",11,"[22]HBsHsvnJHqGKHqaxgIgJog",310,0.99361,22,313,2,311,2,2,0,2,2,160,160,153,151,43
"4213",12,"[22]HBsHsvnJHqGKHqaxgIgJog",312,1,22,311,0,311,0,0,0,0,0,145,145,166,166,43
"4214",13,"[22]HBsHsvnJHqGKHqaxgIgJog",299,0.983766,22,308,5,303,5,5,0,5,5,155,155,153,148,43
"4215",14,"[22]HBsHsvnJHqGKHqaxgIgJog",306,0.990354,22,311,3,308,3,3,0,3,3,158,158,153,150,43
"4216",15,"[22]HBsHsvnJHqGKHqaxgIgJog",313,1,22,312,0,312,0,0,0,0,0,158,158,154,154,43
"4217",16,"[22]HBsHsvnJHqGKHqaxgIgJog",287,0.976667,22,300,7,293,7,7,0,7,7,158,158,142,135,43
"4218",17,"[22]HBsHsvnJHqGKHqaxgIgJog",309,0.996774,22,310,1,309,1,1,0,1,1,156,156,154,153,43
"4219",18,"[22]HBsHsvnJHqGKHqaxgIgJog",305,0.993506,22,308,2,306,2,2,0,2,2,154,154,154,152,43
"4220",19,"[22]HBsHsvnJHqGKHqaxgIgJog",324,1,22,323,0,323,0,0,0,0,0,176,176,147,147,43
"4221",20,"[22]HBsHsvnJHqGKHqaxgIgJog",313,1,22,312,0,312,0,0,0,0,0,157,157,155,155,43
"4222",21,"[22]HBsHsvnJHqGKHqaxgIgJog",316,1,22,315,0,315,0,0,0,0,0,163,163,152,152,43
"4223",22,"[22]HBsHsvnJHqGKHqaxgIgJog",304,0.990291,22,309,3,306,3,3,0,3,3,153,153,156,153,43
"4224",23,"[22]HBsHsvnJHqGKHqaxgIgJog",310,1,22,309,0,309,0,0,0,0,0,145,145,164,164,43
"4225",24,"[22]HBsHsvnJHqGKHqaxgIgJog",302,0.993443,22,305,2,303,2,2,0,2,2,147,147,158,156,43
"4226",25,"[22]HBsHsvnJHqGKHqaxgIgJog",301,0.996689,22,302,1,301,1,1,0,1,1,139,139,163,162,43
"4227",26,"[22]HBsHsvnJHqGKHqaxgIgJog",300,0.993399,22,303,2,301,2,2,0,2,2,144,144,159,157,43
"4228",27,"[22]HBsHsvnJHqGKHqaxgIgJog",324,1,22,323,0,323,0,0,0,0,0,171,171,152,152,43
"4229",28,"[22]HBsHsvnJHqGKHqaxgIgJog",317,1,22,316,0,316,0,0,0,0,0,158,158,158,158,43
"4230",29,"[22]HBsHsvnJHqGKHqaxgIgJog",322,0.993846,22,325,2,323,2,2,0,2,2,177,177,148,146,43
"4231",30,"[22]HBsHsvnJHqGKHqaxgIgJog",315,1,22,314,0,314,0,0,0,0,0,157,157,157,157,43
"4232",31,"[22]HBsHsvnJHqGKHqaxgIgJog",312,1,22,311,0,311,0,0,0,0,0,148,148,163,163,43
"4233",32,"[22]HBsHsvnJHqGKHqaxgIgJog",321,1,22,320,0,320,0,0,0,0,0,165,165,155,155,43
"4234",33,"[22]HBsHsvnJHqGKHqaxgIgJog",314,1,22,313,0,313,0,0,0,0,0,154,154,159,159,43
"4235",34,"[22]HBsHsvnJHqGKHqaxgIgJog",314,1,22,313,0,313,0,0,0,0,0,155,155,158,158,43
"4236",35,"[22]HBsHsvnJHqGKHqaxgIgJog",315,1,22,314,0,314,0,0,0,0,0,151,151,163,163,43
"4237",36,"[22]HBsHsvnJHqGKHqaxgIgJog",312,1,22,311,0,311,0,0,0,0,0,143,143,168,168,43
"4238",37,"[22]HBsHsvnJHqGKHqaxgIgJog",320,1,22,319,0,319,0,0,0,0,0,164,164,155,155,43
"4239",38,"[22]HBsHsvnJHqGKHqaxgIgJog",307,1,22,306,0,306,0,0,0,0,0,145,145,161,161,43
"4240",39,"[22]HBsHsvnJHqGKHqaxgIgJog",316,0.996845,22,317,1,316,1,1,0,1,1,166,166,151,150,43
"4241",40,"[22]HBsHsvnJHqGKHqaxgIgJog",305,0.996732,22,306,1,305,1,1,0,1,1,148,148,158,157,43
"4242",41,"[22]HBsHsvnJHqGKHqaxgIgJog",308,0.993569,22,311,2,309,2,2,0,2,2,156,156,155,153,43
"4243",42,"[22]HBsHsvnJHqGKHqaxgIgJog",311,1,22,310,0,310,0,0,0,0,0,150,150,160,160,43
"4244",43,"[22]HBsHsvnJHqGKHqaxgIgJog",311,0.996795,22,312,1,311,1,1,0,1,1,162,162,150,149,43
"4245",44,"[22]HBsHsvnJHqGKHqaxgIgJog",278,0.96633,22,297,10,287,10,10,0,10,10,155,155,142,132,43
"4246",45,"[22]HBsHsvnJHqGKHqaxgIgJog",311,0.993631,22,314,2,312,2,2,0,2,2,156,156,158,156,43
"4247",46,"[22]HBsHsvnJHqGKHqaxgIgJog",326,1,22,325,0,325,0,0,0,0,0,186,186,139,139,43
"4248",47,"[22]HBsHsvnJHqGKHqaxgIgJog",310,0.996785,22,311,1,310,1,1,0,1,1,157,157,154,153,43
"4249",48,"[22]HBsHsvnJHqGKHqaxgIgJog",301,0.996689,22,302,1,301,1,1,0,1,1,145,145,157,156,43
"4250",49,"[22]HBsHsvnJHqGKHqaxgIgJog",312,1,22,311,0,311,0,0,0,0,0,151,151,160,160,43
"4251",50,"[22]HBsHsvnJHqGKHqaxgIgJog",317,1,22,316,0,316,0,0,0,0,0,164,164,152,152,43
"4252",51,"[22]HBsHsvnJHqGKHqaxgIgJog",310,0.996785,22,311,1,310,1,1,0,1,1,153,153,158,157,43
"4253",52,"[22]HBsHsvnJHqGKHqaxgIgJog",310,0.996785,22,311,1,310,1,1,0,1,1,156,156,155,154,43
"4254",53,"[22]HBsHsvnJHqGKHqaxgIgJog",309,1,22,308,0,308,0,0,0,0,0,144,144,164,164,43
"4255",54,"[22]HBsHsvnJHqGKHqaxgIgJog",297,1,22,296,0,296,0,0,0,0,0,132,132,164,164,43
"4256",55,"[22]HBsHsvnJHqGKHqaxgIgJog",314,0.996825,22,315,1,314,1,1,0,1,1,162,162,153,152,43
"4257",56,"[22]HBsHsvnJHqGKHqaxgIgJog",318,1,22,317,0,317,0,0,0,0,0,158,158,159,159,43
"4258",57,"[22]HBsHsvnJHqGKHqaxgIgJog",309,0.996774,22,310,1,309,1,1,0,1,1,143,143,167,166,43
"4259",58,"[22]HBsHsvnJHqGKHqaxgIgJog",310,1,22,309,0,309,0,0,0,0,0,151,151,158,158,43
"4260",59,"[22]HBsHsvnJHqGKHqaxgIgJog",293,0.983444,22,302,5,297,5,5,0,5,5,150,150,152,147,43
"4261",60,"[22]HBsHsvnJHqGKHqaxgIgJog",314,0.993691,22,317,2,315,2,2,0,2,2,167,167,150,148,43
"4262",61,"[22]HBsHsvnJHqGKHqaxgIgJog",314,0.996825,22,315,1,314,1,1,0,1,1,156,156,159,158,43
"4263",62,"[22]HBsHsvnJHqGKHqaxgIgJog",298,0.993355,22,301,2,299,2,2,0,2,2,136,136,165,163,43
"4264",63,"[22]HBsHsvnJHqGKHqaxgIgJog",316,1,22,315,0,315,0,0,0,0,0,148,148,167,167,43
"4265",64,"[22]HBsHsvnJHqGKHqaxgIgJog",330,1,22,329,0,329,0,0,0,0,0,183,183,146,146,43
"4266",65,"[22]HBsHsvnJHqGKHqaxgIgJog",318,1,22,317,0,317,0,0,0,0,0,165,165,152,152,43
"4267",66,"[22]HBsHsvnJHqGKHqaxgIgJog",320,0.996885,22,321,1,320,1,1,0,1,1,176,176,145,144,43
"4268",67,"[22]HBsHsvnJHqGKHqaxgIgJog",305,0.996732,22,306,1,305,1,1,0,1,1,149,149,157,156,43
"4269",68,"[22]HBsHsvnJHqGKHqaxgIgJog",311,0.996795,22,312,1,311,1,1,0,1,1,149,149,163,162,43
"4270",69,"[22]HBsHsvnJHqGKHqaxgIgJog",325,1,22,324,0,324,0,0,0,0,0,181,181,143,143,43
"4271",70,"[22]HBsHsvnJHqGKHqaxgIgJog",319,1,22,318,0,318,0,0,0,0,0,162,162,156,156,43
"4272",71,"[22]HBsHsvnJHqGKHqaxgIgJog",319,1,22,318,0,318,0,0,0,0,0,163,163,155,155,43
"4273",72,"[22]HBsHsvnJHqGKHqaxgIgJog",322,1,22,321,0,321,0,0,0,0,0,165,165,156,156,43
"4274",73,"[22]HBsHsvnJHqGKHqaxgIgJog",320,1,22,319,0,319,0,0,0,0,0,165,165,154,154,43
"4275",74,"[22]HBsHsvnJHqGKHqaxgIgJog",320,1,22,319,0,319,0,0,0,0,0,157,157,162,162,43
"4276",75,"[22]HBsHsvnJHqGKHqaxgIgJog",319,1,22,318,0,318,0,0,0,0,0,157,157,161,161,43
"4277",76,"[22]HBsHsvnJHqGKHqaxgIgJog",313,1,22,312,0,312,0,0,0,0,0,147,147,165,165,43
"4278",77,"[22]HBsHsvnJHqGKHqaxgIgJog",303,0.996711,22,304,1,303,1,1,0,1,1,143,143,161,160,43
"4279",78,"[22]HBsHsvnJHqGKHqaxgIgJog",315,1,22,314,0,314,0,0,0,0,0,157,157,157,157,43
"4280",79,"[22]HBsHsvnJHqGKHqaxgIgJog",320,1,22,319,0,319,0,0,0,0,0,164,164,155,155,43
"4281",80,"[22]HBsHsvnJHqGKHqaxgIgJog",320,1,22,319,0,319,0,0,0,0,0,163,163,156,156,43
"4282",81,"[22]HBsHsvnJHqGKHqaxgIgJog",316,1,22,315,0,315,0,0,0,0,0,159,159,156,156,43
"4283",82,"[22]HBsHsvnJHqGKHqaxgIgJog",316,1,22,315,0,315,0,0,0,0,0,155,155,160,160,43
"4284",83,"[22]HBsHsvnJHqGKHqaxgIgJog",300,0.990164,22,305,3,302,3,3,0,3,3,144,144,161,158,43
"4285",84,"[22]HBsHsvnJHqGKHqaxgIgJog",302,0.987055,22,309,4,305,4,4,0,4,4,161,161,148,144,43
"4286",85,"[22]HBsHsvnJHqGKHqaxgIgJog",325,1,22,324,0,324,0,0,0,0,0,172,172,152,152,43
"4287",86,"[22]HBsHsvnJHqGKHqaxgIgJog",314,0.996825,22,315,1,314,1,1,0,1,1,157,157,158,157,43
"4288",87,"[22]HBsHsvnJHqGKHqaxgIgJog",313,0.996815,22,314,1,313,1,1,0,1,1,161,161,153,152,43
"4289",88,"[22]HBsHsvnJHqGKHqaxgIgJog",311,1,22,310,0,310,0,0,0,0,0,151,151,159,159,43
"4290",89,"[22]HBsHsvnJHqGKHqaxgIgJog",310,1,22,309,0,309,0,0,0,0,0,149,149,160,160,43
"4291",90,"[22]HBsHsvnJHqGKHqaxgIgJog",321,0.996894,22,322,1,321,1,1,0,1,1,173,173,149,148,43
"4292",91,"[22]HBsHsvnJHqGKHqaxgIgJog",322,0.996904,22,323,1,322,1,1,0,1,1,170,170,153,152,43
"4293",92,"[22]HBsHsvnJHqGKHqaxgIgJog",310,1,22,309,0,309,0,0,0,0,0,149,149,160,160,43
"4294",93,"[22]HBsHsvnJHqGKHqaxgIgJog",326,1,22,325,0,325,0,0,0,0,0,166,166,159,159,43
"4295",94,"[22]HBsHsvnJHqGKHqaxgIgJog",301,0.990196,22,306,3,303,3,3,0,3,3,150,150,156,153,43
"4296",95,"[22]HBsHsvnJHqGKHqaxgIgJog",313,1,22,312,0,312,0,0,0,0,0,145,145,167,167,43
"4297",96,"[22]HBsHsvnJHqGKHqaxgIgJog",317,0.996855,22,318,1,317,1,1,0,1,1,163,163,155,154,43
"4298",97,"[22]HBsHsvnJHqGKHqaxgIgJog",306,0.993528,22,309,2,307,2,2,0,2,2,151,151,158,156,43
"4299",98,"[22]HBsHsvnJHqGKHqaxgIgJog",318,1,22,317,0,317,0,0,0,0,0,168,168,149,149,43
"4300",99,"[22]HBsHsvnJHqGKHqaxgIgJog",313,0.996815,22,314,1,313,1,1,0,1,1,162,162,152,151,43
"4301",0,"[15]HcHtGnJHqKHqaIJ",289,0.986486,15,296,4,292,4,4,0,4,4,143,143,153,149,44
"4302",1,"[15]HcHtGnJHqKHqaIJ",295,1,15,294,0,294,0,0,0,0,0,136,136,158,158,44
"4303",2,"[15]HcHtGnJHqKHqaIJ",298,0.996656,15,299,1,298,1,1,0,1,1,151,151,148,147,44
"4304",3,"[15]HcHtGnJHqKHqaIJ",295,0.996622,15,296,1,295,1,1,0,1,1,141,141,155,154,44
"4305",4,"[15]HcHtGnJHqKHqaIJ",288,1,15,287,0,287,0,0,0,0,0,121,121,166,166,44
"4306",5,"[15]HcHtGnJHqKHqaIJ",302,1,15,301,0,301,0,0,0,0,0,160,160,141,141,44
"4307",6,"[15]HcHtGnJHqKHqaIJ",301,1,15,300,0,300,0,0,0,0,0,142,142,158,158,44
"4308",7,"[15]HcHtGnJHqKHqaIJ",305,1,15,304,0,304,0,0,0,0,0,151,151,153,153,44
"4309",8,"[15]HcHtGnJHqKHqaIJ",292,1,15,291,0,291,0,0,0,0,0,132,132,159,159,44
"4310",9,"[15]HcHtGnJHqKHqaIJ",285,0.996503,15,286,1,285,1,1,0,1,1,127,127,159,158,44
"4311",10,"[15]HcHtGnJHqKHqaIJ",300,1,15,299,0,299,0,0,0,0,0,155,155,144,144,44
"4312",11,"[15]HcHtGnJHqKHqaIJ",305,1,15,304,0,304,0,0,0,0,0,165,165,139,139,44
"4313",12,"[15]HcHtGnJHqKHqaIJ",290,0.993174,15,293,2,291,2,2,0,2,2,146,146,147,145,44
"4314",13,"[15]HcHtGnJHqKHqaIJ",296,0.996633,15,297,1,296,1,1,0,1,1,144,144,153,152,44
"4315",14,"[15]HcHtGnJHqKHqaIJ",300,1,15,299,0,299,0,0,0,0,0,153,153,146,146,44
"4316",15,"[15]HcHtGnJHqKHqaIJ",311,1,15,310,0,310,0,0,0,0,0,158,158,152,152,44
"4317",16,"[15]HcHtGnJHqKHqaIJ",296,0.993311,15,299,2,297,2,2,0,2,2,144,144,155,153,44
"4318",17,"[15]HcHtGnJHqKHqaIJ",296,1,15,295,0,295,0,0,0,0,0,154,154,141,141,44
"4319",18,"[15]HcHtGnJHqKHqaIJ",298,1,15,297,0,297,0,0,0,0,0,152,152,145,145,44
"4320",19,"[15]HcHtGnJHqKHqaIJ",296,1,15,295,0,295,0,0,0,0,0,142,142,153,153,44
"4321",20,"[15]HcHtGnJHqKHqaIJ",297,0.996644,15,298,1,297,1,1,0,1,1,163,163,135,134,44
"4322",21,"[15]HcHtGnJHqKHqaIJ",305,0.996732,15,306,1,305,1,1,0,1,1,157,157,149,148,44
"4323",22,"[15]HcHtGnJHqKHqaIJ",304,1,15,303,0,303,0,0,0,0,0,151,151,152,152,44
"4324",23,"[15]HcHtGnJHqKHqaIJ",296,1,15,295,0,295,0,0,0,0,0,136,136,159,159,44
"4325",24,"[15]HcHtGnJHqKHqaIJ",303,1,15,302,0,302,0,0,0,0,0,160,160,142,142,44
"4326",25,"[15]HcHtGnJHqKHqaIJ",293,0.996599,15,294,1,293,1,1,0,1,1,136,136,158,157,44
"4327",26,"[15]HcHtGnJHqKHqaIJ",303,1,15,302,0,302,0,0,0,0,0,153,153,149,149,44
"4328",27,"[15]HcHtGnJHqKHqaIJ",296,1,15,295,0,295,0,0,0,0,0,138,138,157,157,44
"4329",28,"[15]HcHtGnJHqKHqaIJ",298,0.990099,15,303,3,300,3,3,0,3,3,151,151,152,149,44
"4330",29,"[15]HcHtGnJHqKHqaIJ",298,1,15,297,0,297,0,0,0,0,0,148,148,149,149,44
"4331",30,"[15]HcHtGnJHqKHqaIJ",296,0.996633,15,297,1,296,1,1,0,1,1,144,144,153,152,44
"4332",31,"[15]HcHtGnJHqKHqaIJ",298,1,15,297,0,297,0,0,0,0,0,137,137,160,160,44
"4333",32,"[15]HcHtGnJHqKHqaIJ",306,1,15,305,0,305,0,0,0,0,0,165,165,140,140,44
"4334",33,"[15]HcHtGnJHqKHqaIJ",301,0.993421,15,304,2,302,2,2,0,2,2,160,160,144,142,44
"4335",34,"[15]HcHtGnJHqKHqaIJ",295,0.996622,15,296,1,295,1,1,0,1,1,134,134,162,161,44
"4336",35,"[15]HcHtGnJHqKHqaIJ",301,0.996689,15,302,1,301,1,1,0,1,1,145,145,157,156,44
"4337",36,"[15]HcHtGnJHqKHqaIJ",300,1,15,299,0,299,0,0,0,0,0,147,147,152,152,44
"4338",37,"[15]HcHtGnJHqKHqaIJ",302,1,15,301,0,301,0,0,0,0,0,153,153,148,148,44
"4339",38,"[15]HcHtGnJHqKHqaIJ",277,0.975862,15,290,7,283,7,7,0,7,7,146,146,144,137,44
"4340",39,"[15]HcHtGnJHqKHqaIJ",300,1,15,299,0,299,0,0,0,0,0,135,135,164,164,44
"4341",40,"[15]HcHtGnJHqKHqaIJ",303,1,15,302,0,302,0,0,0,0,0,162,162,140,140,44
"4342",41,"[15]HcHtGnJHqKHqaIJ",309,1,15,308,0,308,0,0,0,0,0,157,157,151,151,44
"4343",42,"[15]HcHtGnJHqKHqaIJ",297,1,15,296,0,296,0,0,0,0,0,145,145,151,151,44
"4344",43,"[15]HcHtGnJHqKHqaIJ",301,1,15,300,0,300,0,0,0,0,0,150,150,150,150,44
"4345",44,"[15]HcHtGnJHqKHqaIJ",301,0.996689,15,302,1,301,1,1,0,1,1,146,146,156,155,44
"4346",45,"[15]HcHtGnJHqKHqaIJ",294,0.99661,15,295,1,294,1,1,0,1,1,147,147,148,147,44
"4347",46,"[15]HcHtGnJHqKHqaIJ",302,0.9967,15,303,1,302,1,1,0,1,1,154,154,149,148,44
"4348",47,"[15]HcHtGnJHqKHqaIJ",282,0.986159,15,289,4,285,4,4,0,4,4,141,141,148,144,44
"4349",48,"[15]HcHtGnJHqKHqaIJ",293,1,15,292,0,292,0,0,0,0,0,129,129,163,163,44
"4350",49,"[15]HcHtGnJHqKHqaIJ",297,0.993333,15,300,2,298,2,2,0,2,2,156,156,144,142,44
"4351",50,"[15]HcHtGnJHqKHqaIJ",306,1,15,305,0,305,0,0,0,0,0,156,156,149,149,44
"4352",51,"[15]HcHtGnJHqKHqaIJ",297,1,15,296,0,296,0,0,0,0,0,140,140,156,156,44
"4353",52,"[15]HcHtGnJHqKHqaIJ",293,0.996599,15,294,1,293,1,1,0,1,1,136,136,158,157,44
"4354",53,"[15]HcHtGnJHqKHqaIJ",284,0.986254,15,291,4,287,4,4,0,4,4,135,135,156,152,44
"4355",54,"[15]HcHtGnJHqKHqaIJ",303,1,15,302,0,302,0,0,0,0,0,151,151,151,151,44
"4356",55,"[15]HcHtGnJHqKHqaIJ",289,0.989796,15,294,3,291,3,3,0,3,3,128,128,166,163,44
"4357",56,"[15]HcHtGnJHqKHqaIJ",302,1,15,301,0,301,0,0,0,0,0,154,154,147,147,44
"4358",57,"[15]HcHtGnJHqKHqaIJ",291,0.993197,15,294,2,292,2,2,0,2,2,137,137,157,155,44
"4359",58,"[15]HcHtGnJHqKHqaIJ",298,0.990099,15,303,3,300,3,3,0,3,3,148,148,155,152,44
"4360",59,"[15]HcHtGnJHqKHqaIJ",293,0.996599,15,294,1,293,1,1,0,1,1,139,139,155,154,44
"4361",60,"[15]HcHtGnJHqKHqaIJ",297,1,15,296,0,296,0,0,0,0,0,139,139,157,157,44
"4362",61,"[15]HcHtGnJHqKHqaIJ",301,0.996689,15,302,1,301,1,1,0,1,1,153,153,149,148,44
"4363",62,"[15]HcHtGnJHqKHqaIJ",294,1,15,293,0,293,0,0,0,0,0,129,129,164,164,44
"4364",63,"[15]HcHtGnJHqKHqaIJ",302,0.9967,15,303,1,302,1,1,0,1,1,150,150,153,152,44
"4365",64,"[15]HcHtGnJHqKHqaIJ",302,1,15,301,0,301,0,0,0,0,0,158,158,143,143,44
"4366",65,"[15]HcHtGnJHqKHqaIJ",303,0.996711,15,304,1,303,1,1,0,1,1,161,161,143,142,44
"4367",66,"[15]HcHtGnJHqKHqaIJ",299,0.993377,15,302,2,300,2,2,0,2,2,159,159,143,141,44
"4368",67,"[15]HcHtGnJHqKHqaIJ",307,1,15,306,0,306,0,0,0,0,0,165,165,141,141,44
"4369",68,"[15]HcHtGnJHqKHqaIJ",290,0.996564,15,291,1,290,1,1,0,1,1,136,136,155,154,44
"4370",69,"[15]HcHtGnJHqKHqaIJ",295,0.993289,15,298,2,296,2,2,0,2,2,150,150,148,146,44
"4371",70,"[15]HcHtGnJHqKHqaIJ",299,1,15,298,0,298,0,0,0,0,0,138,138,160,160,44
"4372",71,"[15]HcHtGnJHqKHqaIJ",293,0.986667,15,300,4,296,4,4,0,4,4,144,144,156,152,44
"4373",72,"[15]HcHtGnJHqKHqaIJ",305,1,15,304,0,304,0,0,0,0,0,170,170,134,134,44
"4374",73,"[15]HcHtGnJHqKHqaIJ",299,0.996667,15,300,1,299,1,1,0,1,1,154,154,146,145,44
"4375",74,"[15]HcHtGnJHqKHqaIJ",295,1,15,294,0,294,0,0,0,0,0,134,134,160,160,44
"4376",75,"[15]HcHtGnJHqKHqaIJ",308,1,15,307,0,307,0,0,0,0,0,159,159,148,148,44
"4377",76,"[15]HcHtGnJHqKHqaIJ",299,1,15,298,0,298,0,0,0,0,0,150,150,148,148,44
"4378",77,"[15]HcHtGnJHqKHqaIJ",290,0.993174,15,293,2,291,2,2,0,2,2,146,146,147,145,44
"4379",78,"[15]HcHtGnJHqKHqaIJ",295,1,15,294,0,294,0,0,0,0,0,137,137,157,157,44
"4380",79,"[15]HcHtGnJHqKHqaIJ",283,0.989583,15,288,3,285,3,3,0,3,3,125,125,163,160,44
"4381",80,"[15]HcHtGnJHqKHqaIJ",285,0.989655,15,290,3,287,3,3,0,3,3,142,142,148,145,44
"4382",81,"[15]HcHtGnJHqKHqaIJ",303,1,15,302,0,302,0,0,0,0,0,157,157,145,145,44
"4383",82,"[15]HcHtGnJHqKHqaIJ",288,0.993127,15,291,2,289,2,2,0,2,2,134,134,157,155,44
"4384",83,"[15]HcHtGnJHqKHqaIJ",296,0.996633,15,297,1,296,1,1,0,1,1,143,143,154,153,44
"4385",84,"[15]HcHtGnJHqKHqaIJ",296,0.993311,15,299,2,297,2,2,0,2,2,151,151,148,146,44
"4386",85,"[15]HcHtGnJHqKHqaIJ",301,1,15,300,0,300,0,0,0,0,0,157,157,143,143,44
"4387",86,"[15]HcHtGnJHqKHqaIJ",301,0.996689,15,302,1,301,1,1,0,1,1,163,163,139,138,44
"4388",87,"[15]HcHtGnJHqKHqaIJ",296,1,15,295,0,295,0,0,0,0,0,137,137,158,158,44
"4389",88,"[15]HcHtGnJHqKHqaIJ",295,0.99,15,300,3,297,3,3,0,3,3,163,163,137,134,44
"4390",89,"[15]HcHtGnJHqKHqaIJ",288,0.986441,15,295,4,291,4,4,0,4,4,151,151,144,140,44
"4391",90,"[15]HcHtGnJHqKHqaIJ",297,1,15,296,0,296,0,0,0,0,0,147,147,149,149,44
"4392",91,"[15]HcHtGnJHqKHqaIJ",294,0.99661,15,295,1,294,1,1,0,1,1,152,152,143,142,44
"4393",92,"[15]HcHtGnJHqKHqaIJ",300,1,15,299,0,299,0,0,0,0,0,143,143,156,156,44
"4394",93,"[15]HcHtGnJHqKHqaIJ",302,1,15,301,0,301,0,0,0,0,0,157,157,144,144,44
"4395",94,"[15]HcHtGnJHqKHqaIJ",294,1,15,293,0,293,0,0,0,0,0,129,129,164,164,44
"4396",95,"[15]HcHtGnJHqKHqaIJ",304,1,15,303,0,303,0,0,0,0,0,157,157,146,146,44
"4397",96,"[15]HcHtGnJHqKHqaIJ",307,1,15,306,0,306,0,0,0,0,0,152,152,154,154,44
"4398",97,"[15]HcHtGnJHqKHqaIJ",301,0.996689,15,302,1,301,1,1,0,1,1,167,167,135,134,44
"4399",98,"[15]HcHtGnJHqKHqaIJ",301,1,15,300,0,300,0,0,0,0,0,157,157,143,143,44
"4400",99,"[15]HcHtGnJHqKHqaIJ",299,1,15,298,0,298,0,0,0,0,0,148,148,150,150,44
"4401",0,"[16]HBHvGnJHqKHqaIiJ",304,0.996721,16,305,1,304,1,1,0,1,1,173,173,132,131,45
"4402",1,"[16]HBHvGnJHqKHqaIiJ",300,1,16,299,0,299,0,0,0,0,0,150,150,149,149,45
"4403",2,"[16]HBHvGnJHqKHqaIiJ",301,1,16,300,0,300,0,0,0,0,0,138,138,162,162,45
"4404",3,"[16]HBHvGnJHqKHqaIiJ",289,1,16,288,0,288,0,0,0,0,0,124,124,164,164,45
"4405",4,"[16]HBHvGnJHqKHqaIiJ",306,1,16,305,0,305,0,0,0,0,0,157,157,148,148,45
"4406",5,"[16]HBHvGnJHqKHqaIiJ",295,1,16,294,0,294,0,0,0,0,0,137,137,157,157,45
"4407",6,"[16]HBHvGnJHqKHqaIiJ",293,0.989933,16,298,3,295,3,3,0,3,3,156,156,142,139,45
"4408",7,"[16]HBHvGnJHqKHqaIiJ",301,1,16,300,0,300,0,0,0,0,0,158,158,142,142,45
"4409",8,"[16]HBHvGnJHqKHqaIiJ",297,0.993333,16,300,2,298,2,2,0,2,2,154,154,146,144,45
"4410",9,"[16]HBHvGnJHqKHqaIiJ",295,1,16,294,0,294,0,0,0,0,0,136,136,158,158,45
"4411",10,"[16]HBHvGnJHqKHqaIiJ",296,0.993311,16,299,2,297,2,2,0,2,2,155,155,144,142,45
"4412",11,"[16]HBHvGnJHqKHqaIiJ",290,0.986532,16,297,4,293,4,4,0,4,4,154,154,143,139,45
"4413",12,"[16]HBHvGnJHqKHqaIiJ",295,0.993289,16,298,2,296,2,2,0,2,2,146,146,152,150,45
"4414",13,"[16]HBHvGnJHqKHqaIiJ",300,1,16,299,0,299,0,0,0,0,0,153,153,146,146,45
"4415",14,"[16]HBHvGnJHqKHqaIiJ",292,0.99322,16,295,2,293,2,2,0,2,2,140,140,155,153,45
"4416",15,"[16]HBHvGnJHqKHqaIiJ",299,1,16,298,0,298,0,0,0,0,0,144,144,154,154,45
"4417",16,"[16]HBHvGnJHqKHqaIiJ",293,0.996599,16,294,1,293,1,1,0,1,1,134,134,160,159,45
"4418",17,"[16]HBHvGnJHqKHqaIiJ",298,0.993355,16,301,2,299,2,2,0,2,2,163,163,138,136,45
"4419",18,"[16]HBHvGnJHqKHqaIiJ",300,1,16,299,0,299,0,0,0,0,0,164,164,135,135,45
"4420",19,"[16]HBHvGnJHqKHqaIiJ",305,1,16,304,0,304,0,0,0,0,0,150,150,154,154,45
"4421",20,"[16]HBHvGnJHqKHqaIiJ",294,0.99661,16,295,1,294,1,1,0,1,1,142,142,153,152,45
"4422",21,"[16]HBHvGnJHqKHqaIiJ",299,1,16,298,0,298,0,0,0,0,0,153,153,145,145,45
"4423",22,"[16]HBHvGnJHqKHqaIiJ",295,0.996622,16,296,1,295,1,1,0,1,1,146,146,150,149,45
"4424",23,"[16]HBHvGnJHqKHqaIiJ",304,1,16,303,0,303,0,0,0,0,0,158,158,145,145,45
"4425",24,"[16]HBHvGnJHqKHqaIiJ",301,1,16,300,0,300,0,0,0,0,0,155,155,145,145,45
"4426",25,"[16]HBHvGnJHqKHqaIiJ",301,1,16,300,0,300,0,0,0,0,0,127,127,173,173,45
"4427",26,"[16]HBHvGnJHqKHqaIiJ",299,0.993377,16,302,2,300,2,2,0,2,2,156,156,146,144,45
"4428",27,"[16]HBHvGnJHqKHqaIiJ",296,0.996633,16,297,1,296,1,1,0,1,1,146,146,151,150,45
"4429",28,"[16]HBHvGnJHqKHqaIiJ",297,1,16,296,0,296,0,0,0,0,0,148,148,148,148,45
"4430",29,"[16]HBHvGnJHqKHqaIiJ",293,1,16,292,0,292,0,0,0,0,0,131,131,161,161,45
"4431",30,"[16]HBHvGnJHqKHqaIiJ",292,0.99322,16,295,2,293,2,2,0,2,2,139,139,156,154,45
"4432",31,"[16]HBHvGnJHqKHqaIiJ",290,0.993174,16,293,2,291,2,2,0,2,2,136,136,157,155,45
"4433",32,"[16]HBHvGnJHqKHqaIiJ",297,1,16,296,0,296,0,0,0,0,0,134,134,162,162,45
"4434",33,"[16]HBHvGnJHqKHqaIiJ",295,0.993289,16,298,2,296,2,2,0,2,2,139,139,159,157,45
"4435",34,"[16]HBHvGnJHqKHqaIiJ",294,0.99661,16,295,1,294,1,1,0,1,1,135,135,160,159,45
"4436",35,"[16]HBHvGnJHqKHqaIiJ",295,1,16,294,0,294,0,0,0,0,0,142,142,152,152,45
"4437",36,"[16]HBHvGnJHqKHqaIiJ",293,1,16,292,0,292,0,0,0,0,0,125,125,167,167,45
"4438",37,"[16]HBHvGnJHqKHqaIiJ",301,1,16,300,0,300,0,0,0,0,0,155,155,145,145,45
"4439",38,"[16]HBHvGnJHqKHqaIiJ",289,0.989796,16,294,3,291,3,3,0,3,3,145,145,149,146,45
"4440",39,"[16]HBHvGnJHqKHqaIiJ",290,0.993174,16,293,2,291,2,2,0,2,2,135,135,158,156,45
"4441",40,"[16]HBHvGnJHqKHqaIiJ",299,0.993377,16,302,2,300,2,2,0,2,2,142,142,160,158,45
"4442",41,"[16]HBHvGnJHqKHqaIiJ",291,0.993197,16,294,2,292,2,2,0,2,2,144,144,150,148,45
"4443",42,"[16]HBHvGnJHqKHqaIiJ",290,0.996564,16,291,1,290,1,1,0,1,1,137,137,154,153,45
"4444",43,"[16]HBHvGnJHqKHqaIiJ",299,0.996667,16,300,1,299,1,1,0,1,1,146,146,154,153,45
"4445",44,"[16]HBHvGnJHqKHqaIiJ",299,1,16,298,0,298,0,0,0,0,0,139,139,159,159,45
"4446",45,"[16]HBHvGnJHqKHqaIiJ",305,1,16,304,0,304,0,0,0,0,0,144,144,160,160,45
"4447",46,"[16]HBHvGnJHqKHqaIiJ",305,1,16,304,0,304,0,0,0,0,0,154,154,150,150,45
"4448",47,"[16]HBHvGnJHqKHqaIiJ",298,1,16,297,0,297,0,0,0,0,0,142,142,155,155,45
"4449",48,"[16]HBHvGnJHqKHqaIiJ",303,1,16,302,0,302,0,0,0,0,0,153,153,149,149,45
"4450",49,"[16]HBHvGnJHqKHqaIiJ",300,1,16,299,0,299,0,0,0,0,0,143,143,156,156,45
"4451",50,"[16]HBHvGnJHqKHqaIiJ",298,1,16,297,0,297,0,0,0,0,0,143,143,154,154,45
"4452",51,"[16]HBHvGnJHqKHqaIiJ",297,1,16,296,0,296,0,0,0,0,0,152,152,144,144,45
"4453",52,"[16]HBHvGnJHqKHqaIiJ",290,0.993174,16,293,2,291,2,2,0,2,2,134,134,159,157,45
"4454",53,"[16]HBHvGnJHqKHqaIiJ",304,1,16,303,0,303,0,0,0,0,0,165,165,138,138,45
"4455",54,"[16]HBHvGnJHqKHqaIiJ",296,1,16,295,0,295,0,0,0,0,0,148,148,147,147,45
"4456",55,"[16]HBHvGnJHqKHqaIiJ",297,1,16,296,0,296,0,0,0,0,0,142,142,154,154,45
"4457",56,"[16]HBHvGnJHqKHqaIiJ",293,1,16,292,0,292,0,0,0,0,0,139,139,153,153,45
"4458",57,"[16]HBHvGnJHqKHqaIiJ",305,1,16,304,0,304,0,0,0,0,0,156,156,148,148,45
"4459",58,"[16]HBHvGnJHqKHqaIiJ",302,1,16,301,0,301,0,0,0,0,0,156,156,145,145,45
"4460",59,"[16]HBHvGnJHqKHqaIiJ",289,0.989796,16,294,3,291,3,3,0,3,3,139,139,155,152,45
"4461",60,"[16]HBHvGnJHqKHqaIiJ",293,0.993243,16,296,2,294,2,2,0,2,2,141,141,155,153,45
"4462",61,"[16]HBHvGnJHqKHqaIiJ",299,1,16,298,0,298,0,0,0,0,0,145,145,153,153,45
"4463",62,"[16]HBHvGnJHqKHqaIiJ",298,1,16,297,0,297,0,0,0,0,0,142,142,155,155,45
"4464",63,"[16]HBHvGnJHqKHqaIiJ",293,0.993243,16,296,2,294,2,2,0,2,2,147,147,149,147,45
"4465",64,"[16]HBHvGnJHqKHqaIiJ",300,0.996678,16,301,1,300,1,1,0,1,1,157,157,144,143,45
"4466",65,"[16]HBHvGnJHqKHqaIiJ",289,0.996552,16,290,1,289,1,1,0,1,1,148,148,142,141,45
"4467",66,"[16]HBHvGnJHqKHqaIiJ",302,1,16,301,0,301,0,0,0,0,0,148,148,153,153,45
"4468",67,"[16]HBHvGnJHqKHqaIiJ",297,1,16,296,0,296,0,0,0,0,0,144,144,152,152,45
"4469",68,"[16]HBHvGnJHqKHqaIiJ",297,1,16,296,0,296,0,0,0,0,0,135,135,161,161,45
"4470",69,"[16]HBHvGnJHqKHqaIiJ",298,0.996656,16,299,1,298,1,1,0,1,1,161,161,138,137,45
"4471",70,"[16]HBHvGnJHqKHqaIiJ",302,1,16,301,0,301,0,0,0,0,0,151,151,150,150,45
"4472",71,"[16]HBHvGnJHqKHqaIiJ",294,1,16,293,0,293,0,0,0,0,0,137,137,156,156,45
"4473",72,"[16]HBHvGnJHqKHqaIiJ",293,0.996599,16,294,1,293,1,1,0,1,1,152,152,142,141,45
"4474",73,"[16]HBHvGnJHqKHqaIiJ",296,0.996633,16,297,1,296,1,1,0,1,1,150,150,147,146,45
"4475",74,"[16]HBHvGnJHqKHqaIiJ",283,0.982877,16,292,5,287,5,5,0,5,5,137,137,155,150,45
"4476",75,"[16]HBHvGnJHqKHqaIiJ",297,1,16,296,0,296,0,0,0,0,0,136,136,160,160,45
"4477",76,"[16]HBHvGnJHqKHqaIiJ",302,1,16,301,0,301,0,0,0,0,0,155,155,146,146,45
"4478",77,"[16]HBHvGnJHqKHqaIiJ",297,0.993333,16,300,2,298,2,2,0,2,2,150,150,150,148,45
"4479",78,"[16]HBHvGnJHqKHqaIiJ",297,1,16,296,0,296,0,0,0,0,0,146,146,150,150,45
"4480",79,"[16]HBHvGnJHqKHqaIiJ",304,1,16,303,0,303,0,0,0,0,0,151,151,152,152,45
"4481",80,"[16]HBHvGnJHqKHqaIiJ",294,0.99661,16,295,1,294,1,1,0,1,1,131,131,164,163,45
"4482",81,"[16]HBHvGnJHqKHqaIiJ",293,0.996599,16,294,1,293,1,1,0,1,1,140,140,154,153,45
"4483",82,"[16]HBHvGnJHqKHqaIiJ",300,1,16,299,0,299,0,0,0,0,0,155,155,144,144,45
"4484",83,"[16]HBHvGnJHqKHqaIiJ",309,1,16,308,0,308,0,0,0,0,0,168,168,140,140,45
"4485",84,"[16]HBHvGnJHqKHqaIiJ",290,0.989831,16,295,3,292,3,3,0,3,3,140,140,155,152,45
"4486",85,"[16]HBHvGnJHqKHqaIiJ",299,1,16,298,0,298,0,0,0,0,0,155,155,143,143,45
"4487",86,"[16]HBHvGnJHqKHqaIiJ",301,0.993421,16,304,2,302,2,2,0,2,2,157,157,147,145,45
"4488",87,"[16]HBHvGnJHqKHqaIiJ",297,1,16,296,0,296,0,0,0,0,0,138,138,158,158,45
"4489",88,"[16]HBHvGnJHqKHqaIiJ",303,1,16,302,0,302,0,0,0,0,0,148,148,154,154,45
"4490",89,"[16]HBHvGnJHqKHqaIiJ",300,1,16,299,0,299,0,0,0,0,0,154,154,145,145,45
"4491",90,"[16]HBHvGnJHqKHqaIiJ",290,0.989831,16,295,3,292,3,3,0,3,3,146,146,149,146,45
"4492",91,"[16]HBHvGnJHqKHqaIiJ",297,0.993333,16,300,2,298,2,2,0,2,2,149,149,151,149,45
"4493",92,"[16]HBHvGnJHqKHqaIiJ",290,0.993174,16,293,2,291,2,2,0,2,2,146,146,147,145,45
"4494",93,"[16]HBHvGnJHqKHqaIiJ",287,0.996528,16,288,1,287,1,1,0,1,1,126,126,162,161,45
"4495",94,"[16]HBHvGnJHqKHqaIiJ",306,1,16,305,0,305,0,0,0,0,0,155,155,150,150,45
"4496",95,"[16]HBHvGnJHqKHqaIiJ",302,1,16,301,0,301,0,0,0,0,0,152,152,149,149,45
"4497",96,"[16]HBHvGnJHqKHqaIiJ",287,0.989726,16,292,3,289,3,3,0,3,3,139,139,153,150,45
"4498",97,"[16]HBHvGnJHqKHqaIiJ",305,1,16,304,0,304,0,0,0,0,0,146,146,158,158,45
"4499",98,"[16]HBHvGnJHqKHqaIiJ",298,0.996656,16,299,1,298,1,1,0,1,1,150,150,149,148,45
"4500",99,"[16]HBHvGnJHqKHqaIiJ",300,0.993399,16,303,2,301,2,2,0,2,2,150,150,153,151,45
"4501",0,"[16]HctHsGnJHqKHqaIJ",303,1,16,302,0,302,0,0,0,0,0,157,157,145,145,46
"4502",1,"[16]HctHsGnJHqKHqaIJ",302,1,16,301,0,301,0,0,0,0,0,155,155,146,146,46
"4503",2,"[16]HctHsGnJHqKHqaIJ",307,1,16,306,0,306,0,0,0,0,0,150,150,156,156,46
"4504",3,"[16]HctHsGnJHqKHqaIJ",305,1,16,304,0,304,0,0,0,0,0,156,156,148,148,46
"4505",4,"[16]HctHsGnJHqKHqaIJ",304,1,16,303,0,303,0,0,0,0,0,154,154,149,149,46
"4506",5,"[16]HctHsGnJHqKHqaIJ",288,0.986441,16,295,4,291,4,4,0,4,4,148,148,147,143,46
"4507",6,"[16]HctHsGnJHqKHqaIJ",302,1,16,301,0,301,0,0,0,0,0,143,143,158,158,46
"4508",7,"[16]HctHsGnJHqKHqaIJ",285,0.986301,16,292,4,288,4,4,0,4,4,132,132,160,156,46
"4509",8,"[16]HctHsGnJHqKHqaIJ",293,0.993243,16,296,2,294,2,2,0,2,2,155,155,141,139,46
"4510",9,"[16]HctHsGnJHqKHqaIJ",301,1,16,300,0,300,0,0,0,0,0,144,144,156,156,46
"4511",10,"[16]HctHsGnJHqKHqaIJ",298,0.996656,16,299,1,298,1,1,0,1,1,149,149,150,149,46
"4512",11,"[16]HctHsGnJHqKHqaIJ",302,0.9967,16,303,1,302,1,1,0,1,1,159,159,144,143,46
"4513",12,"[16]HctHsGnJHqKHqaIJ",307,1,16,306,0,306,0,0,0,0,0,161,161,145,145,46
"4514",13,"[16]HctHsGnJHqKHqaIJ",298,1,16,297,0,297,0,0,0,0,0,143,143,154,154,46
"4515",14,"[16]HctHsGnJHqKHqaIJ",291,0.989865,16,296,3,293,3,3,0,3,3,153,153,143,140,46
"4516",15,"[16]HctHsGnJHqKHqaIJ",297,1,16,296,0,296,0,0,0,0,0,143,143,153,153,46
"4517",16,"[16]HctHsGnJHqKHqaIJ",297,1,16,296,0,296,0,0,0,0,0,144,144,152,152,46
"4518",17,"[16]HctHsGnJHqKHqaIJ",291,0.986577,16,298,4,294,4,4,0,4,4,159,159,139,135,46
"4519",18,"[16]HctHsGnJHqKHqaIJ",292,0.99322,16,295,2,293,2,2,0,2,2,150,150,145,143,46
"4520",19,"[16]HctHsGnJHqKHqaIJ",307,1,16,306,0,306,0,0,0,0,0,151,151,155,155,46
"4521",20,"[16]HctHsGnJHqKHqaIJ",296,1,16,295,0,295,0,0,0,0,0,140,140,155,155,46
"4522",21,"[16]HctHsGnJHqKHqaIJ",298,0.990099,16,303,3,300,3,3,0,3,3,155,155,148,145,46
"4523",22,"[16]HctHsGnJHqKHqaIJ",308,1,16,307,0,307,0,0,0,0,0,154,154,153,153,46
"4524",23,"[16]HctHsGnJHqKHqaIJ",295,0.993289,16,298,2,296,2,2,0,2,2,137,137,161,159,46
"4525",24,"[16]HctHsGnJHqKHqaIJ",303,0.996711,16,304,1,303,1,1,0,1,1,157,157,147,146,46
"4526",25,"[16]HctHsGnJHqKHqaIJ",281,0.97619,16,294,7,287,7,7,0,7,7,145,145,149,142,46
"4527",26,"[16]HctHsGnJHqKHqaIJ",306,1,16,305,0,305,0,0,0,0,0,155,155,150,150,46
"4528",27,"[16]HctHsGnJHqKHqaIJ",307,1,16,306,0,306,0,0,0,0,0,164,164,142,142,46
"4529",28,"[16]HctHsGnJHqKHqaIJ",296,1,16,295,0,295,0,0,0,0,0,145,145,150,150,46
"4530",29,"[16]HctHsGnJHqKHqaIJ",296,0.996633,16,297,1,296,1,1,0,1,1,149,149,148,147,46
"4531",30,"[16]HctHsGnJHqKHqaIJ",290,0.993174,16,293,2,291,2,2,0,2,2,146,146,147,145,46
"4532",31,"[16]HctHsGnJHqKHqaIJ",296,0.996633,16,297,1,296,1,1,0,1,1,149,149,148,147,46
"4533",32,"[16]HctHsGnJHqKHqaIJ",299,0.996667,16,300,1,299,1,1,0,1,1,159,159,141,140,46
"4534",33,"[16]HctHsGnJHqKHqaIJ",293,0.993243,16,296,2,294,2,2,0,2,2,133,133,163,161,46
"4535",34,"[16]HctHsGnJHqKHqaIJ",302,1,16,301,0,301,0,0,0,0,0,149,149,152,152,46
"4536",35,"[16]HctHsGnJHqKHqaIJ",281,0.996454,16,282,1,281,1,1,0,1,1,122,122,160,159,46
"4537",36,"[16]HctHsGnJHqKHqaIJ",294,0.99661,16,295,1,294,1,1,0,1,1,141,141,154,153,46
"4538",37,"[16]HctHsGnJHqKHqaIJ",284,0.982935,16,293,5,288,5,5,0,5,5,146,146,147,142,46
"4539",38,"[16]HctHsGnJHqKHqaIJ",302,1,16,301,0,301,0,0,0,0,0,156,156,145,145,46
"4540",39,"[16]HctHsGnJHqKHqaIJ",300,1,16,299,0,299,0,0,0,0,0,155,155,144,144,46
"4541",40,"[16]HctHsGnJHqKHqaIJ",308,1,16,307,0,307,0,0,0,0,0,163,163,144,144,46
"4542",41,"[16]HctHsGnJHqKHqaIJ",296,1,16,295,0,295,0,0,0,0,0,142,142,153,153,46
"4543",42,"[16]HctHsGnJHqKHqaIJ",297,1,16,296,0,296,0,0,0,0,0,146,146,150,150,46
"4544",43,"[16]HctHsGnJHqKHqaIJ",303,0.996711,16,304,1,303,1,1,0,1,1,155,155,149,148,46
"4545",44,"[16]HctHsGnJHqKHqaIJ",301,1,16,300,0,300,0,0,0,0,0,144,144,156,156,46
"4546",45,"[16]HctHsGnJHqKHqaIJ",298,0.996656,16,299,1,298,1,1,0,1,1,145,145,154,153,46
"4547",46,"[16]HctHsGnJHqKHqaIJ",302,1,16,301,0,301,0,0,0,0,0,158,158,143,143,46
"4548",47,"[16]HctHsGnJHqKHqaIJ",297,0.996644,16,298,1,297,1,1,0,1,1,145,145,153,152,46
"4549",48,"[16]HctHsGnJHqKHqaIJ",303,1,16,302,0,302,0,0,0,0,0,167,167,135,135,46
"4550",49,"[16]HctHsGnJHqKHqaIJ",305,1,16,304,0,304,0,0,0,0,0,156,156,148,148,46
"4551",50,"[16]HctHsGnJHqKHqaIJ",294,0.99661,16,295,1,294,1,1,0,1,1,141,141,154,153,46
"4552",51,"[16]HctHsGnJHqKHqaIJ",292,1,16,291,0,291,0,0,0,0,0,130,130,161,161,46
"4553",52,"[16]HctHsGnJHqKHqaIJ",292,0.989899,16,297,3,294,3,3,0,3,3,152,152,145,142,46
"4554",53,"[16]HctHsGnJHqKHqaIJ",295,0.996622,16,296,1,295,1,1,0,1,1,139,139,157,156,46
"4555",54,"[16]HctHsGnJHqKHqaIJ",306,1,16,305,0,305,0,0,0,0,0,164,164,141,141,46
"4556",55,"[16]HctHsGnJHqKHqaIJ",299,0.996667,16,300,1,299,1,1,0,1,1,152,152,148,147,46
"4557",56,"[16]HctHsGnJHqKHqaIJ",295,1,16,294,0,294,0,0,0,0,0,135,135,159,159,46
"4558",57,"[16]HctHsGnJHqKHqaIJ",295,0.993289,16,298,2,296,2,2,0,2,2,137,137,161,159,46
"4559",58,"[16]HctHsGnJHqKHqaIJ",295,0.996622,16,296,1,295,1,1,0,1,1,152,152,144,143,46
"4560",59,"[16]HctHsGnJHqKHqaIJ",292,0.99322,16,295,2,293,2,2,0,2,2,144,144,151,149,46
"4561",60,"[16]HctHsGnJHqKHqaIJ",289,1,16,288,0,288,0,0,0,0,0,128,128,160,160,46
"4562",61,"[16]HctHsGnJHqKHqaIJ",296,1,16,295,0,295,0,0,0,0,0,137,137,158,158,46
"4563",62,"[16]HctHsGnJHqKHqaIJ",297,0.996644,16,298,1,297,1,1,0,1,1,137,137,161,160,46
"4564",63,"[16]HctHsGnJHqKHqaIJ",297,1,16,296,0,296,0,0,0,0,0,142,142,154,154,46
"4565",64,"[16]HctHsGnJHqKHqaIJ",293,0.996599,16,294,1,293,1,1,0,1,1,138,138,156,155,46
"4566",65,"[16]HctHsGnJHqKHqaIJ",297,1,16,296,0,296,0,0,0,0,0,146,146,150,150,46
"4567",66,"[16]HctHsGnJHqKHqaIJ",298,0.996656,16,299,1,298,1,1,0,1,1,138,138,161,160,46
"4568",67,"[16]HctHsGnJHqKHqaIJ",295,1,16,294,0,294,0,0,0,0,0,143,143,151,151,46
"4569",68,"[16]HctHsGnJHqKHqaIJ",304,1,16,303,0,303,0,0,0,0,0,163,163,140,140,46
"4570",69,"[16]HctHsGnJHqKHqaIJ",304,1,16,303,0,303,0,0,0,0,0,149,149,154,154,46
"4571",70,"[16]HctHsGnJHqKHqaIJ",296,0.990033,16,301,3,298,3,3,0,3,3,152,152,149,146,46
"4572",71,"[16]HctHsGnJHqKHqaIJ",296,1,16,295,0,295,0,0,0,0,0,148,148,147,147,46
"4573",72,"[16]HctHsGnJHqKHqaIJ",299,1,16,298,0,298,0,0,0,0,0,148,148,150,150,46
"4574",73,"[16]HctHsGnJHqKHqaIJ",277,0.982517,16,286,5,281,5,5,0,5,5,135,135,151,146,46
"4575",74,"[16]HctHsGnJHqKHqaIJ",296,1,16,295,0,295,0,0,0,0,0,140,140,155,155,46
"4576",75,"[16]HctHsGnJHqKHqaIJ",303,0.996711,16,304,1,303,1,1,0,1,1,151,151,153,152,46
"4577",76,"[16]HctHsGnJHqKHqaIJ",290,0.989831,16,295,3,292,3,3,0,3,3,135,135,160,157,46
"4578",77,"[16]HctHsGnJHqKHqaIJ",303,1,16,302,0,302,0,0,0,0,0,153,153,149,149,46
"4579",78,"[16]HctHsGnJHqKHqaIJ",278,0.972696,16,293,8,285,8,8,0,8,8,142,142,151,143,46
"4580",79,"[16]HctHsGnJHqKHqaIJ",293,0.996599,16,294,1,293,1,1,0,1,1,138,138,156,155,46
"4581",80,"[16]HctHsGnJHqKHqaIJ",303,1,16,302,0,302,0,0,0,0,0,155,155,147,147,46
"4582",81,"[16]HctHsGnJHqKHqaIJ",288,0.993127,16,291,2,289,2,2,0,2,2,136,136,155,153,46
"4583",82,"[16]HctHsGnJHqKHqaIJ",297,0.993333,16,300,2,298,2,2,0,2,2,159,159,141,139,46
"4584",83,"[16]HctHsGnJHqKHqaIJ",291,0.989865,16,296,3,293,3,3,0,3,3,151,151,145,142,46
"4585",84,"[16]HctHsGnJHqKHqaIJ",293,1,16,292,0,292,0,0,0,0,0,126,126,166,166,46
"4586",85,"[16]HctHsGnJHqKHqaIJ",307,1,16,306,0,306,0,0,0,0,0,159,159,147,147,46
"4587",86,"[16]HctHsGnJHqKHqaIJ",294,1,16,293,0,293,0,0,0,0,0,130,130,163,163,46
"4588",87,"[16]HctHsGnJHqKHqaIJ",302,0.9967,16,303,1,302,1,1,0,1,1,155,155,148,147,46
"4589",88,"[16]HctHsGnJHqKHqaIJ",306,0.996743,16,307,1,306,1,1,0,1,1,154,154,153,152,46
"4590",89,"[16]HctHsGnJHqKHqaIJ",304,1,16,303,0,303,0,0,0,0,0,146,146,157,157,46
"4591",90,"[16]HctHsGnJHqKHqaIJ",306,0.996743,16,307,1,306,1,1,0,1,1,165,165,142,141,46
"4592",91,"[16]HctHsGnJHqKHqaIJ",294,1,16,293,0,293,0,0,0,0,0,151,151,142,142,46
"4593",92,"[16]HctHsGnJHqKHqaIJ",307,1,16,306,0,306,0,0,0,0,0,166,166,140,140,46
"4594",93,"[16]HctHsGnJHqKHqaIJ",296,1,16,295,0,295,0,0,0,0,0,136,136,159,159,46
"4595",94,"[16]HctHsGnJHqKHqaIJ",297,0.996644,16,298,1,297,1,1,0,1,1,163,163,135,134,46
"4596",95,"[16]HctHsGnJHqKHqaIJ",291,0.996575,16,292,1,291,1,1,0,1,1,140,140,152,151,46
"4597",96,"[16]HctHsGnJHqKHqaIJ",294,1,16,293,0,293,0,0,0,0,0,134,134,159,159,46
"4598",97,"[16]HctHsGnJHqKHqaIJ",298,1,16,297,0,297,0,0,0,0,0,141,141,156,156,46
"4599",98,"[16]HctHsGnJHqKHqaIJ",299,1,16,298,0,298,0,0,0,0,0,155,155,143,143,46
"4600",99,"[16]HctHsGnJHqKHqaIJ",290,0.993174,16,293,2,291,2,2,0,2,2,139,139,154,152,46
"4601",0,"[17]HcHuGnJHqKHqaIJjj",291,0.993197,17,294,2,292,2,2,0,2,2,143,143,151,149,47
"4602",1,"[17]HcHuGnJHqKHqaIJjj",299,0.993377,17,302,2,300,2,2,0,2,2,153,153,149,147,47
"4603",2,"[17]HcHuGnJHqKHqaIJjj",306,0.996743,17,307,1,306,1,1,0,1,1,156,156,151,150,47
"4604",3,"[17]HcHuGnJHqKHqaIJjj",303,1,17,302,0,302,0,0,0,0,0,157,157,145,145,47
"4605",4,"[17]HcHuGnJHqKHqaIJjj",280,0.989474,17,285,3,282,3,3,0,3,3,123,123,162,159,47
"4606",5,"[17]HcHuGnJHqKHqaIJjj",305,1,17,304,0,304,0,0,0,0,0,152,152,152,152,47
"4607",6,"[17]HcHuGnJHqKHqaIJjj",299,0.996667,17,300,1,299,1,1,0,1,1,154,154,146,145,47
"4608",7,"[17]HcHuGnJHqKHqaIJjj",290,0.993174,17,293,2,291,2,2,0,2,2,144,144,149,147,47
"4609",8,"[17]HcHuGnJHqKHqaIJjj",289,0.996552,17,290,1,289,1,1,0,1,1,138,138,152,151,47
"4610",9,"[17]HcHuGnJHqKHqaIJjj",295,0.996622,17,296,1,295,1,1,0,1,1,149,149,147,146,47
"4611",10,"[17]HcHuGnJHqKHqaIJjj",298,0.996656,17,299,1,298,1,1,0,1,1,148,148,151,150,47
"4612",11,"[17]HcHuGnJHqKHqaIJjj",293,1,17,292,0,292,0,0,0,0,0,133,133,159,159,47
"4613",12,"[17]HcHuGnJHqKHqaIJjj",294,0.993266,17,297,2,295,2,2,0,2,2,159,159,138,136,47
"4614",13,"[17]HcHuGnJHqKHqaIJjj",296,0.993311,17,299,2,297,2,2,0,2,2,160,160,139,137,47
"4615",14,"[17]HcHuGnJHqKHqaIJjj",300,1,17,299,0,299,0,0,0,0,0,150,150,149,149,47
"4616",15,"[17]HcHuGnJHqKHqaIJjj",293,1,17,292,0,292,0,0,0,0,0,131,131,161,161,47
"4617",16,"[17]HcHuGnJHqKHqaIJjj",296,0.996633,17,297,1,296,1,1,0,1,1,141,141,156,155,47
"4618",17,"[17]HcHuGnJHqKHqaIJjj",293,0.996599,17,294,1,293,1,1,0,1,1,146,146,148,147,47
"4619",18,"[17]HcHuGnJHqKHqaIJjj",304,0.996721,17,305,1,304,1,1,0,1,1,159,159,146,145,47
"4620",19,"[17]HcHuGnJHqKHqaIJjj",297,1,17,296,0,296,0,0,0,0,0,134,134,162,162,47
"4621",20,"[17]HcHuGnJHqKHqaIJjj",299,0.996667,17,300,1,299,1,1,0,1,1,150,150,150,149,47
"4622",21,"[17]HcHuGnJHqKHqaIJjj",299,0.996667,17,300,1,299,1,1,0,1,1,155,155,145,144,47
"4623",22,"[17]HcHuGnJHqKHqaIJjj",299,1,17,298,0,298,0,0,0,0,0,159,159,139,139,47
"4624",23,"[17]HcHuGnJHqKHqaIJjj",294,1,17,293,0,293,0,0,0,0,0,136,136,157,157,47
"4625",24,"[17]HcHuGnJHqKHqaIJjj",295,1,17,294,0,294,0,0,0,0,0,142,142,152,152,47
"4626",25,"[17]HcHuGnJHqKHqaIJjj",293,0.993243,17,296,2,294,2,2,0,2,2,160,160,136,134,47
"4627",26,"[17]HcHuGnJHqKHqaIJjj",281,0.986111,17,288,4,284,4,4,0,4,4,140,140,148,144,47
"4628",27,"[17]HcHuGnJHqKHqaIJjj",296,1,17,295,0,295,0,0,0,0,0,143,143,152,152,47
"4629",28,"[17]HcHuGnJHqKHqaIJjj",295,0.996622,17,296,1,295,1,1,0,1,1,147,147,149,148,47
"4630",29,"[17]HcHuGnJHqKHqaIJjj",306,1,17,305,0,305,0,0,0,0,0,151,151,154,154,47
"4631",30,"[17]HcHuGnJHqKHqaIJjj",275,0.975694,17,288,7,281,7,7,0,7,7,140,140,148,141,47
"4632",31,"[17]HcHuGnJHqKHqaIJjj",291,0.989865,17,296,3,293,3,3,0,3,3,142,142,154,151,47
"4633",32,"[17]HcHuGnJHqKHqaIJjj",300,0.996678,17,301,1,300,1,1,0,1,1,158,158,143,142,47
"4634",33,"[17]HcHuGnJHqKHqaIJjj",291,0.996575,17,292,1,291,1,1,0,1,1,142,142,150,149,47
"4635",34,"[17]HcHuGnJHqKHqaIJjj",294,0.993266,17,297,2,295,2,2,0,2,2,156,156,141,139,47
"4636",35,"[17]HcHuGnJHqKHqaIJjj",296,1,17,295,0,295,0,0,0,0,0,134,134,161,161,47
"4637",36,"[17]HcHuGnJHqKHqaIJjj",303,1,17,302,0,302,0,0,0,0,0,165,165,137,137,47
"4638",37,"[17]HcHuGnJHqKHqaIJjj",301,1,17,300,0,300,0,0,0,0,0,144,144,156,156,47
"4639",38,"[17]HcHuGnJHqKHqaIJjj",297,0.996644,17,298,1,297,1,1,0,1,1,145,145,153,152,47
"4640",39,"[17]HcHuGnJHqKHqaIJjj",308,1,17,307,0,307,0,0,0,0,0,164,164,143,143,47
"4641",40,"[17]HcHuGnJHqKHqaIJjj",301,1,17,300,0,300,0,0,0,0,0,149,149,151,151,47
"4642",41,"[17]HcHuGnJHqKHqaIJjj",299,1,17,298,0,298,0,0,0,0,0,146,146,152,152,47
"4643",42,"[17]HcHuGnJHqKHqaIJjj",284,0.986254,17,291,4,287,4,4,0,4,4,144,144,147,143,47
"4644",43,"[17]HcHuGnJHqKHqaIJjj",307,1,17,306,0,306,0,0,0,0,0,165,165,141,141,47
"4645",44,"[17]HcHuGnJHqKHqaIJjj",280,0.992933,17,283,2,281,2,2,0,2,2,115,115,168,166,47
"4646",45,"[17]HcHuGnJHqKHqaIJjj",301,1,17,300,0,300,0,0,0,0,0,144,144,156,156,47
"4647",46,"[17]HcHuGnJHqKHqaIJjj",294,0.99661,17,295,1,294,1,1,0,1,1,143,143,152,151,47
"4648",47,"[17]HcHuGnJHqKHqaIJjj",301,1,17,300,0,300,0,0,0,0,0,153,153,147,147,47
"4649",48,"[17]HcHuGnJHqKHqaIJjj",287,0.983108,17,296,5,291,5,5,0,5,5,151,151,145,140,47
"4650",49,"[17]HcHuGnJHqKHqaIJjj",301,1,17,300,0,300,0,0,0,0,0,139,139,161,161,47
"4651",50,"[17]HcHuGnJHqKHqaIJjj",294,0.989967,17,299,3,296,3,3,0,3,3,161,161,138,135,47
"4652",51,"[17]HcHuGnJHqKHqaIJjj",305,1,17,304,0,304,0,0,0,0,0,154,154,150,150,47
"4653",52,"[17]HcHuGnJHqKHqaIJjj",289,0.989796,17,294,3,291,3,3,0,3,3,146,146,148,145,47
"4654",53,"[17]HcHuGnJHqKHqaIJjj",297,1,17,296,0,296,0,0,0,0,0,151,151,145,145,47
"4655",54,"[17]HcHuGnJHqKHqaIJjj",312,1,17,311,0,311,0,0,0,0,0,181,181,130,130,47
"4656",55,"[17]HcHuGnJHqKHqaIJjj",287,0.983108,17,296,5,291,5,5,0,5,5,151,151,145,140,47
"4657",56,"[17]HcHuGnJHqKHqaIJjj",304,1,17,303,0,303,0,0,0,0,0,158,158,145,145,47
"4658",57,"[17]HcHuGnJHqKHqaIJjj",303,0.996711,17,304,1,303,1,1,0,1,1,167,167,137,136,47
"4659",58,"[17]HcHuGnJHqKHqaIJjj",297,1,17,296,0,296,0,0,0,0,0,136,136,160,160,47
"4660",59,"[17]HcHuGnJHqKHqaIJjj",298,1,17,297,0,297,0,0,0,0,0,151,151,146,146,47
"4661",60,"[17]HcHuGnJHqKHqaIJjj",295,0.99,17,300,3,297,3,3,0,3,3,153,153,147,144,47
"4662",61,"[17]HcHuGnJHqKHqaIJjj",283,0.989583,17,288,3,285,3,3,0,3,3,135,135,153,150,47
"4663",62,"[17]HcHuGnJHqKHqaIJjj",301,1,17,300,0,300,0,0,0,0,0,153,153,147,147,47
"4664",63,"[17]HcHuGnJHqKHqaIJjj",296,0.996633,17,297,1,296,1,1,0,1,1,144,144,153,152,47
"4665",64,"[17]HcHuGnJHqKHqaIJjj",295,1,17,294,0,294,0,0,0,0,0,136,136,158,158,47
"4666",65,"[17]HcHuGnJHqKHqaIJjj",303,0.996711,17,304,1,303,1,1,0,1,1,156,156,148,147,47
"4667",66,"[17]HcHuGnJHqKHqaIJjj",295,1,17,294,0,294,0,0,0,0,0,138,138,156,156,47
"4668",67,"[17]HcHuGnJHqKHqaIJjj",274,0.972318,17,289,8,281,8,8,0,8,8,145,145,144,136,47
"4669",68,"[17]HcHuGnJHqKHqaIJjj",299,0.996667,17,300,1,299,1,1,0,1,1,166,166,134,133,47
"4670",69,"[17]HcHuGnJHqKHqaIJjj",304,1,17,303,0,303,0,0,0,0,0,162,162,141,141,47
"4671",70,"[17]HcHuGnJHqKHqaIJjj",304,1,17,303,0,303,0,0,0,0,0,157,157,146,146,47
"4672",71,"[17]HcHuGnJHqKHqaIJjj",290,0.996564,17,291,1,290,1,1,0,1,1,134,134,157,156,47
"4673",72,"[17]HcHuGnJHqKHqaIJjj",298,1,17,297,0,297,0,0,0,0,0,144,144,153,153,47
"4674",73,"[17]HcHuGnJHqKHqaIJjj",293,0.989933,17,298,3,295,3,3,0,3,3,149,149,149,146,47
"4675",74,"[17]HcHuGnJHqKHqaIJjj",289,0.993151,17,292,2,290,2,2,0,2,2,138,138,154,152,47
"4676",75,"[17]HcHuGnJHqKHqaIJjj",295,0.993289,17,298,2,296,2,2,0,2,2,143,143,155,153,47
"4677",76,"[17]HcHuGnJHqKHqaIJjj",299,0.996667,17,300,1,299,1,1,0,1,1,152,152,148,147,47
"4678",77,"[17]HcHuGnJHqKHqaIJjj",299,1,17,298,0,298,0,0,0,0,0,144,144,154,154,47
"4679",78,"[17]HcHuGnJHqKHqaIJjj",297,1,17,296,0,296,0,0,0,0,0,149,149,147,147,47
"4680",79,"[17]HcHuGnJHqKHqaIJjj",297,1,17,296,0,296,0,0,0,0,0,141,141,155,155,47
"4681",80,"[17]HcHuGnJHqKHqaIJjj",293,0.993243,17,296,2,294,2,2,0,2,2,136,136,160,158,47
"4682",81,"[17]HcHuGnJHqKHqaIJjj",297,1,17,296,0,296,0,0,0,0,0,136,136,160,160,47
"4683",82,"[17]HcHuGnJHqKHqaIJjj",299,1,17,298,0,298,0,0,0,0,0,149,149,149,149,47
"4684",83,"[17]HcHuGnJHqKHqaIJjj",286,0.989691,17,291,3,288,3,3,0,3,3,145,145,146,143,47
"4685",84,"[17]HcHuGnJHqKHqaIJjj",304,1,17,303,0,303,0,0,0,0,0,153,153,150,150,47
"4686",85,"[17]HcHuGnJHqKHqaIJjj",306,1,17,305,0,305,0,0,0,0,0,160,160,145,145,47
"4687",86,"[17]HcHuGnJHqKHqaIJjj",303,1,17,302,0,302,0,0,0,0,0,149,149,153,153,47
"4688",87,"[17]HcHuGnJHqKHqaIJjj",298,1,17,297,0,297,0,0,0,0,0,143,143,154,154,47
"4689",88,"[17]HcHuGnJHqKHqaIJjj",301,1,17,300,0,300,0,0,0,0,0,152,152,148,148,47
"4690",89,"[17]HcHuGnJHqKHqaIJjj",296,1,17,295,0,295,0,0,0,0,0,138,138,157,157,47
"4691",90,"[17]HcHuGnJHqKHqaIJjj",292,1,17,291,0,291,0,0,0,0,0,128,128,163,163,47
"4692",91,"[17]HcHuGnJHqKHqaIJjj",303,1,17,302,0,302,0,0,0,0,0,141,141,161,161,47
"4693",92,"[17]HcHuGnJHqKHqaIJjj",293,1,17,292,0,292,0,0,0,0,0,123,123,169,169,47
"4694",93,"[17]HcHuGnJHqKHqaIJjj",296,0.996633,17,297,1,296,1,1,0,1,1,139,139,158,157,47
"4695",94,"[17]HcHuGnJHqKHqaIJjj",294,0.99661,17,295,1,294,1,1,0,1,1,136,136,159,158,47
"4696",95,"[17]HcHuGnJHqKHqaIJjj",304,1,17,303,0,303,0,0,0,0,0,146,146,157,157,47
"4697",96,"[17]HcHuGnJHqKHqaIJjj",299,1,17,298,0,298,0,0,0,0,0,153,153,145,145,47
"4698",97,"[17]HcHuGnJHqKHqaIJjj",300,0.996678,17,301,1,300,1,1,0,1,1,159,159,142,141,47
"4699",98,"[17]HcHuGnJHqKHqaIJjj",294,0.99661,17,295,1,294,1,1,0,1,1,145,145,150,149,47
"4700",99,"[17]HcHuGnJHqKHqaIJjj",302,1,17,301,0,301,0,0,0,0,0,155,155,146,146,47
"4701",0,"[18]HBHvGnJHqKHqaIyyJk",297,1,18,296,0,296,0,0,0,0,0,133,133,163,163,48
"4702",1,"[18]HBHvGnJHqKHqaIyyJk",291,1,18,290,0,290,0,0,0,0,0,115,115,175,175,48
"4703",2,"[18]HBHvGnJHqKHqaIyyJk",295,0.99,18,300,3,297,3,3,0,3,3,149,149,151,148,48
"4704",3,"[18]HBHvGnJHqKHqaIyyJk",306,1,18,305,0,305,0,0,0,0,0,159,159,146,146,48
"4705",4,"[18]HBHvGnJHqKHqaIyyJk",296,1,18,295,0,295,0,0,0,0,0,132,132,163,163,48
"4706",5,"[18]HBHvGnJHqKHqaIyyJk",308,1,18,307,0,307,0,0,0,0,0,166,166,141,141,48
"4707",6,"[18]HBHvGnJHqKHqaIyyJk",298,0.996656,18,299,1,298,1,1,0,1,1,144,144,155,154,48
"4708",7,"[18]HBHvGnJHqKHqaIyyJk",308,1,18,307,0,307,0,0,0,0,0,167,167,140,140,48
"4709",8,"[18]HBHvGnJHqKHqaIyyJk",296,0.996633,18,297,1,296,1,1,0,1,1,146,146,151,150,48
"4710",9,"[18]HBHvGnJHqKHqaIyyJk",300,1,18,299,0,299,0,0,0,0,0,144,144,155,155,48
"4711",10,"[18]HBHvGnJHqKHqaIyyJk",301,0.996689,18,302,1,301,1,1,0,1,1,149,149,153,152,48
"4712",11,"[18]HBHvGnJHqKHqaIyyJk",293,1,18,292,0,292,0,0,0,0,0,138,138,154,154,48
"4713",12,"[18]HBHvGnJHqKHqaIyyJk",298,1,18,297,0,297,0,0,0,0,0,142,142,155,155,48
"4714",13,"[18]HBHvGnJHqKHqaIyyJk",300,1,18,299,0,299,0,0,0,0,0,144,144,155,155,48
"4715",14,"[18]HBHvGnJHqKHqaIyyJk",306,0.996743,18,307,1,306,1,1,0,1,1,163,163,144,143,48
"4716",15,"[18]HBHvGnJHqKHqaIyyJk",290,0.996564,18,291,1,290,1,1,0,1,1,136,136,155,154,48
"4717",16,"[18]HBHvGnJHqKHqaIyyJk",301,1,18,300,0,300,0,0,0,0,0,157,157,143,143,48
"4718",17,"[18]HBHvGnJHqKHqaIyyJk",299,1,18,298,0,298,0,0,0,0,0,134,134,164,164,48
"4719",18,"[18]HBHvGnJHqKHqaIyyJk",304,1,18,303,0,303,0,0,0,0,0,157,157,146,146,48
"4720",19,"[18]HBHvGnJHqKHqaIyyJk",298,1,18,297,0,297,0,0,0,0,0,145,145,152,152,48
"4721",20,"[18]HBHvGnJHqKHqaIyyJk",298,0.996656,18,299,1,298,1,1,0,1,1,130,130,169,168,48
"4722",21,"[18]HBHvGnJHqKHqaIyyJk",297,1,18,296,0,296,0,0,0,0,0,141,141,155,155,48
"4723",22,"[18]HBHvGnJHqKHqaIyyJk",298,0.996656,18,299,1,298,1,1,0,1,1,153,153,146,145,48
"4724",23,"[18]HBHvGnJHqKHqaIyyJk",298,0.993355,18,301,2,299,2,2,0,2,2,160,160,141,139,48
"4725",24,"[18]HBHvGnJHqKHqaIyyJk",290,0.996564,18,291,1,290,1,1,0,1,1,136,136,155,154,48
"4726",25,"[18]HBHvGnJHqKHqaIyyJk",303,0.996711,18,304,1,303,1,1,0,1,1,169,169,135,134,48
"4727",26,"[18]HBHvGnJHqKHqaIyyJk",303,1,18,302,0,302,0,0,0,0,0,149,149,153,153,48
"4728",27,"[18]HBHvGnJHqKHqaIyyJk",301,1,18,300,0,300,0,0,0,0,0,160,160,140,140,48
"4729",28,"[18]HBHvGnJHqKHqaIyyJk",306,1,18,305,0,305,0,0,0,0,0,150,150,155,155,48
"4730",29,"[18]HBHvGnJHqKHqaIyyJk",300,0.993399,18,303,2,301,2,2,0,2,2,158,158,145,143,48
"4731",30,"[18]HBHvGnJHqKHqaIyyJk",305,0.996732,18,306,1,305,1,1,0,1,1,154,154,152,151,48
"4732",31,"[18]HBHvGnJHqKHqaIyyJk",289,0.993151,18,292,2,290,2,2,0,2,2,138,138,154,152,48
"4733",32,"[18]HBHvGnJHqKHqaIyyJk",309,1,18,308,0,308,0,0,0,0,0,167,167,141,141,48
"4734",33,"[18]HBHvGnJHqKHqaIyyJk",296,0.996633,18,297,1,296,1,1,0,1,1,152,152,145,144,48
"4735",34,"[18]HBHvGnJHqKHqaIyyJk",307,1,18,306,0,306,0,0,0,0,0,148,148,158,158,48
"4736",35,"[18]HBHvGnJHqKHqaIyyJk",299,1,18,298,0,298,0,0,0,0,0,144,144,154,154,48
"4737",36,"[18]HBHvGnJHqKHqaIyyJk",296,1,18,295,0,295,0,0,0,0,0,140,140,155,155,48
"4738",37,"[18]HBHvGnJHqKHqaIyyJk",297,1,18,296,0,296,0,0,0,0,0,138,138,158,158,48
"4739",38,"[18]HBHvGnJHqKHqaIyyJk",291,0.993197,18,294,2,292,2,2,0,2,2,132,132,162,160,48
"4740",39,"[18]HBHvGnJHqKHqaIyyJk",300,1,18,299,0,299,0,0,0,0,0,148,148,151,151,48
"4741",40,"[18]HBHvGnJHqKHqaIyyJk",300,0.996678,18,301,1,300,1,1,0,1,1,152,152,149,148,48
"4742",41,"[18]HBHvGnJHqKHqaIyyJk",287,0.989726,18,292,3,289,3,3,0,3,3,146,146,146,143,48
"4743",42,"[18]HBHvGnJHqKHqaIyyJk",299,1,18,298,0,298,0,0,0,0,0,150,150,148,148,48
"4744",43,"[18]HBHvGnJHqKHqaIyyJk",302,1,18,301,0,301,0,0,0,0,0,145,145,156,156,48
"4745",44,"[18]HBHvGnJHqKHqaIyyJk",295,1,18,294,0,294,0,0,0,0,0,139,139,155,155,48
"4746",45,"[18]HBHvGnJHqKHqaIyyJk",303,1,18,302,0,302,0,0,0,0,0,142,142,160,160,48
"4747",46,"[18]HBHvGnJHqKHqaIyyJk",299,1,18,298,0,298,0,0,0,0,0,157,157,141,141,48
"4748",47,"[18]HBHvGnJHqKHqaIyyJk",297,0.996644,18,298,1,297,1,1,0,1,1,150,150,148,147,48
"4749",48,"[18]HBHvGnJHqKHqaIyyJk",297,0.996644,18,298,1,297,1,1,0,1,1,141,141,157,156,48
"4750",49,"[18]HBHvGnJHqKHqaIyyJk",305,1,18,304,0,304,0,0,0,0,0,149,149,155,155,48
"4751",50,"[18]HBHvGnJHqKHqaIyyJk",303,1,18,302,0,302,0,0,0,0,0,161,161,141,141,48
"4752",51,"[18]HBHvGnJHqKHqaIyyJk",308,1,18,307,0,307,0,0,0,0,0,154,154,153,153,48
"4753",52,"[18]HBHvGnJHqKHqaIyyJk",282,0.986159,18,289,4,285,4,4,0,4,4,131,131,158,154,48
"4754",53,"[18]HBHvGnJHqKHqaIyyJk",300,1,18,299,0,299,0,0,0,0,0,156,156,143,143,48
"4755",54,"[18]HBHvGnJHqKHqaIyyJk",300,1,18,299,0,299,0,0,0,0,0,148,148,151,151,48
"4756",55,"[18]HBHvGnJHqKHqaIyyJk",298,0.996656,18,299,1,298,1,1,0,1,1,144,144,155,154,48
"4757",56,"[18]HBHvGnJHqKHqaIyyJk",298,0.996656,18,299,1,298,1,1,0,1,1,156,156,143,142,48
"4758",57,"[18]HBHvGnJHqKHqaIyyJk",289,0.989796,18,294,3,291,3,3,0,3,3,151,151,143,140,48
"4759",58,"[18]HBHvGnJHqKHqaIyyJk",292,1,18,291,0,291,0,0,0,0,0,137,137,154,154,48
"4760",59,"[18]HBHvGnJHqKHqaIyyJk",295,0.996622,18,296,1,295,1,1,0,1,1,148,148,148,147,48
"4761",60,"[18]HBHvGnJHqKHqaIyyJk",291,0.989865,18,296,3,293,3,3,0,3,3,155,155,141,138,48
"4762",61,"[18]HBHvGnJHqKHqaIyyJk",295,1,18,294,0,294,0,0,0,0,0,131,131,163,163,48
"4763",62,"[18]HBHvGnJHqKHqaIyyJk",301,0.993421,18,304,2,302,2,2,0,2,2,157,157,147,145,48
"4764",63,"[18]HBHvGnJHqKHqaIyyJk",306,1,18,305,0,305,0,0,0,0,0,151,151,154,154,48
"4765",64,"[18]HBHvGnJHqKHqaIyyJk",305,1,18,304,0,304,0,0,0,0,0,163,163,141,141,48
"4766",65,"[18]HBHvGnJHqKHqaIyyJk",299,1,18,298,0,298,0,0,0,0,0,149,149,149,149,48
"4767",66,"[18]HBHvGnJHqKHqaIyyJk",296,0.996633,18,297,1,296,1,1,0,1,1,145,145,152,151,48
"4768",67,"[18]HBHvGnJHqKHqaIyyJk",286,0.986348,18,293,4,289,4,4,0,4,4,139,139,154,150,48
"4769",68,"[18]HBHvGnJHqKHqaIyyJk",298,1,18,297,0,297,0,0,0,0,0,156,156,141,141,48
"4770",69,"[18]HBHvGnJHqKHqaIyyJk",299,0.996667,18,300,1,299,1,1,0,1,1,154,154,146,145,48
"4771",70,"[18]HBHvGnJHqKHqaIyyJk",285,0.993056,18,288,2,286,2,2,0,2,2,121,121,167,165,48
"4772",71,"[18]HBHvGnJHqKHqaIyyJk",295,0.993289,18,298,2,296,2,2,0,2,2,155,155,143,141,48
"4773",72,"[18]HBHvGnJHqKHqaIyyJk",294,1,18,293,0,293,0,0,0,0,0,138,138,155,155,48
"4774",73,"[18]HBHvGnJHqKHqaIyyJk",298,1,18,297,0,297,0,0,0,0,0,149,149,148,148,48
"4775",74,"[18]HBHvGnJHqKHqaIyyJk",302,1,18,301,0,301,0,0,0,0,0,148,148,153,153,48
"4776",75,"[18]HBHvGnJHqKHqaIyyJk",306,1,18,305,0,305,0,0,0,0,0,158,158,147,147,48
"4777",76,"[18]HBHvGnJHqKHqaIyyJk",299,1,18,298,0,298,0,0,0,0,0,148,148,150,150,48
"4778",77,"[18]HBHvGnJHqKHqaIyyJk",295,1,18,294,0,294,0,0,0,0,0,141,141,153,153,48
"4779",78,"[18]HBHvGnJHqKHqaIyyJk",300,0.993399,18,303,2,301,2,2,0,2,2,147,147,156,154,48
"4780",79,"[18]HBHvGnJHqKHqaIyyJk",301,1,18,300,0,300,0,0,0,0,0,149,149,151,151,48
"4781",80,"[18]HBHvGnJHqKHqaIyyJk",306,1,18,305,0,305,0,0,0,0,0,156,156,149,149,48
"4782",81,"[18]HBHvGnJHqKHqaIyyJk",293,1,18,292,0,292,0,0,0,0,0,133,133,159,159,48
"4783",82,"[18]HBHvGnJHqKHqaIyyJk",299,1,18,298,0,298,0,0,0,0,0,144,144,154,154,48
"4784",83,"[18]HBHvGnJHqKHqaIyyJk",300,1,18,299,0,299,0,0,0,0,0,147,147,152,152,48
"4785",84,"[18]HBHvGnJHqKHqaIyyJk",299,1,18,298,0,298,0,0,0,0,0,156,156,142,142,48
"4786",85,"[18]HBHvGnJHqKHqaIyyJk",301,1,18,300,0,300,0,0,0,0,0,148,148,152,152,48
"4787",86,"[18]HBHvGnJHqKHqaIyyJk",293,1,18,292,0,292,0,0,0,0,0,132,132,160,160,48
"4788",87,"[18]HBHvGnJHqKHqaIyyJk",306,1,18,305,0,305,0,0,0,0,0,155,155,150,150,48
"4789",88,"[18]HBHvGnJHqKHqaIyyJk",306,1,18,305,0,305,0,0,0,0,0,153,153,152,152,48
"4790",89,"[18]HBHvGnJHqKHqaIyyJk",304,0.996721,18,305,1,304,1,1,0,1,1,158,158,147,146,48
"4791",90,"[18]HBHvGnJHqKHqaIyyJk",282,0.986159,18,289,4,285,4,4,0,4,4,131,131,158,154,48
"4792",91,"[18]HBHvGnJHqKHqaIyyJk",287,0.979866,18,298,6,292,6,6,0,6,6,146,146,152,146,48
"4793",92,"[18]HBHvGnJHqKHqaIyyJk",298,1,18,297,0,297,0,0,0,0,0,154,154,143,143,48
"4794",93,"[18]HBHvGnJHqKHqaIyyJk",300,0.993399,18,303,2,301,2,2,0,2,2,153,153,150,148,48
"4795",94,"[18]HBHvGnJHqKHqaIyyJk",287,1,18,286,0,286,0,0,0,0,0,124,124,162,162,48
"4796",95,"[18]HBHvGnJHqKHqaIyyJk",295,0.993289,18,298,2,296,2,2,0,2,2,154,154,144,142,48
"4797",96,"[18]HBHvGnJHqKHqaIyyJk",297,1,18,296,0,296,0,0,0,0,0,144,144,152,152,48
"4798",97,"[18]HBHvGnJHqKHqaIyyJk",294,1,18,293,0,293,0,0,0,0,0,145,145,148,148,48
"4799",98,"[18]HBHvGnJHqKHqaIyyJk",294,0.99661,18,295,1,294,1,1,0,1,1,139,139,156,155,48
"4800",99,"[18]HBHvGnJHqKHqaIyyJk",298,0.996656,18,299,1,298,1,1,0,1,1,151,151,148,147,48
"4801",0,"[20]HcHvnJHqGKHqaIsthJev",320,0.996885,20,321,1,320,1,1,0,1,1,168,168,153,152,49
"4802",1,"[20]HcHvnJHqGKHqaIsthJev",319,1,20,318,0,318,0,0,0,0,0,165,165,153,153,49
"4803",2,"[20]HcHvnJHqGKHqaIsthJev",321,0.996894,20,322,1,321,1,1,0,1,1,175,175,147,146,49
"4804",3,"[20]HcHvnJHqGKHqaIsthJev",322,1,20,321,0,321,0,0,0,0,0,169,169,152,152,49
"4805",4,"[20]HcHvnJHqGKHqaIsthJev",315,0.996835,20,316,1,315,1,1,0,1,1,154,154,162,161,49
"4806",5,"[20]HcHvnJHqGKHqaIsthJev",310,0.996785,20,311,1,310,1,1,0,1,1,153,153,158,157,49
"4807",6,"[20]HcHvnJHqGKHqaIsthJev",315,1,20,314,0,314,0,0,0,0,0,158,158,156,156,49
"4808",7,"[20]HcHvnJHqGKHqaIsthJev",307,1,20,306,0,306,0,0,0,0,0,141,141,165,165,49
"4809",8,"[20]HcHvnJHqGKHqaIsthJev",320,1,20,319,0,319,0,0,0,0,0,155,155,164,164,49
"4810",9,"[20]HcHvnJHqGKHqaIsthJev",318,1,20,317,0,317,0,0,0,0,0,162,162,155,155,49
"4811",10,"[20]HcHvnJHqGKHqaIsthJev",310,0.99361,20,313,2,311,2,2,0,2,2,152,152,161,159,49
"4812",11,"[20]HcHvnJHqGKHqaIsthJev",325,1,20,324,0,324,0,0,0,0,0,171,171,153,153,49
"4813",12,"[20]HcHvnJHqGKHqaIsthJev",313,0.996815,20,314,1,313,1,1,0,1,1,154,154,160,159,49
"4814",13,"[20]HcHvnJHqGKHqaIsthJev",313,0.993671,20,316,2,314,2,2,0,2,2,166,166,150,148,49
"4815",14,"[20]HcHvnJHqGKHqaIsthJev",317,0.996855,20,318,1,317,1,1,0,1,1,161,161,157,156,49
"4816",15,"[20]HcHvnJHqGKHqaIsthJev",318,0.996865,20,319,1,318,1,1,0,1,1,167,167,152,151,49
"4817",16,"[20]HcHvnJHqGKHqaIsthJev",315,0.996835,20,316,1,315,1,1,0,1,1,165,165,151,150,49
"4818",17,"[20]HcHvnJHqGKHqaIsthJev",309,1,20,308,0,308,0,0,0,0,0,154,154,154,154,49
"4819",18,"[20]HcHvnJHqGKHqaIsthJev",314,1,20,313,0,313,0,0,0,0,0,152,152,161,161,49
"4820",19,"[20]HcHvnJHqGKHqaIsthJev",326,1,20,325,0,325,0,0,0,0,0,176,176,149,149,49
"4821",20,"[20]HcHvnJHqGKHqaIsthJev",321,1,20,320,0,320,0,0,0,0,0,165,165,155,155,49
"4822",21,"[20]HcHvnJHqGKHqaIsthJev",304,0.996721,20,305,1,304,1,1,0,1,1,143,143,162,161,49
"4823",22,"[20]HcHvnJHqGKHqaIsthJev",316,0.990654,20,321,3,318,3,3,0,3,3,176,176,145,142,49
"4824",23,"[20]HcHvnJHqGKHqaIsthJev",321,1,20,320,0,320,0,0,0,0,0,165,165,155,155,49
"4825",24,"[20]HcHvnJHqGKHqaIsthJev",304,0.993485,20,307,2,305,2,2,0,2,2,144,144,163,161,49
"4826",25,"[20]HcHvnJHqGKHqaIsthJev",318,1,20,317,0,317,0,0,0,0,0,162,162,155,155,49
"4827",26,"[20]HcHvnJHqGKHqaIsthJev",317,1,20,316,0,316,0,0,0,0,0,156,156,160,160,49
"4828",27,"[20]HcHvnJHqGKHqaIsthJev",305,0.996732,20,306,1,305,1,1,0,1,1,146,146,160,159,49
"4829",28,"[20]HcHvnJHqGKHqaIsthJev",319,1,20,318,0,318,0,0,0,0,0,163,163,155,155,49
"4830",29,"[20]HcHvnJHqGKHqaIsthJev",280,0.969697,20,297,9,288,9,9,0,9,9,151,151,146,137,49
"4831",30,"[20]HcHvnJHqGKHqaIsthJev",317,0.996855,20,318,1,317,1,1,0,1,1,169,169,149,148,49
"4832",31,"[20]HcHvnJHqGKHqaIsthJev",309,1,20,308,0,308,0,0,0,0,0,138,138,170,170,49
"4833",32,"[20]HcHvnJHqGKHqaIsthJev",310,0.996785,20,311,1,310,1,1,0,1,1,152,152,159,158,49
"4834",33,"[20]HcHvnJHqGKHqaIsthJev",324,1,20,323,0,323,0,0,0,0,0,168,168,155,155,49
"4835",34,"[20]HcHvnJHqGKHqaIsthJev",304,0.996721,20,305,1,304,1,1,0,1,1,141,141,164,163,49
"4836",35,"[20]HcHvnJHqGKHqaIsthJev",316,1,20,315,0,315,0,0,0,0,0,157,157,158,158,49
"4837",36,"[20]HcHvnJHqGKHqaIsthJev",290,0.986532,20,297,4,293,4,4,0,4,4,130,130,167,163,49
"4838",37,"[20]HcHvnJHqGKHqaIsthJev",304,0.993485,20,307,2,305,2,2,0,2,2,152,152,155,153,49
"4839",38,"[20]HcHvnJHqGKHqaIsthJev",321,1,20,320,0,320,0,0,0,0,0,164,164,156,156,49
"4840",39,"[20]HcHvnJHqGKHqaIsthJev",306,0.996743,20,307,1,306,1,1,0,1,1,141,141,166,165,49
"4841",40,"[20]HcHvnJHqGKHqaIsthJev",314,0.993691,20,317,2,315,2,2,0,2,2,164,164,153,151,49
"4842",41,"[20]HcHvnJHqGKHqaIsthJev",310,0.996785,20,311,1,310,1,1,0,1,1,157,157,154,153,49
"4843",42,"[20]HcHvnJHqGKHqaIsthJev",306,1,20,305,0,305,0,0,0,0,0,147,147,158,158,49
"4844",43,"[20]HcHvnJHqGKHqaIsthJev",315,0.996835,20,316,1,315,1,1,0,1,1,164,164,152,151,49
"4845",44,"[20]HcHvnJHqGKHqaIsthJev",318,0.993769,20,321,2,319,2,2,0,2,2,170,170,151,149,49
"4846",45,"[20]HcHvnJHqGKHqaIsthJev",312,1,20,311,0,311,0,0,0,0,0,146,146,165,165,49
"4847",46,"[20]HcHvnJHqGKHqaIsthJev",317,0.996855,20,318,1,317,1,1,0,1,1,163,163,155,154,49
"4848",47,"[20]HcHvnJHqGKHqaIsthJev",318,1,20,317,0,317,0,0,0,0,0,155,155,162,162,49
"4849",48,"[20]HcHvnJHqGKHqaIsthJev",320,1,20,319,0,319,0,0,0,0,0,163,163,156,156,49
"4850",49,"[20]HcHvnJHqGKHqaIsthJev",301,0.993421,20,304,2,302,2,2,0,2,2,149,149,155,153,49
"4851",50,"[20]HcHvnJHqGKHqaIsthJev",307,0.996753,20,308,1,307,1,1,0,1,1,143,143,165,164,49
"4852",51,"[20]HcHvnJHqGKHqaIsthJev",322,1,20,321,0,321,0,0,0,0,0,166,166,155,155,49
"4853",52,"[20]HcHvnJHqGKHqaIsthJev",307,0.987261,20,314,4,310,4,4,0,4,4,166,166,148,144,49
"4854",53,"[20]HcHvnJHqGKHqaIsthJev",302,0.993443,20,305,2,303,2,2,0,2,2,148,148,157,155,49
"4855",54,"[20]HcHvnJHqGKHqaIsthJev",311,1,20,310,0,310,0,0,0,0,0,149,149,161,161,49
"4856",55,"[20]HcHvnJHqGKHqaIsthJev",315,0.996835,20,316,1,315,1,1,0,1,1,165,165,151,150,49
"4857",56,"[20]HcHvnJHqGKHqaIsthJev",314,1,20,313,0,313,0,0,0,0,0,153,153,160,160,49
"4858",57,"[20]HcHvnJHqGKHqaIsthJev",308,1,20,307,0,307,0,0,0,0,0,146,146,161,161,49
"4859",58,"[20]HcHvnJHqGKHqaIsthJev",307,0.996753,20,308,1,307,1,1,0,1,1,151,151,157,156,49
"4860",59,"[20]HcHvnJHqGKHqaIsthJev",325,1,20,324,0,324,0,0,0,0,0,176,176,148,148,49
"4861",60,"[20]HcHvnJHqGKHqaIsthJev",309,0.996774,20,310,1,309,1,1,0,1,1,147,147,163,162,49
"4862",61,"[20]HcHvnJHqGKHqaIsthJev",314,0.993691,20,317,2,315,2,2,0,2,2,161,161,156,154,49
"4863",62,"[20]HcHvnJHqGKHqaIsthJev",314,0.996825,20,315,1,314,1,1,0,1,1,166,166,149,148,49
"4864",63,"[20]HcHvnJHqGKHqaIsthJev",318,1,20,317,0,317,0,0,0,0,0,160,160,157,157,49
"4865",64,"[20]HcHvnJHqGKHqaIsthJev",318,0.996865,20,319,1,318,1,1,0,1,1,166,166,153,152,49
"4866",65,"[20]HcHvnJHqGKHqaIsthJev",311,1,20,310,0,310,0,0,0,0,0,149,149,161,161,49
"4867",66,"[20]HcHvnJHqGKHqaIsthJev",313,0.996815,20,314,1,313,1,1,0,1,1,157,157,157,156,49
"4868",67,"[20]HcHvnJHqGKHqaIsthJev",323,1,20,322,0,322,0,0,0,0,0,170,170,152,152,49
"4869",68,"[20]HcHvnJHqGKHqaIsthJev",315,0.996835,20,316,1,315,1,1,0,1,1,158,158,158,157,49
"4870",69,"[20]HcHvnJHqGKHqaIsthJev",315,1,20,314,0,314,0,0,0,0,0,152,152,162,162,49
"4871",70,"[20]HcHvnJHqGKHqaIsthJev",318,1,20,317,0,317,0,0,0,0,0,160,160,157,157,49
"4872",71,"[20]HcHvnJHqGKHqaIsthJev",316,1,20,315,0,315,0,0,0,0,0,156,156,159,159,49
"4873",72,"[20]HcHvnJHqGKHqaIsthJev",316,1,20,315,0,315,0,0,0,0,0,155,155,160,160,49
"4874",73,"[20]HcHvnJHqGKHqaIsthJev",289,0.989796,20,294,3,291,3,3,0,3,3,130,130,164,161,49
"4875",74,"[20]HcHvnJHqGKHqaIsthJev",313,1,20,312,0,312,0,0,0,0,0,148,148,164,164,49
"4876",75,"[20]HcHvnJHqGKHqaIsthJev",310,1,20,309,0,309,0,0,0,0,0,150,150,159,159,49
"4877",76,"[20]HcHvnJHqGKHqaIsthJev",312,0.993651,20,315,2,313,2,2,0,2,2,163,163,152,150,49
"4878",77,"[20]HcHvnJHqGKHqaIsthJev",318,1,20,317,0,317,0,0,0,0,0,158,158,159,159,49
"4879",78,"[20]HcHvnJHqGKHqaIsthJev",316,1,20,315,0,315,0,0,0,0,0,162,162,153,153,49
"4880",79,"[20]HcHvnJHqGKHqaIsthJev",306,0.993528,20,309,2,307,2,2,0,2,2,155,155,154,152,49
"4881",80,"[20]HcHvnJHqGKHqaIsthJev",310,1,20,309,0,309,0,0,0,0,0,147,147,162,162,49
"4882",81,"[20]HcHvnJHqGKHqaIsthJev",310,0.99361,20,313,2,311,2,2,0,2,2,165,165,148,146,49
"4883",82,"[20]HcHvnJHqGKHqaIsthJev",313,1,20,312,0,312,0,0,0,0,0,144,144,168,168,49
"4884",83,"[20]HcHvnJHqGKHqaIsthJev",308,1,20,307,0,307,0,0,0,0,0,145,145,162,162,49
"4885",84,"[20]HcHvnJHqGKHqaIsthJev",309,0.996774,20,310,1,309,1,1,0,1,1,151,151,159,158,49
"4886",85,"[20]HcHvnJHqGKHqaIsthJev",317,1,20,316,0,316,0,0,0,0,0,159,159,157,157,49
"4887",86,"[20]HcHvnJHqGKHqaIsthJev",302,0.983923,20,311,5,306,5,5,0,5,5,169,169,142,137,49
"4888",87,"[20]HcHvnJHqGKHqaIsthJev",324,1,20,323,0,323,0,0,0,0,0,171,171,152,152,49
"4889",88,"[20]HcHvnJHqGKHqaIsthJev",287,0.983108,20,296,5,291,5,5,0,5,5,137,137,159,154,49
"4890",89,"[20]HcHvnJHqGKHqaIsthJev",311,0.993631,20,314,2,312,2,2,0,2,2,161,161,153,151,49
"4891",90,"[20]HcHvnJHqGKHqaIsthJev",301,0.990196,20,306,3,303,3,3,0,3,3,144,144,162,159,49
"4892",91,"[20]HcHvnJHqGKHqaIsthJev",310,0.996785,20,311,1,310,1,1,0,1,1,149,149,162,161,49
"4893",92,"[20]HcHvnJHqGKHqaIsthJev",309,0.996774,20,310,1,309,1,1,0,1,1,146,146,164,163,49
"4894",93,"[20]HcHvnJHqGKHqaIsthJev",305,0.993506,20,308,2,306,2,2,0,2,2,148,148,160,158,49
"4895",94,"[20]HcHvnJHqGKHqaIsthJev",302,0.9967,20,303,1,302,1,1,0,1,1,141,141,162,161,49
"4896",95,"[20]HcHvnJHqGKHqaIsthJev",319,1,20,318,0,318,0,0,0,0,0,163,163,155,155,49
"4897",96,"[20]HcHvnJHqGKHqaIsthJev",318,1,20,317,0,317,0,0,0,0,0,164,164,153,153,49
"4898",97,"[20]HcHvnJHqGKHqaIsthJev",309,1,20,308,0,308,0,0,0,0,0,144,144,164,164,49
"4899",98,"[20]HcHvnJHqGKHqaIsthJev",314,1,20,313,0,313,0,0,0,0,0,155,155,158,158,49
"4900",99,"[20]HcHvnJHqGKHqaIsthJev",323,1,20,322,0,322,0,0,0,0,0,166,166,156,156,49
"4901",0,"[18]HcHxGnJHqKHqaxIsvJ",296,0.996633,18,297,1,296,1,1,0,1,1,156,156,141,140,50
"4902",1,"[18]HcHxGnJHqKHqaxIsvJ",305,1,18,304,0,304,0,0,0,0,0,149,149,155,155,50
"4903",2,"[18]HcHxGnJHqKHqaxIsvJ",294,0.99661,18,295,1,294,1,1,0,1,1,145,145,150,149,50
"4904",3,"[18]HcHxGnJHqKHqaxIsvJ",303,1,18,302,0,302,0,0,0,0,0,158,158,144,144,50
"4905",4,"[18]HcHxGnJHqKHqaxIsvJ",295,1,18,294,0,294,0,0,0,0,0,133,133,161,161,50
"4906",5,"[18]HcHxGnJHqKHqaxIsvJ",298,1,18,297,0,297,0,0,0,0,0,149,149,148,148,50
"4907",6,"[18]HcHxGnJHqKHqaxIsvJ",302,1,18,301,0,301,0,0,0,0,0,149,149,152,152,50
"4908",7,"[18]HcHxGnJHqKHqaxIsvJ",301,1,18,300,0,300,0,0,0,0,0,143,143,157,157,50
"4909",8,"[18]HcHxGnJHqKHqaxIsvJ",293,0.993243,18,296,2,294,2,2,0,2,2,144,144,152,150,50
"4910",9,"[18]HcHxGnJHqKHqaxIsvJ",295,0.99,18,300,3,297,3,3,0,3,3,156,156,144,141,50
"4911",10,"[18]HcHxGnJHqKHqaxIsvJ",295,0.996622,18,296,1,295,1,1,0,1,1,143,143,153,152,50
"4912",11,"[18]HcHxGnJHqKHqaxIsvJ",293,1,18,292,0,292,0,0,0,0,0,124,124,168,168,50
"4913",12,"[18]HcHxGnJHqKHqaxIsvJ",303,1,18,302,0,302,0,0,0,0,0,167,167,135,135,50
"4914",13,"[18]HcHxGnJHqKHqaxIsvJ",304,0.993485,18,307,2,305,2,2,0,2,2,167,167,140,138,50
"4915",14,"[18]HcHxGnJHqKHqaxIsvJ",300,0.996678,18,301,1,300,1,1,0,1,1,145,145,156,155,50
"4916",15,"[18]HcHxGnJHqKHqaxIsvJ",302,1,18,301,0,301,0,0,0,0,0,149,149,152,152,50
"4917",16,"[18]HcHxGnJHqKHqaxIsvJ",286,0.986348,18,293,4,289,4,4,0,4,4,144,144,149,145,50
"4918",17,"[18]HcHxGnJHqKHqaxIsvJ",286,0.996516,18,287,1,286,1,1,0,1,1,135,135,152,151,50
"4919",18,"[18]HcHxGnJHqKHqaxIsvJ",302,0.9967,18,303,1,302,1,1,0,1,1,143,143,160,159,50
"4920",19,"[18]HcHxGnJHqKHqaxIsvJ",284,0.996491,18,285,1,284,1,1,0,1,1,126,126,159,158,50
"4921",20,"[18]HcHxGnJHqKHqaxIsvJ",299,1,18,298,0,298,0,0,0,0,0,148,148,150,150,50
"4922",21,"[18]HcHxGnJHqKHqaxIsvJ",299,1,18,298,0,298,0,0,0,0,0,145,145,153,153,50
"4923",22,"[18]HcHxGnJHqKHqaxIsvJ",303,1,18,302,0,302,0,0,0,0,0,152,152,150,150,50
"4924",23,"[18]HcHxGnJHqKHqaxIsvJ",292,1,18,291,0,291,0,0,0,0,0,130,130,161,161,50
"4925",24,"[18]HcHxGnJHqKHqaxIsvJ",282,0.992982,18,285,2,283,2,2,0,2,2,122,122,163,161,50
"4926",25,"[18]HcHxGnJHqKHqaxIsvJ",301,0.996689,18,302,1,301,1,1,0,1,1,154,154,148,147,50
"4927",26,"[18]HcHxGnJHqKHqaxIsvJ",310,1,18,309,0,309,0,0,0,0,0,166,166,143,143,50
"4928",27,"[18]HcHxGnJHqKHqaxIsvJ",303,0.996711,18,304,1,303,1,1,0,1,1,158,158,146,145,50
"4929",28,"[18]HcHxGnJHqKHqaxIsvJ",296,1,18,295,0,295,0,0,0,0,0,136,136,159,159,50
"4930",29,"[18]HcHxGnJHqKHqaxIsvJ",293,0.996599,18,294,1,293,1,1,0,1,1,133,133,161,160,50
"4931",30,"[18]HcHxGnJHqKHqaxIsvJ",289,1,18,288,0,288,0,0,0,0,0,131,131,157,157,50
"4932",31,"[18]HcHxGnJHqKHqaxIsvJ",295,0.99,18,300,3,297,3,3,0,3,3,153,153,147,144,50
"4933",32,"[18]HcHxGnJHqKHqaxIsvJ",302,0.9967,18,303,1,302,1,1,0,1,1,167,167,136,135,50
"4934",33,"[18]HcHxGnJHqKHqaxIsvJ",291,0.996575,18,292,1,291,1,1,0,1,1,138,138,154,153,50
"4935",34,"[18]HcHxGnJHqKHqaxIsvJ",300,1,18,299,0,299,0,0,0,0,0,142,142,157,157,50
"4936",35,"[18]HcHxGnJHqKHqaxIsvJ",295,0.993289,18,298,2,296,2,2,0,2,2,153,153,145,143,50
"4937",36,"[18]HcHxGnJHqKHqaxIsvJ",297,1,18,296,0,296,0,0,0,0,0,156,156,140,140,50
"4938",37,"[18]HcHxGnJHqKHqaxIsvJ",290,0.993174,18,293,2,291,2,2,0,2,2,148,148,145,143,50
"4939",38,"[18]HcHxGnJHqKHqaxIsvJ",302,0.9967,18,303,1,302,1,1,0,1,1,161,161,142,141,50
"4940",39,"[18]HcHxGnJHqKHqaxIsvJ",287,1,18,286,0,286,0,0,0,0,0,126,126,160,160,50
"4941",40,"[18]HcHxGnJHqKHqaxIsvJ",282,0.989547,18,287,3,284,3,3,0,3,3,131,131,156,153,50
"4942",41,"[18]HcHxGnJHqKHqaxIsvJ",291,0.996575,18,292,1,291,1,1,0,1,1,133,133,159,158,50
"4943",42,"[18]HcHxGnJHqKHqaxIsvJ",289,0.993151,18,292,2,290,2,2,0,2,2,136,136,156,154,50
"4944",43,"[18]HcHxGnJHqKHqaxIsvJ",304,0.996721,18,305,1,304,1,1,0,1,1,164,164,141,140,50
"4945",44,"[18]HcHxGnJHqKHqaxIsvJ",298,1,18,297,0,297,0,0,0,0,0,149,149,148,148,50
"4946",45,"[18]HcHxGnJHqKHqaxIsvJ",295,1,18,294,0,294,0,0,0,0,0,144,144,150,150,50
"4947",46,"[18]HcHxGnJHqKHqaxIsvJ",298,1,18,297,0,297,0,0,0,0,0,142,142,155,155,50
"4948",47,"[18]HcHxGnJHqKHqaxIsvJ",287,0.996528,18,288,1,287,1,1,0,1,1,125,125,163,162,50
"4949",48,"[18]HcHxGnJHqKHqaxIsvJ",297,0.996644,18,298,1,297,1,1,0,1,1,148,148,150,149,50
"4950",49,"[18]HcHxGnJHqKHqaxIsvJ",292,0.99322,18,295,2,293,2,2,0,2,2,145,145,150,148,50
"4951",50,"[18]HcHxGnJHqKHqaxIsvJ",304,1,18,303,0,303,0,0,0,0,0,159,159,144,144,50
"4952",51,"[18]HcHxGnJHqKHqaxIsvJ",295,0.993289,18,298,2,296,2,2,0,2,2,158,158,140,138,50
"4953",52,"[18]HcHxGnJHqKHqaxIsvJ",290,0.989831,18,295,3,292,3,3,0,3,3,159,159,136,133,50
"4954",53,"[18]HcHxGnJHqKHqaxIsvJ",305,1,18,304,0,304,0,0,0,0,0,164,164,140,140,50
"4955",54,"[18]HcHxGnJHqKHqaxIsvJ",303,1,18,302,0,302,0,0,0,0,0,148,148,154,154,50
"4956",55,"[18]HcHxGnJHqKHqaxIsvJ",307,1,18,306,0,306,0,0,0,0,0,157,157,149,149,50
"4957",56,"[18]HcHxGnJHqKHqaxIsvJ",303,1,18,302,0,302,0,0,0,0,0,148,148,154,154,50
"4958",57,"[18]HcHxGnJHqKHqaxIsvJ",296,0.996633,18,297,1,296,1,1,0,1,1,154,154,143,142,50
"4959",58,"[18]HcHxGnJHqKHqaxIsvJ",296,0.996633,18,297,1,296,1,1,0,1,1,140,140,157,156,50
"4960",59,"[18]HcHxGnJHqKHqaxIsvJ",291,0.993197,18,294,2,292,2,2,0,2,2,135,135,159,157,50
"4961",60,"[18]HcHxGnJHqKHqaxIsvJ",297,1,18,296,0,296,0,0,0,0,0,147,147,149,149,50
"4962",61,"[18]HcHxGnJHqKHqaxIsvJ",302,1,18,301,0,301,0,0,0,0,0,151,151,150,150,50
"4963",62,"[18]HcHxGnJHqKHqaxIsvJ",301,1,18,300,0,300,0,0,0,0,0,146,146,154,154,50
"4964",63,"[18]HcHxGnJHqKHqaxIsvJ",294,0.993266,18,297,2,295,2,2,0,2,2,147,147,150,148,50
"4965",64,"[18]HcHxGnJHqKHqaxIsvJ",299,1,18,298,0,298,0,0,0,0,0,159,159,139,139,50
"4966",65,"[18]HcHxGnJHqKHqaxIsvJ",299,1,18,298,0,298,0,0,0,0,0,154,154,144,144,50
"4967",66,"[18]HcHxGnJHqKHqaxIsvJ",298,0.996656,18,299,1,298,1,1,0,1,1,148,148,151,150,50
"4968",67,"[18]HcHxGnJHqKHqaxIsvJ",298,1,18,297,0,297,0,0,0,0,0,132,132,165,165,50
"4969",68,"[18]HcHxGnJHqKHqaxIsvJ",305,1,18,304,0,304,0,0,0,0,0,156,156,148,148,50
"4970",69,"[18]HcHxGnJHqKHqaxIsvJ",294,1,18,293,0,293,0,0,0,0,0,135,135,158,158,50
"4971",70,"[18]HcHxGnJHqKHqaxIsvJ",299,0.996667,18,300,1,299,1,1,0,1,1,142,142,158,157,50
"4972",71,"[18]HcHxGnJHqKHqaxIsvJ",288,0.989761,18,293,3,290,3,3,0,3,3,140,140,153,150,50
"4973",72,"[18]HcHxGnJHqKHqaxIsvJ",304,1,18,303,0,303,0,0,0,0,0,154,154,149,149,50
"4974",73,"[18]HcHxGnJHqKHqaxIsvJ",297,0.996644,18,298,1,297,1,1,0,1,1,144,144,154,153,50
"4975",74,"[18]HcHxGnJHqKHqaxIsvJ",296,1,18,295,0,295,0,0,0,0,0,144,144,151,151,50
"4976",75,"[18]HcHxGnJHqKHqaxIsvJ",285,0.993056,18,288,2,286,2,2,0,2,2,135,135,153,151,50
"4977",76,"[18]HcHxGnJHqKHqaxIsvJ",305,1,18,304,0,304,0,0,0,0,0,164,164,140,140,50
"4978",77,"[18]HcHxGnJHqKHqaxIsvJ",301,1,18,300,0,300,0,0,0,0,0,143,143,157,157,50
"4979",78,"[18]HcHxGnJHqKHqaxIsvJ",299,0.996667,18,300,1,299,1,1,0,1,1,142,142,158,157,50
"4980",79,"[18]HcHxGnJHqKHqaxIsvJ",297,0.993333,18,300,2,298,2,2,0,2,2,167,167,133,131,50
"4981",80,"[18]HcHxGnJHqKHqaxIsvJ",285,0.993056,18,288,2,286,2,2,0,2,2,131,131,157,155,50
"4982",81,"[18]HcHxGnJHqKHqaxIsvJ",275,0.979021,18,286,6,280,6,6,0,6,6,143,143,143,137,50
"4983",82,"[18]HcHxGnJHqKHqaxIsvJ",282,0.986159,18,289,4,285,4,4,0,4,4,140,140,149,145,50
"4984",83,"[18]HcHxGnJHqKHqaxIsvJ",294,0.99661,18,295,1,294,1,1,0,1,1,143,143,152,151,50
"4985",84,"[18]HcHxGnJHqKHqaxIsvJ",303,1,18,302,0,302,0,0,0,0,0,150,150,152,152,50
"4986",85,"[18]HcHxGnJHqKHqaxIsvJ",291,0.996575,18,292,1,291,1,1,0,1,1,136,136,156,155,50
"4987",86,"[18]HcHxGnJHqKHqaxIsvJ",298,0.993355,18,301,2,299,2,2,0,2,2,157,157,144,142,50
"4988",87,"[18]HcHxGnJHqKHqaxIsvJ",298,0.996656,18,299,1,298,1,1,0,1,1,158,158,141,140,50
"4989",88,"[18]HcHxGnJHqKHqaxIsvJ",308,1,18,307,0,307,0,0,0,0,0,171,171,136,136,50
"4990",89,"[18]HcHxGnJHqKHqaxIsvJ",303,0.996711,18,304,1,303,1,1,0,1,1,166,166,138,137,50
"4991",90,"[18]HcHxGnJHqKHqaxIsvJ",312,1,18,311,0,311,0,0,0,0,0,167,167,144,144,50
"4992",91,"[18]HcHxGnJHqKHqaxIsvJ",290,0.996564,18,291,1,290,1,1,0,1,1,145,145,146,145,50
"4993",92,"[18]HcHxGnJHqKHqaxIsvJ",292,0.99322,18,295,2,293,2,2,0,2,2,145,145,150,148,50
"4994",93,"[18]HcHxGnJHqKHqaxIsvJ",300,1,18,299,0,299,0,0,0,0,0,147,147,152,152,50
"4995",94,"[18]HcHxGnJHqKHqaxIsvJ",299,1,18,298,0,298,0,0,0,0,0,152,152,146,146,50
"4996",95,"[18]HcHxGnJHqKHqaxIsvJ",300,0.996678,18,301,1,300,1,1,0,1,1,153,153,148,147,50
"4997",96,"[18]HcHxGnJHqKHqaxIsvJ",298,1,18,297,0,297,0,0,0,0,0,142,142,155,155,50
"4998",97,"[18]HcHxGnJHqKHqaxIsvJ",299,1,18,298,0,298,0,0,0,0,0,151,151,147,147,50
"4999",98,"[18]HcHxGnJHqKHqaxIsvJ",298,0.996656,18,299,1,298,1,1,0,1,1,148,148,151,150,50
"5000",99,"[18]HcHxGnJHqKHqaxIsvJ",290,0.986532,18,297,4,293,4,4,0,4,4,154,154,143,139,50
"5001",0,"[17]HcHsGnJHqKHqajIiJ",293,0.993243,17,296,2,294,2,2,0,2,2,153,153,143,141,51
"5002",1,"[17]HcHsGnJHqKHqajIiJ",299,1,17,298,0,298,0,0,0,0,0,149,149,149,149,51
"5003",2,"[17]HcHsGnJHqKHqajIiJ",304,0.996721,17,305,1,304,1,1,0,1,1,167,167,138,137,51
"5004",3,"[17]HcHsGnJHqKHqajIiJ",298,1,17,297,0,297,0,0,0,0,0,152,152,145,145,51
"5005",4,"[17]HcHsGnJHqKHqajIiJ",299,0.996667,17,300,1,299,1,1,0,1,1,155,155,145,144,51
"5006",5,"[17]HcHsGnJHqKHqajIiJ",288,0.979933,17,299,6,293,6,6,0,6,6,158,158,141,135,51
"5007",6,"[17]HcHsGnJHqKHqajIiJ",299,1,17,298,0,298,0,0,0,0,0,151,151,147,147,51
"5008",7,"[17]HcHsGnJHqKHqajIiJ",290,0.989831,17,295,3,292,3,3,0,3,3,144,144,151,148,51
"5009",8,"[17]HcHsGnJHqKHqajIiJ",285,0.996503,17,286,1,285,1,1,0,1,1,136,136,150,149,51
"5010",9,"[17]HcHsGnJHqKHqajIiJ",296,0.996633,17,297,1,296,1,1,0,1,1,143,143,154,153,51
"5011",10,"[17]HcHsGnJHqKHqajIiJ",285,0.986301,17,292,4,288,4,4,0,4,4,137,137,155,151,51
"5012",11,"[17]HcHsGnJHqKHqajIiJ",297,0.996644,17,298,1,297,1,1,0,1,1,149,149,149,148,51
"5013",12,"[17]HcHsGnJHqKHqajIiJ",296,1,17,295,0,295,0,0,0,0,0,138,138,157,157,51
"5014",13,"[17]HcHsGnJHqKHqajIiJ",301,0.996689,17,302,1,301,1,1,0,1,1,167,167,135,134,51
"5015",14,"[17]HcHsGnJHqKHqajIiJ",299,0.996667,17,300,1,299,1,1,0,1,1,152,152,148,147,51
"5016",15,"[17]HcHsGnJHqKHqajIiJ",310,1,17,309,0,309,0,0,0,0,0,174,174,135,135,51
"5017",16,"[17]HcHsGnJHqKHqajIiJ",302,1,17,301,0,301,0,0,0,0,0,146,146,155,155,51
"5018",17,"[17]HcHsGnJHqKHqajIiJ",299,1,17,298,0,298,0,0,0,0,0,143,143,155,155,51
"5019",18,"[17]HcHsGnJHqKHqajIiJ",296,0.993311,17,299,2,297,2,2,0,2,2,170,170,129,127,51
"5020",19,"[17]HcHsGnJHqKHqajIiJ",296,0.996633,17,297,1,296,1,1,0,1,1,138,138,159,158,51
"5021",20,"[17]HcHsGnJHqKHqajIiJ",303,0.996711,17,304,1,303,1,1,0,1,1,158,158,146,145,51
"5022",21,"[17]HcHsGnJHqKHqajIiJ",298,0.993355,17,301,2,299,2,2,0,2,2,155,155,146,144,51
"5023",22,"[17]HcHsGnJHqKHqajIiJ",301,0.996689,17,302,1,301,1,1,0,1,1,159,159,143,142,51
"5024",23,"[17]HcHsGnJHqKHqajIiJ",285,1,17,284,0,284,0,0,0,0,0,119,119,165,165,51
"5025",24,"[17]HcHsGnJHqKHqajIiJ",301,1,17,300,0,300,0,0,0,0,0,152,152,148,148,51
"5026",25,"[17]HcHsGnJHqKHqajIiJ",296,0.996633,17,297,1,296,1,1,0,1,1,151,151,146,145,51
"5027",26,"[17]HcHsGnJHqKHqajIiJ",303,1,17,302,0,302,0,0,0,0,0,157,157,145,145,51
"5028",27,"[17]HcHsGnJHqKHqajIiJ",305,1,17,304,0,304,0,0,0,0,0,162,162,142,142,51
"5029",28,"[17]HcHsGnJHqKHqajIiJ",297,1,17,296,0,296,0,0,0,0,0,137,137,159,159,51
"5030",29,"[17]HcHsGnJHqKHqajIiJ",307,1,17,306,0,306,0,0,0,0,0,165,165,141,141,51
"5031",30,"[17]HcHsGnJHqKHqajIiJ",304,1,17,303,0,303,0,0,0,0,0,161,161,142,142,51
"5032",31,"[17]HcHsGnJHqKHqajIiJ",290,0.993174,17,293,2,291,2,2,0,2,2,145,145,148,146,51
"5033",32,"[17]HcHsGnJHqKHqajIiJ",311,1,17,310,0,310,0,0,0,0,0,170,170,140,140,51
"5034",33,"[17]HcHsGnJHqKHqajIiJ",291,0.996575,17,292,1,291,1,1,0,1,1,142,142,150,149,51
"5035",34,"[17]HcHsGnJHqKHqajIiJ",300,0.996678,17,301,1,300,1,1,0,1,1,147,147,154,153,51
"5036",35,"[17]HcHsGnJHqKHqajIiJ",281,0.986111,17,288,4,284,4,4,0,4,4,129,129,159,155,51
"5037",36,"[17]HcHsGnJHqKHqajIiJ",296,1,17,295,0,295,0,0,0,0,0,143,143,152,152,51
"5038",37,"[17]HcHsGnJHqKHqajIiJ",288,0.986441,17,295,4,291,4,4,0,4,4,145,145,150,146,51
"5039",38,"[17]HcHsGnJHqKHqajIiJ",296,1,17,295,0,295,0,0,0,0,0,150,150,145,145,51
"5040",39,"[17]HcHsGnJHqKHqajIiJ",295,0.996622,17,296,1,295,1,1,0,1,1,142,142,154,153,51
"5041",40,"[17]HcHsGnJHqKHqajIiJ",307,0.996753,17,308,1,307,1,1,0,1,1,180,180,128,127,51
"5042",41,"[17]HcHsGnJHqKHqajIiJ",299,0.996667,17,300,1,299,1,1,0,1,1,154,154,146,145,51
"5043",42,"[17]HcHsGnJHqKHqajIiJ",291,1,17,290,0,290,0,0,0,0,0,133,133,157,157,51
"5044",43,"[17]HcHsGnJHqKHqajIiJ",306,1,17,305,0,305,0,0,0,0,0,158,158,147,147,51
"5045",44,"[17]HcHsGnJHqKHqajIiJ",277,0.979167,17,288,6,282,6,6,0,6,6,138,138,150,144,51
"5046",45,"[17]HcHsGnJHqKHqajIiJ",301,1,17,300,0,300,0,0,0,0,0,145,145,155,155,51
"5047",46,"[17]HcHsGnJHqKHqajIiJ",287,0.996528,17,288,1,287,1,1,0,1,1,129,129,159,158,51
"5048",47,"[17]HcHsGnJHqKHqajIiJ",304,1,17,303,0,303,0,0,0,0,0,142,142,161,161,51
"5049",48,"[17]HcHsGnJHqKHqajIiJ",305,1,17,304,0,304,0,0,0,0,0,159,159,145,145,51
"5050",49,"[17]HcHsGnJHqKHqajIiJ",302,0.9967,17,303,1,302,1,1,0,1,1,160,160,143,142,51
"5051",50,"[17]HcHsGnJHqKHqajIiJ",296,1,17,295,0,295,0,0,0,0,0,148,148,147,147,51
"5052",51,"[17]HcHsGnJHqKHqajIiJ",299,1,17,298,0,298,0,0,0,0,0,152,152,146,146,51
"5053",52,"[17]HcHsGnJHqKHqajIiJ",291,1,17,290,0,290,0,0,0,0,0,143,143,147,147,51
"5054",53,"[17]HcHsGnJHqKHqajIiJ",304,0.996721,17,305,1,304,1,1,0,1,1,167,167,138,137,51
"5055",54,"[17]HcHsGnJHqKHqajIiJ",298,1,17,297,0,297,0,0,0,0,0,153,153,144,144,51
"5056",55,"[17]HcHsGnJHqKHqajIiJ",298,1,17,297,0,297,0,0,0,0,0,151,151,146,146,51
"5057",56,"[17]HcHsGnJHqKHqajIiJ",301,1,17,300,0,300,0,0,0,0,0,158,158,142,142,51
"5058",57,"[17]HcHsGnJHqKHqajIiJ",301,1,17,300,0,300,0,0,0,0,0,148,148,152,152,51
"5059",58,"[17]HcHsGnJHqKHqajIiJ",300,0.993399,17,303,2,301,2,2,0,2,2,160,160,143,141,51
"5060",59,"[17]HcHsGnJHqKHqajIiJ",292,1,17,291,0,291,0,0,0,0,0,150,150,141,141,51
"5061",60,"[17]HcHsGnJHqKHqajIiJ",301,0.996689,17,302,1,301,1,1,0,1,1,157,157,145,144,51
"5062",61,"[17]HcHsGnJHqKHqajIiJ",301,1,17,300,0,300,0,0,0,0,0,155,155,145,145,51
"5063",62,"[17]HcHsGnJHqKHqajIiJ",307,1,17,306,0,306,0,0,0,0,0,154,154,152,152,51
"5064",63,"[17]HcHsGnJHqKHqajIiJ",304,1,17,303,0,303,0,0,0,0,0,161,161,142,142,51
"5065",64,"[17]HcHsGnJHqKHqajIiJ",298,1,17,297,0,297,0,0,0,0,0,143,143,154,154,51
"5066",65,"[17]HcHsGnJHqKHqajIiJ",281,0.982759,17,290,5,285,5,5,0,5,5,147,147,143,138,51
"5067",66,"[17]HcHsGnJHqKHqajIiJ",293,1,17,292,0,292,0,0,0,0,0,142,142,150,150,51
"5068",67,"[17]HcHsGnJHqKHqajIiJ",303,0.996711,17,304,1,303,1,1,0,1,1,160,160,144,143,51
"5069",68,"[17]HcHsGnJHqKHqajIiJ",293,0.993243,17,296,2,294,2,2,0,2,2,137,137,159,157,51
"5070",69,"[17]HcHsGnJHqKHqajIiJ",291,1,17,290,0,290,0,0,0,0,0,138,138,152,152,51
"5071",70,"[17]HcHsGnJHqKHqajIiJ",298,1,17,297,0,297,0,0,0,0,0,151,151,146,146,51
"5072",71,"[17]HcHsGnJHqKHqajIiJ",296,1,17,295,0,295,0,0,0,0,0,137,137,158,158,51
"5073",72,"[17]HcHsGnJHqKHqajIiJ",297,0.996644,17,298,1,297,1,1,0,1,1,156,156,142,141,51
"5074",73,"[17]HcHsGnJHqKHqajIiJ",291,0.993197,17,294,2,292,2,2,0,2,2,139,139,155,153,51
"5075",74,"[17]HcHsGnJHqKHqajIiJ",297,0.996644,17,298,1,297,1,1,0,1,1,145,145,153,152,51
"5076",75,"[17]HcHsGnJHqKHqajIiJ",306,0.996743,17,307,1,306,1,1,0,1,1,165,165,142,141,51
"5077",76,"[17]HcHsGnJHqKHqajIiJ",304,0.996721,17,305,1,304,1,1,0,1,1,160,160,145,144,51
"5078",77,"[17]HcHsGnJHqKHqajIiJ",299,1,17,298,0,298,0,0,0,0,0,156,156,142,142,51
"5079",78,"[17]HcHsGnJHqKHqajIiJ",294,1,17,293,0,293,0,0,0,0,0,139,139,154,154,51
"5080",79,"[17]HcHsGnJHqKHqajIiJ",288,1,17,287,0,287,0,0,0,0,0,123,123,164,164,51
"5081",80,"[17]HcHsGnJHqKHqajIiJ",296,1,17,295,0,295,0,0,0,0,0,138,138,157,157,51
"5082",81,"[17]HcHsGnJHqKHqajIiJ",302,0.9967,17,303,1,302,1,1,0,1,1,146,146,157,156,51
"5083",82,"[17]HcHsGnJHqKHqajIiJ",304,1,17,303,0,303,0,0,0,0,0,158,158,145,145,51
"5084",83,"[17]HcHsGnJHqKHqajIiJ",295,1,17,294,0,294,0,0,0,0,0,139,139,155,155,51
"5085",84,"[17]HcHsGnJHqKHqajIiJ",305,1,17,304,0,304,0,0,0,0,0,160,160,144,144,51
"5086",85,"[17]HcHsGnJHqKHqajIiJ",300,1,17,299,0,299,0,0,0,0,0,144,144,155,155,51
"5087",86,"[17]HcHsGnJHqKHqajIiJ",289,0.996552,17,290,1,289,1,1,0,1,1,130,130,160,159,51
"5088",87,"[17]HcHsGnJHqKHqajIiJ",300,1,17,299,0,299,0,0,0,0,0,151,151,148,148,51
"5089",88,"[17]HcHsGnJHqKHqajIiJ",296,1,17,295,0,295,0,0,0,0,0,143,143,152,152,51
"5090",89,"[17]HcHsGnJHqKHqajIiJ",292,0.996587,17,293,1,292,1,1,0,1,1,137,137,156,155,51
"5091",90,"[17]HcHsGnJHqKHqajIiJ",296,1,17,295,0,295,0,0,0,0,0,142,142,153,153,51
"5092",91,"[17]HcHsGnJHqKHqajIiJ",296,0.996633,17,297,1,296,1,1,0,1,1,147,147,150,149,51
"5093",92,"[17]HcHsGnJHqKHqajIiJ",284,0.993031,17,287,2,285,2,2,0,2,2,126,126,161,159,51
"5094",93,"[17]HcHsGnJHqKHqajIiJ",289,0.989796,17,294,3,291,3,3,0,3,3,148,148,146,143,51
"5095",94,"[17]HcHsGnJHqKHqajIiJ",306,0.996743,17,307,1,306,1,1,0,1,1,163,163,144,143,51
"5096",95,"[17]HcHsGnJHqKHqajIiJ",296,0.993311,17,299,2,297,2,2,0,2,2,141,141,158,156,51
"5097",96,"[17]HcHsGnJHqKHqajIiJ",304,1,17,303,0,303,0,0,0,0,0,158,158,145,145,51
"5098",97,"[17]HcHsGnJHqKHqajIiJ",294,0.99661,17,295,1,294,1,1,0,1,1,144,144,151,150,51
"5099",98,"[17]HcHsGnJHqKHqajIiJ",301,1,17,300,0,300,0,0,0,0,0,146,146,154,154,51
"5100",99,"[17]HcHsGnJHqKHqajIiJ",298,1,17,297,0,297,0,0,0,0,0,147,147,150,150,51
"5101",0,"[18]HcHGtGnJHqKHqakIcJ",298,1,18,297,0,297,0,0,0,0,0,161,161,136,136,52
"5102",1,"[18]HcHGtGnJHqKHqakIcJ",293,1,18,292,0,292,0,0,0,0,0,144,144,148,148,52
"5103",2,"[18]HcHGtGnJHqKHqakIcJ",289,0.996552,18,290,1,289,1,1,0,1,1,150,150,140,139,52
"5104",3,"[18]HcHGtGnJHqKHqakIcJ",302,1,18,301,0,301,0,0,0,0,0,156,156,145,145,52
"5105",4,"[18]HcHGtGnJHqKHqakIcJ",301,1,18,300,0,300,0,0,0,0,0,145,145,155,155,52
"5106",5,"[18]HcHGtGnJHqKHqakIcJ",288,1,18,287,0,287,0,0,0,0,0,123,123,164,164,52
"5107",6,"[18]HcHGtGnJHqKHqakIcJ",295,0.996622,18,296,1,295,1,1,0,1,1,151,151,145,144,52
"5108",7,"[18]HcHGtGnJHqKHqakIcJ",298,0.993355,18,301,2,299,2,2,0,2,2,159,159,142,140,52
"5109",8,"[18]HcHGtGnJHqKHqakIcJ",295,1,18,294,0,294,0,0,0,0,0,142,142,152,152,52
"5110",9,"[18]HcHGtGnJHqKHqakIcJ",306,0.996743,18,307,1,306,1,1,0,1,1,164,164,143,142,52
"5111",10,"[18]HcHGtGnJHqKHqakIcJ",303,1,18,302,0,302,0,0,0,0,0,162,162,140,140,52
"5112",11,"[18]HcHGtGnJHqKHqakIcJ",283,0.993007,18,286,2,284,2,2,0,2,2,134,134,152,150,52
"5113",12,"[18]HcHGtGnJHqKHqakIcJ",299,0.993377,18,302,2,300,2,2,0,2,2,159,159,143,141,52
"5114",13,"[18]HcHGtGnJHqKHqakIcJ",276,0.985866,18,283,4,279,4,4,0,4,4,116,116,167,163,52
"5115",14,"[18]HcHGtGnJHqKHqakIcJ",291,0.993197,18,294,2,292,2,2,0,2,2,148,148,146,144,52
"5116",15,"[18]HcHGtGnJHqKHqakIcJ",304,1,18,303,0,303,0,0,0,0,0,155,155,148,148,52
"5117",16,"[18]HcHGtGnJHqKHqakIcJ",289,0.993151,18,292,2,290,2,2,0,2,2,133,133,159,157,52
"5118",17,"[18]HcHGtGnJHqKHqakIcJ",302,1,18,301,0,301,0,0,0,0,0,162,162,139,139,52
"5119",18,"[18]HcHGtGnJHqKHqakIcJ",288,0.99654,18,289,1,288,1,1,0,1,1,131,131,158,157,52
"5120",19,"[18]HcHGtGnJHqKHqakIcJ",297,0.996644,18,298,1,297,1,1,0,1,1,143,143,155,154,52
"5121",20,"[18]HcHGtGnJHqKHqakIcJ",302,1,18,301,0,301,0,0,0,0,0,152,152,149,149,52
"5122",21,"[18]HcHGtGnJHqKHqakIcJ",300,1,18,299,0,299,0,0,0,0,0,156,156,143,143,52
"5123",22,"[18]HcHGtGnJHqKHqakIcJ",306,1,18,305,0,305,0,0,0,0,0,147,147,158,158,52
"5124",23,"[18]HcHGtGnJHqKHqakIcJ",294,1,18,293,0,293,0,0,0,0,0,130,130,163,163,52
"5125",24,"[18]HcHGtGnJHqKHqakIcJ",287,0.989726,18,292,3,289,3,3,0,3,3,135,135,157,154,52
"5126",25,"[18]HcHGtGnJHqKHqakIcJ",295,1,18,294,0,294,0,0,0,0,0,152,152,142,142,52
"5127",26,"[18]HcHGtGnJHqKHqakIcJ",298,1,18,297,0,297,0,0,0,0,0,139,139,158,158,52
"5128",27,"[18]HcHGtGnJHqKHqakIcJ",290,1,18,289,0,289,0,0,0,0,0,120,120,169,169,52
"5129",28,"[18]HcHGtGnJHqKHqakIcJ",294,0.99661,18,295,1,294,1,1,0,1,1,151,151,144,143,52
"5130",29,"[18]HcHGtGnJHqKHqakIcJ",277,0.979167,18,288,6,282,6,6,0,6,6,139,139,149,143,52
"5131",30,"[18]HcHGtGnJHqKHqakIcJ",300,1,18,299,0,299,0,0,0,0,0,138,138,161,161,52
"5132",31,"[18]HcHGtGnJHqKHqakIcJ",290,0.993174,18,293,2,291,2,2,0,2,2,141,141,152,150,52
"5133",32,"[18]HcHGtGnJHqKHqakIcJ",286,1,18,285,0,285,0,0,0,0,0,112,112,173,173,52
"5134",33,"[18]HcHGtGnJHqKHqakIcJ",301,1,18,300,0,300,0,0,0,0,0,155,155,145,145,52
"5135",34,"[18]HcHGtGnJHqKHqakIcJ",298,1,18,297,0,297,0,0,0,0,0,136,136,161,161,52
"5136",35,"[18]HcHGtGnJHqKHqakIcJ",296,1,18,295,0,295,0,0,0,0,0,142,142,153,153,52
"5137",36,"[18]HcHGtGnJHqKHqakIcJ",299,0.996667,18,300,1,299,1,1,0,1,1,149,149,151,150,52
"5138",37,"[18]HcHGtGnJHqKHqakIcJ",284,0.986254,18,291,4,287,4,4,0,4,4,136,136,155,151,52
"5139",38,"[18]HcHGtGnJHqKHqakIcJ",287,0.989726,18,292,3,289,3,3,0,3,3,142,142,150,147,52
"5140",39,"[18]HcHGtGnJHqKHqakIcJ",291,0.996575,18,292,1,291,1,1,0,1,1,133,133,159,158,52
"5141",40,"[18]HcHGtGnJHqKHqakIcJ",302,0.9967,18,303,1,302,1,1,0,1,1,173,173,130,129,52
"5142",41,"[18]HcHGtGnJHqKHqakIcJ",287,0.986395,18,294,4,290,4,4,0,4,4,157,157,137,133,52
"5143",42,"[18]HcHGtGnJHqKHqakIcJ",288,0.983165,18,297,5,292,5,5,0,5,5,144,144,153,148,52
"5144",43,"[18]HcHGtGnJHqKHqakIcJ",282,0.986159,18,289,4,285,4,4,0,4,4,137,137,152,148,52
"5145",44,"[18]HcHGtGnJHqKHqakIcJ",303,0.993464,18,306,2,304,2,2,0,2,2,161,161,145,143,52
"5146",45,"[18]HcHGtGnJHqKHqakIcJ",303,0.996711,18,304,1,303,1,1,0,1,1,177,177,127,126,52
"5147",46,"[18]HcHGtGnJHqKHqakIcJ",303,1,18,302,0,302,0,0,0,0,0,158,158,144,144,52
"5148",47,"[18]HcHGtGnJHqKHqakIcJ",293,0.993243,18,296,2,294,2,2,0,2,2,146,146,150,148,52
"5149",48,"[18]HcHGtGnJHqKHqakIcJ",287,0.989726,18,292,3,289,3,3,0,3,3,142,142,150,147,52
"5150",49,"[18]HcHGtGnJHqKHqakIcJ",294,1,18,293,0,293,0,0,0,0,0,143,143,150,150,52
"5151",50,"[18]HcHGtGnJHqKHqakIcJ",291,0.993197,18,294,2,292,2,2,0,2,2,139,139,155,153,52
"5152",51,"[18]HcHGtGnJHqKHqakIcJ",288,0.99654,18,289,1,288,1,1,0,1,1,128,128,161,160,52
"5153",52,"[18]HcHGtGnJHqKHqakIcJ",300,1,18,299,0,299,0,0,0,0,0,150,150,149,149,52
"5154",53,"[18]HcHGtGnJHqKHqakIcJ",295,1,18,294,0,294,0,0,0,0,0,146,146,148,148,52
"5155",54,"[18]HcHGtGnJHqKHqakIcJ",292,0.99322,18,295,2,293,2,2,0,2,2,148,148,147,145,52
"5156",55,"[18]HcHGtGnJHqKHqakIcJ",288,0.99654,18,289,1,288,1,1,0,1,1,140,140,149,148,52
"5157",56,"[18]HcHGtGnJHqKHqakIcJ",294,0.993266,18,297,2,295,2,2,0,2,2,146,146,151,149,52
"5158",57,"[18]HcHGtGnJHqKHqakIcJ",296,1,18,295,0,295,0,0,0,0,0,135,135,160,160,52
"5159",58,"[18]HcHGtGnJHqKHqakIcJ",298,0.996656,18,299,1,298,1,1,0,1,1,159,159,140,139,52
"5160",59,"[18]HcHGtGnJHqKHqakIcJ",289,0.989796,18,294,3,291,3,3,0,3,3,148,148,146,143,52
"5161",60,"[18]HcHGtGnJHqKHqakIcJ",300,1,18,299,0,299,0,0,0,0,0,150,150,149,149,52
"5162",61,"[18]HcHGtGnJHqKHqakIcJ",299,1,18,298,0,298,0,0,0,0,0,142,142,156,156,52
"5163",62,"[18]HcHGtGnJHqKHqakIcJ",288,0.99654,18,289,1,288,1,1,0,1,1,128,128,161,160,52
"5164",63,"[18]HcHGtGnJHqKHqakIcJ",298,1,18,297,0,297,0,0,0,0,0,146,146,151,151,52
"5165",64,"[18]HcHGtGnJHqKHqakIcJ",304,1,18,303,0,303,0,0,0,0,0,156,156,147,147,52
"5166",65,"[18]HcHGtGnJHqKHqakIcJ",304,1,18,303,0,303,0,0,0,0,0,156,156,147,147,52
"5167",66,"[18]HcHGtGnJHqKHqakIcJ",286,0.989691,18,291,3,288,3,3,0,3,3,144,144,147,144,52
"5168",67,"[18]HcHGtGnJHqKHqakIcJ",307,1,18,306,0,306,0,0,0,0,0,160,160,146,146,52
"5169",68,"[18]HcHGtGnJHqKHqakIcJ",300,1,18,299,0,299,0,0,0,0,0,139,139,160,160,52
"5170",69,"[18]HcHGtGnJHqKHqakIcJ",309,1,18,308,0,308,0,0,0,0,0,165,165,143,143,52
"5171",70,"[18]HcHGtGnJHqKHqakIcJ",293,0.996599,18,294,1,293,1,1,0,1,1,146,146,148,147,52
"5172",71,"[18]HcHGtGnJHqKHqakIcJ",298,1,18,297,0,297,0,0,0,0,0,164,164,133,133,52
"5173",72,"[18]HcHGtGnJHqKHqakIcJ",293,1,18,292,0,292,0,0,0,0,0,145,145,147,147,52
"5174",73,"[18]HcHGtGnJHqKHqakIcJ",299,1,18,298,0,298,0,0,0,0,0,147,147,151,151,52
"5175",74,"[18]HcHGtGnJHqKHqakIcJ",292,1,18,291,0,291,0,0,0,0,0,133,133,158,158,52
"5176",75,"[18]HcHGtGnJHqKHqakIcJ",308,0.996764,18,309,1,308,1,1,0,1,1,165,165,144,143,52
"5177",76,"[18]HcHGtGnJHqKHqakIcJ",298,1,18,297,0,297,0,0,0,0,0,146,146,151,151,52
"5178",77,"[18]HcHGtGnJHqKHqakIcJ",300,0.996678,18,301,1,300,1,1,0,1,1,146,146,155,154,52
"5179",78,"[18]HcHGtGnJHqKHqakIcJ",292,0.989899,18,297,3,294,3,3,0,3,3,138,138,159,156,52
"5180",79,"[18]HcHGtGnJHqKHqakIcJ",295,0.996622,18,296,1,295,1,1,0,1,1,155,155,141,140,52
"5181",80,"[18]HcHGtGnJHqKHqakIcJ",298,1,18,297,0,297,0,0,0,0,0,154,154,143,143,52
"5182",81,"[18]HcHGtGnJHqKHqakIcJ",305,1,18,304,0,304,0,0,0,0,0,157,157,147,147,52
"5183",82,"[18]HcHGtGnJHqKHqakIcJ",301,1,18,300,0,300,0,0,0,0,0,153,153,147,147,52
"5184",83,"[18]HcHGtGnJHqKHqakIcJ",291,0.993197,18,294,2,292,2,2,0,2,2,158,158,136,134,52
"5185",84,"[18]HcHGtGnJHqKHqakIcJ",299,0.996667,18,300,1,299,1,1,0,1,1,146,146,154,153,52
"5186",85,"[18]HcHGtGnJHqKHqakIcJ",301,1,18,300,0,300,0,0,0,0,0,153,153,147,147,52
"5187",86,"[18]HcHGtGnJHqKHqakIcJ",294,1,18,293,0,293,0,0,0,0,0,127,127,166,166,52
"5188",87,"[18]HcHGtGnJHqKHqakIcJ",303,1,18,302,0,302,0,0,0,0,0,143,143,159,159,52
"5189",88,"[18]HcHGtGnJHqKHqakIcJ",300,0.996678,18,301,1,300,1,1,0,1,1,142,142,159,158,52
"5190",89,"[18]HcHGtGnJHqKHqakIcJ",302,1,18,301,0,301,0,0,0,0,0,148,148,153,153,52
"5191",90,"[18]HcHGtGnJHqKHqakIcJ",296,0.993311,18,299,2,297,2,2,0,2,2,143,143,156,154,52
"5192",91,"[18]HcHGtGnJHqKHqakIcJ",300,1,18,299,0,299,0,0,0,0,0,153,153,146,146,52
"5193",92,"[18]HcHGtGnJHqKHqakIcJ",291,0.993197,18,294,2,292,2,2,0,2,2,135,135,159,157,52
"5194",93,"[18]HcHGtGnJHqKHqakIcJ",303,1,18,302,0,302,0,0,0,0,0,158,158,144,144,52
"5195",94,"[18]HcHGtGnJHqKHqakIcJ",298,0.996656,18,299,1,298,1,1,0,1,1,159,159,140,139,52
"5196",95,"[18]HcHGtGnJHqKHqakIcJ",301,1,18,300,0,300,0,0,0,0,0,155,155,145,145,52
"5197",96,"[18]HcHGtGnJHqKHqakIcJ",290,0.993174,18,293,2,291,2,2,0,2,2,137,137,156,154,52
"5198",97,"[18]HcHGtGnJHqKHqakIcJ",302,1,18,301,0,301,0,0,0,0,0,160,160,141,141,52
"5199",98,"[18]HcHGtGnJHqKHqakIcJ",293,1,18,292,0,292,0,0,0,0,0,133,133,159,159,52
"5200",99,"[18]HcHGtGnJHqKHqakIcJ",291,0.986577,18,298,4,294,4,4,0,4,4,150,150,148,144,52
"5201",0,"[18]uHcHxGnJHqKHqaIjJf",294,0.99661,18,295,1,294,1,1,0,1,1,141,141,154,153,53
"5202",1,"[18]uHcHxGnJHqKHqaIjJf",304,1,18,303,0,303,0,0,0,0,0,146,146,157,157,53
"5203",2,"[18]uHcHxGnJHqKHqaIjJf",296,1,18,295,0,295,0,0,0,0,0,137,137,158,158,53
"5204",3,"[18]uHcHxGnJHqKHqaIjJf",298,1,18,297,0,297,0,0,0,0,0,139,139,158,158,53
"5205",4,"[18]uHcHxGnJHqKHqaIjJf",302,1,18,301,0,301,0,0,0,0,0,158,158,143,143,53
"5206",5,"[18]uHcHxGnJHqKHqaIjJf",276,0.982456,18,285,5,280,5,5,0,5,5,131,131,154,149,53
"5207",6,"[18]uHcHxGnJHqKHqaIjJf",287,0.993103,18,290,2,288,2,2,0,2,2,139,139,151,149,53
"5208",7,"[18]uHcHxGnJHqKHqaIjJf",287,1,18,286,0,286,0,0,0,0,0,135,135,151,151,53
"5209",8,"[18]uHcHxGnJHqKHqaIjJf",296,0.996633,18,297,1,296,1,1,0,1,1,149,149,148,147,53
"5210",9,"[18]uHcHxGnJHqKHqaIjJf",299,1,18,298,0,298,0,0,0,0,0,150,150,148,148,53
"5211",10,"[18]uHcHxGnJHqKHqaIjJf",291,0.993197,18,294,2,292,2,2,0,2,2,146,146,148,146,53
"5212",11,"[18]uHcHxGnJHqKHqaIjJf",302,1,18,301,0,301,0,0,0,0,0,154,154,147,147,53
"5213",12,"[18]uHcHxGnJHqKHqaIjJf",299,0.996667,18,300,1,299,1,1,0,1,1,149,149,151,150,53
"5214",13,"[18]uHcHxGnJHqKHqaIjJf",296,0.990033,18,301,3,298,3,3,0,3,3,152,152,149,146,53
"5215",14,"[18]uHcHxGnJHqKHqaIjJf",296,0.996633,18,297,1,296,1,1,0,1,1,140,140,157,156,53
"5216",15,"[18]uHcHxGnJHqKHqaIjJf",289,0.996552,18,290,1,289,1,1,0,1,1,134,134,156,155,53
"5217",16,"[18]uHcHxGnJHqKHqaIjJf",285,0.986301,18,292,4,288,4,4,0,4,4,146,146,146,142,53
"5218",17,"[18]uHcHxGnJHqKHqaIjJf",292,0.996587,18,293,1,292,1,1,0,1,1,134,134,159,158,53
"5219",18,"[18]uHcHxGnJHqKHqaIjJf",289,0.989796,18,294,3,291,3,3,0,3,3,139,139,155,152,53
"5220",19,"[18]uHcHxGnJHqKHqaIjJf",304,1,18,303,0,303,0,0,0,0,0,143,143,160,160,53
"5221",20,"[18]uHcHxGnJHqKHqaIjJf",300,1,18,299,0,299,0,0,0,0,0,146,146,153,153,53
"5222",21,"[18]uHcHxGnJHqKHqaIjJf",298,1,18,297,0,297,0,0,0,0,0,146,146,151,151,53
"5223",22,"[18]uHcHxGnJHqKHqaIjJf",286,1,18,285,0,285,0,0,0,0,0,127,127,158,158,53
"5224",23,"[18]uHcHxGnJHqKHqaIjJf",290,0.996564,18,291,1,290,1,1,0,1,1,135,135,156,155,53
"5225",24,"[18]uHcHxGnJHqKHqaIjJf",306,1,18,305,0,305,0,0,0,0,0,148,148,157,157,53
"5226",25,"[18]uHcHxGnJHqKHqaIjJf",310,1,18,309,0,309,0,0,0,0,0,158,158,151,151,53
"5227",26,"[18]uHcHxGnJHqKHqaIjJf",298,1,18,297,0,297,0,0,0,0,0,149,149,148,148,53
"5228",27,"[18]uHcHxGnJHqKHqaIjJf",298,1,18,297,0,297,0,0,0,0,0,139,139,158,158,53
"5229",28,"[18]uHcHxGnJHqKHqaIjJf",292,1,18,291,0,291,0,0,0,0,0,130,130,161,161,53
"5230",29,"[18]uHcHxGnJHqKHqaIjJf",301,1,18,300,0,300,0,0,0,0,0,141,141,159,159,53
"5231",30,"[18]uHcHxGnJHqKHqaIjJf",292,0.989899,18,297,3,294,3,3,0,3,3,158,158,139,136,53
"5232",31,"[18]uHcHxGnJHqKHqaIjJf",295,1,18,294,0,294,0,0,0,0,0,139,139,155,155,53
"5233",32,"[18]uHcHxGnJHqKHqaIjJf",300,1,18,299,0,299,0,0,0,0,0,135,135,164,164,53
"5234",33,"[18]uHcHxGnJHqKHqaIjJf",294,1,18,293,0,293,0,0,0,0,0,131,131,162,162,53
"5235",34,"[18]uHcHxGnJHqKHqaIjJf",302,0.9967,18,303,1,302,1,1,0,1,1,159,159,144,143,53
"5236",35,"[18]uHcHxGnJHqKHqaIjJf",297,0.996644,18,298,1,297,1,1,0,1,1,133,133,165,164,53
"5237",36,"[18]uHcHxGnJHqKHqaIjJf",303,1,18,302,0,302,0,0,0,0,0,157,157,145,145,53
"5238",37,"[18]uHcHxGnJHqKHqaIjJf",298,0.990099,18,303,3,300,3,3,0,3,3,155,155,148,145,53
"5239",38,"[18]uHcHxGnJHqKHqaIjJf",294,0.993266,18,297,2,295,2,2,0,2,2,138,138,159,157,53
"5240",39,"[18]uHcHxGnJHqKHqaIjJf",294,0.99661,18,295,1,294,1,1,0,1,1,153,153,142,141,53
"5241",40,"[18]uHcHxGnJHqKHqaIjJf",292,0.99322,18,295,2,293,2,2,0,2,2,139,139,156,154,53
"5242",41,"[18]uHcHxGnJHqKHqaIjJf",282,0.986159,18,289,4,285,4,4,0,4,4,143,143,146,142,53
"5243",42,"[18]uHcHxGnJHqKHqaIjJf",302,1,18,301,0,301,0,0,0,0,0,150,150,151,151,53
"5244",43,"[18]uHcHxGnJHqKHqaIjJf",291,0.989865,18,296,3,293,3,3,0,3,3,142,142,154,151,53
"5245",44,"[18]uHcHxGnJHqKHqaIjJf",295,1,18,294,0,294,0,0,0,0,0,134,134,160,160,53
"5246",45,"[18]uHcHxGnJHqKHqaIjJf",309,1,18,308,0,308,0,0,0,0,0,167,167,141,141,53
"5247",46,"[18]uHcHxGnJHqKHqaIjJf",296,1,18,295,0,295,0,0,0,0,0,141,141,154,154,53
"5248",47,"[18]uHcHxGnJHqKHqaIjJf",294,0.99661,18,295,1,294,1,1,0,1,1,140,140,155,154,53
"5249",48,"[18]uHcHxGnJHqKHqaIjJf",288,0.989761,18,293,3,290,3,3,0,3,3,139,139,154,151,53
"5250",49,"[18]uHcHxGnJHqKHqaIjJf",289,0.996552,18,290,1,289,1,1,0,1,1,130,130,160,159,53
"5251",50,"[18]uHcHxGnJHqKHqaIjJf",300,1,18,299,0,299,0,0,0,0,0,155,155,144,144,53
"5252",51,"[18]uHcHxGnJHqKHqaIjJf",295,0.996622,18,296,1,295,1,1,0,1,1,138,138,158,157,53
"5253",52,"[18]uHcHxGnJHqKHqaIjJf",302,0.993443,18,305,2,303,2,2,0,2,2,153,153,152,150,53
"5254",53,"[18]uHcHxGnJHqKHqaIjJf",290,0.993174,18,293,2,291,2,2,0,2,2,145,145,148,146,53
"5255",54,"[18]uHcHxGnJHqKHqaIjJf",305,1,18,304,0,304,0,0,0,0,0,161,161,143,143,53
"5256",55,"[18]uHcHxGnJHqKHqaIjJf",290,0.996564,18,291,1,290,1,1,0,1,1,146,146,145,144,53
"5257",56,"[18]uHcHxGnJHqKHqaIjJf",295,0.993289,18,298,2,296,2,2,0,2,2,142,142,156,154,53
"5258",57,"[18]uHcHxGnJHqKHqaIjJf",293,0.993243,18,296,2,294,2,2,0,2,2,142,142,154,152,53
"5259",58,"[18]uHcHxGnJHqKHqaIjJf",293,0.996599,18,294,1,293,1,1,0,1,1,135,135,159,158,53
"5260",59,"[18]uHcHxGnJHqKHqaIjJf",290,0.993174,18,293,2,291,2,2,0,2,2,153,153,140,138,53
"5261",60,"[18]uHcHxGnJHqKHqaIjJf",298,1,18,297,0,297,0,0,0,0,0,150,150,147,147,53
"5262",61,"[18]uHcHxGnJHqKHqaIjJf",298,1,18,297,0,297,0,0,0,0,0,138,138,159,159,53
"5263",62,"[18]uHcHxGnJHqKHqaIjJf",276,0.985866,18,283,4,279,4,4,0,4,4,123,123,160,156,53
"5264",63,"[18]uHcHxGnJHqKHqaIjJf",298,0.996656,18,299,1,298,1,1,0,1,1,147,147,152,151,53
"5265",64,"[18]uHcHxGnJHqKHqaIjJf",299,1,18,298,0,298,0,0,0,0,0,145,145,153,153,53
"5266",65,"[18]uHcHxGnJHqKHqaIjJf",294,0.993266,18,297,2,295,2,2,0,2,2,155,155,142,140,53
"5267",66,"[18]uHcHxGnJHqKHqaIjJf",296,0.996633,18,297,1,296,1,1,0,1,1,146,146,151,150,53
"5268",67,"[18]uHcHxGnJHqKHqaIjJf",286,0.99308,18,289,2,287,2,2,0,2,2,136,136,153,151,53
"5269",68,"[18]uHcHxGnJHqKHqaIjJf",294,0.99661,18,295,1,294,1,1,0,1,1,139,139,156,155,53
"5270",69,"[18]uHcHxGnJHqKHqaIjJf",306,1,18,305,0,305,0,0,0,0,0,154,154,151,151,53
"5271",70,"[18]uHcHxGnJHqKHqaIjJf",294,0.99661,18,295,1,294,1,1,0,1,1,143,143,152,151,53
"5272",71,"[18]uHcHxGnJHqKHqaIjJf",290,0.993174,18,293,2,291,2,2,0,2,2,131,131,162,160,53
"5273",72,"[18]uHcHxGnJHqKHqaIjJf",286,0.989691,18,291,3,288,3,3,0,3,3,151,151,140,137,53
"5274",73,"[18]uHcHxGnJHqKHqaIjJf",305,1,18,304,0,304,0,0,0,0,0,162,162,142,142,53
"5275",74,"[18]uHcHxGnJHqKHqaIjJf",298,0.993355,18,301,2,299,2,2,0,2,2,156,156,145,143,53
"5276",75,"[18]uHcHxGnJHqKHqaIjJf",301,1,18,300,0,300,0,0,0,0,0,146,146,154,154,53
"5277",76,"[18]uHcHxGnJHqKHqaIjJf",301,0.996689,18,302,1,301,1,1,0,1,1,161,161,141,140,53
"5278",77,"[18]uHcHxGnJHqKHqaIjJf",292,1,18,291,0,291,0,0,0,0,0,146,146,145,145,53
"5279",78,"[18]uHcHxGnJHqKHqaIjJf",298,0.996656,18,299,1,298,1,1,0,1,1,154,154,145,144,53
"5280",79,"[18]uHcHxGnJHqKHqaIjJf",297,0.993333,18,300,2,298,2,2,0,2,2,156,156,144,142,53
"5281",80,"[18]uHcHxGnJHqKHqaIjJf",296,1,18,295,0,295,0,0,0,0,0,143,143,152,152,53
"5282",81,"[18]uHcHxGnJHqKHqaIjJf",299,0.996667,18,300,1,299,1,1,0,1,1,156,156,144,143,53
"5283",82,"[18]uHcHxGnJHqKHqaIjJf",282,0.989547,18,287,3,284,3,3,0,3,3,137,137,150,147,53
"5284",83,"[18]uHcHxGnJHqKHqaIjJf",304,1,18,303,0,303,0,0,0,0,0,155,155,148,148,53
"5285",84,"[18]uHcHxGnJHqKHqaIjJf",305,1,18,304,0,304,0,0,0,0,0,162,162,142,142,53
"5286",85,"[18]uHcHxGnJHqKHqaIjJf",294,1,18,293,0,293,0,0,0,0,0,131,131,162,162,53
"5287",86,"[18]uHcHxGnJHqKHqaIjJf",295,1,18,294,0,294,0,0,0,0,0,134,134,160,160,53
"5288",87,"[18]uHcHxGnJHqKHqaIjJf",302,0.9967,18,303,1,302,1,1,0,1,1,155,155,148,147,53
"5289",88,"[18]uHcHxGnJHqKHqaIjJf",294,0.99661,18,295,1,294,1,1,0,1,1,146,146,149,148,53
"5290",89,"[18]uHcHxGnJHqKHqaIjJf",294,0.993266,18,297,2,295,2,2,0,2,2,148,148,149,147,53
"5291",90,"[18]uHcHxGnJHqKHqaIjJf",298,1,18,297,0,297,0,0,0,0,0,148,148,149,149,53
"5292",91,"[18]uHcHxGnJHqKHqaIjJf",301,1,18,300,0,300,0,0,0,0,0,158,158,142,142,53
"5293",92,"[18]uHcHxGnJHqKHqaIjJf",302,0.9967,18,303,1,302,1,1,0,1,1,167,167,136,135,53
"5294",93,"[18]uHcHxGnJHqKHqaIjJf",295,0.99,18,300,3,297,3,3,0,3,3,156,156,144,141,53
"5295",94,"[18]uHcHxGnJHqKHqaIjJf",302,1,18,301,0,301,0,0,0,0,0,155,155,146,146,53
"5296",95,"[18]uHcHxGnJHqKHqaIjJf",289,0.986486,18,296,4,292,4,4,0,4,4,165,165,131,127,53
"5297",96,"[18]uHcHxGnJHqKHqaIjJf",296,0.996633,18,297,1,296,1,1,0,1,1,142,142,155,154,53
"5298",97,"[18]uHcHxGnJHqKHqaIjJf",295,0.996622,18,296,1,295,1,1,0,1,1,145,145,151,150,53
"5299",98,"[18]uHcHxGnJHqKHqaIjJf",295,1,18,294,0,294,0,0,0,0,0,145,145,149,149,53
"5300",99,"[18]uHcHxGnJHqKHqaIjJf",296,1,18,295,0,295,0,0,0,0,0,133,133,162,162,53
"5301",0,"[16]GHcHwGnJHqKHqaIJ",301,0.996689,16,302,1,301,1,1,0,1,1,148,148,154,153,54
"5302",1,"[16]GHcHwGnJHqKHqaIJ",298,0.993355,16,301,2,299,2,2,0,2,2,152,152,149,147,54
"5303",2,"[16]GHcHwGnJHqKHqaIJ",305,1,16,304,0,304,0,0,0,0,0,154,154,150,150,54
"5304",3,"[16]GHcHwGnJHqKHqaIJ",293,0.993243,16,296,2,294,2,2,0,2,2,145,145,151,149,54
"5305",4,"[16]GHcHwGnJHqKHqaIJ",293,0.993243,16,296,2,294,2,2,0,2,2,151,151,145,143,54
"5306",5,"[16]GHcHwGnJHqKHqaIJ",299,1,16,298,0,298,0,0,0,0,0,150,150,148,148,54
"5307",6,"[16]GHcHwGnJHqKHqaIJ",304,1,16,303,0,303,0,0,0,0,0,154,154,149,149,54
"5308",7,"[16]GHcHwGnJHqKHqaIJ",302,0.9967,16,303,1,302,1,1,0,1,1,160,160,143,142,54
"5309",8,"[16]GHcHwGnJHqKHqaIJ",282,0.989547,16,287,3,284,3,3,0,3,3,130,130,157,154,54
"5310",9,"[16]GHcHwGnJHqKHqaIJ",297,1,16,296,0,296,0,0,0,0,0,147,147,149,149,54
"5311",10,"[16]GHcHwGnJHqKHqaIJ",284,0.976431,16,297,7,290,7,7,0,7,7,162,162,135,128,54
"5312",11,"[16]GHcHwGnJHqKHqaIJ",296,0.993311,16,299,2,297,2,2,0,2,2,148,148,151,149,54
"5313",12,"[16]GHcHwGnJHqKHqaIJ",306,1,16,305,0,305,0,0,0,0,0,164,164,141,141,54
"5314",13,"[16]GHcHwGnJHqKHqaIJ",307,0.996753,16,308,1,307,1,1,0,1,1,170,170,138,137,54
"5315",14,"[16]GHcHwGnJHqKHqaIJ",290,0.993174,16,293,2,291,2,2,0,2,2,140,140,153,151,54
"5316",15,"[16]GHcHwGnJHqKHqaIJ",291,0.996575,16,292,1,291,1,1,0,1,1,139,139,153,152,54
"5317",16,"[16]GHcHwGnJHqKHqaIJ",290,1,16,289,0,289,0,0,0,0,0,125,125,164,164,54
"5318",17,"[16]GHcHwGnJHqKHqaIJ",306,0.996743,16,307,1,306,1,1,0,1,1,157,157,150,149,54
"5319",18,"[16]GHcHwGnJHqKHqaIJ",304,1,16,303,0,303,0,0,0,0,0,149,149,154,154,54
"5320",19,"[16]GHcHwGnJHqKHqaIJ",298,1,16,297,0,297,0,0,0,0,0,144,144,153,153,54
"5321",20,"[16]GHcHwGnJHqKHqaIJ",302,0.993443,16,305,2,303,2,2,0,2,2,158,158,147,145,54
"5322",21,"[16]GHcHwGnJHqKHqaIJ",303,0.996711,16,304,1,303,1,1,0,1,1,168,168,136,135,54
"5323",22,"[16]GHcHwGnJHqKHqaIJ",293,1,16,292,0,292,0,0,0,0,0,140,140,152,152,54
"5324",23,"[16]GHcHwGnJHqKHqaIJ",303,0.996711,16,304,1,303,1,1,0,1,1,157,157,147,146,54
"5325",24,"[16]GHcHwGnJHqKHqaIJ",279,0.982639,16,288,5,283,5,5,0,5,5,142,142,146,141,54
"5326",25,"[16]GHcHwGnJHqKHqaIJ",308,1,16,307,0,307,0,0,0,0,0,166,166,141,141,54
"5327",26,"[16]GHcHwGnJHqKHqaIJ",289,0.989796,16,294,3,291,3,3,0,3,3,145,145,149,146,54
"5328",27,"[16]GHcHwGnJHqKHqaIJ",297,0.996644,16,298,1,297,1,1,0,1,1,145,145,153,152,54
"5329",28,"[16]GHcHwGnJHqKHqaIJ",296,1,16,295,0,295,0,0,0,0,0,139,139,156,156,54
"5330",29,"[16]GHcHwGnJHqKHqaIJ",301,0.996689,16,302,1,301,1,1,0,1,1,149,149,153,152,54
"5331",30,"[16]GHcHwGnJHqKHqaIJ",295,1,16,294,0,294,0,0,0,0,0,129,129,165,165,54
"5332",31,"[16]GHcHwGnJHqKHqaIJ",291,1,16,290,0,290,0,0,0,0,0,133,133,157,157,54
"5333",32,"[16]GHcHwGnJHqKHqaIJ",272,0.968858,16,289,9,280,9,9,0,9,9,141,141,148,139,54
"5334",33,"[16]GHcHwGnJHqKHqaIJ",295,1,16,294,0,294,0,0,0,0,0,128,128,166,166,54
"5335",34,"[16]GHcHwGnJHqKHqaIJ",307,1,16,306,0,306,0,0,0,0,0,157,157,149,149,54
"5336",35,"[16]GHcHwGnJHqKHqaIJ",293,1,16,292,0,292,0,0,0,0,0,130,130,162,162,54
"5337",36,"[16]GHcHwGnJHqKHqaIJ",305,1,16,304,0,304,0,0,0,0,0,161,161,143,143,54
"5338",37,"[16]GHcHwGnJHqKHqaIJ",294,0.99661,16,295,1,294,1,1,0,1,1,144,144,151,150,54
"5339",38,"[16]GHcHwGnJHqKHqaIJ",298,1,16,297,0,297,0,0,0,0,0,145,145,152,152,54
"5340",39,"[16]GHcHwGnJHqKHqaIJ",303,1,16,302,0,302,0,0,0,0,0,155,155,147,147,54
"5341",40,"[16]GHcHwGnJHqKHqaIJ",287,0.989726,16,292,3,289,3,3,0,3,3,146,146,146,143,54
"5342",41,"[16]GHcHwGnJHqKHqaIJ",293,0.989933,16,298,3,295,3,3,0,3,3,155,155,143,140,54
"5343",42,"[16]GHcHwGnJHqKHqaIJ",292,0.989899,16,297,3,294,3,3,0,3,3,157,157,140,137,54
"5344",43,"[16]GHcHwGnJHqKHqaIJ",296,1,16,295,0,295,0,0,0,0,0,138,138,157,157,54
"5345",44,"[16]GHcHwGnJHqKHqaIJ",306,1,16,305,0,305,0,0,0,0,0,164,164,141,141,54
"5346",45,"[16]GHcHwGnJHqKHqaIJ",301,1,16,300,0,300,0,0,0,0,0,153,153,147,147,54
"5347",46,"[16]GHcHwGnJHqKHqaIJ",287,0.983108,16,296,5,291,5,5,0,5,5,155,155,141,136,54
"5348",47,"[16]GHcHwGnJHqKHqaIJ",296,0.996633,16,297,1,296,1,1,0,1,1,154,154,143,142,54
"5349",48,"[16]GHcHwGnJHqKHqaIJ",288,0.993127,16,291,2,289,2,2,0,2,2,136,136,155,153,54
"5350",49,"[16]GHcHwGnJHqKHqaIJ",298,1,16,297,0,297,0,0,0,0,0,138,138,159,159,54
"5351",50,"[16]GHcHwGnJHqKHqaIJ",305,1,16,304,0,304,0,0,0,0,0,155,155,149,149,54
"5352",51,"[16]GHcHwGnJHqKHqaIJ",295,0.996622,16,296,1,295,1,1,0,1,1,150,150,146,145,54
"5353",52,"[16]GHcHwGnJHqKHqaIJ",290,1,16,289,0,289,0,0,0,0,0,125,125,164,164,54
"5354",53,"[16]GHcHwGnJHqKHqaIJ",289,1,16,288,0,288,0,0,0,0,0,143,143,145,145,54
"5355",54,"[16]GHcHwGnJHqKHqaIJ",293,0.993243,16,296,2,294,2,2,0,2,2,151,151,145,143,54
"5356",55,"[16]GHcHwGnJHqKHqaIJ",304,0.996721,16,305,1,304,1,1,0,1,1,157,157,148,147,54
"5357",56,"[16]GHcHwGnJHqKHqaIJ",289,0.996552,16,290,1,289,1,1,0,1,1,147,147,143,142,54
"5358",57,"[16]GHcHwGnJHqKHqaIJ",298,1,16,297,0,297,0,0,0,0,0,143,143,154,154,54
"5359",58,"[16]GHcHwGnJHqKHqaIJ",292,0.996587,16,293,1,292,1,1,0,1,1,134,134,159,158,54
"5360",59,"[16]GHcHwGnJHqKHqaIJ",292,0.996587,16,293,1,292,1,1,0,1,1,139,139,154,153,54
"5361",60,"[16]GHcHwGnJHqKHqaIJ",302,1,16,301,0,301,0,0,0,0,0,149,149,152,152,54
"5362",61,"[16]GHcHwGnJHqKHqaIJ",301,1,16,300,0,300,0,0,0,0,0,157,157,143,143,54
"5363",62,"[16]GHcHwGnJHqKHqaIJ",299,1,16,298,0,298,0,0,0,0,0,143,143,155,155,54
"5364",63,"[16]GHcHwGnJHqKHqaIJ",277,0.975862,16,290,7,283,7,7,0,7,7,136,136,154,147,54
"5365",64,"[16]GHcHwGnJHqKHqaIJ",296,0.996633,16,297,1,296,1,1,0,1,1,150,150,147,146,54
"5366",65,"[16]GHcHwGnJHqKHqaIJ",288,0.993127,16,291,2,289,2,2,0,2,2,135,135,156,154,54
"5367",66,"[16]GHcHwGnJHqKHqaIJ",301,1,16,300,0,300,0,0,0,0,0,158,158,142,142,54
"5368",67,"[16]GHcHwGnJHqKHqaIJ",303,1,16,302,0,302,0,0,0,0,0,152,152,150,150,54
"5369",68,"[16]GHcHwGnJHqKHqaIJ",294,0.99661,16,295,1,294,1,1,0,1,1,143,143,152,151,54
"5370",69,"[16]GHcHwGnJHqKHqaIJ",297,1,16,296,0,296,0,0,0,0,0,143,143,153,153,54
"5371",70,"[16]GHcHwGnJHqKHqaIJ",300,0.993399,16,303,2,301,2,2,0,2,2,154,154,149,147,54
"5372",71,"[16]GHcHwGnJHqKHqaIJ",301,1,16,300,0,300,0,0,0,0,0,144,144,156,156,54
"5373",72,"[16]GHcHwGnJHqKHqaIJ",298,0.996656,16,299,1,298,1,1,0,1,1,153,153,146,145,54
"5374",73,"[16]GHcHwGnJHqKHqaIJ",305,1,16,304,0,304,0,0,0,0,0,165,165,139,139,54
"5375",74,"[16]GHcHwGnJHqKHqaIJ",302,1,16,301,0,301,0,0,0,0,0,148,148,153,153,54
"5376",75,"[16]GHcHwGnJHqKHqaIJ",297,0.996644,16,298,1,297,1,1,0,1,1,137,137,161,160,54
"5377",76,"[16]GHcHwGnJHqKHqaIJ",298,0.996656,16,299,1,298,1,1,0,1,1,142,142,157,156,54
"5378",77,"[16]GHcHwGnJHqKHqaIJ",292,0.99322,16,295,2,293,2,2,0,2,2,140,140,155,153,54
"5379",78,"[16]GHcHwGnJHqKHqaIJ",295,0.996622,16,296,1,295,1,1,0,1,1,144,144,152,151,54
"5380",79,"[16]GHcHwGnJHqKHqaIJ",301,1,16,300,0,300,0,0,0,0,0,149,149,151,151,54
"5381",80,"[16]GHcHwGnJHqKHqaIJ",295,0.996622,16,296,1,295,1,1,0,1,1,147,147,149,148,54
"5382",81,"[16]GHcHwGnJHqKHqaIJ",309,1,16,308,0,308,0,0,0,0,0,169,169,139,139,54
"5383",82,"[16]GHcHwGnJHqKHqaIJ",304,1,16,303,0,303,0,0,0,0,0,151,151,152,152,54
"5384",83,"[16]GHcHwGnJHqKHqaIJ",303,1,16,302,0,302,0,0,0,0,0,151,151,151,151,54
"5385",84,"[16]GHcHwGnJHqKHqaIJ",297,1,16,296,0,296,0,0,0,0,0,152,152,144,144,54
"5386",85,"[16]GHcHwGnJHqKHqaIJ",287,0.993103,16,290,2,288,2,2,0,2,2,132,132,158,156,54
"5387",86,"[16]GHcHwGnJHqKHqaIJ",305,1,16,304,0,304,0,0,0,0,0,144,144,160,160,54
"5388",87,"[16]GHcHwGnJHqKHqaIJ",308,1,16,307,0,307,0,0,0,0,0,165,165,142,142,54
"5389",88,"[16]GHcHwGnJHqKHqaIJ",299,1,16,298,0,298,0,0,0,0,0,146,146,152,152,54
"5390",89,"[16]GHcHwGnJHqKHqaIJ",292,0.986622,16,299,4,295,4,4,0,4,4,158,158,141,137,54
"5391",90,"[16]GHcHwGnJHqKHqaIJ",299,1,16,298,0,298,0,0,0,0,0,147,147,151,151,54
"5392",91,"[16]GHcHwGnJHqKHqaIJ",302,1,16,301,0,301,0,0,0,0,0,148,148,153,153,54
"5393",92,"[16]GHcHwGnJHqKHqaIJ",302,1,16,301,0,301,0,0,0,0,0,151,151,150,150,54
"5394",93,"[16]GHcHwGnJHqKHqaIJ",299,0.996667,16,300,1,299,1,1,0,1,1,154,154,146,145,54
"5395",94,"[16]GHcHwGnJHqKHqaIJ",293,0.983444,16,302,5,297,5,5,0,5,5,154,154,148,143,54
"5396",95,"[16]GHcHwGnJHqKHqaIJ",298,1,16,297,0,297,0,0,0,0,0,145,145,152,152,54
"5397",96,"[16]GHcHwGnJHqKHqaIJ",302,1,16,301,0,301,0,0,0,0,0,145,145,156,156,54
"5398",97,"[16]GHcHwGnJHqKHqaIJ",297,1,16,296,0,296,0,0,0,0,0,150,150,146,146,54
"5399",98,"[16]GHcHwGnJHqKHqaIJ",299,1,16,298,0,298,0,0,0,0,0,155,155,143,143,54
"5400",99,"[16]GHcHwGnJHqKHqaIJ",298,1,16,297,0,297,0,0,0,0,0,141,141,156,156,54
"5401",0,"[20]HByHsnJHqKHGqaIDuBJx",315,1,20,314,0,314,0,0,0,0,0,162,162,152,152,55
"5402",1,"[20]HByHsnJHqKHGqaIDuBJx",299,0.983766,20,308,5,303,5,5,0,5,5,153,153,155,150,55
"5403",2,"[20]HByHsnJHqKHGqaIDuBJx",309,0.996774,20,310,1,309,1,1,0,1,1,150,150,160,159,55
"5404",3,"[20]HByHsnJHqKHGqaIDuBJx",317,1,20,316,0,316,0,0,0,0,0,159,159,157,157,55
"5405",4,"[20]HByHsnJHqKHGqaIDuBJx",323,0.996914,20,324,1,323,1,1,0,1,1,176,176,148,147,55
"5406",5,"[20]HByHsnJHqKHGqaIDuBJx",327,1,20,326,0,326,0,0,0,0,0,173,173,153,153,55
"5407",6,"[20]HByHsnJHqKHGqaIDuBJx",332,1,20,331,0,331,0,0,0,0,0,184,184,147,147,55
"5408",7,"[20]HByHsnJHqKHGqaIDuBJx",319,0.996875,20,320,1,319,1,1,0,1,1,170,170,150,149,55
"5409",8,"[20]HByHsnJHqKHGqaIDuBJx",313,1,20,312,0,312,0,0,0,0,0,151,151,161,161,55
"5410",9,"[20]HByHsnJHqKHGqaIDuBJx",307,1,20,306,0,306,0,0,0,0,0,139,139,167,167,55
"5411",10,"[20]HByHsnJHqKHGqaIDuBJx",307,1,20,306,0,306,0,0,0,0,0,138,138,168,168,55
"5412",11,"[20]HByHsnJHqKHGqaIDuBJx",302,0.993443,20,305,2,303,2,2,0,2,2,151,151,154,152,55
"5413",12,"[20]HByHsnJHqKHGqaIDuBJx",310,1,20,309,0,309,0,0,0,0,0,150,150,159,159,55
"5414",13,"[20]HByHsnJHqKHGqaIDuBJx",305,1,20,304,0,304,0,0,0,0,0,131,131,173,173,55
"5415",14,"[20]HByHsnJHqKHGqaIDuBJx",325,1,20,324,0,324,0,0,0,0,0,171,171,153,153,55
"5416",15,"[20]HByHsnJHqKHGqaIDuBJx",320,0.996885,20,321,1,320,1,1,0,1,1,164,164,157,156,55
"5417",16,"[20]HByHsnJHqKHGqaIDuBJx",293,0.986667,20,300,4,296,4,4,0,4,4,134,134,166,162,55
"5418",17,"[20]HByHsnJHqKHGqaIDuBJx",308,0.993569,20,311,2,309,2,2,0,2,2,155,155,156,154,55
"5419",18,"[20]HByHsnJHqKHGqaIDuBJx",308,0.993569,20,311,2,309,2,2,0,2,2,152,152,159,157,55
"5420",19,"[20]HByHsnJHqKHGqaIDuBJx",302,0.993443,20,305,2,303,2,2,0,2,2,140,140,165,163,55
"5421",20,"[20]HByHsnJHqKHGqaIDuBJx",309,1,20,308,0,308,0,0,0,0,0,142,142,166,166,55
"5422",21,"[20]HByHsnJHqKHGqaIDuBJx",314,0.996825,20,315,1,314,1,1,0,1,1,160,160,155,154,55
"5423",22,"[20]HByHsnJHqKHGqaIDuBJx",319,1,20,318,0,318,0,0,0,0,0,156,156,162,162,55
"5424",23,"[20]HByHsnJHqKHGqaIDuBJx",317,1,20,316,0,316,0,0,0,0,0,153,153,163,163,55
"5425",24,"[20]HByHsnJHqKHGqaIDuBJx",311,0.987421,20,318,4,314,4,4,0,4,4,171,171,147,143,55
"5426",25,"[20]HByHsnJHqKHGqaIDuBJx",313,1,20,312,0,312,0,0,0,0,0,148,148,164,164,55
"5427",26,"[20]HByHsnJHqKHGqaIDuBJx",307,0.993548,20,310,2,308,2,2,0,2,2,151,151,159,157,55
"5428",27,"[20]HByHsnJHqKHGqaIDuBJx",329,1,20,328,0,328,0,0,0,0,0,175,175,153,153,55
"5429",28,"[20]HByHsnJHqKHGqaIDuBJx",306,0.993528,20,309,2,307,2,2,0,2,2,154,154,155,153,55
"5430",29,"[20]HByHsnJHqKHGqaIDuBJx",325,1,20,324,0,324,0,0,0,0,0,178,178,146,146,55
"5431",30,"[20]HByHsnJHqKHGqaIDuBJx",300,0.996678,20,301,1,300,1,1,0,1,1,133,133,168,167,55
"5432",31,"[20]HByHsnJHqKHGqaIDuBJx",318,1,20,317,0,317,0,0,0,0,0,160,160,157,157,55
"5433",32,"[20]HByHsnJHqKHGqaIDuBJx",305,1,20,304,0,304,0,0,0,0,0,136,136,168,168,55
"5434",33,"[20]HByHsnJHqKHGqaIDuBJx",309,0.99359,20,312,2,310,2,2,0,2,2,152,152,160,158,55
"5435",34,"[20]HByHsnJHqKHGqaIDuBJx",314,0.993691,20,317,2,315,2,2,0,2,2,163,163,154,152,55
"5436",35,"[20]HByHsnJHqKHGqaIDuBJx",305,1,20,304,0,304,0,0,0,0,0,139,139,165,165,55
"5437",36,"[20]HByHsnJHqKHGqaIDuBJx",319,0.996875,20,320,1,319,1,1,0,1,1,172,172,148,147,55
"5438",37,"[20]HByHsnJHqKHGqaIDuBJx",304,0.996721,20,305,1,304,1,1,0,1,1,138,138,167,166,55
"5439",38,"[20]HByHsnJHqKHGqaIDuBJx",308,1,20,307,0,307,0,0,0,0,0,140,140,167,167,55
"5440",39,"[20]HByHsnJHqKHGqaIDuBJx",304,0.990291,20,309,3,306,3,3,0,3,3,151,151,158,155,55
"5441",40,"[20]HByHsnJHqKHGqaIDuBJx",308,0.993569,20,311,2,309,2,2,0,2,2,154,154,157,155,55
"5442",41,"[20]HByHsnJHqKHGqaIDuBJx",314,1,20,313,0,313,0,0,0,0,0,161,161,152,152,55
"5443",42,"[20]HByHsnJHqKHGqaIDuBJx",317,0.996855,20,318,1,317,1,1,0,1,1,156,156,162,161,55
"5444",43,"[20]HByHsnJHqKHGqaIDuBJx",304,1,20,303,0,303,0,0,0,0,0,138,138,165,165,55
"5445",44,"[20]HByHsnJHqKHGqaIDuBJx",304,0.987138,20,311,4,307,4,4,0,4,4,156,156,155,151,55
"5446",45,"[20]HByHsnJHqKHGqaIDuBJx",320,1,20,319,0,319,0,0,0,0,0,157,157,162,162,55
"5447",46,"[20]HByHsnJHqKHGqaIDuBJx",311,0.990506,20,316,3,313,3,3,0,3,3,157,157,159,156,55
"5448",47,"[20]HByHsnJHqKHGqaIDuBJx",318,1,20,317,0,317,0,0,0,0,0,153,153,164,164,55
"5449",48,"[20]HByHsnJHqKHGqaIDuBJx",305,0.990323,20,310,3,307,3,3,0,3,3,153,153,157,154,55
"5450",49,"[20]HByHsnJHqKHGqaIDuBJx",304,0.996721,20,305,1,304,1,1,0,1,1,137,137,168,167,55
"5451",50,"[20]HByHsnJHqKHGqaIDuBJx",319,1,20,318,0,318,0,0,0,0,0,157,157,161,161,55
"5452",51,"[20]HByHsnJHqKHGqaIDuBJx",311,1,20,310,0,310,0,0,0,0,0,150,150,160,160,55
"5453",52,"[20]HByHsnJHqKHGqaIDuBJx",303,0.996711,20,304,1,303,1,1,0,1,1,132,132,172,171,55
"5454",53,"[20]HByHsnJHqKHGqaIDuBJx",317,1,20,316,0,316,0,0,0,0,0,153,153,163,163,55
"5455",54,"[20]HByHsnJHqKHGqaIDuBJx",301,0.993421,20,304,2,302,2,2,0,2,2,146,146,158,156,55
"5456",55,"[20]HByHsnJHqKHGqaIDuBJx",316,0.990654,20,321,3,318,3,3,0,3,3,175,175,146,143,55
"5457",56,"[20]HByHsnJHqKHGqaIDuBJx",318,0.996865,20,319,1,318,1,1,0,1,1,163,163,156,155,55
"5458",57,"[20]HByHsnJHqKHGqaIDuBJx",322,1,20,321,0,321,0,0,0,0,0,169,169,152,152,55
"5459",58,"[20]HByHsnJHqKHGqaIDuBJx",308,0.990415,20,313,3,310,3,3,0,3,3,157,157,156,153,55
"5460",59,"[20]HByHsnJHqKHGqaIDuBJx",323,1,20,322,0,322,0,0,0,0,0,170,170,152,152,55
"5461",60,"[20]HByHsnJHqKHGqaIDuBJx",310,0.990476,20,315,3,312,3,3,0,3,3,168,168,147,144,55
"5462",61,"[20]HByHsnJHqKHGqaIDuBJx",312,0.996805,20,313,1,312,1,1,0,1,1,158,158,155,154,55
"5463",62,"[20]HByHsnJHqKHGqaIDuBJx",307,0.996753,20,308,1,307,1,1,0,1,1,149,149,159,158,55
"5464",63,"[20]HByHsnJHqKHGqaIDuBJx",321,1,20,320,0,320,0,0,0,0,0,163,163,157,157,55
"5465",64,"[20]HByHsnJHqKHGqaIDuBJx",314,1,20,313,0,313,0,0,0,0,0,151,151,162,162,55
"5466",65,"[20]HByHsnJHqKHGqaIDuBJx",308,1,20,307,0,307,0,0,0,0,0,147,147,160,160,55
"5467",66,"[20]HByHsnJHqKHGqaIDuBJx",321,1,20,320,0,320,0,0,0,0,0,161,161,159,159,55
"5468",67,"[20]HByHsnJHqKHGqaIDuBJx",314,0.993691,20,317,2,315,2,2,0,2,2,171,171,146,144,55
"5469",68,"[20]HByHsnJHqKHGqaIDuBJx",314,1,20,313,0,313,0,0,0,0,0,151,151,162,162,55
"5470",69,"[20]HByHsnJHqKHGqaIDuBJx",299,0.986928,20,306,4,302,4,4,0,4,4,145,145,161,157,55
"5471",70,"[20]HByHsnJHqKHGqaIDuBJx",316,1,20,315,0,315,0,0,0,0,0,152,152,163,163,55
"5472",71,"[20]HByHsnJHqKHGqaIDuBJx",319,1,20,318,0,318,0,0,0,0,0,163,163,155,155,55
"5473",72,"[20]HByHsnJHqKHGqaIDuBJx",316,1,20,315,0,315,0,0,0,0,0,157,157,158,158,55
"5474",73,"[20]HByHsnJHqKHGqaIDuBJx",294,0.986711,20,301,4,297,4,4,0,4,4,139,139,162,158,55
"5475",74,"[20]HByHsnJHqKHGqaIDuBJx",314,0.996825,20,315,1,314,1,1,0,1,1,151,151,164,163,55
"5476",75,"[20]HByHsnJHqKHGqaIDuBJx",306,1,20,305,0,305,0,0,0,0,0,130,130,175,175,55
"5477",76,"[20]HByHsnJHqKHGqaIDuBJx",302,0.9967,20,303,1,302,1,1,0,1,1,134,134,169,168,55
"5478",77,"[20]HByHsnJHqKHGqaIDuBJx",297,0.986842,20,304,4,300,4,4,0,4,4,155,155,149,145,55
"5479",78,"[20]HByHsnJHqKHGqaIDuBJx",294,0.989967,20,299,3,296,3,3,0,3,3,139,139,160,157,55
"5480",79,"[20]HByHsnJHqKHGqaIDuBJx",320,1,20,319,0,319,0,0,0,0,0,162,162,157,157,55
"5481",80,"[20]HByHsnJHqKHGqaIDuBJx",320,1,20,319,0,319,0,0,0,0,0,162,162,157,157,55
"5482",81,"[20]HByHsnJHqKHGqaIDuBJx",317,0.99375,20,320,2,318,2,2,0,2,2,166,166,154,152,55
"5483",82,"[20]HByHsnJHqKHGqaIDuBJx",308,1,20,307,0,307,0,0,0,0,0,138,138,169,169,55
"5484",83,"[20]HByHsnJHqKHGqaIDuBJx",320,1,20,319,0,319,0,0,0,0,0,167,167,152,152,55
"5485",84,"[20]HByHsnJHqKHGqaIDuBJx",318,1,20,317,0,317,0,0,0,0,0,157,157,160,160,55
"5486",85,"[20]HByHsnJHqKHGqaIDuBJx",316,1,20,315,0,315,0,0,0,0,0,161,161,154,154,55
"5487",86,"[20]HByHsnJHqKHGqaIDuBJx",308,0.996764,20,309,1,308,1,1,0,1,1,153,153,156,155,55
"5488",87,"[20]HByHsnJHqKHGqaIDuBJx",325,1,20,324,0,324,0,0,0,0,0,176,176,148,148,55
"5489",88,"[20]HByHsnJHqKHGqaIDuBJx",339,1,20,338,0,338,0,0,0,0,0,189,189,149,149,55
"5490",89,"[20]HByHsnJHqKHGqaIDuBJx",319,1,20,318,0,318,0,0,0,0,0,163,163,155,155,55
"5491",90,"[20]HByHsnJHqKHGqaIDuBJx",312,1,20,311,0,311,0,0,0,0,0,150,150,161,161,55
"5492",91,"[20]HByHsnJHqKHGqaIDuBJx",289,0.973684,20,304,8,296,8,8,0,8,8,157,157,147,139,55
"5493",92,"[20]HByHsnJHqKHGqaIDuBJx",310,0.99361,20,313,2,311,2,2,0,2,2,151,151,162,160,55
"5494",93,"[20]HByHsnJHqKHGqaIDuBJx",304,0.990291,20,309,3,306,3,3,0,3,3,154,154,155,152,55
"5495",94,"[20]HByHsnJHqKHGqaIDuBJx",325,1,20,324,0,324,0,0,0,0,0,164,164,160,160,55
"5496",95,"[20]HByHsnJHqKHGqaIDuBJx",320,1,20,319,0,319,0,0,0,0,0,162,162,157,157,55
"5497",96,"[20]HByHsnJHqKHGqaIDuBJx",320,1,20,319,0,319,0,0,0,0,0,163,163,156,156,55
"5498",97,"[20]HByHsnJHqKHGqaIDuBJx",314,0.996825,20,315,1,314,1,1,0,1,1,161,161,154,153,55
"5499",98,"[20]HByHsnJHqKHGqaIDuBJx",319,0.996875,20,320,1,319,1,1,0,1,1,167,167,153,152,55
"5500",99,"[20]HByHsnJHqKHGqaIDuBJx",315,0.996835,20,316,1,315,1,1,0,1,1,157,157,159,158,55
"5501",0,"[20]HcHxvnJHqGKHqatGuIJA",320,1,20,319,0,319,0,0,0,0,0,166,166,153,153,56
"5502",1,"[20]HcHxvnJHqGKHqatGuIJA",316,1,20,315,0,315,0,0,0,0,0,156,156,159,159,56
"5503",2,"[20]HcHxvnJHqGKHqatGuIJA",319,1,20,318,0,318,0,0,0,0,0,171,171,147,147,56
"5504",3,"[20]HcHxvnJHqGKHqatGuIJA",307,0.996753,20,308,1,307,1,1,0,1,1,143,143,165,164,56
"5505",4,"[20]HcHxvnJHqGKHqatGuIJA",289,0.98,20,300,6,294,6,6,0,6,6,152,152,148,142,56
"5506",5,"[20]HcHxvnJHqGKHqatGuIJA",325,1,20,324,0,324,0,0,0,0,0,171,171,153,153,56
"5507",6,"[20]HcHxvnJHqGKHqatGuIJA",296,0.990033,20,301,3,298,3,3,0,3,3,129,129,172,169,56
"5508",7,"[20]HcHxvnJHqGKHqatGuIJA",306,0.993528,20,309,2,307,2,2,0,2,2,156,156,153,151,56
"5509",8,"[20]HcHxvnJHqGKHqatGuIJA",314,0.996825,20,315,1,314,1,1,0,1,1,164,164,151,150,56
"5510",9,"[20]HcHxvnJHqGKHqatGuIJA",316,1,20,315,0,315,0,0,0,0,0,168,168,147,147,56
"5511",10,"[20]HcHxvnJHqGKHqatGuIJA",315,0.996835,20,316,1,315,1,1,0,1,1,166,166,150,149,56
"5512",11,"[20]HcHxvnJHqGKHqatGuIJA",321,1,20,320,0,320,0,0,0,0,0,162,162,158,158,56
"5513",12,"[20]HcHxvnJHqGKHqatGuIJA",312,0.996805,20,313,1,312,1,1,0,1,1,159,159,154,153,56
"5514",13,"[20]HcHxvnJHqGKHqatGuIJA",317,1,20,316,0,316,0,0,0,0,0,156,156,160,160,56
"5515",14,"[20]HcHxvnJHqGKHqatGuIJA",298,0.990099,20,303,3,300,3,3,0,3,3,140,140,163,160,56
"5516",15,"[20]HcHxvnJHqGKHqatGuIJA",304,0.996721,20,305,1,304,1,1,0,1,1,142,142,163,162,56
"5517",16,"[20]HcHxvnJHqGKHqatGuIJA",318,0.993769,20,321,2,319,2,2,0,2,2,170,170,151,149,56
"5518",17,"[20]HcHxvnJHqGKHqatGuIJA",332,1,20,331,0,331,0,0,0,0,0,183,183,148,148,56
"5519",18,"[20]HcHxvnJHqGKHqatGuIJA",311,1,20,310,0,310,0,0,0,0,0,148,148,162,162,56
"5520",19,"[20]HcHxvnJHqGKHqatGuIJA",309,1,20,308,0,308,0,0,0,0,0,144,144,164,164,56
"5521",20,"[20]HcHxvnJHqGKHqatGuIJA",319,1,20,318,0,318,0,0,0,0,0,160,160,158,158,56
"5522",21,"[20]HcHxvnJHqGKHqatGuIJA",310,1,20,309,0,309,0,0,0,0,0,147,147,162,162,56
"5523",22,"[20]HcHxvnJHqGKHqatGuIJA",313,0.996815,20,314,1,313,1,1,0,1,1,160,160,154,153,56
"5524",23,"[20]HcHxvnJHqGKHqatGuIJA",314,0.996825,20,315,1,314,1,1,0,1,1,160,160,155,154,56
"5525",24,"[20]HcHxvnJHqGKHqatGuIJA",309,0.996774,20,310,1,309,1,1,0,1,1,155,155,155,154,56
"5526",25,"[20]HcHxvnJHqGKHqatGuIJA",317,1,20,316,0,316,0,0,0,0,0,164,164,152,152,56
"5527",26,"[20]HcHxvnJHqGKHqatGuIJA",305,1,20,304,0,304,0,0,0,0,0,144,144,160,160,56
"5528",27,"[20]HcHxvnJHqGKHqatGuIJA",318,1,20,317,0,317,0,0,0,0,0,160,160,157,157,56
"5529",28,"[20]HcHxvnJHqGKHqatGuIJA",316,1,20,315,0,315,0,0,0,0,0,156,156,159,159,56
"5530",29,"[20]HcHxvnJHqGKHqatGuIJA",320,1,20,319,0,319,0,0,0,0,0,163,163,156,156,56
"5531",30,"[20]HcHxvnJHqGKHqatGuIJA",301,0.990196,20,306,3,303,3,3,0,3,3,151,151,155,152,56
"5532",31,"[20]HcHxvnJHqGKHqatGuIJA",307,1,20,306,0,306,0,0,0,0,0,147,147,159,159,56
"5533",32,"[20]HcHxvnJHqGKHqatGuIJA",304,0.993485,20,307,2,305,2,2,0,2,2,152,152,155,153,56
"5534",33,"[20]HcHxvnJHqGKHqatGuIJA",301,0.993421,20,304,2,302,2,2,0,2,2,142,142,162,160,56
"5535",34,"[20]HcHxvnJHqGKHqatGuIJA",312,0.996805,20,313,1,312,1,1,0,1,1,163,163,150,149,56
"5536",35,"[20]HcHxvnJHqGKHqatGuIJA",324,1,20,323,0,323,0,0,0,0,0,168,168,155,155,56
"5537",36,"[20]HcHxvnJHqGKHqatGuIJA",302,0.990228,20,307,3,304,3,3,0,3,3,159,159,148,145,56
"5538",37,"[20]HcHxvnJHqGKHqatGuIJA",304,0.990291,20,309,3,306,3,3,0,3,3,147,147,162,159,56
"5539",38,"[20]HcHxvnJHqGKHqatGuIJA",303,0.996711,20,304,1,303,1,1,0,1,1,143,143,161,160,56
"5540",39,"[20]HcHxvnJHqGKHqatGuIJA",311,1,20,310,0,310,0,0,0,0,0,151,151,159,159,56
"5541",40,"[20]HcHxvnJHqGKHqatGuIJA",308,0.990415,20,313,3,310,3,3,0,3,3,160,160,153,150,56
"5542",41,"[20]HcHxvnJHqGKHqatGuIJA",317,1,20,316,0,316,0,0,0,0,0,156,156,160,160,56
"5543",42,"[20]HcHxvnJHqGKHqatGuIJA",320,0.990769,20,325,3,322,3,3,0,3,3,186,186,139,136,56
"5544",43,"[20]HcHxvnJHqGKHqatGuIJA",310,0.996785,20,311,1,310,1,1,0,1,1,159,159,152,151,56
"5545",44,"[20]HcHxvnJHqGKHqatGuIJA",317,1,20,316,0,316,0,0,0,0,0,160,160,156,156,56
"5546",45,"[20]HcHxvnJHqGKHqatGuIJA",319,0.996875,20,320,1,319,1,1,0,1,1,169,169,151,150,56
"5547",46,"[20]HcHxvnJHqGKHqatGuIJA",317,0.996855,20,318,1,317,1,1,0,1,1,156,156,162,161,56
"5548",47,"[20]HcHxvnJHqGKHqatGuIJA",295,0.986755,20,302,4,298,4,4,0,4,4,149,149,153,149,56
"5549",48,"[20]HcHxvnJHqGKHqatGuIJA",316,1,20,315,0,315,0,0,0,0,0,158,158,157,157,56
"5550",49,"[20]HcHxvnJHqGKHqatGuIJA",304,0.990291,20,309,3,306,3,3,0,3,3,148,148,161,158,56
"5551",50,"[20]HcHxvnJHqGKHqatGuIJA",322,1,20,321,0,321,0,0,0,0,0,162,162,159,159,56
"5552",51,"[20]HcHxvnJHqGKHqatGuIJA",319,1,20,318,0,318,0,0,0,0,0,163,163,155,155,56
"5553",52,"[20]HcHxvnJHqGKHqatGuIJA",299,0.996667,20,300,1,299,1,1,0,1,1,132,132,168,167,56
"5554",53,"[20]HcHxvnJHqGKHqatGuIJA",302,0.993443,20,305,2,303,2,2,0,2,2,140,140,165,163,56
"5555",54,"[20]HcHxvnJHqGKHqatGuIJA",304,1,20,303,0,303,0,0,0,0,0,138,138,165,165,56
"5556",55,"[20]HcHxvnJHqGKHqatGuIJA",303,0.987097,20,310,4,306,4,4,0,4,4,156,156,154,150,56
"5557",56,"[20]HcHxvnJHqGKHqatGuIJA",317,1,20,316,0,316,0,0,0,0,0,157,157,159,159,56
"5558",57,"[20]HcHxvnJHqGKHqatGuIJA",315,0.996835,20,316,1,315,1,1,0,1,1,159,159,157,156,56
"5559",58,"[20]HcHxvnJHqGKHqatGuIJA",318,0.996865,20,319,1,318,1,1,0,1,1,161,161,158,157,56
"5560",59,"[20]HcHxvnJHqGKHqatGuIJA",323,1,20,322,0,322,0,0,0,0,0,164,164,158,158,56
"5561",60,"[20]HcHxvnJHqGKHqatGuIJA",307,1,20,306,0,306,0,0,0,0,0,141,141,165,165,56
"5562",61,"[20]HcHxvnJHqGKHqatGuIJA",315,1,20,314,0,314,0,0,0,0,0,152,152,162,162,56
"5563",62,"[20]HcHxvnJHqGKHqatGuIJA",298,0.993355,20,301,2,299,2,2,0,2,2,134,134,167,165,56
"5564",63,"[20]HcHxvnJHqGKHqatGuIJA",316,0.996845,20,317,1,316,1,1,0,1,1,169,169,148,147,56
"5565",64,"[20]HcHxvnJHqGKHqatGuIJA",307,1,20,306,0,306,0,0,0,0,0,142,142,164,164,56
"5566",65,"[20]HcHxvnJHqGKHqatGuIJA",314,1,20,313,0,313,0,0,0,0,0,156,156,157,157,56
"5567",66,"[20]HcHxvnJHqGKHqatGuIJA",302,0.9967,20,303,1,302,1,1,0,1,1,142,142,161,160,56
"5568",67,"[20]HcHxvnJHqGKHqatGuIJA",302,0.990228,20,307,3,304,3,3,0,3,3,156,156,151,148,56
"5569",68,"[20]HcHxvnJHqGKHqatGuIJA",309,0.996774,20,310,1,309,1,1,0,1,1,152,152,158,157,56
"5570",69,"[20]HcHxvnJHqGKHqatGuIJA",320,1,20,319,0,319,0,0,0,0,0,174,174,145,145,56
"5571",70,"[20]HcHxvnJHqGKHqatGuIJA",308,1,20,307,0,307,0,0,0,0,0,153,153,154,154,56
"5572",71,"[20]HcHxvnJHqGKHqatGuIJA",316,1,20,315,0,315,0,0,0,0,0,156,156,159,159,56
"5573",72,"[20]HcHxvnJHqGKHqatGuIJA",323,1,20,322,0,322,0,0,0,0,0,165,165,157,157,56
"5574",73,"[20]HcHxvnJHqGKHqatGuIJA",311,1,20,310,0,310,0,0,0,0,0,149,149,161,161,56
"5575",74,"[20]HcHxvnJHqGKHqatGuIJA",309,0.996774,20,310,1,309,1,1,0,1,1,142,142,168,167,56
"5576",75,"[20]HcHxvnJHqGKHqatGuIJA",301,0.993421,20,304,2,302,2,2,0,2,2,140,140,164,162,56
"5577",76,"[20]HcHxvnJHqGKHqatGuIJA",315,0.993711,20,318,2,316,2,2,0,2,2,168,168,150,148,56
"5578",77,"[20]HcHxvnJHqGKHqatGuIJA",314,1,20,313,0,313,0,0,0,0,0,157,157,156,156,56
"5579",78,"[20]HcHxvnJHqGKHqatGuIJA",316,0.99373,20,319,2,317,2,2,0,2,2,172,172,147,145,56
"5580",79,"[20]HcHxvnJHqGKHqatGuIJA",312,0.996805,20,313,1,312,1,1,0,1,1,156,156,157,156,56
"5581",80,"[20]HcHxvnJHqGKHqatGuIJA",320,1,20,319,0,319,0,0,0,0,0,165,165,154,154,56
"5582",81,"[20]HcHxvnJHqGKHqatGuIJA",322,1,20,321,0,321,0,0,0,0,0,167,167,154,154,56
"5583",82,"[20]HcHxvnJHqGKHqatGuIJA",315,0.996835,20,316,1,315,1,1,0,1,1,162,162,154,153,56
"5584",83,"[20]HcHxvnJHqGKHqatGuIJA",313,1,20,312,0,312,0,0,0,0,0,159,159,153,153,56
"5585",84,"[20]HcHxvnJHqGKHqatGuIJA",271,0.96875,20,288,9,279,9,9,0,9,9,126,126,162,153,56
"5586",85,"[20]HcHxvnJHqGKHqatGuIJA",314,1,20,313,0,313,0,0,0,0,0,161,161,152,152,56
"5587",86,"[20]HcHxvnJHqGKHqatGuIJA",317,1,20,316,0,316,0,0,0,0,0,160,160,156,156,56
"5588",87,"[20]HcHxvnJHqGKHqatGuIJA",317,1,20,316,0,316,0,0,0,0,0,161,161,155,155,56
"5589",88,"[20]HcHxvnJHqGKHqatGuIJA",318,1,20,317,0,317,0,0,0,0,0,169,169,148,148,56
"5590",89,"[20]HcHxvnJHqGKHqatGuIJA",316,0.996845,20,317,1,316,1,1,0,1,1,166,166,151,150,56
"5591",90,"[20]HcHxvnJHqGKHqatGuIJA",313,0.996815,20,314,1,313,1,1,0,1,1,156,156,158,157,56
"5592",91,"[20]HcHxvnJHqGKHqatGuIJA",319,0.996875,20,320,1,319,1,1,0,1,1,166,166,154,153,56
"5593",92,"[20]HcHxvnJHqGKHqatGuIJA",300,0.986971,20,307,4,303,4,4,0,4,4,150,150,157,153,56
"5594",93,"[20]HcHxvnJHqGKHqatGuIJA",332,1,20,331,0,331,0,0,0,0,0,190,190,141,141,56
"5595",94,"[20]HcHxvnJHqGKHqatGuIJA",322,1,20,321,0,321,0,0,0,0,0,174,174,147,147,56
"5596",95,"[20]HcHxvnJHqGKHqatGuIJA",302,0.990228,20,307,3,304,3,3,0,3,3,152,152,155,152,56
"5597",96,"[20]HcHxvnJHqGKHqatGuIJA",304,0.996721,20,305,1,304,1,1,0,1,1,140,140,165,164,56
"5598",97,"[20]HcHxvnJHqGKHqatGuIJA",306,0.993528,20,309,2,307,2,2,0,2,2,149,149,160,158,56
"5599",98,"[20]HcHxvnJHqGKHqatGuIJA",314,1,20,313,0,313,0,0,0,0,0,154,154,159,159,56
"5600",99,"[20]HcHxvnJHqGKHqatGuIJA",291,0.976974,20,304,7,297,7,7,0,7,7,157,157,147,140,56
"5601",0,"[17]HcozHuGnJHqKHqaIJ",298,0.990099,17,303,3,300,3,3,0,3,3,166,166,137,134,57
"5602",1,"[17]HcozHuGnJHqKHqaIJ",299,1,17,298,0,298,0,0,0,0,0,139,139,159,159,57
"5603",2,"[17]HcozHuGnJHqKHqaIJ",300,1,17,299,0,299,0,0,0,0,0,148,148,151,151,57
"5604",3,"[17]HcozHuGnJHqKHqaIJ",312,1,17,311,0,311,0,0,0,0,0,170,170,141,141,57
"5605",4,"[17]HcozHuGnJHqKHqaIJ",301,1,17,300,0,300,0,0,0,0,0,153,153,147,147,57
"5606",5,"[17]HcozHuGnJHqKHqaIJ",296,0.990033,17,301,3,298,3,3,0,3,3,161,161,140,137,57
"5607",6,"[17]HcozHuGnJHqKHqaIJ",292,0.996587,17,293,1,292,1,1,0,1,1,140,140,153,152,57
"5608",7,"[17]HcozHuGnJHqKHqaIJ",293,0.996599,17,294,1,293,1,1,0,1,1,140,140,154,153,57
"5609",8,"[17]HcozHuGnJHqKHqaIJ",298,0.996656,17,299,1,298,1,1,0,1,1,157,157,142,141,57
"5610",9,"[17]HcozHuGnJHqKHqaIJ",297,1,17,296,0,296,0,0,0,0,0,141,141,155,155,57
"5611",10,"[17]HcozHuGnJHqKHqaIJ",303,1,17,302,0,302,0,0,0,0,0,161,161,141,141,57
"5612",11,"[17]HcozHuGnJHqKHqaIJ",294,1,17,293,0,293,0,0,0,0,0,142,142,151,151,57
"5613",12,"[17]HcozHuGnJHqKHqaIJ",292,1,17,291,0,291,0,0,0,0,0,139,139,152,152,57
"5614",13,"[17]HcozHuGnJHqKHqaIJ",293,0.993243,17,296,2,294,2,2,0,2,2,155,155,141,139,57
"5615",14,"[17]HcozHuGnJHqKHqaIJ",299,1,17,298,0,298,0,0,0,0,0,148,148,150,150,57
"5616",15,"[17]HcozHuGnJHqKHqaIJ",296,1,17,295,0,295,0,0,0,0,0,150,150,145,145,57
"5617",16,"[17]HcozHuGnJHqKHqaIJ",276,0.966102,17,295,10,285,10,10,0,10,10,151,151,144,134,57
"5618",17,"[17]HcozHuGnJHqKHqaIJ",299,0.993377,17,302,2,300,2,2,0,2,2,156,156,146,144,57
"5619",18,"[17]HcozHuGnJHqKHqaIJ",302,1,17,301,0,301,0,0,0,0,0,162,162,139,139,57
"5620",19,"[17]HcozHuGnJHqKHqaIJ",292,1,17,291,0,291,0,0,0,0,0,133,133,158,158,57
"5621",20,"[17]HcozHuGnJHqKHqaIJ",301,1,17,300,0,300,0,0,0,0,0,151,151,149,149,57
"5622",21,"[17]HcozHuGnJHqKHqaIJ",308,1,17,307,0,307,0,0,0,0,0,165,165,142,142,57
"5623",22,"[17]HcozHuGnJHqKHqaIJ",295,0.993289,17,298,2,296,2,2,0,2,2,144,144,154,152,57
"5624",23,"[17]HcozHuGnJHqKHqaIJ",295,0.996622,17,296,1,295,1,1,0,1,1,135,135,161,160,57
"5625",24,"[17]HcozHuGnJHqKHqaIJ",303,1,17,302,0,302,0,0,0,0,0,159,159,143,143,57
"5626",25,"[17]HcozHuGnJHqKHqaIJ",304,1,17,303,0,303,0,0,0,0,0,156,156,147,147,57
"5627",26,"[17]HcozHuGnJHqKHqaIJ",288,0.989761,17,293,3,290,3,3,0,3,3,143,143,150,147,57
"5628",27,"[17]HcozHuGnJHqKHqaIJ",301,0.996689,17,302,1,301,1,1,0,1,1,160,160,142,141,57
"5629",28,"[17]HcozHuGnJHqKHqaIJ",304,1,17,303,0,303,0,0,0,0,0,154,154,149,149,57
"5630",29,"[17]HcozHuGnJHqKHqaIJ",301,1,17,300,0,300,0,0,0,0,0,153,153,147,147,57
"5631",30,"[17]HcozHuGnJHqKHqaIJ",306,1,17,305,0,305,0,0,0,0,0,164,164,141,141,57
"5632",31,"[17]HcozHuGnJHqKHqaIJ",302,1,17,301,0,301,0,0,0,0,0,149,149,152,152,57
"5633",32,"[17]HcozHuGnJHqKHqaIJ",302,1,17,301,0,301,0,0,0,0,0,156,156,145,145,57
"5634",33,"[17]HcozHuGnJHqKHqaIJ",293,0.986667,17,300,4,296,4,4,0,4,4,169,169,131,127,57
"5635",34,"[17]HcozHuGnJHqKHqaIJ",302,0.993443,17,305,2,303,2,2,0,2,2,165,165,140,138,57
"5636",35,"[17]HcozHuGnJHqKHqaIJ",287,1,17,286,0,286,0,0,0,0,0,125,125,161,161,57
"5637",36,"[17]HcozHuGnJHqKHqaIJ",295,0.996622,17,296,1,295,1,1,0,1,1,143,143,153,152,57
"5638",37,"[17]HcozHuGnJHqKHqaIJ",300,1,17,299,0,299,0,0,0,0,0,138,138,161,161,57
"5639",38,"[17]HcozHuGnJHqKHqaIJ",283,0.979592,17,294,6,288,6,6,0,6,6,150,150,144,138,57
"5640",39,"[17]HcozHuGnJHqKHqaIJ",298,1,17,297,0,297,0,0,0,0,0,147,147,150,150,57
"5641",40,"[17]HcozHuGnJHqKHqaIJ",283,0.993007,17,286,2,284,2,2,0,2,2,125,125,161,159,57
"5642",41,"[17]HcozHuGnJHqKHqaIJ",294,0.986711,17,301,4,297,4,4,0,4,4,155,155,146,142,57
"5643",42,"[17]HcozHuGnJHqKHqaIJ",307,1,17,306,0,306,0,0,0,0,0,156,156,150,150,57
"5644",43,"[17]HcozHuGnJHqKHqaIJ",297,1,17,296,0,296,0,0,0,0,0,142,142,154,154,57
"5645",44,"[17]HcozHuGnJHqKHqaIJ",297,0.993333,17,300,2,298,2,2,0,2,2,160,160,140,138,57
"5646",45,"[17]HcozHuGnJHqKHqaIJ",302,0.993443,17,305,2,303,2,2,0,2,2,153,153,152,150,57
"5647",46,"[17]HcozHuGnJHqKHqaIJ",299,1,17,298,0,298,0,0,0,0,0,153,153,145,145,57
"5648",47,"[17]HcozHuGnJHqKHqaIJ",297,0.996644,17,298,1,297,1,1,0,1,1,137,137,161,160,57
"5649",48,"[17]HcozHuGnJHqKHqaIJ",298,1,17,297,0,297,0,0,0,0,0,140,140,157,157,57
"5650",49,"[17]HcozHuGnJHqKHqaIJ",286,0.979798,17,297,6,291,6,6,0,6,6,154,154,143,137,57
"5651",50,"[17]HcozHuGnJHqKHqaIJ",297,1,17,296,0,296,0,0,0,0,0,133,133,163,163,57
"5652",51,"[17]HcozHuGnJHqKHqaIJ",306,1,17,305,0,305,0,0,0,0,0,155,155,150,150,57
"5653",52,"[17]HcozHuGnJHqKHqaIJ",274,0.978947,17,285,6,279,6,6,0,6,6,128,128,157,151,57
"5654",53,"[17]HcozHuGnJHqKHqaIJ",297,0.993333,17,300,2,298,2,2,0,2,2,161,161,139,137,57
"5655",54,"[17]HcozHuGnJHqKHqaIJ",296,0.996633,17,297,1,296,1,1,0,1,1,156,156,141,140,57
"5656",55,"[17]HcozHuGnJHqKHqaIJ",299,0.996667,17,300,1,299,1,1,0,1,1,160,160,140,139,57
"5657",56,"[17]HcozHuGnJHqKHqaIJ",302,1,17,301,0,301,0,0,0,0,0,156,156,145,145,57
"5658",57,"[17]HcozHuGnJHqKHqaIJ",297,0.996644,17,298,1,297,1,1,0,1,1,149,149,149,148,57
"5659",58,"[17]HcozHuGnJHqKHqaIJ",291,0.986577,17,298,4,294,4,4,0,4,4,151,151,147,143,57
"5660",59,"[17]HcozHuGnJHqKHqaIJ",294,1,17,293,0,293,0,0,0,0,0,136,136,157,157,57
"5661",60,"[17]HcozHuGnJHqKHqaIJ",289,1,17,288,0,288,0,0,0,0,0,125,125,163,163,57
"5662",61,"[17]HcozHuGnJHqKHqaIJ",292,1,17,291,0,291,0,0,0,0,0,131,131,160,160,57
"5663",62,"[17]HcozHuGnJHqKHqaIJ",295,0.996622,17,296,1,295,1,1,0,1,1,143,143,153,152,57
"5664",63,"[17]HcozHuGnJHqKHqaIJ",302,1,17,301,0,301,0,0,0,0,0,155,155,146,146,57
"5665",64,"[17]HcozHuGnJHqKHqaIJ",293,0.989933,17,298,3,295,3,3,0,3,3,153,153,145,142,57
"5666",65,"[17]HcozHuGnJHqKHqaIJ",301,1,17,300,0,300,0,0,0,0,0,150,150,150,150,57
"5667",66,"[17]HcozHuGnJHqKHqaIJ",309,1,17,308,0,308,0,0,0,0,0,165,165,143,143,57
"5668",67,"[17]HcozHuGnJHqKHqaIJ",297,0.993333,17,300,2,298,2,2,0,2,2,152,152,148,146,57
"5669",68,"[17]HcozHuGnJHqKHqaIJ",303,0.996711,17,304,1,303,1,1,0,1,1,157,157,147,146,57
"5670",69,"[17]HcozHuGnJHqKHqaIJ",287,0.993103,17,290,2,288,2,2,0,2,2,148,148,142,140,57
"5671",70,"[17]HcozHuGnJHqKHqaIJ",297,1,17,296,0,296,0,0,0,0,0,144,144,152,152,57
"5672",71,"[17]HcozHuGnJHqKHqaIJ",299,0.993377,17,302,2,300,2,2,0,2,2,153,153,149,147,57
"5673",72,"[17]HcozHuGnJHqKHqaIJ",297,1,17,296,0,296,0,0,0,0,0,142,142,154,154,57
"5674",73,"[17]HcozHuGnJHqKHqaIJ",305,0.996732,17,306,1,305,1,1,0,1,1,173,173,133,132,57
"5675",74,"[17]HcozHuGnJHqKHqaIJ",301,1,17,300,0,300,0,0,0,0,0,140,140,160,160,57
"5676",75,"[17]HcozHuGnJHqKHqaIJ",293,0.989933,17,298,3,295,3,3,0,3,3,149,149,149,146,57
"5677",76,"[17]HcozHuGnJHqKHqaIJ",295,0.996622,17,296,1,295,1,1,0,1,1,144,144,152,151,57
"5678",77,"[17]HcozHuGnJHqKHqaIJ",291,1,17,290,0,290,0,0,0,0,0,131,131,159,159,57
"5679",78,"[17]HcozHuGnJHqKHqaIJ",287,0.996528,17,288,1,287,1,1,0,1,1,127,127,161,160,57
"5680",79,"[17]HcozHuGnJHqKHqaIJ",300,1,17,299,0,299,0,0,0,0,0,147,147,152,152,57
"5681",80,"[17]HcozHuGnJHqKHqaIJ",295,0.996622,17,296,1,295,1,1,0,1,1,139,139,157,156,57
"5682",81,"[17]HcozHuGnJHqKHqaIJ",301,1,17,300,0,300,0,0,0,0,0,148,148,152,152,57
"5683",82,"[17]HcozHuGnJHqKHqaIJ",303,1,17,302,0,302,0,0,0,0,0,157,157,145,145,57
"5684",83,"[17]HcozHuGnJHqKHqaIJ",301,1,17,300,0,300,0,0,0,0,0,153,153,147,147,57
"5685",84,"[17]HcozHuGnJHqKHqaIJ",294,0.99661,17,295,1,294,1,1,0,1,1,138,138,157,156,57
"5686",85,"[17]HcozHuGnJHqKHqaIJ",301,0.996689,17,302,1,301,1,1,0,1,1,150,150,152,151,57
"5687",86,"[17]HcozHuGnJHqKHqaIJ",288,0.993127,17,291,2,289,2,2,0,2,2,135,135,156,154,57
"5688",87,"[17]HcozHuGnJHqKHqaIJ",305,0.996732,17,306,1,305,1,1,0,1,1,158,158,148,147,57
"5689",88,"[17]HcozHuGnJHqKHqaIJ",304,1,17,303,0,303,0,0,0,0,0,153,153,150,150,57
"5690",89,"[17]HcozHuGnJHqKHqaIJ",293,0.989933,17,298,3,295,3,3,0,3,3,143,143,155,152,57
"5691",90,"[17]HcozHuGnJHqKHqaIJ",302,1,17,301,0,301,0,0,0,0,0,163,163,138,138,57
"5692",91,"[17]HcozHuGnJHqKHqaIJ",301,1,17,300,0,300,0,0,0,0,0,156,156,144,144,57
"5693",92,"[17]HcozHuGnJHqKHqaIJ",297,0.993333,17,300,2,298,2,2,0,2,2,149,149,151,149,57
"5694",93,"[17]HcozHuGnJHqKHqaIJ",293,1,17,292,0,292,0,0,0,0,0,132,132,160,160,57
"5695",94,"[17]HcozHuGnJHqKHqaIJ",299,0.993377,17,302,2,300,2,2,0,2,2,161,161,141,139,57
"5696",95,"[17]HcozHuGnJHqKHqaIJ",301,1,17,300,0,300,0,0,0,0,0,150,150,150,150,57
"5697",96,"[17]HcozHuGnJHqKHqaIJ",306,1,17,305,0,305,0,0,0,0,0,159,159,146,146,57
"5698",97,"[17]HcozHuGnJHqKHqaIJ",296,1,17,295,0,295,0,0,0,0,0,141,141,154,154,57
"5699",98,"[17]HcozHuGnJHqKHqaIJ",305,1,17,304,0,304,0,0,0,0,0,165,165,139,139,57
"5700",99,"[17]HcozHuGnJHqKHqaIJ",299,1,17,298,0,298,0,0,0,0,0,148,148,150,150,57
"5701",0,"[20]HcHHvtnJHqGKHqaIsJHB",292,0.989899,20,297,3,294,3,3,0,3,3,130,130,167,164,58
"5702",1,"[20]HcHHvtnJHqGKHqaIsJHB",299,0.993377,20,302,2,300,2,2,0,2,2,143,143,159,157,58
"5703",2,"[20]HcHHvtnJHqGKHqaIsJHB",319,1,20,318,0,318,0,0,0,0,0,162,162,156,156,58
"5704",3,"[20]HcHHvtnJHqGKHqaIsJHB",298,0.993355,20,301,2,299,2,2,0,2,2,129,129,172,170,58
"5705",4,"[20]HcHHvtnJHqGKHqaIsJHB",321,1,20,320,0,320,0,0,0,0,0,170,170,150,150,58
"5706",5,"[20]HcHHvtnJHqGKHqaIsJHB",322,1,20,321,0,321,0,0,0,0,0,171,171,150,150,58
"5707",6,"[20]HcHHvtnJHqGKHqaIsJHB",321,0.996894,20,322,1,321,1,1,0,1,1,172,172,150,149,58
"5708",7,"[20]HcHHvtnJHqGKHqaIsJHB",319,1,20,318,0,318,0,0,0,0,0,165,165,153,153,58
"5709",8,"[20]HcHHvtnJHqGKHqaIsJHB",320,1,20,319,0,319,0,0,0,0,0,157,157,162,162,58
"5710",9,"[20]HcHHvtnJHqGKHqaIsJHB",317,1,20,316,0,316,0,0,0,0,0,160,160,156,156,58
"5711",10,"[20]HcHHvtnJHqGKHqaIsJHB",301,0.990196,20,306,3,303,3,3,0,3,3,146,146,160,157,58
"5712",11,"[20]HcHHvtnJHqGKHqaIsJHB",314,1,20,313,0,313,0,0,0,0,0,153,153,160,160,58
"5713",12,"[20]HcHHvtnJHqGKHqaIsJHB",306,0.996743,20,307,1,306,1,1,0,1,1,148,148,159,158,58
"5714",13,"[20]HcHHvtnJHqGKHqaIsJHB",316,1,20,315,0,315,0,0,0,0,0,166,166,149,149,58
"5715",14,"[20]HcHHvtnJHqGKHqaIsJHB",317,1,20,316,0,316,0,0,0,0,0,160,160,156,156,58
"5716",15,"[20]HcHHvtnJHqGKHqaIsJHB",322,1,20,321,0,321,0,0,0,0,0,169,169,152,152,58
"5717",16,"[20]HcHHvtnJHqGKHqaIsJHB",326,1,20,325,0,325,0,0,0,0,0,177,177,148,148,58
"5718",17,"[20]HcHHvtnJHqGKHqaIsJHB",320,0.996885,20,321,1,320,1,1,0,1,1,165,165,156,155,58
"5719",18,"[20]HcHHvtnJHqGKHqaIsJHB",313,0.996815,20,314,1,313,1,1,0,1,1,161,161,153,152,58
"5720",19,"[20]HcHHvtnJHqGKHqaIsJHB",315,0.996835,20,316,1,315,1,1,0,1,1,159,159,157,156,58
"5721",20,"[20]HcHHvtnJHqGKHqaIsJHB",321,1,20,320,0,320,0,0,0,0,0,167,167,153,153,58
"5722",21,"[20]HcHHvtnJHqGKHqaIsJHB",309,0.99359,20,312,2,310,2,2,0,2,2,158,158,154,152,58
"5723",22,"[20]HcHHvtnJHqGKHqaIsJHB",308,0.996764,20,309,1,308,1,1,0,1,1,149,149,160,159,58
"5724",23,"[20]HcHHvtnJHqGKHqaIsJHB",307,0.996753,20,308,1,307,1,1,0,1,1,146,146,162,161,58
"5725",24,"[20]HcHHvtnJHqGKHqaIsJHB",311,0.984375,20,320,5,315,5,5,0,5,5,174,174,146,141,58
"5726",25,"[20]HcHHvtnJHqGKHqaIsJHB",322,1,20,321,0,321,0,0,0,0,0,169,169,152,152,58
"5727",26,"[20]HcHHvtnJHqGKHqaIsJHB",306,0.996743,20,307,1,306,1,1,0,1,1,148,148,159,158,58
"5728",27,"[20]HcHHvtnJHqGKHqaIsJHB",310,1,20,309,0,309,0,0,0,0,0,149,149,160,160,58
"5729",28,"[20]HcHHvtnJHqGKHqaIsJHB",325,1,20,324,0,324,0,0,0,0,0,167,167,157,157,58
"5730",29,"[20]HcHHvtnJHqGKHqaIsJHB",314,1,20,313,0,313,0,0,0,0,0,150,150,163,163,58
"5731",30,"[20]HcHHvtnJHqGKHqaIsJHB",304,0.996721,20,305,1,304,1,1,0,1,1,141,141,164,163,58
"5732",31,"[20]HcHHvtnJHqGKHqaIsJHB",311,0.996795,20,312,1,311,1,1,0,1,1,157,157,155,154,58
"5733",32,"[20]HcHHvtnJHqGKHqaIsJHB",315,0.996835,20,316,1,315,1,1,0,1,1,168,168,148,147,58
"5734",33,"[20]HcHHvtnJHqGKHqaIsJHB",316,1,20,315,0,315,0,0,0,0,0,155,155,160,160,58
"5735",34,"[20]HcHHvtnJHqGKHqaIsJHB",303,0.993464,20,306,2,304,2,2,0,2,2,146,146,160,158,58
"5736",35,"[20]HcHHvtnJHqGKHqaIsJHB",300,0.993399,20,303,2,301,2,2,0,2,2,139,139,164,162,58
"5737",36,"[20]HcHHvtnJHqGKHqaIsJHB",314,1,20,313,0,313,0,0,0,0,0,157,157,156,156,58
"5738",37,"[20]HcHHvtnJHqGKHqaIsJHB",321,0.996894,20,322,1,321,1,1,0,1,1,173,173,149,148,58
"5739",38,"[20]HcHHvtnJHqGKHqaIsJHB",316,1,20,315,0,315,0,0,0,0,0,164,164,151,151,58
"5740",39,"[20]HcHHvtnJHqGKHqaIsJHB",319,1,20,318,0,318,0,0,0,0,0,160,160,158,158,58
"5741",40,"[20]HcHHvtnJHqGKHqaIsJHB",312,0.996805,20,313,1,312,1,1,0,1,1,151,151,162,161,58
"5742",41,"[20]HcHHvtnJHqGKHqaIsJHB",309,1,20,308,0,308,0,0,0,0,0,141,141,167,167,58
"5743",42,"[20]HcHHvtnJHqGKHqaIsJHB",318,1,20,317,0,317,0,0,0,0,0,165,165,152,152,58
"5744",43,"[20]HcHHvtnJHqGKHqaIsJHB",312,0.996805,20,313,1,312,1,1,0,1,1,160,160,153,152,58
"5745",44,"[20]HcHHvtnJHqGKHqaIsJHB",322,1,20,321,0,321,0,0,0,0,0,169,169,152,152,58
"5746",45,"[20]HcHHvtnJHqGKHqaIsJHB",311,0.996795,20,312,1,311,1,1,0,1,1,155,155,157,156,58
"5747",46,"[20]HcHHvtnJHqGKHqaIsJHB",308,0.996764,20,309,1,308,1,1,0,1,1,148,148,161,160,58
"5748",47,"[20]HcHHvtnJHqGKHqaIsJHB",312,1,20,311,0,311,0,0,0,0,0,147,147,164,164,58
"5749",48,"[20]HcHHvtnJHqGKHqaIsJHB",318,0.996865,20,319,1,318,1,1,0,1,1,177,177,142,141,58
"5750",49,"[20]HcHHvtnJHqGKHqaIsJHB",305,0.990323,20,310,3,307,3,3,0,3,3,151,151,159,156,58
"5751",50,"[20]HcHHvtnJHqGKHqaIsJHB",313,0.990566,20,318,3,315,3,3,0,3,3,169,169,149,146,58
"5752",51,"[20]HcHHvtnJHqGKHqaIsJHB",311,0.996795,20,312,1,311,1,1,0,1,1,155,155,157,156,58
"5753",52,"[20]HcHHvtnJHqGKHqaIsJHB",303,0.996711,20,304,1,303,1,1,0,1,1,142,142,162,161,58
"5754",53,"[20]HcHHvtnJHqGKHqaIsJHB",319,1,20,318,0,318,0,0,0,0,0,166,166,152,152,58
"5755",54,"[20]HcHHvtnJHqGKHqaIsJHB",311,1,20,310,0,310,0,0,0,0,0,148,148,162,162,58
"5756",55,"[20]HcHHvtnJHqGKHqaIsJHB",314,1,20,313,0,313,0,0,0,0,0,154,154,159,159,58
"5757",56,"[20]HcHHvtnJHqGKHqaIsJHB",316,1,20,315,0,315,0,0,0,0,0,157,157,158,158,58
"5758",57,"[20]HcHHvtnJHqGKHqaIsJHB",310,0.987382,20,317,4,313,4,4,0,4,4,168,168,149,145,58
"5759",58,"[20]HcHHvtnJHqGKHqaIsJHB",314,1,20,313,0,313,0,0,0,0,0,147,147,166,166,58
"5760",59,"[20]HcHHvtnJHqGKHqaIsJHB",310,0.99361,20,313,2,311,2,2,0,2,2,158,158,155,153,58
"5761",60,"[20]HcHHvtnJHqGKHqaIsJHB",302,0.993443,20,305,2,303,2,2,0,2,2,146,146,159,157,58
"5762",61,"[20]HcHHvtnJHqGKHqaIsJHB",318,0.996865,20,319,1,318,1,1,0,1,1,168,168,151,150,58
"5763",62,"[20]HcHHvtnJHqGKHqaIsJHB",320,1,20,319,0,319,0,0,0,0,0,167,167,152,152,58
"5764",63,"[20]HcHHvtnJHqGKHqaIsJHB",309,0.996774,20,310,1,309,1,1,0,1,1,150,150,160,159,58
"5765",64,"[20]HcHHvtnJHqGKHqaIsJHB",305,0.996732,20,306,1,305,1,1,0,1,1,147,147,159,158,58
"5766",65,"[20]HcHHvtnJHqGKHqaIsJHB",305,0.993506,20,308,2,306,2,2,0,2,2,145,145,163,161,58
"5767",66,"[20]HcHHvtnJHqGKHqaIsJHB",302,0.993443,20,305,2,303,2,2,0,2,2,144,144,161,159,58
"5768",67,"[20]HcHHvtnJHqGKHqaIsJHB",314,1,20,313,0,313,0,0,0,0,0,146,146,167,167,58
"5769",68,"[20]HcHHvtnJHqGKHqaIsJHB",329,1,20,328,0,328,0,0,0,0,0,182,182,146,146,58
"5770",69,"[20]HcHHvtnJHqGKHqaIsJHB",307,1,20,306,0,306,0,0,0,0,0,149,149,157,157,58
"5771",70,"[20]HcHHvtnJHqGKHqaIsJHB",312,1,20,311,0,311,0,0,0,0,0,149,149,162,162,58
"5772",71,"[20]HcHHvtnJHqGKHqaIsJHB",315,1,20,314,0,314,0,0,0,0,0,154,154,160,160,58
"5773",72,"[20]HcHHvtnJHqGKHqaIsJHB",299,0.993377,20,302,2,300,2,2,0,2,2,145,145,157,155,58
"5774",73,"[20]HcHHvtnJHqGKHqaIsJHB",311,0.996795,20,312,1,311,1,1,0,1,1,159,159,153,152,58
"5775",74,"[20]HcHHvtnJHqGKHqaIsJHB",313,1,20,312,0,312,0,0,0,0,0,153,153,159,159,58
"5776",75,"[20]HcHHvtnJHqGKHqaIsJHB",312,1,20,311,0,311,0,0,0,0,0,154,154,157,157,58
"5777",76,"[20]HcHHvtnJHqGKHqaIsJHB",318,1,20,317,0,317,0,0,0,0,0,152,152,165,165,58
"5778",77,"[20]HcHHvtnJHqGKHqaIsJHB",293,0.989933,20,298,3,295,3,3,0,3,3,138,138,160,157,58
"5779",78,"[20]HcHHvtnJHqGKHqaIsJHB",326,1,20,325,0,325,0,0,0,0,0,173,173,152,152,58
"5780",79,"[20]HcHHvtnJHqGKHqaIsJHB",319,1,20,318,0,318,0,0,0,0,0,154,154,164,164,58
"5781",80,"[20]HcHHvtnJHqGKHqaIsJHB",307,0.993548,20,310,2,308,2,2,0,2,2,155,155,155,153,58
"5782",81,"[20]HcHHvtnJHqGKHqaIsJHB",295,0.99,20,300,3,297,3,3,0,3,3,146,146,154,151,58
"5783",82,"[20]HcHHvtnJHqGKHqaIsJHB",301,0.990196,20,306,3,303,3,3,0,3,3,149,149,157,154,58
"5784",83,"[20]HcHHvtnJHqGKHqaIsJHB",321,1,20,320,0,320,0,0,0,0,0,166,166,154,154,58
"5785",84,"[20]HcHHvtnJHqGKHqaIsJHB",316,1,20,315,0,315,0,0,0,0,0,158,158,157,157,58
"5786",85,"[20]HcHHvtnJHqGKHqaIsJHB",313,1,20,312,0,312,0,0,0,0,0,160,160,152,152,58
"5787",86,"[20]HcHHvtnJHqGKHqaIsJHB",313,1,20,312,0,312,0,0,0,0,0,155,155,157,157,58
"5788",87,"[20]HcHHvtnJHqGKHqaIsJHB",301,1,20,300,0,300,0,0,0,0,0,132,132,168,168,58
"5789",88,"[20]HcHHvtnJHqGKHqaIsJHB",323,1,20,322,0,322,0,0,0,0,0,168,168,154,154,58
"5790",89,"[20]HcHHvtnJHqGKHqaIsJHB",311,0.993631,20,314,2,312,2,2,0,2,2,168,168,146,144,58
"5791",90,"[20]HcHHvtnJHqGKHqaIsJHB",300,0.986971,20,307,4,303,4,4,0,4,4,154,154,153,149,58
"5792",91,"[20]HcHHvtnJHqGKHqaIsJHB",315,0.996835,20,316,1,315,1,1,0,1,1,167,167,149,148,58
"5793",92,"[20]HcHHvtnJHqGKHqaIsJHB",310,1,20,309,0,309,0,0,0,0,0,149,149,160,160,58
"5794",93,"[20]HcHHvtnJHqGKHqaIsJHB",303,0.99026,20,308,3,305,3,3,0,3,3,154,154,154,151,58
"5795",94,"[20]HcHHvtnJHqGKHqaIsJHB",318,0.996865,20,319,1,318,1,1,0,1,1,169,169,150,149,58
"5796",95,"[20]HcHHvtnJHqGKHqaIsJHB",315,1,20,314,0,314,0,0,0,0,0,161,161,153,153,58
"5797",96,"[20]HcHHvtnJHqGKHqaIsJHB",312,0.993651,20,315,2,313,2,2,0,2,2,166,166,149,147,58
"5798",97,"[20]HcHHvtnJHqGKHqaIsJHB",317,0.996855,20,318,1,317,1,1,0,1,1,171,171,147,146,58
"5799",98,"[20]HcHHvtnJHqGKHqaIsJHB",299,0.983766,20,308,5,303,5,5,0,5,5,150,150,158,153,58
"5800",99,"[20]HcHHvtnJHqGKHqaIsJHB",309,0.984277,20,318,5,313,5,5,0,5,5,167,167,151,146,58
"5801",0,"[19]HcHxnJHqGKHqaInGnJs",334,1,19,333,0,333,0,0,0,0,0,190,190,143,143,59
"5802",1,"[19]HcHxnJHqGKHqaInGnJs",319,0.996875,19,320,1,319,1,1,0,1,1,168,168,152,151,59
"5803",2,"[19]HcHxnJHqGKHqaInGnJs",331,1,19,330,0,330,0,0,0,0,0,180,180,150,150,59
"5804",3,"[19]HcHxnJHqGKHqaInGnJs",309,0.99359,19,312,2,310,2,2,0,2,2,157,157,155,153,59
"5805",4,"[19]HcHxnJHqGKHqaInGnJs",306,0.996743,19,307,1,306,1,1,0,1,1,147,147,160,159,59
"5806",5,"[19]HcHxnJHqGKHqaInGnJs",311,1,19,310,0,310,0,0,0,0,0,150,150,160,160,59
"5807",6,"[19]HcHxnJHqGKHqaInGnJs",322,0.996904,19,323,1,322,1,1,0,1,1,173,173,150,149,59
"5808",7,"[19]HcHxnJHqGKHqaInGnJs",311,0.996795,19,312,1,311,1,1,0,1,1,157,157,155,154,59
"5809",8,"[19]HcHxnJHqGKHqaInGnJs",310,0.990476,19,315,3,312,3,3,0,3,3,166,166,149,146,59
"5810",9,"[19]HcHxnJHqGKHqaInGnJs",308,0.993569,19,311,2,309,2,2,0,2,2,152,152,159,157,59
"5811",10,"[19]HcHxnJHqGKHqaInGnJs",313,0.996815,19,314,1,313,1,1,0,1,1,157,157,157,156,59
"5812",11,"[19]HcHxnJHqGKHqaInGnJs",319,1,19,318,0,318,0,0,0,0,0,161,161,157,157,59
"5813",12,"[19]HcHxnJHqGKHqaInGnJs",313,0.996815,19,314,1,313,1,1,0,1,1,160,160,154,153,59
"5814",13,"[19]HcHxnJHqGKHqaInGnJs",324,1,19,323,0,323,0,0,0,0,0,165,165,158,158,59
"5815",14,"[19]HcHxnJHqGKHqaInGnJs",312,1,19,311,0,311,0,0,0,0,0,159,159,152,152,59
"5816",15,"[19]HcHxnJHqGKHqaInGnJs",313,1,19,312,0,312,0,0,0,0,0,151,151,161,161,59
"5817",16,"[19]HcHxnJHqGKHqaInGnJs",324,0.993884,19,327,2,325,2,2,0,2,2,176,176,151,149,59
"5818",17,"[19]HcHxnJHqGKHqaInGnJs",306,0.996743,19,307,1,306,1,1,0,1,1,146,146,161,160,59
"5819",18,"[19]HcHxnJHqGKHqaInGnJs",320,1,19,319,0,319,0,0,0,0,0,162,162,157,157,59
"5820",19,"[19]HcHxnJHqGKHqaInGnJs",308,0.993569,19,311,2,309,2,2,0,2,2,154,154,157,155,59
"5821",20,"[19]HcHxnJHqGKHqaInGnJs",326,0.996942,19,327,1,326,1,1,0,1,1,181,181,146,145,59
"5822",21,"[19]HcHxnJHqGKHqaInGnJs",307,0.996753,19,308,1,307,1,1,0,1,1,152,152,156,155,59
"5823",22,"[19]HcHxnJHqGKHqaInGnJs",306,0.993528,19,309,2,307,2,2,0,2,2,158,158,151,149,59
"5824",23,"[19]HcHxnJHqGKHqaInGnJs",324,1,19,323,0,323,0,0,0,0,0,169,169,154,154,59
"5825",24,"[19]HcHxnJHqGKHqaInGnJs",307,1,19,306,0,306,0,0,0,0,0,137,137,169,169,59
"5826",25,"[19]HcHxnJHqGKHqaInGnJs",316,0.996845,19,317,1,316,1,1,0,1,1,163,163,154,153,59
"5827",26,"[19]HcHxnJHqGKHqaInGnJs",322,0.996904,19,323,1,322,1,1,0,1,1,174,174,149,148,59
"5828",27,"[19]HcHxnJHqGKHqaInGnJs",320,1,19,319,0,319,0,0,0,0,0,163,163,156,156,59
"5829",28,"[19]HcHxnJHqGKHqaInGnJs",320,1,19,319,0,319,0,0,0,0,0,165,165,154,154,59
"5830",29,"[19]HcHxnJHqGKHqaInGnJs",311,1,19,310,0,310,0,0,0,0,0,150,150,160,160,59
"5831",30,"[19]HcHxnJHqGKHqaInGnJs",321,1,19,320,0,320,0,0,0,0,0,160,160,160,160,59
"5832",31,"[19]HcHxnJHqGKHqaInGnJs",317,0.99375,19,320,2,318,2,2,0,2,2,172,172,148,146,59
"5833",32,"[19]HcHxnJHqGKHqaInGnJs",320,1,19,319,0,319,0,0,0,0,0,168,168,151,151,59
"5834",33,"[19]HcHxnJHqGKHqaInGnJs",297,0.993333,19,300,2,298,2,2,0,2,2,134,134,166,164,59
"5835",34,"[19]HcHxnJHqGKHqaInGnJs",308,0.993569,19,311,2,309,2,2,0,2,2,152,152,159,157,59
"5836",35,"[19]HcHxnJHqGKHqaInGnJs",301,0.990196,19,306,3,303,3,3,0,3,3,150,150,156,153,59
"5837",36,"[19]HcHxnJHqGKHqaInGnJs",316,1,19,315,0,315,0,0,0,0,0,157,157,158,158,59
"5838",37,"[19]HcHxnJHqGKHqaInGnJs",311,1,19,310,0,310,0,0,0,0,0,152,152,158,158,59
"5839",38,"[19]HcHxnJHqGKHqaInGnJs",326,1,19,325,0,325,0,0,0,0,0,168,168,157,157,59
"5840",39,"[19]HcHxnJHqGKHqaInGnJs",307,1,19,306,0,306,0,0,0,0,0,143,143,163,163,59
"5841",40,"[19]HcHxnJHqGKHqaInGnJs",316,1,19,315,0,315,0,0,0,0,0,160,160,155,155,59
"5842",41,"[19]HcHxnJHqGKHqaInGnJs",322,1,19,321,0,321,0,0,0,0,0,166,166,155,155,59
"5843",42,"[19]HcHxnJHqGKHqaInGnJs",308,0.993569,19,311,2,309,2,2,0,2,2,156,156,155,153,59
"5844",43,"[19]HcHxnJHqGKHqaInGnJs",315,0.993711,19,318,2,316,2,2,0,2,2,166,166,152,150,59
"5845",44,"[19]HcHxnJHqGKHqaInGnJs",316,1,19,315,0,315,0,0,0,0,0,152,152,163,163,59
"5846",45,"[19]HcHxnJHqGKHqaInGnJs",304,0.987138,19,311,4,307,4,4,0,4,4,160,160,151,147,59
"5847",46,"[19]HcHxnJHqGKHqaInGnJs",299,0.983766,19,308,5,303,5,5,0,5,5,157,157,151,146,59
"5848",47,"[19]HcHxnJHqGKHqaInGnJs",298,0.990099,19,303,3,300,3,3,0,3,3,146,146,157,154,59
"5849",48,"[19]HcHxnJHqGKHqaInGnJs",311,0.990506,19,316,3,313,3,3,0,3,3,168,168,148,145,59
"5850",49,"[19]HcHxnJHqGKHqaInGnJs",314,1,19,313,0,313,0,0,0,0,0,151,151,162,162,59
"5851",50,"[19]HcHxnJHqGKHqaInGnJs",320,1,19,319,0,319,0,0,0,0,0,170,170,149,149,59
"5852",51,"[19]HcHxnJHqGKHqaInGnJs",321,1,19,320,0,320,0,0,0,0,0,164,164,156,156,59
"5853",52,"[19]HcHxnJHqGKHqaInGnJs",314,0.996825,19,315,1,314,1,1,0,1,1,157,157,158,157,59
"5854",53,"[19]HcHxnJHqGKHqaInGnJs",312,1,19,311,0,311,0,0,0,0,0,146,146,165,165,59
"5855",54,"[19]HcHxnJHqGKHqaInGnJs",315,0.996835,19,316,1,315,1,1,0,1,1,166,166,150,149,59
"5856",55,"[19]HcHxnJHqGKHqaInGnJs",318,1,19,317,0,317,0,0,0,0,0,155,155,162,162,59
"5857",56,"[19]HcHxnJHqGKHqaInGnJs",323,1,19,322,0,322,0,0,0,0,0,167,167,155,155,59
"5858",57,"[19]HcHxnJHqGKHqaInGnJs",326,1,19,325,0,325,0,0,0,0,0,184,184,141,141,59
"5859",58,"[19]HcHxnJHqGKHqaInGnJs",321,1,19,320,0,320,0,0,0,0,0,171,171,149,149,59
"5860",59,"[19]HcHxnJHqGKHqaInGnJs",313,1,19,312,0,312,0,0,0,0,0,150,150,162,162,59
"5861",60,"[19]HcHxnJHqGKHqaInGnJs",325,1,19,324,0,324,0,0,0,0,0,165,165,159,159,59
"5862",61,"[19]HcHxnJHqGKHqaInGnJs",310,0.99361,19,313,2,311,2,2,0,2,2,154,154,159,157,59
"5863",62,"[19]HcHxnJHqGKHqaInGnJs",307,0.990385,19,312,3,309,3,3,0,3,3,162,162,150,147,59
"5864",63,"[19]HcHxnJHqGKHqaInGnJs",293,0.986667,19,300,4,296,4,4,0,4,4,133,133,167,163,59
"5865",64,"[19]HcHxnJHqGKHqaInGnJs",314,1,19,313,0,313,0,0,0,0,0,155,155,158,158,59
"5866",65,"[19]HcHxnJHqGKHqaInGnJs",312,1,19,311,0,311,0,0,0,0,0,146,146,165,165,59
"5867",66,"[19]HcHxnJHqGKHqaInGnJs",317,1,19,316,0,316,0,0,0,0,0,156,156,160,160,59
"5868",67,"[19]HcHxnJHqGKHqaInGnJs",312,0.996805,19,313,1,312,1,1,0,1,1,149,149,164,163,59
"5869",68,"[19]HcHxnJHqGKHqaInGnJs",312,0.993651,19,315,2,313,2,2,0,2,2,158,158,157,155,59
"5870",69,"[19]HcHxnJHqGKHqaInGnJs",307,0.996753,19,308,1,307,1,1,0,1,1,150,150,158,157,59
"5871",70,"[19]HcHxnJHqGKHqaInGnJs",312,0.993651,19,315,2,313,2,2,0,2,2,164,164,151,149,59
"5872",71,"[19]HcHxnJHqGKHqaInGnJs",299,0.986928,19,306,4,302,4,4,0,4,4,149,149,157,153,59
"5873",72,"[19]HcHxnJHqGKHqaInGnJs",308,0.996764,19,309,1,308,1,1,0,1,1,142,142,167,166,59
"5874",73,"[19]HcHxnJHqGKHqaInGnJs",315,1,19,314,0,314,0,0,0,0,0,157,157,157,157,59
"5875",74,"[19]HcHxnJHqGKHqaInGnJs",307,0.996753,19,308,1,307,1,1,0,1,1,141,141,167,166,59
"5876",75,"[19]HcHxnJHqGKHqaInGnJs",312,0.996805,19,313,1,312,1,1,0,1,1,163,163,150,149,59
"5877",76,"[19]HcHxnJHqGKHqaInGnJs",321,1,19,320,0,320,0,0,0,0,0,161,161,159,159,59
"5878",77,"[19]HcHxnJHqGKHqaInGnJs",321,1,19,320,0,320,0,0,0,0,0,164,164,156,156,59
"5879",78,"[19]HcHxnJHqGKHqaInGnJs",313,0.996815,19,314,1,313,1,1,0,1,1,151,151,163,162,59
"5880",79,"[19]HcHxnJHqGKHqaInGnJs",311,0.993631,19,314,2,312,2,2,0,2,2,156,156,158,156,59
"5881",80,"[19]HcHxnJHqGKHqaInGnJs",310,1,19,309,0,309,0,0,0,0,0,151,151,158,158,59
"5882",81,"[19]HcHxnJHqGKHqaInGnJs",302,0.9967,19,303,1,302,1,1,0,1,1,142,142,161,160,59
"5883",82,"[19]HcHxnJHqGKHqaInGnJs",315,1,19,314,0,314,0,0,0,0,0,156,156,158,158,59
"5884",83,"[19]HcHxnJHqGKHqaInGnJs",303,0.993464,19,306,2,304,2,2,0,2,2,147,147,159,157,59
"5885",84,"[19]HcHxnJHqGKHqaInGnJs",319,0.993789,19,322,2,320,2,2,0,2,2,169,169,153,151,59
"5886",85,"[19]HcHxnJHqGKHqaInGnJs",324,1,19,323,0,323,0,0,0,0,0,166,166,157,157,59
"5887",86,"[19]HcHxnJHqGKHqaInGnJs",315,1,19,314,0,314,0,0,0,0,0,153,153,161,161,59
"5888",87,"[19]HcHxnJHqGKHqaInGnJs",314,1,19,313,0,313,0,0,0,0,0,155,155,158,158,59
"5889",88,"[19]HcHxnJHqGKHqaInGnJs",308,0.996764,19,309,1,308,1,1,0,1,1,145,145,164,163,59
"5890",89,"[19]HcHxnJHqGKHqaInGnJs",292,0.980198,19,303,6,297,6,6,0,6,6,147,147,156,150,59
"5891",90,"[19]HcHxnJHqGKHqaInGnJs",316,1,19,315,0,315,0,0,0,0,0,154,154,161,161,59
"5892",91,"[19]HcHxnJHqGKHqaInGnJs",322,1,19,321,0,321,0,0,0,0,0,166,166,155,155,59
"5893",92,"[19]HcHxnJHqGKHqaInGnJs",307,1,19,306,0,306,0,0,0,0,0,138,138,168,168,59
"5894",93,"[19]HcHxnJHqGKHqaInGnJs",315,0.996835,19,316,1,315,1,1,0,1,1,158,158,158,157,59
"5895",94,"[19]HcHxnJHqGKHqaInGnJs",311,1,19,310,0,310,0,0,0,0,0,152,152,158,158,59
"5896",95,"[19]HcHxnJHqGKHqaInGnJs",316,0.996845,19,317,1,316,1,1,0,1,1,155,155,162,161,59
"5897",96,"[19]HcHxnJHqGKHqaInGnJs",319,1,19,318,0,318,0,0,0,0,0,156,156,162,162,59
"5898",97,"[19]HcHxnJHqGKHqaInGnJs",318,1,19,317,0,317,0,0,0,0,0,160,160,157,157,59
"5899",98,"[19]HcHxnJHqGKHqaInGnJs",324,1,19,323,0,323,0,0,0,0,0,172,172,151,151,59
"5900",99,"[19]HcHxnJHqGKHqaInGnJs",314,0.996825,19,315,1,314,1,1,0,1,1,158,158,157,156,59
"5901",0,"[18]HcHuGnJHqKHqaIuezJ",303,1,18,302,0,302,0,0,0,0,0,150,150,152,152,60
"5902",1,"[18]HcHuGnJHqKHqaIuezJ",280,0.986063,18,287,4,283,4,4,0,4,4,132,132,155,151,60
"5903",2,"[18]HcHuGnJHqKHqaIuezJ",306,1,18,305,0,305,0,0,0,0,0,167,167,138,138,60
"5904",3,"[18]HcHuGnJHqKHqaIuezJ",296,0.996633,18,297,1,296,1,1,0,1,1,150,150,147,146,60
"5905",4,"[18]HcHuGnJHqKHqaIuezJ",301,0.993421,18,304,2,302,2,2,0,2,2,160,160,144,142,60
"5906",5,"[18]HcHuGnJHqKHqaIuezJ",293,1,18,292,0,292,0,0,0,0,0,141,141,151,151,60
"5907",6,"[18]HcHuGnJHqKHqaIuezJ",309,1,18,308,0,308,0,0,0,0,0,178,178,130,130,60
"5908",7,"[18]HcHuGnJHqKHqaIuezJ",301,1,18,300,0,300,0,0,0,0,0,151,151,149,149,60
"5909",8,"[18]HcHuGnJHqKHqaIuezJ",298,0.996656,18,299,1,298,1,1,0,1,1,139,139,160,159,60
"5910",9,"[18]HcHuGnJHqKHqaIuezJ",303,1,18,302,0,302,0,0,0,0,0,151,151,151,151,60
"5911",10,"[18]HcHuGnJHqKHqaIuezJ",291,0.993197,18,294,2,292,2,2,0,2,2,143,143,151,149,60
"5912",11,"[18]HcHuGnJHqKHqaIuezJ",301,0.993421,18,304,2,302,2,2,0,2,2,165,165,139,137,60
"5913",12,"[18]HcHuGnJHqKHqaIuezJ",302,1,18,301,0,301,0,0,0,0,0,145,145,156,156,60
"5914",13,"[18]HcHuGnJHqKHqaIuezJ",292,0.996587,18,293,1,292,1,1,0,1,1,143,143,150,149,60
"5915",14,"[18]HcHuGnJHqKHqaIuezJ",294,1,18,293,0,293,0,0,0,0,0,147,147,146,146,60
"5916",15,"[18]HcHuGnJHqKHqaIuezJ",289,0.989796,18,294,3,291,3,3,0,3,3,147,147,147,144,60
"5917",16,"[18]HcHuGnJHqKHqaIuezJ",293,0.993243,18,296,2,294,2,2,0,2,2,147,147,149,147,60
"5918",17,"[18]HcHuGnJHqKHqaIuezJ",291,0.993197,18,294,2,292,2,2,0,2,2,139,139,155,153,60
"5919",18,"[18]HcHuGnJHqKHqaIuezJ",302,0.9967,18,303,1,302,1,1,0,1,1,161,161,142,141,60
"5920",19,"[18]HcHuGnJHqKHqaIuezJ",298,1,18,297,0,297,0,0,0,0,0,158,158,139,139,60
"5921",20,"[18]HcHuGnJHqKHqaIuezJ",303,1,18,302,0,302,0,0,0,0,0,149,149,153,153,60
"5922",21,"[18]HcHuGnJHqKHqaIuezJ",301,1,18,300,0,300,0,0,0,0,0,144,144,156,156,60
"5923",22,"[18]HcHuGnJHqKHqaIuezJ",296,0.996633,18,297,1,296,1,1,0,1,1,144,144,153,152,60
"5924",23,"[18]HcHuGnJHqKHqaIuezJ",299,1,18,298,0,298,0,0,0,0,0,139,139,159,159,60
"5925",24,"[18]HcHuGnJHqKHqaIuezJ",285,0.996503,18,286,1,285,1,1,0,1,1,130,130,156,155,60
"5926",25,"[18]HcHuGnJHqKHqaIuezJ",297,1,18,296,0,296,0,0,0,0,0,150,150,146,146,60
"5927",26,"[18]HcHuGnJHqKHqaIuezJ",299,1,18,298,0,298,0,0,0,0,0,151,151,147,147,60
"5928",27,"[18]HcHuGnJHqKHqaIuezJ",286,0.989691,18,291,3,288,3,3,0,3,3,134,134,157,154,60
"5929",28,"[18]HcHuGnJHqKHqaIuezJ",294,1,18,293,0,293,0,0,0,0,0,135,135,158,158,60
"5930",29,"[18]HcHuGnJHqKHqaIuezJ",289,0.986486,18,296,4,292,4,4,0,4,4,157,157,139,135,60
"5931",30,"[18]HcHuGnJHqKHqaIuezJ",301,1,18,300,0,300,0,0,0,0,0,150,150,150,150,60
"5932",31,"[18]HcHuGnJHqKHqaIuezJ",296,0.996633,18,297,1,296,1,1,0,1,1,144,144,153,152,60
"5933",32,"[18]HcHuGnJHqKHqaIuezJ",297,1,18,296,0,296,0,0,0,0,0,133,133,163,163,60
"5934",33,"[18]HcHuGnJHqKHqaIuezJ",301,1,18,300,0,300,0,0,0,0,0,146,146,154,154,60
"5935",34,"[18]HcHuGnJHqKHqaIuezJ",305,0.996732,18,306,1,305,1,1,0,1,1,170,170,136,135,60
"5936",35,"[18]HcHuGnJHqKHqaIuezJ",300,1,18,299,0,299,0,0,0,0,0,151,151,148,148,60
"5937",36,"[18]HcHuGnJHqKHqaIuezJ",305,1,18,304,0,304,0,0,0,0,0,151,151,153,153,60
"5938",37,"[18]HcHuGnJHqKHqaIuezJ",289,0.986486,18,296,4,292,4,4,0,4,4,153,153,143,139,60
"5939",38,"[18]HcHuGnJHqKHqaIuezJ",307,1,18,306,0,306,0,0,0,0,0,171,171,135,135,60
"5940",39,"[18]HcHuGnJHqKHqaIuezJ",294,0.99661,18,295,1,294,1,1,0,1,1,142,142,153,152,60
"5941",40,"[18]HcHuGnJHqKHqaIuezJ",293,0.996599,18,294,1,293,1,1,0,1,1,148,148,146,145,60
"5942",41,"[18]HcHuGnJHqKHqaIuezJ",306,1,18,305,0,305,0,0,0,0,0,151,151,154,154,60
"5943",42,"[18]HcHuGnJHqKHqaIuezJ",302,1,18,301,0,301,0,0,0,0,0,154,154,147,147,60
"5944",43,"[18]HcHuGnJHqKHqaIuezJ",305,1,18,304,0,304,0,0,0,0,0,164,164,140,140,60
"5945",44,"[18]HcHuGnJHqKHqaIuezJ",296,0.993311,18,299,2,297,2,2,0,2,2,150,150,149,147,60
"5946",45,"[18]HcHuGnJHqKHqaIuezJ",282,0.986159,18,289,4,285,4,4,0,4,4,143,143,146,142,60
"5947",46,"[18]HcHuGnJHqKHqaIuezJ",300,1,18,299,0,299,0,0,0,0,0,140,140,159,159,60
"5948",47,"[18]HcHuGnJHqKHqaIuezJ",296,1,18,295,0,295,0,0,0,0,0,129,129,166,166,60
"5949",48,"[18]HcHuGnJHqKHqaIuezJ",301,1,18,300,0,300,0,0,0,0,0,154,154,146,146,60
"5950",49,"[18]HcHuGnJHqKHqaIuezJ",306,1,18,305,0,305,0,0,0,0,0,152,152,153,153,60
"5951",50,"[18]HcHuGnJHqKHqaIuezJ",302,1,18,301,0,301,0,0,0,0,0,142,142,159,159,60
"5952",51,"[18]HcHuGnJHqKHqaIuezJ",291,1,18,290,0,290,0,0,0,0,0,126,126,164,164,60
"5953",52,"[18]HcHuGnJHqKHqaIuezJ",295,0.99,18,300,3,297,3,3,0,3,3,150,150,150,147,60
"5954",53,"[18]HcHuGnJHqKHqaIuezJ",307,1,18,306,0,306,0,0,0,0,0,154,154,152,152,60
"5955",54,"[18]HcHuGnJHqKHqaIuezJ",298,1,18,297,0,297,0,0,0,0,0,140,140,157,157,60
"5956",55,"[18]HcHuGnJHqKHqaIuezJ",295,0.996622,18,296,1,295,1,1,0,1,1,147,147,149,148,60
"5957",56,"[18]HcHuGnJHqKHqaIuezJ",295,1,18,294,0,294,0,0,0,0,0,126,126,168,168,60
"5958",57,"[18]HcHuGnJHqKHqaIuezJ",295,0.996622,18,296,1,295,1,1,0,1,1,151,151,145,144,60
"5959",58,"[18]HcHuGnJHqKHqaIuezJ",304,1,18,303,0,303,0,0,0,0,0,157,157,146,146,60
"5960",59,"[18]HcHuGnJHqKHqaIuezJ",294,1,18,293,0,293,0,0,0,0,0,139,139,154,154,60
"5961",60,"[18]HcHuGnJHqKHqaIuezJ",294,1,18,293,0,293,0,0,0,0,0,153,153,140,140,60
"5962",61,"[18]HcHuGnJHqKHqaIuezJ",297,0.996644,18,298,1,297,1,1,0,1,1,144,144,154,153,60
"5963",62,"[18]HcHuGnJHqKHqaIuezJ",298,0.996656,18,299,1,298,1,1,0,1,1,156,156,143,142,60
"5964",63,"[18]HcHuGnJHqKHqaIuezJ",304,1,18,303,0,303,0,0,0,0,0,162,162,141,141,60
"5965",64,"[18]HcHuGnJHqKHqaIuezJ",287,0.996528,18,288,1,287,1,1,0,1,1,129,129,159,158,60
"5966",65,"[18]HcHuGnJHqKHqaIuezJ",296,0.993311,18,299,2,297,2,2,0,2,2,151,151,148,146,60
"5967",66,"[18]HcHuGnJHqKHqaIuezJ",304,1,18,303,0,303,0,0,0,0,0,158,158,145,145,60
"5968",67,"[18]HcHuGnJHqKHqaIuezJ",302,0.9967,18,303,1,302,1,1,0,1,1,151,151,152,151,60
"5969",68,"[18]HcHuGnJHqKHqaIuezJ",289,0.993151,18,292,2,290,2,2,0,2,2,132,132,160,158,60
"5970",69,"[18]HcHuGnJHqKHqaIuezJ",291,0.993197,18,294,2,292,2,2,0,2,2,146,146,148,146,60
"5971",70,"[18]HcHuGnJHqKHqaIuezJ",292,0.99322,18,295,2,293,2,2,0,2,2,141,141,154,152,60
"5972",71,"[18]HcHuGnJHqKHqaIuezJ",293,1,18,292,0,292,0,0,0,0,0,135,135,157,157,60
"5973",72,"[18]HcHuGnJHqKHqaIuezJ",298,0.996656,18,299,1,298,1,1,0,1,1,146,146,153,152,60
"5974",73,"[18]HcHuGnJHqKHqaIuezJ",301,1,18,300,0,300,0,0,0,0,0,151,151,149,149,60
"5975",74,"[18]HcHuGnJHqKHqaIuezJ",301,1,18,300,0,300,0,0,0,0,0,151,151,149,149,60
"5976",75,"[18]HcHuGnJHqKHqaIuezJ",299,0.993377,18,302,2,300,2,2,0,2,2,147,147,155,153,60
"5977",76,"[18]HcHuGnJHqKHqaIuezJ",302,0.9967,18,303,1,302,1,1,0,1,1,161,161,142,141,60
"5978",77,"[18]HcHuGnJHqKHqaIuezJ",292,0.996587,18,293,1,292,1,1,0,1,1,141,141,152,151,60
"5979",78,"[18]HcHuGnJHqKHqaIuezJ",292,0.996587,18,293,1,292,1,1,0,1,1,136,136,157,156,60
"5980",79,"[18]HcHuGnJHqKHqaIuezJ",294,1,18,293,0,293,0,0,0,0,0,144,144,149,149,60
"5981",80,"[18]HcHuGnJHqKHqaIuezJ",304,1,18,303,0,303,0,0,0,0,0,157,157,146,146,60
"5982",81,"[18]HcHuGnJHqKHqaIuezJ",296,0.996633,18,297,1,296,1,1,0,1,1,153,153,144,143,60
"5983",82,"[18]HcHuGnJHqKHqaIuezJ",282,0.989547,18,287,3,284,3,3,0,3,3,140,140,147,144,60
"5984",83,"[18]HcHuGnJHqKHqaIuezJ",280,0.969697,18,297,9,288,9,9,0,9,9,160,160,137,128,60
"5985",84,"[18]HcHuGnJHqKHqaIuezJ",303,0.996711,18,304,1,303,1,1,0,1,1,163,163,141,140,60
"5986",85,"[18]HcHuGnJHqKHqaIuezJ",292,0.996587,18,293,1,292,1,1,0,1,1,144,144,149,148,60
"5987",86,"[18]HcHuGnJHqKHqaIuezJ",300,0.996678,18,301,1,300,1,1,0,1,1,152,152,149,148,60
"5988",87,"[18]HcHuGnJHqKHqaIuezJ",303,1,18,302,0,302,0,0,0,0,0,154,154,148,148,60
"5989",88,"[18]HcHuGnJHqKHqaIuezJ",310,1,18,309,0,309,0,0,0,0,0,163,163,146,146,60
"5990",89,"[18]HcHuGnJHqKHqaIuezJ",303,1,18,302,0,302,0,0,0,0,0,159,159,143,143,60
"5991",90,"[18]HcHuGnJHqKHqaIuezJ",301,1,18,300,0,300,0,0,0,0,0,166,166,134,134,60
"5992",91,"[18]HcHuGnJHqKHqaIuezJ",282,0.982818,18,291,5,286,5,5,0,5,5,148,148,143,138,60
"5993",92,"[18]HcHuGnJHqKHqaIuezJ",295,1,18,294,0,294,0,0,0,0,0,142,142,152,152,60
"5994",93,"[18]HcHuGnJHqKHqaIuezJ",303,1,18,302,0,302,0,0,0,0,0,154,154,148,148,60
"5995",94,"[18]HcHuGnJHqKHqaIuezJ",290,0.986532,18,297,4,293,4,4,0,4,4,156,156,141,137,60
"5996",95,"[18]HcHuGnJHqKHqaIuezJ",305,1,18,304,0,304,0,0,0,0,0,161,161,143,143,60
"5997",96,"[18]HcHuGnJHqKHqaIuezJ",310,1,18,309,0,309,0,0,0,0,0,169,169,140,140,60
"5998",97,"[18]HcHuGnJHqKHqaIuezJ",291,0.993197,18,294,2,292,2,2,0,2,2,146,146,148,146,60
"5999",98,"[18]HcHuGnJHqKHqaIuezJ",305,1,18,304,0,304,0,0,0,0,0,148,148,156,156,60
"6000",99,"[18]HcHuGnJHqKHqaIuezJ",301,1,18,300,0,300,0,0,0,0,0,148,148,152,152,60
"6001",0,"[17]HBHvnJHqKGHqaIvJx",325,1,17,324,0,324,0,0,0,0,0,174,174,150,150,61
"6002",1,"[17]HBHvnJHqKGHqaIvJx",298,0.986885,17,305,4,301,4,4,0,4,4,148,148,157,153,61
"6003",2,"[17]HBHvnJHqKGHqaIvJx",311,0.996795,17,312,1,311,1,1,0,1,1,153,153,159,158,61
"6004",3,"[17]HBHvnJHqKGHqaIvJx",311,0.993631,17,314,2,312,2,2,0,2,2,156,156,158,156,61
"6005",4,"[17]HBHvnJHqKGHqaIvJx",302,0.993443,17,305,2,303,2,2,0,2,2,137,137,168,166,61
"6006",5,"[17]HBHvnJHqKGHqaIvJx",320,1,17,319,0,319,0,0,0,0,0,163,163,156,156,61
"6007",6,"[17]HBHvnJHqKGHqaIvJx",305,0.987179,17,312,4,308,4,4,0,4,4,158,158,154,150,61
"6008",7,"[17]HBHvnJHqKGHqaIvJx",320,1,17,319,0,319,0,0,0,0,0,150,150,169,169,61
"6009",8,"[17]HBHvnJHqKGHqaIvJx",303,0.993464,17,306,2,304,2,2,0,2,2,144,144,162,160,61
"6010",9,"[17]HBHvnJHqKGHqaIvJx",316,1,17,315,0,315,0,0,0,0,0,161,161,154,154,61
"6011",10,"[17]HBHvnJHqKGHqaIvJx",321,1,17,320,0,320,0,0,0,0,0,162,162,158,158,61
"6012",11,"[17]HBHvnJHqKGHqaIvJx",316,0.996845,17,317,1,316,1,1,0,1,1,163,163,154,153,61
"6013",12,"[17]HBHvnJHqKGHqaIvJx",318,0.996865,17,319,1,318,1,1,0,1,1,164,164,155,154,61
"6014",13,"[17]HBHvnJHqKGHqaIvJx",320,1,17,319,0,319,0,0,0,0,0,171,171,148,148,61
"6015",14,"[17]HBHvnJHqKGHqaIvJx",309,0.996774,17,310,1,309,1,1,0,1,1,147,147,163,162,61
"6016",15,"[17]HBHvnJHqKGHqaIvJx",312,1,17,311,0,311,0,0,0,0,0,148,148,163,163,61
"6017",16,"[17]HBHvnJHqKGHqaIvJx",313,0.993671,17,316,2,314,2,2,0,2,2,162,162,154,152,61
"6018",17,"[17]HBHvnJHqKGHqaIvJx",310,1,17,309,0,309,0,0,0,0,0,150,150,159,159,61
"6019",18,"[17]HBHvnJHqKGHqaIvJx",315,1,17,314,0,314,0,0,0,0,0,154,154,160,160,61
"6020",19,"[17]HBHvnJHqKGHqaIvJx",320,1,17,319,0,319,0,0,0,0,0,159,159,160,160,61
"6021",20,"[17]HBHvnJHqKGHqaIvJx",301,0.990196,17,306,3,303,3,3,0,3,3,146,146,160,157,61
"6022",21,"[17]HBHvnJHqKGHqaIvJx",301,0.990196,17,306,3,303,3,3,0,3,3,143,143,163,160,61
"6023",22,"[17]HBHvnJHqKGHqaIvJx",319,0.993789,17,322,2,320,2,2,0,2,2,176,176,146,144,61
"6024",23,"[17]HBHvnJHqKGHqaIvJx",313,1,17,312,0,312,0,0,0,0,0,148,148,164,164,61
"6025",24,"[17]HBHvnJHqKGHqaIvJx",319,1,17,318,0,318,0,0,0,0,0,159,159,159,159,61
"6026",25,"[17]HBHvnJHqKGHqaIvJx",326,0.996942,17,327,1,326,1,1,0,1,1,171,171,156,155,61
"6027",26,"[17]HBHvnJHqKGHqaIvJx",308,1,17,307,0,307,0,0,0,0,0,144,144,163,163,61
"6028",27,"[17]HBHvnJHqKGHqaIvJx",308,0.990415,17,313,3,310,3,3,0,3,3,156,156,157,154,61
"6029",28,"[17]HBHvnJHqKGHqaIvJx",325,1,17,324,0,324,0,0,0,0,0,170,170,154,154,61
"6030",29,"[17]HBHvnJHqKGHqaIvJx",319,0.993789,17,322,2,320,2,2,0,2,2,169,169,153,151,61
"6031",30,"[17]HBHvnJHqKGHqaIvJx",324,1,17,323,0,323,0,0,0,0,0,169,169,154,154,61
"6032",31,"[17]HBHvnJHqKGHqaIvJx",318,1,17,317,0,317,0,0,0,0,0,160,160,157,157,61
"6033",32,"[17]HBHvnJHqKGHqaIvJx",326,1,17,325,0,325,0,0,0,0,0,166,166,159,159,61
"6034",33,"[17]HBHvnJHqKGHqaIvJx",300,0.986971,17,307,4,303,4,4,0,4,4,151,151,156,152,61
"6035",34,"[17]HBHvnJHqKGHqaIvJx",315,1,17,314,0,314,0,0,0,0,0,151,151,163,163,61
"6036",35,"[17]HBHvnJHqKGHqaIvJx",322,1,17,321,0,321,0,0,0,0,0,169,169,152,152,61
"6037",36,"[17]HBHvnJHqKGHqaIvJx",316,0.996845,17,317,1,316,1,1,0,1,1,165,165,152,151,61
"6038",37,"[17]HBHvnJHqKGHqaIvJx",319,1,17,318,0,318,0,0,0,0,0,159,159,159,159,61
"6039",38,"[17]HBHvnJHqKGHqaIvJx",307,0.990385,17,312,3,309,3,3,0,3,3,158,158,154,151,61
"6040",39,"[17]HBHvnJHqKGHqaIvJx",325,1,17,324,0,324,0,0,0,0,0,174,174,150,150,61
"6041",40,"[17]HBHvnJHqKGHqaIvJx",303,0.996711,17,304,1,303,1,1,0,1,1,136,136,168,167,61
"6042",41,"[17]HBHvnJHqKGHqaIvJx",310,0.996785,17,311,1,310,1,1,0,1,1,150,150,161,160,61
"6043",42,"[17]HBHvnJHqKGHqaIvJx",311,1,17,310,0,310,0,0,0,0,0,149,149,161,161,61
"6044",43,"[17]HBHvnJHqKGHqaIvJx",305,0.996732,17,306,1,305,1,1,0,1,1,141,141,165,164,61
"6045",44,"[17]HBHvnJHqKGHqaIvJx",310,0.990476,17,315,3,312,3,3,0,3,3,153,153,162,159,61
"6046",45,"[17]HBHvnJHqKGHqaIvJx",305,0.990323,17,310,3,307,3,3,0,3,3,151,151,159,156,61
"6047",46,"[17]HBHvnJHqKGHqaIvJx",309,1,17,308,0,308,0,0,0,0,0,144,144,164,164,61
"6048",47,"[17]HBHvnJHqKGHqaIvJx",319,0.993789,17,322,2,320,2,2,0,2,2,170,170,152,150,61
"6049",48,"[17]HBHvnJHqKGHqaIvJx",318,1,17,317,0,317,0,0,0,0,0,161,161,156,156,61
"6050",49,"[17]HBHvnJHqKGHqaIvJx",321,1,17,320,0,320,0,0,0,0,0,161,161,159,159,61
"6051",50,"[17]HBHvnJHqKGHqaIvJx",303,0.99026,17,308,3,305,3,3,0,3,3,148,148,160,157,61
"6052",51,"[17]HBHvnJHqKGHqaIvJx",305,0.993506,17,308,2,306,2,2,0,2,2,146,146,162,160,61
"6053",52,"[17]HBHvnJHqKGHqaIvJx",321,1,17,320,0,320,0,0,0,0,0,157,157,163,163,61
"6054",53,"[17]HBHvnJHqKGHqaIvJx",311,0.996795,17,312,1,311,1,1,0,1,1,146,146,166,165,61
"6055",54,"[17]HBHvnJHqKGHqaIvJx",310,1,17,309,0,309,0,0,0,0,0,141,141,168,168,61
"6056",55,"[17]HBHvnJHqKGHqaIvJx",326,0.996942,17,327,1,326,1,1,0,1,1,179,179,148,147,61
"6057",56,"[17]HBHvnJHqKGHqaIvJx",322,0.996904,17,323,1,322,1,1,0,1,1,172,172,151,150,61
"6058",57,"[17]HBHvnJHqKGHqaIvJx",321,0.996894,17,322,1,321,1,1,0,1,1,163,163,159,158,61
"6059",58,"[17]HBHvnJHqKGHqaIvJx",314,0.996825,17,315,1,314,1,1,0,1,1,154,154,161,160,61
"6060",59,"[17]HBHvnJHqKGHqaIvJx",312,0.996805,17,313,1,312,1,1,0,1,1,157,157,156,155,61
"6061",60,"[17]HBHvnJHqKGHqaIvJx",308,0.996764,17,309,1,308,1,1,0,1,1,143,143,166,165,61
"6062",61,"[17]HBHvnJHqKGHqaIvJx",316,1,17,315,0,315,0,0,0,0,0,160,160,155,155,61
"6063",62,"[17]HBHvnJHqKGHqaIvJx",321,1,17,320,0,320,0,0,0,0,0,161,161,159,159,61
"6064",63,"[17]HBHvnJHqKGHqaIvJx",307,0.993548,17,310,2,308,2,2,0,2,2,145,145,165,163,61
"6065",64,"[17]HBHvnJHqKGHqaIvJx",301,0.980769,17,312,6,306,6,6,0,6,6,163,163,149,143,61
"6066",65,"[17]HBHvnJHqKGHqaIvJx",308,0.993569,17,311,2,309,2,2,0,2,2,152,152,159,157,61
"6067",66,"[17]HBHvnJHqKGHqaIvJx",313,0.9875,17,320,4,316,4,4,0,4,4,173,173,147,143,61
"6068",67,"[17]HBHvnJHqKGHqaIvJx",321,0.996894,17,322,1,321,1,1,0,1,1,174,174,148,147,61
"6069",68,"[17]HBHvnJHqKGHqaIvJx",314,0.996825,17,315,1,314,1,1,0,1,1,157,157,158,157,61
"6070",69,"[17]HBHvnJHqKGHqaIvJx",316,0.99373,17,319,2,317,2,2,0,2,2,167,167,152,150,61
"6071",70,"[17]HBHvnJHqKGHqaIvJx",310,0.99361,17,313,2,311,2,2,0,2,2,155,155,158,156,61
"6072",71,"[17]HBHvnJHqKGHqaIvJx",324,1,17,323,0,323,0,0,0,0,0,175,175,148,148,61
"6073",72,"[17]HBHvnJHqKGHqaIvJx",323,1,17,322,0,322,0,0,0,0,0,165,165,157,157,61
"6074",73,"[17]HBHvnJHqKGHqaIvJx",315,0.996835,17,316,1,315,1,1,0,1,1,164,164,152,151,61
"6075",74,"[17]HBHvnJHqKGHqaIvJx",309,0.99359,17,312,2,310,2,2,0,2,2,154,154,158,156,61
"6076",75,"[17]HBHvnJHqKGHqaIvJx",300,0.996678,17,301,1,300,1,1,0,1,1,130,130,171,170,61
"6077",76,"[17]HBHvnJHqKGHqaIvJx",308,1,17,307,0,307,0,0,0,0,0,139,139,168,168,61
"6078",77,"[17]HBHvnJHqKGHqaIvJx",315,1,17,314,0,314,0,0,0,0,0,157,157,157,157,61
"6079",78,"[17]HBHvnJHqKGHqaIvJx",320,0.993808,17,323,2,321,2,2,0,2,2,171,171,152,150,61
"6080",79,"[17]HBHvnJHqKGHqaIvJx",315,0.996835,17,316,1,315,1,1,0,1,1,151,151,165,164,61
"6081",80,"[17]HBHvnJHqKGHqaIvJx",312,0.996805,17,313,1,312,1,1,0,1,1,148,148,165,164,61
"6082",81,"[17]HBHvnJHqKGHqaIvJx",322,1,17,321,0,321,0,0,0,0,0,169,169,152,152,61
"6083",82,"[17]HBHvnJHqKGHqaIvJx",316,1,17,315,0,315,0,0,0,0,0,155,155,160,160,61
"6084",83,"[17]HBHvnJHqKGHqaIvJx",295,0.977273,17,308,7,301,7,7,0,7,7,155,155,153,146,61
"6085",84,"[17]HBHvnJHqKGHqaIvJx",319,1,17,318,0,318,0,0,0,0,0,164,164,154,154,61
"6086",85,"[17]HBHvnJHqKGHqaIvJx",307,1,17,306,0,306,0,0,0,0,0,139,139,167,167,61
"6087",86,"[17]HBHvnJHqKGHqaIvJx",304,1,17,303,0,303,0,0,0,0,0,133,133,170,170,61
"6088",87,"[17]HBHvnJHqKGHqaIvJx",320,0.996885,17,321,1,320,1,1,0,1,1,163,163,158,157,61
"6089",88,"[17]HBHvnJHqKGHqaIvJx",315,1,17,314,0,314,0,0,0,0,0,151,151,163,163,61
"6090",89,"[17]HBHvnJHqKGHqaIvJx",312,1,17,311,0,311,0,0,0,0,0,150,150,161,161,61
"6091",90,"[17]HBHvnJHqKGHqaIvJx",306,0.98722,17,313,4,309,4,4,0,4,4,158,158,155,151,61
"6092",91,"[17]HBHvnJHqKGHqaIvJx",323,1,17,322,0,322,0,0,0,0,0,173,173,149,149,61
"6093",92,"[17]HBHvnJHqKGHqaIvJx",323,1,17,322,0,322,0,0,0,0,0,170,170,152,152,61
"6094",93,"[17]HBHvnJHqKGHqaIvJx",314,0.996825,17,315,1,314,1,1,0,1,1,162,162,153,152,61
"6095",94,"[17]HBHvnJHqKGHqaIvJx",318,1,17,317,0,317,0,0,0,0,0,162,162,155,155,61
"6096",95,"[17]HBHvnJHqKGHqaIvJx",314,0.996825,17,315,1,314,1,1,0,1,1,161,161,154,153,61
"6097",96,"[17]HBHvnJHqKGHqaIvJx",295,0.983553,17,304,5,299,5,5,0,5,5,145,145,159,154,61
"6098",97,"[17]HBHvnJHqKGHqaIvJx",321,1,17,320,0,320,0,0,0,0,0,166,166,154,154,61
"6099",98,"[17]HBHvnJHqKGHqaIvJx",310,0.990476,17,315,3,312,3,3,0,3,3,165,165,150,147,61
"6100",99,"[17]HBHvnJHqKGHqaIvJx",310,0.99361,17,313,2,311,2,2,0,2,2,152,152,161,159,61
"6101",0,"[16]HcHtGnJHqKHqaIsJ",310,0.996785,16,311,1,310,1,1,0,1,1,177,177,134,133,62
"6102",1,"[16]HcHtGnJHqKHqaIsJ",299,1,16,298,0,298,0,0,0,0,0,159,159,139,139,62
"6103",2,"[16]HcHtGnJHqKHqaIsJ",305,0.996732,16,306,1,305,1,1,0,1,1,163,163,143,142,62
"6104",3,"[16]HcHtGnJHqKHqaIsJ",297,1,16,296,0,296,0,0,0,0,0,139,139,157,157,62
"6105",4,"[16]HcHtGnJHqKHqaIsJ",304,1,16,303,0,303,0,0,0,0,0,163,163,140,140,62
"6106",5,"[16]HcHtGnJHqKHqaIsJ",289,1,16,288,0,288,0,0,0,0,0,136,136,152,152,62
"6107",6,"[16]HcHtGnJHqKHqaIsJ",301,1,16,300,0,300,0,0,0,0,0,150,150,150,150,62
"6108",7,"[16]HcHtGnJHqKHqaIsJ",304,0.996721,16,305,1,304,1,1,0,1,1,157,157,148,147,62
"6109",8,"[16]HcHtGnJHqKHqaIsJ",303,1,16,302,0,302,0,0,0,0,0,153,153,149,149,62
"6110",9,"[16]HcHtGnJHqKHqaIsJ",283,0.982877,16,292,5,287,5,5,0,5,5,143,143,149,144,62
"6111",10,"[16]HcHtGnJHqKHqaIsJ",297,0.996644,16,298,1,297,1,1,0,1,1,147,147,151,150,62
"6112",11,"[16]HcHtGnJHqKHqaIsJ",298,1,16,297,0,297,0,0,0,0,0,149,149,148,148,62
"6113",12,"[16]HcHtGnJHqKHqaIsJ",297,1,16,296,0,296,0,0,0,0,0,140,140,156,156,62
"6114",13,"[16]HcHtGnJHqKHqaIsJ",304,1,16,303,0,303,0,0,0,0,0,161,161,142,142,62
"6115",14,"[16]HcHtGnJHqKHqaIsJ",293,1,16,292,0,292,0,0,0,0,0,132,132,160,160,62
"6116",15,"[16]HcHtGnJHqKHqaIsJ",293,0.993243,16,296,2,294,2,2,0,2,2,155,155,141,139,62
"6117",16,"[16]HcHtGnJHqKHqaIsJ",302,1,16,301,0,301,0,0,0,0,0,149,149,152,152,62
"6118",17,"[16]HcHtGnJHqKHqaIsJ",296,1,16,295,0,295,0,0,0,0,0,142,142,153,153,62
"6119",18,"[16]HcHtGnJHqKHqaIsJ",291,0.996575,16,292,1,291,1,1,0,1,1,128,128,164,163,62
"6120",19,"[16]HcHtGnJHqKHqaIsJ",296,1,16,295,0,295,0,0,0,0,0,138,138,157,157,62
"6121",20,"[16]HcHtGnJHqKHqaIsJ",302,1,16,301,0,301,0,0,0,0,0,157,157,144,144,62
"6122",21,"[16]HcHtGnJHqKHqaIsJ",291,0.986577,16,298,4,294,4,4,0,4,4,157,157,141,137,62
"6123",22,"[16]HcHtGnJHqKHqaIsJ",304,1,16,303,0,303,0,0,0,0,0,157,157,146,146,62
"6124",23,"[16]HcHtGnJHqKHqaIsJ",302,1,16,301,0,301,0,0,0,0,0,154,154,147,147,62
"6125",24,"[16]HcHtGnJHqKHqaIsJ",301,0.996689,16,302,1,301,1,1,0,1,1,150,150,152,151,62
"6126",25,"[16]HcHtGnJHqKHqaIsJ",278,0.989399,16,283,3,280,3,3,0,3,3,118,118,165,162,62
"6127",26,"[16]HcHtGnJHqKHqaIsJ",292,0.996587,16,293,1,292,1,1,0,1,1,140,140,153,152,62
"6128",27,"[16]HcHtGnJHqKHqaIsJ",290,0.993174,16,293,2,291,2,2,0,2,2,146,146,147,145,62
"6129",28,"[16]HcHtGnJHqKHqaIsJ",302,1,16,301,0,301,0,0,0,0,0,152,152,149,149,62
"6130",29,"[16]HcHtGnJHqKHqaIsJ",300,1,16,299,0,299,0,0,0,0,0,154,154,145,145,62
"6131",30,"[16]HcHtGnJHqKHqaIsJ",307,1,16,306,0,306,0,0,0,0,0,160,160,146,146,62
"6132",31,"[16]HcHtGnJHqKHqaIsJ",294,0.989967,16,299,3,296,3,3,0,3,3,156,156,143,140,62
"6133",32,"[16]HcHtGnJHqKHqaIsJ",296,0.996633,16,297,1,296,1,1,0,1,1,147,147,150,149,62
"6134",33,"[16]HcHtGnJHqKHqaIsJ",308,1,16,307,0,307,0,0,0,0,0,156,156,151,151,62
"6135",34,"[16]HcHtGnJHqKHqaIsJ",308,0.996764,16,309,1,308,1,1,0,1,1,156,156,153,152,62
"6136",35,"[16]HcHtGnJHqKHqaIsJ",300,1,16,299,0,299,0,0,0,0,0,139,139,160,160,62
"6137",36,"[16]HcHtGnJHqKHqaIsJ",303,1,16,302,0,302,0,0,0,0,0,159,159,143,143,62
"6138",37,"[16]HcHtGnJHqKHqaIsJ",294,0.99661,16,295,1,294,1,1,0,1,1,148,148,147,146,62
"6139",38,"[16]HcHtGnJHqKHqaIsJ",291,0.986577,16,298,4,294,4,4,0,4,4,153,153,145,141,62
"6140",39,"[16]HcHtGnJHqKHqaIsJ",311,1,16,310,0,310,0,0,0,0,0,167,167,143,143,62
"6141",40,"[16]HcHtGnJHqKHqaIsJ",297,1,16,296,0,296,0,0,0,0,0,143,143,153,153,62
"6142",41,"[16]HcHtGnJHqKHqaIsJ",292,0.996587,16,293,1,292,1,1,0,1,1,138,138,155,154,62
"6143",42,"[16]HcHtGnJHqKHqaIsJ",292,0.99322,16,295,2,293,2,2,0,2,2,141,141,154,152,62
"6144",43,"[16]HcHtGnJHqKHqaIsJ",299,0.996667,16,300,1,299,1,1,0,1,1,153,153,147,146,62
"6145",44,"[16]HcHtGnJHqKHqaIsJ",297,1,16,296,0,296,0,0,0,0,0,140,140,156,156,62
"6146",45,"[16]HcHtGnJHqKHqaIsJ",298,1,16,297,0,297,0,0,0,0,0,145,145,152,152,62
"6147",46,"[16]HcHtGnJHqKHqaIsJ",295,1,16,294,0,294,0,0,0,0,0,145,145,149,149,62
"6148",47,"[16]HcHtGnJHqKHqaIsJ",302,1,16,301,0,301,0,0,0,0,0,156,156,145,145,62
"6149",48,"[16]HcHtGnJHqKHqaIsJ",297,1,16,296,0,296,0,0,0,0,0,160,160,136,136,62
"6150",49,"[16]HcHtGnJHqKHqaIsJ",297,1,16,296,0,296,0,0,0,0,0,145,145,151,151,62
"6151",50,"[16]HcHtGnJHqKHqaIsJ",291,0.993197,16,294,2,292,2,2,0,2,2,139,139,155,153,62
"6152",51,"[16]HcHtGnJHqKHqaIsJ",296,0.993311,16,299,2,297,2,2,0,2,2,157,157,142,140,62
"6153",52,"[16]HcHtGnJHqKHqaIsJ",306,0.996743,16,307,1,306,1,1,0,1,1,164,164,143,142,62
"6154",53,"[16]HcHtGnJHqKHqaIsJ",302,1,16,301,0,301,0,0,0,0,0,160,160,141,141,62
"6155",54,"[16]HcHtGnJHqKHqaIsJ",296,1,16,295,0,295,0,0,0,0,0,146,146,149,149,62
"6156",55,"[16]HcHtGnJHqKHqaIsJ",297,0.993333,16,300,2,298,2,2,0,2,2,150,150,150,148,62
"6157",56,"[16]HcHtGnJHqKHqaIsJ",294,0.989967,16,299,3,296,3,3,0,3,3,148,148,151,148,62
"6158",57,"[16]HcHtGnJHqKHqaIsJ",311,1,16,310,0,310,0,0,0,0,0,160,160,150,150,62
"6159",58,"[16]HcHtGnJHqKHqaIsJ",299,1,16,298,0,298,0,0,0,0,0,147,147,151,151,62
"6160",59,"[16]HcHtGnJHqKHqaIsJ",299,1,16,298,0,298,0,0,0,0,0,155,155,143,143,62
"6161",60,"[16]HcHtGnJHqKHqaIsJ",288,0.993127,16,291,2,289,2,2,0,2,2,139,139,152,150,62
"6162",61,"[16]HcHtGnJHqKHqaIsJ",302,0.9967,16,303,1,302,1,1,0,1,1,153,153,150,149,62
"6163",62,"[16]HcHtGnJHqKHqaIsJ",308,1,16,307,0,307,0,0,0,0,0,157,157,150,150,62
"6164",63,"[16]HcHtGnJHqKHqaIsJ",301,1,16,300,0,300,0,0,0,0,0,158,158,142,142,62
"6165",64,"[16]HcHtGnJHqKHqaIsJ",286,0.986348,16,293,4,289,4,4,0,4,4,143,143,150,146,62
"6166",65,"[16]HcHtGnJHqKHqaIsJ",292,0.99322,16,295,2,293,2,2,0,2,2,142,142,153,151,62
"6167",66,"[16]HcHtGnJHqKHqaIsJ",295,1,16,294,0,294,0,0,0,0,0,150,150,144,144,62
"6168",67,"[16]HcHtGnJHqKHqaIsJ",306,1,16,305,0,305,0,0,0,0,0,154,154,151,151,62
"6169",68,"[16]HcHtGnJHqKHqaIsJ",304,1,16,303,0,303,0,0,0,0,0,150,150,153,153,62
"6170",69,"[16]HcHtGnJHqKHqaIsJ",295,0.996622,16,296,1,295,1,1,0,1,1,145,145,151,150,62
"6171",70,"[16]HcHtGnJHqKHqaIsJ",301,1,16,300,0,300,0,0,0,0,0,146,146,154,154,62
"6172",71,"[16]HcHtGnJHqKHqaIsJ",303,1,16,302,0,302,0,0,0,0,0,162,162,140,140,62
"6173",72,"[16]HcHtGnJHqKHqaIsJ",296,1,16,295,0,295,0,0,0,0,0,134,134,161,161,62
"6174",73,"[16]HcHtGnJHqKHqaIsJ",312,1,16,311,0,311,0,0,0,0,0,170,170,141,141,62
"6175",74,"[16]HcHtGnJHqKHqaIsJ",305,0.996732,16,306,1,305,1,1,0,1,1,159,159,147,146,62
"6176",75,"[16]HcHtGnJHqKHqaIsJ",295,0.993289,16,298,2,296,2,2,0,2,2,148,148,150,148,62
"6177",76,"[16]HcHtGnJHqKHqaIsJ",295,1,16,294,0,294,0,0,0,0,0,136,136,158,158,62
"6178",77,"[16]HcHtGnJHqKHqaIsJ",309,0.996774,16,310,1,309,1,1,0,1,1,166,166,144,143,62
"6179",78,"[16]HcHtGnJHqKHqaIsJ",302,1,16,301,0,301,0,0,0,0,0,152,152,149,149,62
"6180",79,"[16]HcHtGnJHqKHqaIsJ",305,1,16,304,0,304,0,0,0,0,0,157,157,147,147,62
"6181",80,"[16]HcHtGnJHqKHqaIsJ",298,1,16,297,0,297,0,0,0,0,0,151,151,146,146,62
"6182",81,"[16]HcHtGnJHqKHqaIsJ",295,0.993289,16,298,2,296,2,2,0,2,2,144,144,154,152,62
"6183",82,"[16]HcHtGnJHqKHqaIsJ",298,0.996656,16,299,1,298,1,1,0,1,1,146,146,153,152,62
"6184",83,"[16]HcHtGnJHqKHqaIsJ",288,0.986441,16,295,4,291,4,4,0,4,4,146,146,149,145,62
"6185",84,"[16]HcHtGnJHqKHqaIsJ",293,0.989933,16,298,3,295,3,3,0,3,3,148,148,150,147,62
"6186",85,"[16]HcHtGnJHqKHqaIsJ",287,0.993103,16,290,2,288,2,2,0,2,2,144,144,146,144,62
"6187",86,"[16]HcHtGnJHqKHqaIsJ",291,0.989865,16,296,3,293,3,3,0,3,3,156,156,140,137,62
"6188",87,"[16]HcHtGnJHqKHqaIsJ",297,0.996644,16,298,1,297,1,1,0,1,1,145,145,153,152,62
"6189",88,"[16]HcHtGnJHqKHqaIsJ",311,1,16,310,0,310,0,0,0,0,0,169,169,141,141,62
"6190",89,"[16]HcHtGnJHqKHqaIsJ",300,0.996678,16,301,1,300,1,1,0,1,1,141,141,160,159,62
"6191",90,"[16]HcHtGnJHqKHqaIsJ",295,1,16,294,0,294,0,0,0,0,0,144,144,150,150,62
"6192",91,"[16]HcHtGnJHqKHqaIsJ",293,0.989933,16,298,3,295,3,3,0,3,3,167,167,131,128,62
"6193",92,"[16]HcHtGnJHqKHqaIsJ",301,1,16,300,0,300,0,0,0,0,0,144,144,156,156,62
"6194",93,"[16]HcHtGnJHqKHqaIsJ",297,0.996644,16,298,1,297,1,1,0,1,1,149,149,149,148,62
"6195",94,"[16]HcHtGnJHqKHqaIsJ",300,0.996678,16,301,1,300,1,1,0,1,1,156,156,145,144,62
"6196",95,"[16]HcHtGnJHqKHqaIsJ",297,1,16,296,0,296,0,0,0,0,0,141,141,155,155,62
"6197",96,"[16]HcHtGnJHqKHqaIsJ",299,1,16,298,0,298,0,0,0,0,0,150,150,148,148,62
"6198",97,"[16]HcHtGnJHqKHqaIsJ",293,0.986667,16,300,4,296,4,4,0,4,4,151,151,149,145,62
"6199",98,"[16]HcHtGnJHqKHqaIsJ",300,0.996678,16,301,1,300,1,1,0,1,1,144,144,157,156,62
"6200",99,"[16]HcHtGnJHqKHqaIsJ",306,1,16,305,0,305,0,0,0,0,0,154,154,151,151,62
"6201",0,"[15]HBHwGnJHqKHqaIJ",298,0.996656,15,299,1,298,1,1,0,1,1,162,162,137,136,63
"6202",1,"[15]HBHwGnJHqKHqaIJ",311,1,15,310,0,310,0,0,0,0,0,169,169,141,141,63
"6203",2,"[15]HBHwGnJHqKHqaIJ",297,0.993333,15,300,2,298,2,2,0,2,2,152,152,148,146,63
"6204",3,"[15]HBHwGnJHqKHqaIJ",293,0.993243,15,296,2,294,2,2,0,2,2,147,147,149,147,63
"6205",4,"[15]HBHwGnJHqKHqaIJ",298,0.996656,15,299,1,298,1,1,0,1,1,141,141,158,157,63
"6206",5,"[15]HBHwGnJHqKHqaIJ",298,0.993355,15,301,2,299,2,2,0,2,2,154,154,147,145,63
"6207",6,"[15]HBHwGnJHqKHqaIJ",297,1,15,296,0,296,0,0,0,0,0,143,143,153,153,63
"6208",7,"[15]HBHwGnJHqKHqaIJ",307,1,15,306,0,306,0,0,0,0,0,149,149,157,157,63
"6209",8,"[15]HBHwGnJHqKHqaIJ",297,0.993333,15,300,2,298,2,2,0,2,2,152,152,148,146,63
"6210",9,"[15]HBHwGnJHqKHqaIJ",301,1,15,300,0,300,0,0,0,0,0,160,160,140,140,63
"6211",10,"[15]HBHwGnJHqKHqaIJ",289,0.993151,15,292,2,290,2,2,0,2,2,155,155,137,135,63
"6212",11,"[15]HBHwGnJHqKHqaIJ",296,1,15,295,0,295,0,0,0,0,0,142,142,153,153,63
"6213",12,"[15]HBHwGnJHqKHqaIJ",299,1,15,298,0,298,0,0,0,0,0,139,139,159,159,63
"6214",13,"[15]HBHwGnJHqKHqaIJ",305,1,15,304,0,304,0,0,0,0,0,146,146,158,158,63
"6215",14,"[15]HBHwGnJHqKHqaIJ",304,1,15,303,0,303,0,0,0,0,0,150,150,153,153,63
"6216",15,"[15]HBHwGnJHqKHqaIJ",294,1,15,293,0,293,0,0,0,0,0,128,128,165,165,63
"6217",16,"[15]HBHwGnJHqKHqaIJ",298,0.996656,15,299,1,298,1,1,0,1,1,143,143,156,155,63
"6218",17,"[15]HBHwGnJHqKHqaIJ",302,1,15,301,0,301,0,0,0,0,0,152,152,149,149,63
"6219",18,"[15]HBHwGnJHqKHqaIJ",297,0.993333,15,300,2,298,2,2,0,2,2,155,155,145,143,63
"6220",19,"[15]HBHwGnJHqKHqaIJ",295,0.99,15,300,3,297,3,3,0,3,3,156,156,144,141,63
"6221",20,"[15]HBHwGnJHqKHqaIJ",300,1,15,299,0,299,0,0,0,0,0,148,148,151,151,63
"6222",21,"[15]HBHwGnJHqKHqaIJ",301,0.996689,15,302,1,301,1,1,0,1,1,155,155,147,146,63
"6223",22,"[15]HBHwGnJHqKHqaIJ",297,1,15,296,0,296,0,0,0,0,0,145,145,151,151,63
"6224",23,"[15]HBHwGnJHqKHqaIJ",294,1,15,293,0,293,0,0,0,0,0,135,135,158,158,63
"6225",24,"[15]HBHwGnJHqKHqaIJ",296,1,15,295,0,295,0,0,0,0,0,137,137,158,158,63
"6226",25,"[15]HBHwGnJHqKHqaIJ",292,1,15,291,0,291,0,0,0,0,0,134,134,157,157,63
"6227",26,"[15]HBHwGnJHqKHqaIJ",306,1,15,305,0,305,0,0,0,0,0,154,154,151,151,63
"6228",27,"[15]HBHwGnJHqKHqaIJ",308,1,15,307,0,307,0,0,0,0,0,178,178,129,129,63
"6229",28,"[15]HBHwGnJHqKHqaIJ",306,1,15,305,0,305,0,0,0,0,0,156,156,149,149,63
"6230",29,"[15]HBHwGnJHqKHqaIJ",296,1,15,295,0,295,0,0,0,0,0,146,146,149,149,63
"6231",30,"[15]HBHwGnJHqKHqaIJ",297,0.996644,15,298,1,297,1,1,0,1,1,146,146,152,151,63
"6232",31,"[15]HBHwGnJHqKHqaIJ",294,0.989967,15,299,3,296,3,3,0,3,3,153,153,146,143,63
"6233",32,"[15]HBHwGnJHqKHqaIJ",300,0.996678,15,301,1,300,1,1,0,1,1,148,148,153,152,63
"6234",33,"[15]HBHwGnJHqKHqaIJ",297,1,15,296,0,296,0,0,0,0,0,143,143,153,153,63
"6235",34,"[15]HBHwGnJHqKHqaIJ",293,1,15,292,0,292,0,0,0,0,0,135,135,157,157,63
"6236",35,"[15]HBHwGnJHqKHqaIJ",278,0.972696,15,293,8,285,8,8,0,8,8,147,147,146,138,63
"6237",36,"[15]HBHwGnJHqKHqaIJ",305,1,15,304,0,304,0,0,0,0,0,149,149,155,155,63
"6238",37,"[15]HBHwGnJHqKHqaIJ",303,1,15,302,0,302,0,0,0,0,0,148,148,154,154,63
"6239",38,"[15]HBHwGnJHqKHqaIJ",306,0.993528,15,309,2,307,2,2,0,2,2,179,179,130,128,63
"6240",39,"[15]HBHwGnJHqKHqaIJ",303,1,15,302,0,302,0,0,0,0,0,150,150,152,152,63
"6241",40,"[15]HBHwGnJHqKHqaIJ",293,0.989933,15,298,3,295,3,3,0,3,3,146,146,152,149,63
"6242",41,"[15]HBHwGnJHqKHqaIJ",295,0.996622,15,296,1,295,1,1,0,1,1,139,139,157,156,63
"6243",42,"[15]HBHwGnJHqKHqaIJ",285,0.989655,15,290,3,287,3,3,0,3,3,131,131,159,156,63
"6244",43,"[15]HBHwGnJHqKHqaIJ",301,1,15,300,0,300,0,0,0,0,0,152,152,148,148,63
"6245",44,"[15]HBHwGnJHqKHqaIJ",292,1,15,291,0,291,0,0,0,0,0,129,129,162,162,63
"6246",45,"[15]HBHwGnJHqKHqaIJ",302,0.9967,15,303,1,302,1,1,0,1,1,150,150,153,152,63
"6247",46,"[15]HBHwGnJHqKHqaIJ",293,1,15,292,0,292,0,0,0,0,0,143,143,149,149,63
"6248",47,"[15]HBHwGnJHqKHqaIJ",304,0.996721,15,305,1,304,1,1,0,1,1,168,168,137,136,63
"6249",48,"[15]HBHwGnJHqKHqaIJ",292,0.996587,15,293,1,292,1,1,0,1,1,134,134,159,158,63
"6250",49,"[15]HBHwGnJHqKHqaIJ",300,1,15,299,0,299,0,0,0,0,0,151,151,148,148,63
"6251",50,"[15]HBHwGnJHqKHqaIJ",300,0.996678,15,301,1,300,1,1,0,1,1,142,142,159,158,63
"6252",51,"[15]HBHwGnJHqKHqaIJ",301,1,15,300,0,300,0,0,0,0,0,151,151,149,149,63
"6253",52,"[15]HBHwGnJHqKHqaIJ",295,0.993289,15,298,2,296,2,2,0,2,2,140,140,158,156,63
"6254",53,"[15]HBHwGnJHqKHqaIJ",306,1,15,305,0,305,0,0,0,0,0,158,158,147,147,63
"6255",54,"[15]HBHwGnJHqKHqaIJ",312,1,15,311,0,311,0,0,0,0,0,178,178,133,133,63
"6256",55,"[15]HBHwGnJHqKHqaIJ",294,0.99661,15,295,1,294,1,1,0,1,1,139,139,156,155,63
"6257",56,"[15]HBHwGnJHqKHqaIJ",289,0.989796,15,294,3,291,3,3,0,3,3,144,144,150,147,63
"6258",57,"[15]HBHwGnJHqKHqaIJ",293,0.993243,15,296,2,294,2,2,0,2,2,146,146,150,148,63
"6259",58,"[15]HBHwGnJHqKHqaIJ",300,1,15,299,0,299,0,0,0,0,0,149,149,150,150,63
"6260",59,"[15]HBHwGnJHqKHqaIJ",303,1,15,302,0,302,0,0,0,0,0,153,153,149,149,63
"6261",60,"[15]HBHwGnJHqKHqaIJ",289,0.996552,15,290,1,289,1,1,0,1,1,146,146,144,143,63
"6262",61,"[15]HBHwGnJHqKHqaIJ",298,1,15,297,0,297,0,0,0,0,0,149,149,148,148,63
"6263",62,"[15]HBHwGnJHqKHqaIJ",303,1,15,302,0,302,0,0,0,0,0,151,151,151,151,63
"6264",63,"[15]HBHwGnJHqKHqaIJ",299,1,15,298,0,298,0,0,0,0,0,144,144,154,154,63
"6265",64,"[15]HBHwGnJHqKHqaIJ",295,1,15,294,0,294,0,0,0,0,0,137,137,157,157,63
"6266",65,"[15]HBHwGnJHqKHqaIJ",305,1,15,304,0,304,0,0,0,0,0,156,156,148,148,63
"6267",66,"[15]HBHwGnJHqKHqaIJ",299,1,15,298,0,298,0,0,0,0,0,151,151,147,147,63
"6268",67,"[15]HBHwGnJHqKHqaIJ",293,0.996599,15,294,1,293,1,1,0,1,1,144,144,150,149,63
"6269",68,"[15]HBHwGnJHqKHqaIJ",291,0.993197,15,294,2,292,2,2,0,2,2,137,137,157,155,63
"6270",69,"[15]HBHwGnJHqKHqaIJ",296,0.993311,15,299,2,297,2,2,0,2,2,159,159,140,138,63
"6271",70,"[15]HBHwGnJHqKHqaIJ",297,1,15,296,0,296,0,0,0,0,0,141,141,155,155,63
"6272",71,"[15]HBHwGnJHqKHqaIJ",292,0.989899,15,297,3,294,3,3,0,3,3,141,141,156,153,63
"6273",72,"[15]HBHwGnJHqKHqaIJ",287,1,15,286,0,286,0,0,0,0,0,117,117,169,169,63
"6274",73,"[15]HBHwGnJHqKHqaIJ",289,0.996552,15,290,1,289,1,1,0,1,1,143,143,147,146,63
"6275",74,"[15]HBHwGnJHqKHqaIJ",298,1,15,297,0,297,0,0,0,0,0,144,144,153,153,63
"6276",75,"[15]HBHwGnJHqKHqaIJ",303,1,15,302,0,302,0,0,0,0,0,155,155,147,147,63
"6277",76,"[15]HBHwGnJHqKHqaIJ",304,1,15,303,0,303,0,0,0,0,0,170,170,133,133,63
"6278",77,"[15]HBHwGnJHqKHqaIJ",298,1,15,297,0,297,0,0,0,0,0,141,141,156,156,63
"6279",78,"[15]HBHwGnJHqKHqaIJ",305,1,15,304,0,304,0,0,0,0,0,154,154,150,150,63
"6280",79,"[15]HBHwGnJHqKHqaIJ",313,1,15,312,0,312,0,0,0,0,0,178,178,134,134,63
"6281",80,"[15]HBHwGnJHqKHqaIJ",301,0.996689,15,302,1,301,1,1,0,1,1,154,154,148,147,63
"6282",81,"[15]HBHwGnJHqKHqaIJ",303,0.996711,15,304,1,303,1,1,0,1,1,147,147,157,156,63
"6283",82,"[15]HBHwGnJHqKHqaIJ",296,1,15,295,0,295,0,0,0,0,0,138,138,157,157,63
"6284",83,"[15]HBHwGnJHqKHqaIJ",299,0.996667,15,300,1,299,1,1,0,1,1,161,161,139,138,63
"6285",84,"[15]HBHwGnJHqKHqaIJ",298,1,15,297,0,297,0,0,0,0,0,152,152,145,145,63
"6286",85,"[15]HBHwGnJHqKHqaIJ",302,1,15,301,0,301,0,0,0,0,0,156,156,145,145,63
"6287",86,"[15]HBHwGnJHqKHqaIJ",303,0.996711,15,304,1,303,1,1,0,1,1,155,155,149,148,63
"6288",87,"[15]HBHwGnJHqKHqaIJ",298,0.986885,15,305,4,301,4,4,0,4,4,171,171,134,130,63
"6289",88,"[15]HBHwGnJHqKHqaIJ",306,1,15,305,0,305,0,0,0,0,0,173,173,132,132,63
"6290",89,"[15]HBHwGnJHqKHqaIJ",291,0.993197,15,294,2,292,2,2,0,2,2,151,151,143,141,63
"6291",90,"[15]HBHwGnJHqKHqaIJ",289,0.98,15,300,6,294,6,6,0,6,6,164,164,136,130,63
"6292",91,"[15]HBHwGnJHqKHqaIJ",304,1,15,303,0,303,0,0,0,0,0,147,147,156,156,63
"6293",92,"[15]HBHwGnJHqKHqaIJ",297,1,15,296,0,296,0,0,0,0,0,139,139,157,157,63
"6294",93,"[15]HBHwGnJHqKHqaIJ",293,1,15,292,0,292,0,0,0,0,0,133,133,159,159,63
"6295",94,"[15]HBHwGnJHqKHqaIJ",298,0.996656,15,299,1,298,1,1,0,1,1,151,151,148,147,63
"6296",95,"[15]HBHwGnJHqKHqaIJ",304,1,15,303,0,303,0,0,0,0,0,159,159,144,144,63
"6297",96,"[15]HBHwGnJHqKHqaIJ",281,0.979452,15,292,6,286,6,6,0,6,6,150,150,142,136,63
"6298",97,"[15]HBHwGnJHqKHqaIJ",298,1,15,297,0,297,0,0,0,0,0,146,146,151,151,63
"6299",98,"[15]HBHwGnJHqKHqaIJ",297,0.996644,15,298,1,297,1,1,0,1,1,144,144,154,153,63
"6300",99,"[15]HBHwGnJHqKHqaIJ",305,1,15,304,0,304,0,0,0,0,0,157,157,147,147,63
"6301",0,"[19]HcAbfHtGnJHqKHqaIJz",306,1,19,305,0,305,0,0,0,0,0,152,152,153,153,64
"6302",1,"[19]HcAbfHtGnJHqKHqaIJz",292,0.99322,19,295,2,293,2,2,0,2,2,145,145,150,148,64
"6303",2,"[19]HcAbfHtGnJHqKHqaIJz",308,1,19,307,0,307,0,0,0,0,0,163,163,144,144,64
"6304",3,"[19]HcAbfHtGnJHqKHqaIJz",296,1,19,295,0,295,0,0,0,0,0,143,143,152,152,64
"6305",4,"[19]HcAbfHtGnJHqKHqaIJz",280,0.986063,19,287,4,283,4,4,0,4,4,133,133,154,150,64
"6306",5,"[19]HcAbfHtGnJHqKHqaIJz",294,0.99661,19,295,1,294,1,1,0,1,1,144,144,151,150,64
"6307",6,"[19]HcAbfHtGnJHqKHqaIJz",292,1,19,291,0,291,0,0,0,0,0,133,133,158,158,64
"6308",7,"[19]HcAbfHtGnJHqKHqaIJz",290,0.993174,19,293,2,291,2,2,0,2,2,147,147,146,144,64
"6309",8,"[19]HcAbfHtGnJHqKHqaIJz",300,1,19,299,0,299,0,0,0,0,0,144,144,155,155,64
"6310",9,"[19]HcAbfHtGnJHqKHqaIJz",295,0.993289,19,298,2,296,2,2,0,2,2,160,160,138,136,64
"6311",10,"[19]HcAbfHtGnJHqKHqaIJz",294,1,19,293,0,293,0,0,0,0,0,144,144,149,149,64
"6312",11,"[19]HcAbfHtGnJHqKHqaIJz",302,1,19,301,0,301,0,0,0,0,0,154,154,147,147,64
"6313",12,"[19]HcAbfHtGnJHqKHqaIJz",299,0.993377,19,302,2,300,2,2,0,2,2,152,152,150,148,64
"6314",13,"[19]HcAbfHtGnJHqKHqaIJz",294,0.99661,19,295,1,294,1,1,0,1,1,149,149,146,145,64
"6315",14,"[19]HcAbfHtGnJHqKHqaIJz",300,0.996678,19,301,1,300,1,1,0,1,1,164,164,137,136,64
"6316",15,"[19]HcAbfHtGnJHqKHqaIJz",295,1,19,294,0,294,0,0,0,0,0,143,143,151,151,64
"6317",16,"[19]HcAbfHtGnJHqKHqaIJz",283,0.989583,19,288,3,285,3,3,0,3,3,142,142,146,143,64
"6318",17,"[19]HcAbfHtGnJHqKHqaIJz",302,1,19,301,0,301,0,0,0,0,0,148,148,153,153,64
"6319",18,"[19]HcAbfHtGnJHqKHqaIJz",299,0.993377,19,302,2,300,2,2,0,2,2,155,155,147,145,64
"6320",19,"[19]HcAbfHtGnJHqKHqaIJz",306,1,19,305,0,305,0,0,0,0,0,164,164,141,141,64
"6321",20,"[19]HcAbfHtGnJHqKHqaIJz",299,0.996667,19,300,1,299,1,1,0,1,1,152,152,148,147,64
"6322",21,"[19]HcAbfHtGnJHqKHqaIJz",294,1,19,293,0,293,0,0,0,0,0,135,135,158,158,64
"6323",22,"[19]HcAbfHtGnJHqKHqaIJz",283,0.993007,19,286,2,284,2,2,0,2,2,128,128,158,156,64
"6324",23,"[19]HcAbfHtGnJHqKHqaIJz",298,1,19,297,0,297,0,0,0,0,0,145,145,152,152,64
"6325",24,"[19]HcAbfHtGnJHqKHqaIJz",290,0.989831,19,295,3,292,3,3,0,3,3,148,148,147,144,64
"6326",25,"[19]HcAbfHtGnJHqKHqaIJz",286,0.989691,19,291,3,288,3,3,0,3,3,143,143,148,145,64
"6327",26,"[19]HcAbfHtGnJHqKHqaIJz",295,0.996622,19,296,1,295,1,1,0,1,1,141,141,155,154,64
"6328",27,"[19]HcAbfHtGnJHqKHqaIJz",300,0.996678,19,301,1,300,1,1,0,1,1,156,156,145,144,64
"6329",28,"[19]HcAbfHtGnJHqKHqaIJz",299,1,19,298,0,298,0,0,0,0,0,152,152,146,146,64
"6330",29,"[19]HcAbfHtGnJHqKHqaIJz",292,0.99322,19,295,2,293,2,2,0,2,2,164,164,131,129,64
"6331",30,"[19]HcAbfHtGnJHqKHqaIJz",294,1,19,293,0,293,0,0,0,0,0,134,134,159,159,64
"6332",31,"[19]HcAbfHtGnJHqKHqaIJz",301,1,19,300,0,300,0,0,0,0,0,147,147,153,153,64
"6333",32,"[19]HcAbfHtGnJHqKHqaIJz",292,0.996587,19,293,1,292,1,1,0,1,1,132,132,161,160,64
"6334",33,"[19]HcAbfHtGnJHqKHqaIJz",304,1,19,303,0,303,0,0,0,0,0,164,164,139,139,64
"6335",34,"[19]HcAbfHtGnJHqKHqaIJz",303,1,19,302,0,302,0,0,0,0,0,151,151,151,151,64
"6336",35,"[19]HcAbfHtGnJHqKHqaIJz",302,1,19,301,0,301,0,0,0,0,0,149,149,152,152,64
"6337",36,"[19]HcAbfHtGnJHqKHqaIJz",279,0.97931,19,290,6,284,6,6,0,6,6,146,146,144,138,64
"6338",37,"[19]HcAbfHtGnJHqKHqaIJz",289,0.996552,19,290,1,289,1,1,0,1,1,135,135,155,154,64
"6339",38,"[19]HcAbfHtGnJHqKHqaIJz",290,0.993174,19,293,2,291,2,2,0,2,2,146,146,147,145,64
"6340",39,"[19]HcAbfHtGnJHqKHqaIJz",309,1,19,308,0,308,0,0,0,0,0,170,170,138,138,64
"6341",40,"[19]HcAbfHtGnJHqKHqaIJz",304,1,19,303,0,303,0,0,0,0,0,162,162,141,141,64
"6342",41,"[19]HcAbfHtGnJHqKHqaIJz",295,0.996622,19,296,1,295,1,1,0,1,1,160,160,136,135,64
"6343",42,"[19]HcAbfHtGnJHqKHqaIJz",307,1,19,306,0,306,0,0,0,0,0,159,159,147,147,64
"6344",43,"[19]HcAbfHtGnJHqKHqaIJz",295,1,19,294,0,294,0,0,0,0,0,143,143,151,151,64
"6345",44,"[19]HcAbfHtGnJHqKHqaIJz",290,0.993174,19,293,2,291,2,2,0,2,2,148,148,145,143,64
"6346",45,"[19]HcAbfHtGnJHqKHqaIJz",290,0.989831,19,295,3,292,3,3,0,3,3,144,144,151,148,64
"6347",46,"[19]HcAbfHtGnJHqKHqaIJz",294,0.99661,19,295,1,294,1,1,0,1,1,146,146,149,148,64
"6348",47,"[19]HcAbfHtGnJHqKHqaIJz",304,0.996721,19,305,1,304,1,1,0,1,1,158,158,147,146,64
"6349",48,"[19]HcAbfHtGnJHqKHqaIJz",289,0.993151,19,292,2,290,2,2,0,2,2,140,140,152,150,64
"6350",49,"[19]HcAbfHtGnJHqKHqaIJz",302,1,19,301,0,301,0,0,0,0,0,148,148,153,153,64
"6351",50,"[19]HcAbfHtGnJHqKHqaIJz",305,1,19,304,0,304,0,0,0,0,0,161,161,143,143,64
"6352",51,"[19]HcAbfHtGnJHqKHqaIJz",290,0.993174,19,293,2,291,2,2,0,2,2,150,150,143,141,64
"6353",52,"[19]HcAbfHtGnJHqKHqaIJz",291,0.996575,19,292,1,291,1,1,0,1,1,145,145,147,146,64
"6354",53,"[19]HcAbfHtGnJHqKHqaIJz",298,0.996656,19,299,1,298,1,1,0,1,1,160,160,139,138,64
"6355",54,"[19]HcAbfHtGnJHqKHqaIJz",302,1,19,301,0,301,0,0,0,0,0,162,162,139,139,64
"6356",55,"[19]HcAbfHtGnJHqKHqaIJz",298,1,19,297,0,297,0,0,0,0,0,138,138,159,159,64
"6357",56,"[19]HcAbfHtGnJHqKHqaIJz",298,1,19,297,0,297,0,0,0,0,0,150,150,147,147,64
"6358",57,"[19]HcAbfHtGnJHqKHqaIJz",295,1,19,294,0,294,0,0,0,0,0,142,142,152,152,64
"6359",58,"[19]HcAbfHtGnJHqKHqaIJz",298,1,19,297,0,297,0,0,0,0,0,153,153,144,144,64
"6360",59,"[19]HcAbfHtGnJHqKHqaIJz",287,0.996528,19,288,1,287,1,1,0,1,1,138,138,150,149,64
"6361",60,"[19]HcAbfHtGnJHqKHqaIJz",287,0.986395,19,294,4,290,4,4,0,4,4,149,149,145,141,64
"6362",61,"[19]HcAbfHtGnJHqKHqaIJz",302,0.993443,19,305,2,303,2,2,0,2,2,168,168,137,135,64
"6363",62,"[19]HcAbfHtGnJHqKHqaIJz",288,1,19,287,0,287,0,0,0,0,0,122,122,165,165,64
"6364",63,"[19]HcAbfHtGnJHqKHqaIJz",296,0.996633,19,297,1,296,1,1,0,1,1,147,147,150,149,64
"6365",64,"[19]HcAbfHtGnJHqKHqaIJz",298,0.993355,19,301,2,299,2,2,0,2,2,158,158,143,141,64
"6366",65,"[19]HcAbfHtGnJHqKHqaIJz",302,1,19,301,0,301,0,0,0,0,0,154,154,147,147,64
"6367",66,"[19]HcAbfHtGnJHqKHqaIJz",293,1,19,292,0,292,0,0,0,0,0,140,140,152,152,64
"6368",67,"[19]HcAbfHtGnJHqKHqaIJz",289,0.989796,19,294,3,291,3,3,0,3,3,145,145,149,146,64
"6369",68,"[19]HcAbfHtGnJHqKHqaIJz",294,1,19,293,0,293,0,0,0,0,0,131,131,162,162,64
"6370",69,"[19]HcAbfHtGnJHqKHqaIJz",299,1,19,298,0,298,0,0,0,0,0,145,145,153,153,64
"6371",70,"[19]HcAbfHtGnJHqKHqaIJz",295,0.996622,19,296,1,295,1,1,0,1,1,150,150,146,145,64
"6372",71,"[19]HcAbfHtGnJHqKHqaIJz",305,1,19,304,0,304,0,0,0,0,0,155,155,149,149,64
"6373",72,"[19]HcAbfHtGnJHqKHqaIJz",289,0.993151,19,292,2,290,2,2,0,2,2,135,135,157,155,64
"6374",73,"[19]HcAbfHtGnJHqKHqaIJz",287,0.993103,19,290,2,288,2,2,0,2,2,133,133,157,155,64
"6375",74,"[19]HcAbfHtGnJHqKHqaIJz",300,1,19,299,0,299,0,0,0,0,0,142,142,157,157,64
"6376",75,"[19]HcAbfHtGnJHqKHqaIJz",296,0.996633,19,297,1,296,1,1,0,1,1,147,147,150,149,64
"6377",76,"[19]HcAbfHtGnJHqKHqaIJz",290,0.996564,19,291,1,290,1,1,0,1,1,141,141,150,149,64
"6378",77,"[19]HcAbfHtGnJHqKHqaIJz",299,1,19,298,0,298,0,0,0,0,0,147,147,151,151,64
"6379",78,"[19]HcAbfHtGnJHqKHqaIJz",303,0.996711,19,304,1,303,1,1,0,1,1,163,163,141,140,64
"6380",79,"[19]HcAbfHtGnJHqKHqaIJz",301,1,19,300,0,300,0,0,0,0,0,149,149,151,151,64
"6381",80,"[19]HcAbfHtGnJHqKHqaIJz",298,1,19,297,0,297,0,0,0,0,0,144,144,153,153,64
"6382",81,"[19]HcAbfHtGnJHqKHqaIJz",300,1,19,299,0,299,0,0,0,0,0,158,158,141,141,64
"6383",82,"[19]HcAbfHtGnJHqKHqaIJz",290,1,19,289,0,289,0,0,0,0,0,132,132,157,157,64
"6384",83,"[19]HcAbfHtGnJHqKHqaIJz",304,1,19,303,0,303,0,0,0,0,0,155,155,148,148,64
"6385",84,"[19]HcAbfHtGnJHqKHqaIJz",303,1,19,302,0,302,0,0,0,0,0,152,152,150,150,64
"6386",85,"[19]HcAbfHtGnJHqKHqaIJz",302,0.9967,19,303,1,302,1,1,0,1,1,153,153,150,149,64
"6387",86,"[19]HcAbfHtGnJHqKHqaIJz",294,0.993266,19,297,2,295,2,2,0,2,2,150,150,147,145,64
"6388",87,"[19]HcAbfHtGnJHqKHqaIJz",292,0.989899,19,297,3,294,3,3,0,3,3,148,148,149,146,64
"6389",88,"[19]HcAbfHtGnJHqKHqaIJz",308,1,19,307,0,307,0,0,0,0,0,165,165,142,142,64
"6390",89,"[19]HcAbfHtGnJHqKHqaIJz",306,1,19,305,0,305,0,0,0,0,0,155,155,150,150,64
"6391",90,"[19]HcAbfHtGnJHqKHqaIJz",309,1,19,308,0,308,0,0,0,0,0,170,170,138,138,64
"6392",91,"[19]HcAbfHtGnJHqKHqaIJz",294,0.993266,19,297,2,295,2,2,0,2,2,145,145,152,150,64
"6393",92,"[19]HcAbfHtGnJHqKHqaIJz",296,1,19,295,0,295,0,0,0,0,0,144,144,151,151,64
"6394",93,"[19]HcAbfHtGnJHqKHqaIJz",299,1,19,298,0,298,0,0,0,0,0,146,146,152,152,64
"6395",94,"[19]HcAbfHtGnJHqKHqaIJz",301,1,19,300,0,300,0,0,0,0,0,155,155,145,145,64
"6396",95,"[19]HcAbfHtGnJHqKHqaIJz",305,1,19,304,0,304,0,0,0,0,0,163,163,141,141,64
"6397",96,"[19]HcAbfHtGnJHqKHqaIJz",302,1,19,301,0,301,0,0,0,0,0,149,149,152,152,64
"6398",97,"[19]HcAbfHtGnJHqKHqaIJz",301,0.996689,19,302,1,301,1,1,0,1,1,156,156,146,145,64
"6399",98,"[19]HcAbfHtGnJHqKHqaIJz",295,1,19,294,0,294,0,0,0,0,0,140,140,154,154,64
"6400",99,"[19]HcAbfHtGnJHqKHqaIJz",294,1,19,293,0,293,0,0,0,0,0,141,141,152,152,64
"6401",0,"[16]HcHxGnJHqKHqaIJw",302,1,16,301,0,301,0,0,0,0,0,153,153,148,148,65
"6402",1,"[16]HcHxGnJHqKHqaIJw",294,0.99661,16,295,1,294,1,1,0,1,1,138,138,157,156,65
"6403",2,"[16]HcHxGnJHqKHqaIJw",302,1,16,301,0,301,0,0,0,0,0,140,140,161,161,65
"6404",3,"[16]HcHxGnJHqKHqaIJw",294,1,16,293,0,293,0,0,0,0,0,133,133,160,160,65
"6405",4,"[16]HcHxGnJHqKHqaIJw",296,1,16,295,0,295,0,0,0,0,0,145,145,150,150,65
"6406",5,"[16]HcHxGnJHqKHqaIJw",299,1,16,298,0,298,0,0,0,0,0,146,146,152,152,65
"6407",6,"[16]HcHxGnJHqKHqaIJw",289,0.996552,16,290,1,289,1,1,0,1,1,143,143,147,146,65
"6408",7,"[16]HcHxGnJHqKHqaIJw",300,0.993399,16,303,2,301,2,2,0,2,2,149,149,154,152,65
"6409",8,"[16]HcHxGnJHqKHqaIJw",301,1,16,300,0,300,0,0,0,0,0,150,150,150,150,65
"6410",9,"[16]HcHxGnJHqKHqaIJw",303,1,16,302,0,302,0,0,0,0,0,156,156,146,146,65
"6411",10,"[16]HcHxGnJHqKHqaIJw",291,1,16,290,0,290,0,0,0,0,0,126,126,164,164,65
"6412",11,"[16]HcHxGnJHqKHqaIJw",297,0.993333,16,300,2,298,2,2,0,2,2,158,158,142,140,65
"6413",12,"[16]HcHxGnJHqKHqaIJw",309,1,16,308,0,308,0,0,0,0,0,158,158,150,150,65
"6414",13,"[16]HcHxGnJHqKHqaIJw",293,0.993243,16,296,2,294,2,2,0,2,2,148,148,148,146,65
"6415",14,"[16]HcHxGnJHqKHqaIJw",312,1,16,311,0,311,0,0,0,0,0,160,160,151,151,65
"6416",15,"[16]HcHxGnJHqKHqaIJw",290,0.986532,16,297,4,293,4,4,0,4,4,151,151,146,142,65
"6417",16,"[16]HcHxGnJHqKHqaIJw",291,0.993197,16,294,2,292,2,2,0,2,2,142,142,152,150,65
"6418",17,"[16]HcHxGnJHqKHqaIJw",298,1,16,297,0,297,0,0,0,0,0,148,148,149,149,65
"6419",18,"[16]HcHxGnJHqKHqaIJw",307,1,16,306,0,306,0,0,0,0,0,163,163,143,143,65
"6420",19,"[16]HcHxGnJHqKHqaIJw",284,0.976431,16,297,7,290,7,7,0,7,7,156,156,141,134,65
"6421",20,"[16]HcHxGnJHqKHqaIJw",305,0.993506,16,308,2,306,2,2,0,2,2,176,176,132,130,65
"6422",21,"[16]HcHxGnJHqKHqaIJw",309,1,16,308,0,308,0,0,0,0,0,171,171,137,137,65
"6423",22,"[16]HcHxGnJHqKHqaIJw",301,0.996689,16,302,1,301,1,1,0,1,1,151,151,151,150,65
"6424",23,"[16]HcHxGnJHqKHqaIJw",293,0.996599,16,294,1,293,1,1,0,1,1,136,136,158,157,65
"6425",24,"[16]HcHxGnJHqKHqaIJw",291,0.996575,16,292,1,291,1,1,0,1,1,130,130,162,161,65
"6426",25,"[16]HcHxGnJHqKHqaIJw",292,1,16,291,0,291,0,0,0,0,0,135,135,156,156,65
"6427",26,"[16]HcHxGnJHqKHqaIJw",295,1,16,294,0,294,0,0,0,0,0,137,137,157,157,65
"6428",27,"[16]HcHxGnJHqKHqaIJw",300,0.996678,16,301,1,300,1,1,0,1,1,161,161,140,139,65
"6429",28,"[16]HcHxGnJHqKHqaIJw",281,0.979452,16,292,6,286,6,6,0,6,6,153,153,139,133,65
"6430",29,"[16]HcHxGnJHqKHqaIJw",298,1,16,297,0,297,0,0,0,0,0,147,147,150,150,65
"6431",30,"[16]HcHxGnJHqKHqaIJw",296,0.993311,16,299,2,297,2,2,0,2,2,148,148,151,149,65
"6432",31,"[16]HcHxGnJHqKHqaIJw",305,1,16,304,0,304,0,0,0,0,0,154,154,150,150,65
"6433",32,"[16]HcHxGnJHqKHqaIJw",306,1,16,305,0,305,0,0,0,0,0,162,162,143,143,65
"6434",33,"[16]HcHxGnJHqKHqaIJw",299,1,16,298,0,298,0,0,0,0,0,151,151,147,147,65
"6435",34,"[16]HcHxGnJHqKHqaIJw",293,0.993243,16,296,2,294,2,2,0,2,2,143,143,153,151,65
"6436",35,"[16]HcHxGnJHqKHqaIJw",291,0.986577,16,298,4,294,4,4,0,4,4,154,154,144,140,65
"6437",36,"[16]HcHxGnJHqKHqaIJw",296,1,16,295,0,295,0,0,0,0,0,133,133,162,162,65
"6438",37,"[16]HcHxGnJHqKHqaIJw",295,0.986755,16,302,4,298,4,4,0,4,4,145,145,157,153,65
"6439",38,"[16]HcHxGnJHqKHqaIJw",315,1,16,314,0,314,0,0,0,0,0,172,172,142,142,65
"6440",39,"[16]HcHxGnJHqKHqaIJw",286,0.996516,16,287,1,286,1,1,0,1,1,130,130,157,156,65
"6441",40,"[16]HcHxGnJHqKHqaIJw",306,0.996743,16,307,1,306,1,1,0,1,1,164,164,143,142,65
"6442",41,"[16]HcHxGnJHqKHqaIJw",292,1,16,291,0,291,0,0,0,0,0,139,139,152,152,65
"6443",42,"[16]HcHxGnJHqKHqaIJw",272,0.975439,16,285,7,278,7,7,0,7,7,141,141,144,137,65
"6444",43,"[16]HcHxGnJHqKHqaIJw",301,1,16,300,0,300,0,0,0,0,0,147,147,153,153,65
"6445",44,"[16]HcHxGnJHqKHqaIJw",301,1,16,300,0,300,0,0,0,0,0,144,144,156,156,65
"6446",45,"[16]HcHxGnJHqKHqaIJw",297,0.996644,16,298,1,297,1,1,0,1,1,154,154,144,143,65
"6447",46,"[16]HcHxGnJHqKHqaIJw",300,0.996678,16,301,1,300,1,1,0,1,1,154,154,147,146,65
"6448",47,"[16]HcHxGnJHqKHqaIJw",295,0.993289,16,298,2,296,2,2,0,2,2,143,143,155,153,65
"6449",48,"[16]HcHxGnJHqKHqaIJw",315,1,16,314,0,314,0,0,0,0,0,173,173,141,141,65
"6450",49,"[16]HcHxGnJHqKHqaIJw",297,1,16,296,0,296,0,0,0,0,0,142,142,154,154,65
"6451",50,"[16]HcHxGnJHqKHqaIJw",298,1,16,297,0,297,0,0,0,0,0,143,143,154,154,65
"6452",51,"[16]HcHxGnJHqKHqaIJw",307,1,16,306,0,306,0,0,0,0,0,172,172,134,134,65
"6453",52,"[16]HcHxGnJHqKHqaIJw",290,1,16,289,0,289,0,0,0,0,0,135,135,154,154,65
"6454",53,"[16]HcHxGnJHqKHqaIJw",299,1,16,298,0,298,0,0,0,0,0,151,151,147,147,65
"6455",54,"[16]HcHxGnJHqKHqaIJw",303,0.993464,16,306,2,304,2,2,0,2,2,166,166,140,138,65
"6456",55,"[16]HcHxGnJHqKHqaIJw",313,1,16,312,0,312,0,0,0,0,0,184,184,128,128,65
"6457",56,"[16]HcHxGnJHqKHqaIJw",302,1,16,301,0,301,0,0,0,0,0,155,155,146,146,65
"6458",57,"[16]HcHxGnJHqKHqaIJw",296,0.996633,16,297,1,296,1,1,0,1,1,150,150,147,146,65
"6459",58,"[16]HcHxGnJHqKHqaIJw",304,1,16,303,0,303,0,0,0,0,0,160,160,143,143,65
"6460",59,"[16]HcHxGnJHqKHqaIJw",307,1,16,306,0,306,0,0,0,0,0,157,157,149,149,65
"6461",60,"[16]HcHxGnJHqKHqaIJw",300,0.996678,16,301,1,300,1,1,0,1,1,166,166,135,134,65
"6462",61,"[16]HcHxGnJHqKHqaIJw",302,1,16,301,0,301,0,0,0,0,0,147,147,154,154,65
"6463",62,"[16]HcHxGnJHqKHqaIJw",297,1,16,296,0,296,0,0,0,0,0,145,145,151,151,65
"6464",63,"[16]HcHxGnJHqKHqaIJw",290,0.996564,16,291,1,290,1,1,0,1,1,138,138,153,152,65
"6465",64,"[16]HcHxGnJHqKHqaIJw",297,1,16,296,0,296,0,0,0,0,0,154,154,142,142,65
"6466",65,"[16]HcHxGnJHqKHqaIJw",296,0.996633,16,297,1,296,1,1,0,1,1,153,153,144,143,65
"6467",66,"[16]HcHxGnJHqKHqaIJw",296,0.996633,16,297,1,296,1,1,0,1,1,136,136,161,160,65
"6468",67,"[16]HcHxGnJHqKHqaIJw",289,0.996552,16,290,1,289,1,1,0,1,1,136,136,154,153,65
"6469",68,"[16]HcHxGnJHqKHqaIJw",303,1,16,302,0,302,0,0,0,0,0,159,159,143,143,65
"6470",69,"[16]HcHxGnJHqKHqaIJw",299,1,16,298,0,298,0,0,0,0,0,154,154,144,144,65
"6471",70,"[16]HcHxGnJHqKHqaIJw",304,0.996721,16,305,1,304,1,1,0,1,1,168,168,137,136,65
"6472",71,"[16]HcHxGnJHqKHqaIJw",301,1,16,300,0,300,0,0,0,0,0,149,149,151,151,65
"6473",72,"[16]HcHxGnJHqKHqaIJw",295,1,16,294,0,294,0,0,0,0,0,136,136,158,158,65
"6474",73,"[16]HcHxGnJHqKHqaIJw",303,1,16,302,0,302,0,0,0,0,0,153,153,149,149,65
"6475",74,"[16]HcHxGnJHqKHqaIJw",288,0.993127,16,291,2,289,2,2,0,2,2,141,141,150,148,65
"6476",75,"[16]HcHxGnJHqKHqaIJw",296,0.993311,16,299,2,297,2,2,0,2,2,144,144,155,153,65
"6477",76,"[16]HcHxGnJHqKHqaIJw",288,0.99654,16,289,1,288,1,1,0,1,1,132,132,157,156,65
"6478",77,"[16]HcHxGnJHqKHqaIJw",295,1,16,294,0,294,0,0,0,0,0,147,147,147,147,65
"6479",78,"[16]HcHxGnJHqKHqaIJw",293,0.989933,16,298,3,295,3,3,0,3,3,145,145,153,150,65
"6480",79,"[16]HcHxGnJHqKHqaIJw",301,1,16,300,0,300,0,0,0,0,0,169,169,131,131,65
"6481",80,"[16]HcHxGnJHqKHqaIJw",298,0.996656,16,299,1,298,1,1,0,1,1,155,155,144,143,65
"6482",81,"[16]HcHxGnJHqKHqaIJw",300,0.996678,16,301,1,300,1,1,0,1,1,154,154,147,146,65
"6483",82,"[16]HcHxGnJHqKHqaIJw",305,0.993506,16,308,2,306,2,2,0,2,2,160,160,148,146,65
"6484",83,"[16]HcHxGnJHqKHqaIJw",289,0.989796,16,294,3,291,3,3,0,3,3,152,152,142,139,65
"6485",84,"[16]HcHxGnJHqKHqaIJw",277,0.979167,16,288,6,282,6,6,0,6,6,135,135,153,147,65
"6486",85,"[16]HcHxGnJHqKHqaIJw",300,0.996678,16,301,1,300,1,1,0,1,1,145,145,156,155,65
"6487",86,"[16]HcHxGnJHqKHqaIJw",298,1,16,297,0,297,0,0,0,0,0,137,137,160,160,65
"6488",87,"[16]HcHxGnJHqKHqaIJw",296,1,16,295,0,295,0,0,0,0,0,140,140,155,155,65
"6489",88,"[16]HcHxGnJHqKHqaIJw",296,0.993311,16,299,2,297,2,2,0,2,2,144,144,155,153,65
"6490",89,"[16]HcHxGnJHqKHqaIJw",298,1,16,297,0,297,0,0,0,0,0,148,148,149,149,65
"6491",90,"[16]HcHxGnJHqKHqaIJw",293,0.996599,16,294,1,293,1,1,0,1,1,140,140,154,153,65
"6492",91,"[16]HcHxGnJHqKHqaIJw",308,1,16,307,0,307,0,0,0,0,0,169,169,138,138,65
"6493",92,"[16]HcHxGnJHqKHqaIJw",302,1,16,301,0,301,0,0,0,0,0,154,154,147,147,65
"6494",93,"[16]HcHxGnJHqKHqaIJw",298,0.996656,16,299,1,298,1,1,0,1,1,146,146,153,152,65
"6495",94,"[16]HcHxGnJHqKHqaIJw",289,0.989796,16,294,3,291,3,3,0,3,3,141,141,153,150,65
"6496",95,"[16]HcHxGnJHqKHqaIJw",306,1,16,305,0,305,0,0,0,0,0,165,165,140,140,65
"6497",96,"[16]HcHxGnJHqKHqaIJw",310,0.996785,16,311,1,310,1,1,0,1,1,168,168,143,142,65
"6498",97,"[16]HcHxGnJHqKHqaIJw",301,0.996689,16,302,1,301,1,1,0,1,1,159,159,143,142,65
"6499",98,"[16]HcHxGnJHqKHqaIJw",305,1,16,304,0,304,0,0,0,0,0,161,161,143,143,65
"6500",99,"[16]HcHxGnJHqKHqaIJw",292,1,16,291,0,291,0,0,0,0,0,127,127,164,164,65
"6501",0,"[15]HcHxGnJHqKHqaIJ",304,1,15,303,0,303,0,0,0,0,0,154,154,149,149,66
"6502",1,"[15]HcHxGnJHqKHqaIJ",289,0.996552,15,290,1,289,1,1,0,1,1,129,129,161,160,66
"6503",2,"[15]HcHxGnJHqKHqaIJ",293,1,15,292,0,292,0,0,0,0,0,126,126,166,166,66
"6504",3,"[15]HcHxGnJHqKHqaIJ",298,0.993355,15,301,2,299,2,2,0,2,2,156,156,145,143,66
"6505",4,"[15]HcHxGnJHqKHqaIJ",293,0.996599,15,294,1,293,1,1,0,1,1,146,146,148,147,66
"6506",5,"[15]HcHxGnJHqKHqaIJ",293,0.996599,15,294,1,293,1,1,0,1,1,144,144,150,149,66
"6507",6,"[15]HcHxGnJHqKHqaIJ",291,0.993197,15,294,2,292,2,2,0,2,2,144,144,150,148,66
"6508",7,"[15]HcHxGnJHqKHqaIJ",298,1,15,297,0,297,0,0,0,0,0,142,142,155,155,66
"6509",8,"[15]HcHxGnJHqKHqaIJ",297,0.996644,15,298,1,297,1,1,0,1,1,140,140,158,157,66
"6510",9,"[15]HcHxGnJHqKHqaIJ",291,0.989865,15,296,3,293,3,3,0,3,3,152,152,144,141,66
"6511",10,"[15]HcHxGnJHqKHqaIJ",297,1,15,296,0,296,0,0,0,0,0,145,145,151,151,66
"6512",11,"[15]HcHxGnJHqKHqaIJ",297,1,15,296,0,296,0,0,0,0,0,144,144,152,152,66
"6513",12,"[15]HcHxGnJHqKHqaIJ",303,1,15,302,0,302,0,0,0,0,0,158,158,144,144,66
"6514",13,"[15]HcHxGnJHqKHqaIJ",294,0.993266,15,297,2,295,2,2,0,2,2,152,152,145,143,66
"6515",14,"[15]HcHxGnJHqKHqaIJ",304,1,15,303,0,303,0,0,0,0,0,154,154,149,149,66
"6516",15,"[15]HcHxGnJHqKHqaIJ",299,0.996667,15,300,1,299,1,1,0,1,1,150,150,150,149,66
"6517",16,"[15]HcHxGnJHqKHqaIJ",299,1,15,298,0,298,0,0,0,0,0,152,152,146,146,66
"6518",17,"[15]HcHxGnJHqKHqaIJ",295,1,15,294,0,294,0,0,0,0,0,123,123,171,171,66
"6519",18,"[15]HcHxGnJHqKHqaIJ",287,0.996528,15,288,1,287,1,1,0,1,1,132,132,156,155,66
"6520",19,"[15]HcHxGnJHqKHqaIJ",303,1,15,302,0,302,0,0,0,0,0,147,147,155,155,66
"6521",20,"[15]HcHxGnJHqKHqaIJ",298,1,15,297,0,297,0,0,0,0,0,149,149,148,148,66
"6522",21,"[15]HcHxGnJHqKHqaIJ",303,1,15,302,0,302,0,0,0,0,0,152,152,150,150,66
"6523",22,"[15]HcHxGnJHqKHqaIJ",305,1,15,304,0,304,0,0,0,0,0,165,165,139,139,66
"6524",23,"[15]HcHxGnJHqKHqaIJ",300,0.996678,15,301,1,300,1,1,0,1,1,155,155,146,145,66
"6525",24,"[15]HcHxGnJHqKHqaIJ",301,0.996689,15,302,1,301,1,1,0,1,1,153,153,149,148,66
"6526",25,"[15]HcHxGnJHqKHqaIJ",309,1,15,308,0,308,0,0,0,0,0,156,156,152,152,66
"6527",26,"[15]HcHxGnJHqKHqaIJ",296,0.996633,15,297,1,296,1,1,0,1,1,143,143,154,153,66
"6528",27,"[15]HcHxGnJHqKHqaIJ",303,0.996711,15,304,1,303,1,1,0,1,1,156,156,148,147,66
"6529",28,"[15]HcHxGnJHqKHqaIJ",305,1,15,304,0,304,0,0,0,0,0,159,159,145,145,66
"6530",29,"[15]HcHxGnJHqKHqaIJ",295,1,15,294,0,294,0,0,0,0,0,143,143,151,151,66
"6531",30,"[15]HcHxGnJHqKHqaIJ",290,0.989831,15,295,3,292,3,3,0,3,3,140,140,155,152,66
"6532",31,"[15]HcHxGnJHqKHqaIJ",300,0.986971,15,307,4,303,4,4,0,4,4,164,164,143,139,66
"6533",32,"[15]HcHxGnJHqKHqaIJ",293,0.996599,15,294,1,293,1,1,0,1,1,139,139,155,154,66
"6534",33,"[15]HcHxGnJHqKHqaIJ",292,0.996587,15,293,1,292,1,1,0,1,1,140,140,153,152,66
"6535",34,"[15]HcHxGnJHqKHqaIJ",302,1,15,301,0,301,0,0,0,0,0,145,145,156,156,66
"6536",35,"[15]HcHxGnJHqKHqaIJ",296,1,15,295,0,295,0,0,0,0,0,142,142,153,153,66
"6537",36,"[15]HcHxGnJHqKHqaIJ",293,0.996599,15,294,1,293,1,1,0,1,1,142,142,152,151,66
"6538",37,"[15]HcHxGnJHqKHqaIJ",287,0.986395,15,294,4,290,4,4,0,4,4,138,138,156,152,66
"6539",38,"[15]HcHxGnJHqKHqaIJ",307,1,15,306,0,306,0,0,0,0,0,153,153,153,153,66
"6540",39,"[15]HcHxGnJHqKHqaIJ",311,1,15,310,0,310,0,0,0,0,0,167,167,143,143,66
"6541",40,"[15]HcHxGnJHqKHqaIJ",306,1,15,305,0,305,0,0,0,0,0,159,159,146,146,66
"6542",41,"[15]HcHxGnJHqKHqaIJ",306,1,15,305,0,305,0,0,0,0,0,159,159,146,146,66
"6543",42,"[15]HcHxGnJHqKHqaIJ",293,0.996599,15,294,1,293,1,1,0,1,1,135,135,159,158,66
"6544",43,"[15]HcHxGnJHqKHqaIJ",295,0.996622,15,296,1,295,1,1,0,1,1,142,142,154,153,66
"6545",44,"[15]HcHxGnJHqKHqaIJ",301,1,15,300,0,300,0,0,0,0,0,152,152,148,148,66
"6546",45,"[15]HcHxGnJHqKHqaIJ",283,0.982877,15,292,5,287,5,5,0,5,5,157,157,135,130,66
"6547",46,"[15]HcHxGnJHqKHqaIJ",296,1,15,295,0,295,0,0,0,0,0,127,127,168,168,66
"6548",47,"[15]HcHxGnJHqKHqaIJ",298,0.993355,15,301,2,299,2,2,0,2,2,164,164,137,135,66
"6549",48,"[15]HcHxGnJHqKHqaIJ",309,1,15,308,0,308,0,0,0,0,0,156,156,152,152,66
"6550",49,"[15]HcHxGnJHqKHqaIJ",304,0.996721,15,305,1,304,1,1,0,1,1,165,165,140,139,66
"6551",50,"[15]HcHxGnJHqKHqaIJ",297,1,15,296,0,296,0,0,0,0,0,160,160,136,136,66
"6552",51,"[15]HcHxGnJHqKHqaIJ",296,0.993311,15,299,2,297,2,2,0,2,2,148,148,151,149,66
"6553",52,"[15]HcHxGnJHqKHqaIJ",296,1,15,295,0,295,0,0,0,0,0,142,142,153,153,66
"6554",53,"[15]HcHxGnJHqKHqaIJ",291,0.989865,15,296,3,293,3,3,0,3,3,147,147,149,146,66
"6555",54,"[15]HcHxGnJHqKHqaIJ",303,0.996711,15,304,1,303,1,1,0,1,1,154,154,150,149,66
"6556",55,"[15]HcHxGnJHqKHqaIJ",300,0.990164,15,305,3,302,3,3,0,3,3,166,166,139,136,66
"6557",56,"[15]HcHxGnJHqKHqaIJ",308,1,15,307,0,307,0,0,0,0,0,172,172,135,135,66
"6558",57,"[15]HcHxGnJHqKHqaIJ",297,1,15,296,0,296,0,0,0,0,0,141,141,155,155,66
"6559",58,"[15]HcHxGnJHqKHqaIJ",308,1,15,307,0,307,0,0,0,0,0,163,163,144,144,66
"6560",59,"[15]HcHxGnJHqKHqaIJ",287,0.996528,15,288,1,287,1,1,0,1,1,127,127,161,160,66
"6561",60,"[15]HcHxGnJHqKHqaIJ",287,0.989726,15,292,3,289,3,3,0,3,3,140,140,152,149,66
"6562",61,"[15]HcHxGnJHqKHqaIJ",296,1,15,295,0,295,0,0,0,0,0,141,141,154,154,66
"6563",62,"[15]HcHxGnJHqKHqaIJ",304,0.996721,15,305,1,304,1,1,0,1,1,159,159,146,145,66
"6564",63,"[15]HcHxGnJHqKHqaIJ",295,0.99,15,300,3,297,3,3,0,3,3,167,167,133,130,66
"6565",64,"[15]HcHxGnJHqKHqaIJ",306,0.993528,15,309,2,307,2,2,0,2,2,173,173,136,134,66
"6566",65,"[15]HcHxGnJHqKHqaIJ",291,0.993197,15,294,2,292,2,2,0,2,2,131,131,163,161,66
"6567",66,"[15]HcHxGnJHqKHqaIJ",305,0.996732,15,306,1,305,1,1,0,1,1,157,157,149,148,66
"6568",67,"[15]HcHxGnJHqKHqaIJ",296,1,15,295,0,295,0,0,0,0,0,147,147,148,148,66
"6569",68,"[15]HcHxGnJHqKHqaIJ",293,0.986667,15,300,4,296,4,4,0,4,4,158,158,142,138,66
"6570",69,"[15]HcHxGnJHqKHqaIJ",292,0.99322,15,295,2,293,2,2,0,2,2,139,139,156,154,66
"6571",70,"[15]HcHxGnJHqKHqaIJ",290,0.996564,15,291,1,290,1,1,0,1,1,131,131,160,159,66
"6572",71,"[15]HcHxGnJHqKHqaIJ",297,1,15,296,0,296,0,0,0,0,0,134,134,162,162,66
"6573",72,"[15]HcHxGnJHqKHqaIJ",285,0.97973,15,296,6,290,6,6,0,6,6,167,167,129,123,66
"6574",73,"[15]HcHxGnJHqKHqaIJ",297,0.996644,15,298,1,297,1,1,0,1,1,157,157,141,140,66
"6575",74,"[15]HcHxGnJHqKHqaIJ",303,0.996711,15,304,1,303,1,1,0,1,1,162,162,142,141,66
"6576",75,"[15]HcHxGnJHqKHqaIJ",300,1,15,299,0,299,0,0,0,0,0,143,143,156,156,66
"6577",76,"[15]HcHxGnJHqKHqaIJ",297,0.996644,15,298,1,297,1,1,0,1,1,158,158,140,139,66
"6578",77,"[15]HcHxGnJHqKHqaIJ",280,0.986063,15,287,4,283,4,4,0,4,4,118,118,169,165,66
"6579",78,"[15]HcHxGnJHqKHqaIJ",294,0.99661,15,295,1,294,1,1,0,1,1,145,145,150,149,66
"6580",79,"[15]HcHxGnJHqKHqaIJ",302,1,15,301,0,301,0,0,0,0,0,145,145,156,156,66
"6581",80,"[15]HcHxGnJHqKHqaIJ",302,1,15,301,0,301,0,0,0,0,0,150,150,151,151,66
"6582",81,"[15]HcHxGnJHqKHqaIJ",301,1,15,300,0,300,0,0,0,0,0,150,150,150,150,66
"6583",82,"[15]HcHxGnJHqKHqaIJ",304,1,15,303,0,303,0,0,0,0,0,161,161,142,142,66
"6584",83,"[15]HcHxGnJHqKHqaIJ",297,0.990066,15,302,3,299,3,3,0,3,3,162,162,140,137,66
"6585",84,"[15]HcHxGnJHqKHqaIJ",293,0.989933,15,298,3,295,3,3,0,3,3,153,153,145,142,66
"6586",85,"[15]HcHxGnJHqKHqaIJ",307,1,15,306,0,306,0,0,0,0,0,173,173,133,133,66
"6587",86,"[15]HcHxGnJHqKHqaIJ",304,1,15,303,0,303,0,0,0,0,0,150,150,153,153,66
"6588",87,"[15]HcHxGnJHqKHqaIJ",297,0.996644,15,298,1,297,1,1,0,1,1,152,152,146,145,66
"6589",88,"[15]HcHxGnJHqKHqaIJ",299,1,15,298,0,298,0,0,0,0,0,146,146,152,152,66
"6590",89,"[15]HcHxGnJHqKHqaIJ",307,1,15,306,0,306,0,0,0,0,0,163,163,143,143,66
"6591",90,"[15]HcHxGnJHqKHqaIJ",295,1,15,294,0,294,0,0,0,0,0,138,138,156,156,66
"6592",91,"[15]HcHxGnJHqKHqaIJ",299,1,15,298,0,298,0,0,0,0,0,142,142,156,156,66
"6593",92,"[15]HcHxGnJHqKHqaIJ",294,0.989967,15,299,3,296,3,3,0,3,3,156,156,143,140,66
"6594",93,"[15]HcHxGnJHqKHqaIJ",303,1,15,302,0,302,0,0,0,0,0,152,152,150,150,66
"6595",94,"[15]HcHxGnJHqKHqaIJ",300,1,15,299,0,299,0,0,0,0,0,149,149,150,150,66
"6596",95,"[15]HcHxGnJHqKHqaIJ",298,1,15,297,0,297,0,0,0,0,0,149,149,148,148,66
"6597",96,"[15]HcHxGnJHqKHqaIJ",296,0.996633,15,297,1,296,1,1,0,1,1,152,152,145,144,66
"6598",97,"[15]HcHxGnJHqKHqaIJ",295,0.993289,15,298,2,296,2,2,0,2,2,155,155,143,141,66
"6599",98,"[15]HcHxGnJHqKHqaIJ",300,1,15,299,0,299,0,0,0,0,0,150,150,149,149,66
"6600",99,"[15]HcHxGnJHqKHqaIJ",296,0.990033,15,301,3,298,3,3,0,3,3,155,155,146,143,66
"6601",0,"[15]HcHuGnJHqKHqaIJ",296,1,15,295,0,295,0,0,0,0,0,146,146,149,149,67
"6602",1,"[15]HcHuGnJHqKHqaIJ",301,1,15,300,0,300,0,0,0,0,0,151,151,149,149,67
"6603",2,"[15]HcHuGnJHqKHqaIJ",301,0.996689,15,302,1,301,1,1,0,1,1,157,157,145,144,67
"6604",3,"[15]HcHuGnJHqKHqaIJ",302,0.990228,15,307,3,304,3,3,0,3,3,162,162,145,142,67
"6605",4,"[15]HcHuGnJHqKHqaIJ",302,0.9967,15,303,1,302,1,1,0,1,1,157,157,146,145,67
"6606",5,"[15]HcHuGnJHqKHqaIJ",299,1,15,298,0,298,0,0,0,0,0,147,147,151,151,67
"6607",6,"[15]HcHuGnJHqKHqaIJ",296,1,15,295,0,295,0,0,0,0,0,140,140,155,155,67
"6608",7,"[15]HcHuGnJHqKHqaIJ",293,0.996599,15,294,1,293,1,1,0,1,1,143,143,151,150,67
"6609",8,"[15]HcHuGnJHqKHqaIJ",298,1,15,297,0,297,0,0,0,0,0,146,146,151,151,67
"6610",9,"[15]HcHuGnJHqKHqaIJ",304,1,15,303,0,303,0,0,0,0,0,156,156,147,147,67
"6611",10,"[15]HcHuGnJHqKHqaIJ",310,1,15,309,0,309,0,0,0,0,0,162,162,147,147,67
"6612",11,"[15]HcHuGnJHqKHqaIJ",287,0.993103,15,290,2,288,2,2,0,2,2,131,131,159,157,67
"6613",12,"[15]HcHuGnJHqKHqaIJ",301,0.993421,15,304,2,302,2,2,0,2,2,145,145,159,157,67
"6614",13,"[15]HcHuGnJHqKHqaIJ",302,1,15,301,0,301,0,0,0,0,0,156,156,145,145,67
"6615",14,"[15]HcHuGnJHqKHqaIJ",301,1,15,300,0,300,0,0,0,0,0,149,149,151,151,67
"6616",15,"[15]HcHuGnJHqKHqaIJ",305,1,15,304,0,304,0,0,0,0,0,151,151,153,153,67
"6617",16,"[15]HcHuGnJHqKHqaIJ",290,0.989831,15,295,3,292,3,3,0,3,3,142,142,153,150,67
"6618",17,"[15]HcHuGnJHqKHqaIJ",289,0.986486,15,296,4,292,4,4,0,4,4,142,142,154,150,67
"6619",18,"[15]HcHuGnJHqKHqaIJ",305,0.996732,15,306,1,305,1,1,0,1,1,158,158,148,147,67
"6620",19,"[15]HcHuGnJHqKHqaIJ",304,1,15,303,0,303,0,0,0,0,0,148,148,155,155,67
"6621",20,"[15]HcHuGnJHqKHqaIJ",305,1,15,304,0,304,0,0,0,0,0,153,153,151,151,67
"6622",21,"[15]HcHuGnJHqKHqaIJ",296,0.996633,15,297,1,296,1,1,0,1,1,144,144,153,152,67
"6623",22,"[15]HcHuGnJHqKHqaIJ",304,1,15,303,0,303,0,0,0,0,0,149,149,154,154,67
"6624",23,"[15]HcHuGnJHqKHqaIJ",289,1,15,288,0,288,0,0,0,0,0,127,127,161,161,67
"6625",24,"[15]HcHuGnJHqKHqaIJ",289,0.993151,15,292,2,290,2,2,0,2,2,136,136,156,154,67
"6626",25,"[15]HcHuGnJHqKHqaIJ",302,1,15,301,0,301,0,0,0,0,0,143,143,158,158,67
"6627",26,"[15]HcHuGnJHqKHqaIJ",295,0.99,15,300,3,297,3,3,0,3,3,157,157,143,140,67
"6628",27,"[15]HcHuGnJHqKHqaIJ",296,0.996633,15,297,1,296,1,1,0,1,1,137,137,160,159,67
"6629",28,"[15]HcHuGnJHqKHqaIJ",299,1,15,298,0,298,0,0,0,0,0,150,150,148,148,67
"6630",29,"[15]HcHuGnJHqKHqaIJ",297,1,15,296,0,296,0,0,0,0,0,130,130,166,166,67
"6631",30,"[15]HcHuGnJHqKHqaIJ",298,1,15,297,0,297,0,0,0,0,0,151,151,146,146,67
"6632",31,"[15]HcHuGnJHqKHqaIJ",303,1,15,302,0,302,0,0,0,0,0,153,153,149,149,67
"6633",32,"[15]HcHuGnJHqKHqaIJ",292,0.99322,15,295,2,293,2,2,0,2,2,146,146,149,147,67
"6634",33,"[15]HcHuGnJHqKHqaIJ",288,1,15,287,0,287,0,0,0,0,0,122,122,165,165,67
"6635",34,"[15]HcHuGnJHqKHqaIJ",303,1,15,302,0,302,0,0,0,0,0,160,160,142,142,67
"6636",35,"[15]HcHuGnJHqKHqaIJ",291,0.989865,15,296,3,293,3,3,0,3,3,144,144,152,149,67
"6637",36,"[15]HcHuGnJHqKHqaIJ",295,1,15,294,0,294,0,0,0,0,0,143,143,151,151,67
"6638",37,"[15]HcHuGnJHqKHqaIJ",296,0.993311,15,299,2,297,2,2,0,2,2,155,155,144,142,67
"6639",38,"[15]HcHuGnJHqKHqaIJ",294,1,15,293,0,293,0,0,0,0,0,129,129,164,164,67
"6640",39,"[15]HcHuGnJHqKHqaIJ",302,0.9967,15,303,1,302,1,1,0,1,1,153,153,150,149,67
"6641",40,"[15]HcHuGnJHqKHqaIJ",305,1,15,304,0,304,0,0,0,0,0,158,158,146,146,67
"6642",41,"[15]HcHuGnJHqKHqaIJ",287,0.993103,15,290,2,288,2,2,0,2,2,132,132,158,156,67
"6643",42,"[15]HcHuGnJHqKHqaIJ",296,1,15,295,0,295,0,0,0,0,0,141,141,154,154,67
"6644",43,"[15]HcHuGnJHqKHqaIJ",295,0.996622,15,296,1,295,1,1,0,1,1,139,139,157,156,67
"6645",44,"[15]HcHuGnJHqKHqaIJ",304,1,15,303,0,303,0,0,0,0,0,149,149,154,154,67
"6646",45,"[15]HcHuGnJHqKHqaIJ",309,1,15,308,0,308,0,0,0,0,0,164,164,144,144,67
"6647",46,"[15]HcHuGnJHqKHqaIJ",302,1,15,301,0,301,0,0,0,0,0,156,156,145,145,67
"6648",47,"[15]HcHuGnJHqKHqaIJ",289,0.989796,15,294,3,291,3,3,0,3,3,141,141,153,150,67
"6649",48,"[15]HcHuGnJHqKHqaIJ",275,0.975694,15,288,7,281,7,7,0,7,7,140,140,148,141,67
"6650",49,"[15]HcHuGnJHqKHqaIJ",301,1,15,300,0,300,0,0,0,0,0,148,148,152,152,67
"6651",50,"[15]HcHuGnJHqKHqaIJ",292,0.99322,15,295,2,293,2,2,0,2,2,136,136,159,157,67
"6652",51,"[15]HcHuGnJHqKHqaIJ",303,1,15,302,0,302,0,0,0,0,0,154,154,148,148,67
"6653",52,"[15]HcHuGnJHqKHqaIJ",296,1,15,295,0,295,0,0,0,0,0,143,143,152,152,67
"6654",53,"[15]HcHuGnJHqKHqaIJ",291,0.996575,15,292,1,291,1,1,0,1,1,143,143,149,148,67
"6655",54,"[15]HcHuGnJHqKHqaIJ",304,1,15,303,0,303,0,0,0,0,0,153,153,150,150,67
"6656",55,"[15]HcHuGnJHqKHqaIJ",286,0.99308,15,289,2,287,2,2,0,2,2,150,150,139,137,67
"6657",56,"[15]HcHuGnJHqKHqaIJ",296,0.993311,15,299,2,297,2,2,0,2,2,148,148,151,149,67
"6658",57,"[15]HcHuGnJHqKHqaIJ",290,0.993174,15,293,2,291,2,2,0,2,2,145,145,148,146,67
"6659",58,"[15]HcHuGnJHqKHqaIJ",305,1,15,304,0,304,0,0,0,0,0,149,149,155,155,67
"6660",59,"[15]HcHuGnJHqKHqaIJ",299,1,15,298,0,298,0,0,0,0,0,143,143,155,155,67
"6661",60,"[15]HcHuGnJHqKHqaIJ",291,0.996575,15,292,1,291,1,1,0,1,1,140,140,152,151,67
"6662",61,"[15]HcHuGnJHqKHqaIJ",290,0.996564,15,291,1,290,1,1,0,1,1,137,137,154,153,67
"6663",62,"[15]HcHuGnJHqKHqaIJ",307,0.996753,15,308,1,307,1,1,0,1,1,166,166,142,141,67
"6664",63,"[15]HcHuGnJHqKHqaIJ",289,0.996552,15,290,1,289,1,1,0,1,1,129,129,161,160,67
"6665",64,"[15]HcHuGnJHqKHqaIJ",299,1,15,298,0,298,0,0,0,0,0,140,140,158,158,67
"6666",65,"[15]HcHuGnJHqKHqaIJ",295,0.993289,15,298,2,296,2,2,0,2,2,160,160,138,136,67
"6667",66,"[15]HcHuGnJHqKHqaIJ",296,1,15,295,0,295,0,0,0,0,0,142,142,153,153,67
"6668",67,"[15]HcHuGnJHqKHqaIJ",299,1,15,298,0,298,0,0,0,0,0,142,142,156,156,67
"6669",68,"[15]HcHuGnJHqKHqaIJ",300,0.990164,15,305,3,302,3,3,0,3,3,165,165,140,137,67
"6670",69,"[15]HcHuGnJHqKHqaIJ",285,0.996503,15,286,1,285,1,1,0,1,1,117,117,169,168,67
"6671",70,"[15]HcHuGnJHqKHqaIJ",281,0.982759,15,290,5,285,5,5,0,5,5,135,135,155,150,67
"6672",71,"[15]HcHuGnJHqKHqaIJ",303,1,15,302,0,302,0,0,0,0,0,157,157,145,145,67
"6673",72,"[15]HcHuGnJHqKHqaIJ",297,1,15,296,0,296,0,0,0,0,0,149,149,147,147,67
"6674",73,"[15]HcHuGnJHqKHqaIJ",306,1,15,305,0,305,0,0,0,0,0,154,154,151,151,67
"6675",74,"[15]HcHuGnJHqKHqaIJ",289,0.989796,15,294,3,291,3,3,0,3,3,138,138,156,153,67
"6676",75,"[15]HcHuGnJHqKHqaIJ",303,1,15,302,0,302,0,0,0,0,0,153,153,149,149,67
"6677",76,"[15]HcHuGnJHqKHqaIJ",303,1,15,302,0,302,0,0,0,0,0,155,155,147,147,67
"6678",77,"[15]HcHuGnJHqKHqaIJ",303,0.996711,15,304,1,303,1,1,0,1,1,152,152,152,151,67
"6679",78,"[15]HcHuGnJHqKHqaIJ",295,1,15,294,0,294,0,0,0,0,0,142,142,152,152,67
"6680",79,"[15]HcHuGnJHqKHqaIJ",295,0.993289,15,298,2,296,2,2,0,2,2,138,138,160,158,67
"6681",80,"[15]HcHuGnJHqKHqaIJ",303,1,15,302,0,302,0,0,0,0,0,146,146,156,156,67
"6682",81,"[15]HcHuGnJHqKHqaIJ",300,1,15,299,0,299,0,0,0,0,0,143,143,156,156,67
"6683",82,"[15]HcHuGnJHqKHqaIJ",297,0.996644,15,298,1,297,1,1,0,1,1,141,141,157,156,67
"6684",83,"[15]HcHuGnJHqKHqaIJ",293,0.986667,15,300,4,296,4,4,0,4,4,155,155,145,141,67
"6685",84,"[15]HcHuGnJHqKHqaIJ",299,1,15,298,0,298,0,0,0,0,0,140,140,158,158,67
"6686",85,"[15]HcHuGnJHqKHqaIJ",293,1,15,292,0,292,0,0,0,0,0,143,143,149,149,67
"6687",86,"[15]HcHuGnJHqKHqaIJ",300,1,15,299,0,299,0,0,0,0,0,140,140,159,159,67
"6688",87,"[15]HcHuGnJHqKHqaIJ",285,0.986301,15,292,4,288,4,4,0,4,4,141,141,151,147,67
"6689",88,"[15]HcHuGnJHqKHqaIJ",299,1,15,298,0,298,0,0,0,0,0,152,152,146,146,67
"6690",89,"[15]HcHuGnJHqKHqaIJ",294,1,15,293,0,293,0,0,0,0,0,136,136,157,157,67
"6691",90,"[15]HcHuGnJHqKHqaIJ",299,0.993377,15,302,2,300,2,2,0,2,2,150,150,152,150,67
"6692",91,"[15]HcHuGnJHqKHqaIJ",300,1,15,299,0,299,0,0,0,0,0,149,149,150,150,67
"6693",92,"[15]HcHuGnJHqKHqaIJ",299,1,15,298,0,298,0,0,0,0,0,153,153,145,145,67
"6694",93,"[15]HcHuGnJHqKHqaIJ",301,1,15,300,0,300,0,0,0,0,0,140,140,160,160,67
"6695",94,"[15]HcHuGnJHqKHqaIJ",297,0.996644,15,298,1,297,1,1,0,1,1,157,157,141,140,67
"6696",95,"[15]HcHuGnJHqKHqaIJ",294,1,15,293,0,293,0,0,0,0,0,138,138,155,155,67
"6697",96,"[15]HcHuGnJHqKHqaIJ",307,1,15,306,0,306,0,0,0,0,0,164,164,142,142,67
"6698",97,"[15]HcHuGnJHqKHqaIJ",297,0.996644,15,298,1,297,1,1,0,1,1,148,148,150,149,67
"6699",98,"[15]HcHuGnJHqKHqaIJ",302,1,15,301,0,301,0,0,0,0,0,150,150,151,151,67
"6700",99,"[15]HcHuGnJHqKHqaIJ",301,1,15,300,0,300,0,0,0,0,0,166,166,134,134,67
"6701",0,"[15]HcHuGnJHqKHqaIJ",304,1,15,303,0,303,0,0,0,0,0,166,166,137,137,68
"6702",1,"[15]HcHuGnJHqKHqaIJ",286,0.99308,15,289,2,287,2,2,0,2,2,137,137,152,150,68
"6703",2,"[15]HcHuGnJHqKHqaIJ",295,1,15,294,0,294,0,0,0,0,0,136,136,158,158,68
"6704",3,"[15]HcHuGnJHqKHqaIJ",295,1,15,294,0,294,0,0,0,0,0,143,143,151,151,68
"6705",4,"[15]HcHuGnJHqKHqaIJ",304,1,15,303,0,303,0,0,0,0,0,143,143,160,160,68
"6706",5,"[15]HcHuGnJHqKHqaIJ",299,0.996667,15,300,1,299,1,1,0,1,1,161,161,139,138,68
"6707",6,"[15]HcHuGnJHqKHqaIJ",299,0.996667,15,300,1,299,1,1,0,1,1,154,154,146,145,68
"6708",7,"[15]HcHuGnJHqKHqaIJ",298,1,15,297,0,297,0,0,0,0,0,144,144,153,153,68
"6709",8,"[15]HcHuGnJHqKHqaIJ",304,0.996721,15,305,1,304,1,1,0,1,1,171,171,134,133,68
"6710",9,"[15]HcHuGnJHqKHqaIJ",298,1,15,297,0,297,0,0,0,0,0,139,139,158,158,68
"6711",10,"[15]HcHuGnJHqKHqaIJ",300,1,15,299,0,299,0,0,0,0,0,148,148,151,151,68
"6712",11,"[15]HcHuGnJHqKHqaIJ",300,0.996678,15,301,1,300,1,1,0,1,1,163,163,138,137,68
"6713",12,"[15]HcHuGnJHqKHqaIJ",303,1,15,302,0,302,0,0,0,0,0,152,152,150,150,68
"6714",13,"[15]HcHuGnJHqKHqaIJ",294,0.989967,15,299,3,296,3,3,0,3,3,142,142,157,154,68
"6715",14,"[15]HcHuGnJHqKHqaIJ",300,0.996678,15,301,1,300,1,1,0,1,1,150,150,151,150,68
"6716",15,"[15]HcHuGnJHqKHqaIJ",296,1,15,295,0,295,0,0,0,0,0,148,148,147,147,68
"6717",16,"[15]HcHuGnJHqKHqaIJ",293,0.996599,15,294,1,293,1,1,0,1,1,146,146,148,147,68
"6718",17,"[15]HcHuGnJHqKHqaIJ",291,0.983333,15,300,5,295,5,5,0,5,5,151,151,149,144,68
"6719",18,"[15]HcHuGnJHqKHqaIJ",301,1,15,300,0,300,0,0,0,0,0,155,155,145,145,68
"6720",19,"[15]HcHuGnJHqKHqaIJ",306,1,15,305,0,305,0,0,0,0,0,170,170,135,135,68
"6721",20,"[15]HcHuGnJHqKHqaIJ",308,1,15,307,0,307,0,0,0,0,0,160,160,147,147,68
"6722",21,"[15]HcHuGnJHqKHqaIJ",291,0.996575,15,292,1,291,1,1,0,1,1,142,142,150,149,68
"6723",22,"[15]HcHuGnJHqKHqaIJ",295,1,15,294,0,294,0,0,0,0,0,144,144,150,150,68
"6724",23,"[15]HcHuGnJHqKHqaIJ",288,1,15,287,0,287,0,0,0,0,0,120,120,167,167,68
"6725",24,"[15]HcHuGnJHqKHqaIJ",296,0.996633,15,297,1,296,1,1,0,1,1,154,154,143,142,68
"6726",25,"[15]HcHuGnJHqKHqaIJ",298,0.996656,15,299,1,298,1,1,0,1,1,143,143,156,155,68
"6727",26,"[15]HcHuGnJHqKHqaIJ",300,0.996678,15,301,1,300,1,1,0,1,1,153,153,148,147,68
"6728",27,"[15]HcHuGnJHqKHqaIJ",307,1,15,306,0,306,0,0,0,0,0,157,157,149,149,68
"6729",28,"[15]HcHuGnJHqKHqaIJ",292,0.986622,15,299,4,295,4,4,0,4,4,148,148,151,147,68
"6730",29,"[15]HcHuGnJHqKHqaIJ",303,1,15,302,0,302,0,0,0,0,0,154,154,148,148,68
"6731",30,"[15]HcHuGnJHqKHqaIJ",301,0.996689,15,302,1,301,1,1,0,1,1,162,162,140,139,68
"6732",31,"[15]HcHuGnJHqKHqaIJ",289,0.996552,15,290,1,289,1,1,0,1,1,137,137,153,152,68
"6733",32,"[15]HcHuGnJHqKHqaIJ",304,1,15,303,0,303,0,0,0,0,0,158,158,145,145,68
"6734",33,"[15]HcHuGnJHqKHqaIJ",302,1,15,301,0,301,0,0,0,0,0,153,153,148,148,68
"6735",34,"[15]HcHuGnJHqKHqaIJ",291,0.993197,15,294,2,292,2,2,0,2,2,138,138,156,154,68
"6736",35,"[15]HcHuGnJHqKHqaIJ",292,0.99322,15,295,2,293,2,2,0,2,2,152,152,143,141,68
"6737",36,"[15]HcHuGnJHqKHqaIJ",294,1,15,293,0,293,0,0,0,0,0,139,139,154,154,68
"6738",37,"[15]HcHuGnJHqKHqaIJ",285,0.97973,15,296,6,290,6,6,0,6,6,157,157,139,133,68
"6739",38,"[15]HcHuGnJHqKHqaIJ",303,1,15,302,0,302,0,0,0,0,0,157,157,145,145,68
"6740",39,"[15]HcHuGnJHqKHqaIJ",297,0.996644,15,298,1,297,1,1,0,1,1,146,146,152,151,68
"6741",40,"[15]HcHuGnJHqKHqaIJ",290,0.996564,15,291,1,290,1,1,0,1,1,136,136,155,154,68
"6742",41,"[15]HcHuGnJHqKHqaIJ",298,0.996656,15,299,1,298,1,1,0,1,1,142,142,157,156,68
"6743",42,"[15]HcHuGnJHqKHqaIJ",292,0.989899,15,297,3,294,3,3,0,3,3,146,146,151,148,68
"6744",43,"[15]HcHuGnJHqKHqaIJ",306,0.996743,15,307,1,306,1,1,0,1,1,170,170,137,136,68
"6745",44,"[15]HcHuGnJHqKHqaIJ",298,1,15,297,0,297,0,0,0,0,0,150,150,147,147,68
"6746",45,"[15]HcHuGnJHqKHqaIJ",301,1,15,300,0,300,0,0,0,0,0,152,152,148,148,68
"6747",46,"[15]HcHuGnJHqKHqaIJ",301,0.996689,15,302,1,301,1,1,0,1,1,155,155,147,146,68
"6748",47,"[15]HcHuGnJHqKHqaIJ",298,1,15,297,0,297,0,0,0,0,0,147,147,150,150,68
"6749",48,"[15]HcHuGnJHqKHqaIJ",304,1,15,303,0,303,0,0,0,0,0,162,162,141,141,68
"6750",49,"[15]HcHuGnJHqKHqaIJ",308,1,15,307,0,307,0,0,0,0,0,173,173,134,134,68
"6751",50,"[15]HcHuGnJHqKHqaIJ",297,0.993333,15,300,2,298,2,2,0,2,2,152,152,148,146,68
"6752",51,"[15]HcHuGnJHqKHqaIJ",291,0.996575,15,292,1,291,1,1,0,1,1,141,141,151,150,68
"6753",52,"[15]HcHuGnJHqKHqaIJ",302,1,15,301,0,301,0,0,0,0,0,155,155,146,146,68
"6754",53,"[15]HcHuGnJHqKHqaIJ",300,1,15,299,0,299,0,0,0,0,0,148,148,151,151,68
"6755",54,"[15]HcHuGnJHqKHqaIJ",296,1,15,295,0,295,0,0,0,0,0,142,142,153,153,68
"6756",55,"[15]HcHuGnJHqKHqaIJ",303,1,15,302,0,302,0,0,0,0,0,150,150,152,152,68
"6757",56,"[15]HcHuGnJHqKHqaIJ",305,1,15,304,0,304,0,0,0,0,0,144,144,160,160,68
"6758",57,"[15]HcHuGnJHqKHqaIJ",296,1,15,295,0,295,0,0,0,0,0,139,139,156,156,68
"6759",58,"[15]HcHuGnJHqKHqaIJ",293,0.989933,15,298,3,295,3,3,0,3,3,148,148,150,147,68
"6760",59,"[15]HcHuGnJHqKHqaIJ",291,0.996575,15,292,1,291,1,1,0,1,1,130,130,162,161,68
"6761",60,"[15]HcHuGnJHqKHqaIJ",304,1,15,303,0,303,0,0,0,0,0,156,156,147,147,68
"6762",61,"[15]HcHuGnJHqKHqaIJ",303,1,15,302,0,302,0,0,0,0,0,156,156,146,146,68
"6763",62,"[15]HcHuGnJHqKHqaIJ",300,1,15,299,0,299,0,0,0,0,0,150,150,149,149,68
"6764",63,"[15]HcHuGnJHqKHqaIJ",298,1,15,297,0,297,0,0,0,0,0,132,132,165,165,68
"6765",64,"[15]HcHuGnJHqKHqaIJ",292,0.99322,15,295,2,293,2,2,0,2,2,137,137,158,156,68
"6766",65,"[15]HcHuGnJHqKHqaIJ",301,1,15,300,0,300,0,0,0,0,0,151,151,149,149,68
"6767",66,"[15]HcHuGnJHqKHqaIJ",300,0.996678,15,301,1,300,1,1,0,1,1,142,142,159,158,68
"6768",67,"[15]HcHuGnJHqKHqaIJ",293,0.989933,15,298,3,295,3,3,0,3,3,153,153,145,142,68
"6769",68,"[15]HcHuGnJHqKHqaIJ",299,0.996667,15,300,1,299,1,1,0,1,1,155,155,145,144,68
"6770",69,"[15]HcHuGnJHqKHqaIJ",298,0.990099,15,303,3,300,3,3,0,3,3,157,157,146,143,68
"6771",70,"[15]HcHuGnJHqKHqaIJ",293,0.989933,15,298,3,295,3,3,0,3,3,155,155,143,140,68
"6772",71,"[15]HcHuGnJHqKHqaIJ",304,0.996721,15,305,1,304,1,1,0,1,1,164,164,141,140,68
"6773",72,"[15]HcHuGnJHqKHqaIJ",301,1,15,300,0,300,0,0,0,0,0,154,154,146,146,68
"6774",73,"[15]HcHuGnJHqKHqaIJ",296,1,15,295,0,295,0,0,0,0,0,143,143,152,152,68
"6775",74,"[15]HcHuGnJHqKHqaIJ",299,0.990132,15,304,3,301,3,3,0,3,3,156,156,148,145,68
"6776",75,"[15]HcHuGnJHqKHqaIJ",297,1,15,296,0,296,0,0,0,0,0,132,132,164,164,68
"6777",76,"[15]HcHuGnJHqKHqaIJ",283,0.982877,15,292,5,287,5,5,0,5,5,150,150,142,137,68
"6778",77,"[15]HcHuGnJHqKHqaIJ",310,1,15,309,0,309,0,0,0,0,0,164,164,145,145,68
"6779",78,"[15]HcHuGnJHqKHqaIJ",303,1,15,302,0,302,0,0,0,0,0,151,151,151,151,68
"6780",79,"[15]HcHuGnJHqKHqaIJ",291,0.993197,15,294,2,292,2,2,0,2,2,152,152,142,140,68
"6781",80,"[15]HcHuGnJHqKHqaIJ",303,1,15,302,0,302,0,0,0,0,0,149,149,153,153,68
"6782",81,"[15]HcHuGnJHqKHqaIJ",302,1,15,301,0,301,0,0,0,0,0,163,163,138,138,68
"6783",82,"[15]HcHuGnJHqKHqaIJ",299,1,15,298,0,298,0,0,0,0,0,146,146,152,152,68
"6784",83,"[15]HcHuGnJHqKHqaIJ",296,1,15,295,0,295,0,0,0,0,0,150,150,145,145,68
"6785",84,"[15]HcHuGnJHqKHqaIJ",291,0.993197,15,294,2,292,2,2,0,2,2,140,140,154,152,68
"6786",85,"[15]HcHuGnJHqKHqaIJ",301,1,15,300,0,300,0,0,0,0,0,144,144,156,156,68
"6787",86,"[15]HcHuGnJHqKHqaIJ",303,1,15,302,0,302,0,0,0,0,0,155,155,147,147,68
"6788",87,"[15]HcHuGnJHqKHqaIJ",299,0.996667,15,300,1,299,1,1,0,1,1,151,151,149,148,68
"6789",88,"[15]HcHuGnJHqKHqaIJ",298,0.996656,15,299,1,298,1,1,0,1,1,147,147,152,151,68
"6790",89,"[15]HcHuGnJHqKHqaIJ",300,1,15,299,0,299,0,0,0,0,0,148,148,151,151,68
"6791",90,"[15]HcHuGnJHqKHqaIJ",302,0.9967,15,303,1,302,1,1,0,1,1,154,154,149,148,68
"6792",91,"[15]HcHuGnJHqKHqaIJ",291,1,15,290,0,290,0,0,0,0,0,139,139,151,151,68
"6793",92,"[15]HcHuGnJHqKHqaIJ",306,1,15,305,0,305,0,0,0,0,0,154,154,151,151,68
"6794",93,"[15]HcHuGnJHqKHqaIJ",305,1,15,304,0,304,0,0,0,0,0,156,156,148,148,68
"6795",94,"[15]HcHuGnJHqKHqaIJ",299,1,15,298,0,298,0,0,0,0,0,156,156,142,142,68
"6796",95,"[15]HcHuGnJHqKHqaIJ",298,0.996656,15,299,1,298,1,1,0,1,1,146,146,153,152,68
"6797",96,"[15]HcHuGnJHqKHqaIJ",300,1,15,299,0,299,0,0,0,0,0,147,147,152,152,68
"6798",97,"[15]HcHuGnJHqKHqaIJ",300,1,15,299,0,299,0,0,0,0,0,144,144,155,155,68
"6799",98,"[15]HcHuGnJHqKHqaIJ",295,1,15,294,0,294,0,0,0,0,0,131,131,163,163,68
"6800",99,"[15]HcHuGnJHqKHqaIJ",304,0.996721,15,305,1,304,1,1,0,1,1,158,158,147,146,68
"6801",0,"[15]HcHtGnJHqKHqaIJ",286,0.989691,15,291,3,288,3,3,0,3,3,147,147,144,141,69
"6802",1,"[15]HcHtGnJHqKHqaIJ",286,0.983051,15,295,5,290,5,5,0,5,5,152,152,143,138,69
"6803",2,"[15]HcHtGnJHqKHqaIJ",302,1,15,301,0,301,0,0,0,0,0,143,143,158,158,69
"6804",3,"[15]HcHtGnJHqKHqaIJ",294,1,15,293,0,293,0,0,0,0,0,145,145,148,148,69
"6805",4,"[15]HcHtGnJHqKHqaIJ",300,1,15,299,0,299,0,0,0,0,0,149,149,150,150,69
"6806",5,"[15]HcHtGnJHqKHqaIJ",303,0.996711,15,304,1,303,1,1,0,1,1,160,160,144,143,69
"6807",6,"[15]HcHtGnJHqKHqaIJ",300,1,15,299,0,299,0,0,0,0,0,154,154,145,145,69
"6808",7,"[15]HcHtGnJHqKHqaIJ",283,0.989583,15,288,3,285,3,3,0,3,3,130,130,158,155,69
"6809",8,"[15]HcHtGnJHqKHqaIJ",290,0.996564,15,291,1,290,1,1,0,1,1,142,142,149,148,69
"6810",9,"[15]HcHtGnJHqKHqaIJ",293,1,15,292,0,292,0,0,0,0,0,133,133,159,159,69
"6811",10,"[15]HcHtGnJHqKHqaIJ",301,1,15,300,0,300,0,0,0,0,0,149,149,151,151,69
"6812",11,"[15]HcHtGnJHqKHqaIJ",294,1,15,293,0,293,0,0,0,0,0,133,133,160,160,69
"6813",12,"[15]HcHtGnJHqKHqaIJ",299,0.996667,15,300,1,299,1,1,0,1,1,156,156,144,143,69
"6814",13,"[15]HcHtGnJHqKHqaIJ",297,0.993333,15,300,2,298,2,2,0,2,2,152,152,148,146,69
"6815",14,"[15]HcHtGnJHqKHqaIJ",299,0.996667,15,300,1,299,1,1,0,1,1,160,160,140,139,69
"6816",15,"[15]HcHtGnJHqKHqaIJ",287,0.996528,15,288,1,287,1,1,0,1,1,120,120,168,167,69
"6817",16,"[15]HcHtGnJHqKHqaIJ",295,1,15,294,0,294,0,0,0,0,0,134,134,160,160,69
"6818",17,"[15]HcHtGnJHqKHqaIJ",289,0.989796,15,294,3,291,3,3,0,3,3,140,140,154,151,69
"6819",18,"[15]HcHtGnJHqKHqaIJ",298,1,15,297,0,297,0,0,0,0,0,139,139,158,158,69
"6820",19,"[15]HcHtGnJHqKHqaIJ",290,0.989831,15,295,3,292,3,3,0,3,3,137,137,158,155,69
"6821",20,"[15]HcHtGnJHqKHqaIJ",298,1,15,297,0,297,0,0,0,0,0,150,150,147,147,69
"6822",21,"[15]HcHtGnJHqKHqaIJ",287,0.983108,15,296,5,291,5,5,0,5,5,147,147,149,144,69
"6823",22,"[15]HcHtGnJHqKHqaIJ",299,1,15,298,0,298,0,0,0,0,0,149,149,149,149,69
"6824",23,"[15]HcHtGnJHqKHqaIJ",304,0.996721,15,305,1,304,1,1,0,1,1,160,160,145,144,69
"6825",24,"[15]HcHtGnJHqKHqaIJ",303,1,15,302,0,302,0,0,0,0,0,147,147,155,155,69
"6826",25,"[15]HcHtGnJHqKHqaIJ",294,1,15,293,0,293,0,0,0,0,0,135,135,158,158,69
"6827",26,"[15]HcHtGnJHqKHqaIJ",294,0.993266,15,297,2,295,2,2,0,2,2,142,142,155,153,69
"6828",27,"[15]HcHtGnJHqKHqaIJ",283,0.966887,15,302,10,292,10,10,0,10,10,165,165,137,127,69
"6829",28,"[15]HcHtGnJHqKHqaIJ",297,1,15,296,0,296,0,0,0,0,0,141,141,155,155,69
"6830",29,"[15]HcHtGnJHqKHqaIJ",311,0.996795,15,312,1,311,1,1,0,1,1,186,186,126,125,69
"6831",30,"[15]HcHtGnJHqKHqaIJ",307,1,15,306,0,306,0,0,0,0,0,159,159,147,147,69
"6832",31,"[15]HcHtGnJHqKHqaIJ",298,0.996656,15,299,1,298,1,1,0,1,1,143,143,156,155,69
"6833",32,"[15]HcHtGnJHqKHqaIJ",301,1,15,300,0,300,0,0,0,0,0,160,160,140,140,69
"6834",33,"[15]HcHtGnJHqKHqaIJ",303,1,15,302,0,302,0,0,0,0,0,152,152,150,150,69
"6835",34,"[15]HcHtGnJHqKHqaIJ",297,1,15,296,0,296,0,0,0,0,0,150,150,146,146,69
"6836",35,"[15]HcHtGnJHqKHqaIJ",294,1,15,293,0,293,0,0,0,0,0,140,140,153,153,69
"6837",36,"[15]HcHtGnJHqKHqaIJ",294,0.993266,15,297,2,295,2,2,0,2,2,155,155,142,140,69
"6838",37,"[15]HcHtGnJHqKHqaIJ",281,0.992958,15,284,2,282,2,2,0,2,2,114,114,170,168,69
"6839",38,"[15]HcHtGnJHqKHqaIJ",292,1,15,291,0,291,0,0,0,0,0,130,130,161,161,69
"6840",39,"[15]HcHtGnJHqKHqaIJ",305,0.996732,15,306,1,305,1,1,0,1,1,178,178,128,127,69
"6841",40,"[15]HcHtGnJHqKHqaIJ",298,0.993355,15,301,2,299,2,2,0,2,2,158,158,143,141,69
"6842",41,"[15]HcHtGnJHqKHqaIJ",285,0.996503,15,286,1,285,1,1,0,1,1,128,128,158,157,69
"6843",42,"[15]HcHtGnJHqKHqaIJ",282,1,15,281,0,281,0,0,0,0,0,113,113,168,168,69
"6844",43,"[15]HcHtGnJHqKHqaIJ",294,1,15,293,0,293,0,0,0,0,0,127,127,166,166,69
"6845",44,"[15]HcHtGnJHqKHqaIJ",293,0.989933,15,298,3,295,3,3,0,3,3,154,154,144,141,69
"6846",45,"[15]HcHtGnJHqKHqaIJ",299,0.996667,15,300,1,299,1,1,0,1,1,146,146,154,153,69
"6847",46,"[15]HcHtGnJHqKHqaIJ",305,1,15,304,0,304,0,0,0,0,0,150,150,154,154,69
"6848",47,"[15]HcHtGnJHqKHqaIJ",305,0.996732,15,306,1,305,1,1,0,1,1,153,153,153,152,69
"6849",48,"[15]HcHtGnJHqKHqaIJ",295,0.996622,15,296,1,295,1,1,0,1,1,130,130,166,165,69
"6850",49,"[15]HcHtGnJHqKHqaIJ",301,1,15,300,0,300,0,0,0,0,0,148,148,152,152,69
"6851",50,"[15]HcHtGnJHqKHqaIJ",295,0.996622,15,296,1,295,1,1,0,1,1,131,131,165,164,69
"6852",51,"[15]HcHtGnJHqKHqaIJ",290,0.996564,15,291,1,290,1,1,0,1,1,131,131,160,159,69
"6853",52,"[15]HcHtGnJHqKHqaIJ",301,1,15,300,0,300,0,0,0,0,0,141,141,159,159,69
"6854",53,"[15]HcHtGnJHqKHqaIJ",294,0.993266,15,297,2,295,2,2,0,2,2,136,136,161,159,69
"6855",54,"[15]HcHtGnJHqKHqaIJ",302,1,15,301,0,301,0,0,0,0,0,147,147,154,154,69
"6856",55,"[15]HcHtGnJHqKHqaIJ",310,1,15,309,0,309,0,0,0,0,0,167,167,142,142,69
"6857",56,"[15]HcHtGnJHqKHqaIJ",301,1,15,300,0,300,0,0,0,0,0,153,153,147,147,69
"6858",57,"[15]HcHtGnJHqKHqaIJ",291,1,15,290,0,290,0,0,0,0,0,141,141,149,149,69
"6859",58,"[15]HcHtGnJHqKHqaIJ",304,1,15,303,0,303,0,0,0,0,0,149,149,154,154,69
"6860",59,"[15]HcHtGnJHqKHqaIJ",290,0.993174,15,293,2,291,2,2,0,2,2,145,145,148,146,69
"6861",60,"[15]HcHtGnJHqKHqaIJ",292,0.996587,15,293,1,292,1,1,0,1,1,145,145,148,147,69
"6862",61,"[15]HcHtGnJHqKHqaIJ",297,1,15,296,0,296,0,0,0,0,0,137,137,159,159,69
"6863",62,"[15]HcHtGnJHqKHqaIJ",278,0.975945,15,291,7,284,7,7,0,7,7,143,143,148,141,69
"6864",63,"[15]HcHtGnJHqKHqaIJ",298,1,15,297,0,297,0,0,0,0,0,139,139,158,158,69
"6865",64,"[15]HcHtGnJHqKHqaIJ",305,1,15,304,0,304,0,0,0,0,0,159,159,145,145,69
"6866",65,"[15]HcHtGnJHqKHqaIJ",293,0.993243,15,296,2,294,2,2,0,2,2,136,136,160,158,69
"6867",66,"[15]HcHtGnJHqKHqaIJ",292,0.983389,15,301,5,296,5,5,0,5,5,154,154,147,142,69
"6868",67,"[15]HcHtGnJHqKHqaIJ",290,1,15,289,0,289,0,0,0,0,0,124,124,165,165,69
"6869",68,"[15]HcHtGnJHqKHqaIJ",299,1,15,298,0,298,0,0,0,0,0,149,149,149,149,69
"6870",69,"[15]HcHtGnJHqKHqaIJ",304,1,15,303,0,303,0,0,0,0,0,155,155,148,148,69
"6871",70,"[15]HcHtGnJHqKHqaIJ",294,0.99661,15,295,1,294,1,1,0,1,1,140,140,155,154,69
"6872",71,"[15]HcHtGnJHqKHqaIJ",300,0.996678,15,301,1,300,1,1,0,1,1,156,156,145,144,69
"6873",72,"[15]HcHtGnJHqKHqaIJ",295,1,15,294,0,294,0,0,0,0,0,135,135,159,159,69
"6874",73,"[15]HcHtGnJHqKHqaIJ",295,0.996622,15,296,1,295,1,1,0,1,1,140,140,156,155,69
"6875",74,"[15]HcHtGnJHqKHqaIJ",311,1,15,310,0,310,0,0,0,0,0,156,156,154,154,69
"6876",75,"[15]HcHtGnJHqKHqaIJ",296,1,15,295,0,295,0,0,0,0,0,154,154,141,141,69
"6877",76,"[15]HcHtGnJHqKHqaIJ",290,0.986532,15,297,4,293,4,4,0,4,4,142,142,155,151,69
"6878",77,"[15]HcHtGnJHqKHqaIJ",295,0.993289,15,298,2,296,2,2,0,2,2,153,153,145,143,69
"6879",78,"[15]HcHtGnJHqKHqaIJ",302,1,15,301,0,301,0,0,0,0,0,134,134,167,167,69
"6880",79,"[15]HcHtGnJHqKHqaIJ",294,1,15,293,0,293,0,0,0,0,0,140,140,153,153,69
"6881",80,"[15]HcHtGnJHqKHqaIJ",301,1,15,300,0,300,0,0,0,0,0,156,156,144,144,69
"6882",81,"[15]HcHtGnJHqKHqaIJ",297,1,15,296,0,296,0,0,0,0,0,144,144,152,152,69
"6883",82,"[15]HcHtGnJHqKHqaIJ",298,1,15,297,0,297,0,0,0,0,0,129,129,168,168,69
"6884",83,"[15]HcHtGnJHqKHqaIJ",293,0.996599,15,294,1,293,1,1,0,1,1,140,140,154,153,69
"6885",84,"[15]HcHtGnJHqKHqaIJ",298,1,15,297,0,297,0,0,0,0,0,143,143,154,154,69
"6886",85,"[15]HcHtGnJHqKHqaIJ",294,1,15,293,0,293,0,0,0,0,0,135,135,158,158,69
"6887",86,"[15]HcHtGnJHqKHqaIJ",291,1,15,290,0,290,0,0,0,0,0,132,132,158,158,69
"6888",87,"[15]HcHtGnJHqKHqaIJ",296,1,15,295,0,295,0,0,0,0,0,139,139,156,156,69
"6889",88,"[15]HcHtGnJHqKHqaIJ",304,1,15,303,0,303,0,0,0,0,0,156,156,147,147,69
"6890",89,"[15]HcHtGnJHqKHqaIJ",295,0.99,15,300,3,297,3,3,0,3,3,142,142,158,155,69
"6891",90,"[15]HcHtGnJHqKHqaIJ",304,0.996721,15,305,1,304,1,1,0,1,1,157,157,148,147,69
"6892",91,"[15]HcHtGnJHqKHqaIJ",302,1,15,301,0,301,0,0,0,0,0,147,147,154,154,69
"6893",92,"[15]HcHtGnJHqKHqaIJ",302,0.9967,15,303,1,302,1,1,0,1,1,172,172,131,130,69
"6894",93,"[15]HcHtGnJHqKHqaIJ",305,1,15,304,0,304,0,0,0,0,0,162,162,142,142,69
"6895",94,"[15]HcHtGnJHqKHqaIJ",292,1,15,291,0,291,0,0,0,0,0,135,135,156,156,69
"6896",95,"[15]HcHtGnJHqKHqaIJ",308,1,15,307,0,307,0,0,0,0,0,169,169,138,138,69
"6897",96,"[15]HcHtGnJHqKHqaIJ",301,1,15,300,0,300,0,0,0,0,0,148,148,152,152,69
"6898",97,"[15]HcHtGnJHqKHqaIJ",303,1,15,302,0,302,0,0,0,0,0,149,149,153,153,69
"6899",98,"[15]HcHtGnJHqKHqaIJ",287,0.989726,15,292,3,289,3,3,0,3,3,135,135,157,154,69
"6900",99,"[15]HcHtGnJHqKHqaIJ",301,0.990196,15,306,3,303,3,3,0,3,3,167,167,139,136,69
"6901",0,"[17]HcHsnJHqGKHqazjIJ",319,1,17,318,0,318,0,0,0,0,0,155,155,163,163,70
"6902",1,"[17]HcHsnJHqGKHqazjIJ",309,1,17,308,0,308,0,0,0,0,0,147,147,161,161,70
"6903",2,"[17]HcHsnJHqGKHqazjIJ",311,0.996795,17,312,1,311,1,1,0,1,1,157,157,155,154,70
"6904",3,"[17]HcHsnJHqGKHqazjIJ",291,0.986577,17,298,4,294,4,4,0,4,4,133,133,165,161,70
"6905",4,"[17]HcHsnJHqGKHqazjIJ",318,1,17,317,0,317,0,0,0,0,0,162,162,155,155,70
"6906",5,"[17]HcHsnJHqGKHqazjIJ",316,0.996845,17,317,1,316,1,1,0,1,1,162,162,155,154,70
"6907",6,"[17]HcHsnJHqGKHqazjIJ",300,0.986971,17,307,4,303,4,4,0,4,4,148,148,159,155,70
"6908",7,"[17]HcHsnJHqGKHqazjIJ",316,0.99373,17,319,2,317,2,2,0,2,2,165,165,154,152,70
"6909",8,"[17]HcHsnJHqGKHqazjIJ",332,0.996997,17,333,1,332,1,1,0,1,1,194,194,139,138,70
"6910",9,"[17]HcHsnJHqGKHqazjIJ",324,0.996923,17,325,1,324,1,1,0,1,1,187,187,138,137,70
"6911",10,"[17]HcHsnJHqGKHqazjIJ",317,1,17,316,0,316,0,0,0,0,0,155,155,161,161,70
"6912",11,"[17]HcHsnJHqGKHqazjIJ",303,1,17,302,0,302,0,0,0,0,0,129,129,173,173,70
"6913",12,"[17]HcHsnJHqGKHqazjIJ",306,1,17,305,0,305,0,0,0,0,0,137,137,168,168,70
"6914",13,"[17]HcHsnJHqGKHqazjIJ",311,0.993631,17,314,2,312,2,2,0,2,2,158,158,156,154,70
"6915",14,"[17]HcHsnJHqGKHqazjIJ",320,1,17,319,0,319,0,0,0,0,0,168,168,151,151,70
"6916",15,"[17]HcHsnJHqGKHqazjIJ",318,1,17,317,0,317,0,0,0,0,0,159,159,158,158,70
"6917",16,"[17]HcHsnJHqGKHqazjIJ",313,0.996815,17,314,1,313,1,1,0,1,1,155,155,159,158,70
"6918",17,"[17]HcHsnJHqGKHqazjIJ",316,1,17,315,0,315,0,0,0,0,0,160,160,155,155,70
"6919",18,"[17]HcHsnJHqGKHqazjIJ",316,0.99373,17,319,2,317,2,2,0,2,2,166,166,153,151,70
"6920",19,"[17]HcHsnJHqGKHqazjIJ",321,1,17,320,0,320,0,0,0,0,0,161,161,159,159,70
"6921",20,"[17]HcHsnJHqGKHqazjIJ",316,0.996845,17,317,1,316,1,1,0,1,1,163,163,154,153,70
"6922",21,"[17]HcHsnJHqGKHqazjIJ",308,0.996764,17,309,1,308,1,1,0,1,1,138,138,171,170,70
"6923",22,"[17]HcHsnJHqGKHqazjIJ",303,0.987097,17,310,4,306,4,4,0,4,4,158,158,152,148,70
"6924",23,"[17]HcHsnJHqGKHqazjIJ",322,1,17,321,0,321,0,0,0,0,0,171,171,150,150,70
"6925",24,"[17]HcHsnJHqGKHqazjIJ",296,0.996633,17,297,1,296,1,1,0,1,1,133,133,164,163,70
"6926",25,"[17]HcHsnJHqGKHqazjIJ",308,0.996764,17,309,1,308,1,1,0,1,1,157,157,152,151,70
"6927",26,"[17]HcHsnJHqGKHqazjIJ",316,1,17,315,0,315,0,0,0,0,0,164,164,151,151,70
"6928",27,"[17]HcHsnJHqGKHqazjIJ",313,0.993671,17,316,2,314,2,2,0,2,2,161,161,155,153,70
"6929",28,"[17]HcHsnJHqGKHqazjIJ",314,1,17,313,0,313,0,0,0,0,0,146,146,167,167,70
"6930",29,"[17]HcHsnJHqGKHqazjIJ",297,0.996644,17,298,1,297,1,1,0,1,1,135,135,163,162,70
"6931",30,"[17]HcHsnJHqGKHqazjIJ",313,0.993671,17,316,2,314,2,2,0,2,2,160,160,156,154,70
"6932",31,"[17]HcHsnJHqGKHqazjIJ",307,0.990385,17,312,3,309,3,3,0,3,3,154,154,158,155,70
"6933",32,"[17]HcHsnJHqGKHqazjIJ",309,0.990446,17,314,3,311,3,3,0,3,3,162,162,152,149,70
"6934",33,"[17]HcHsnJHqGKHqazjIJ",307,0.987261,17,314,4,310,4,4,0,4,4,163,163,151,147,70
"6935",34,"[17]HcHsnJHqGKHqazjIJ",316,1,17,315,0,315,0,0,0,0,0,153,153,162,162,70
"6936",35,"[17]HcHsnJHqGKHqazjIJ",323,1,17,322,0,322,0,0,0,0,0,174,174,148,148,70
"6937",36,"[17]HcHsnJHqGKHqazjIJ",313,1,17,312,0,312,0,0,0,0,0,151,151,161,161,70
"6938",37,"[17]HcHsnJHqGKHqazjIJ",310,1,17,309,0,309,0,0,0,0,0,142,142,167,167,70
"6939",38,"[17]HcHsnJHqGKHqazjIJ",313,1,17,312,0,312,0,0,0,0,0,150,150,162,162,70
"6940",39,"[17]HcHsnJHqGKHqazjIJ",297,0.993333,17,300,2,298,2,2,0,2,2,135,135,165,163,70
"6941",40,"[17]HcHsnJHqGKHqazjIJ",324,1,17,323,0,323,0,0,0,0,0,170,170,153,153,70
"6942",41,"[17]HcHsnJHqGKHqazjIJ",306,1,17,305,0,305,0,0,0,0,0,142,142,163,163,70
"6943",42,"[17]HcHsnJHqGKHqazjIJ",310,1,17,309,0,309,0,0,0,0,0,140,140,169,169,70
"6944",43,"[17]HcHsnJHqGKHqazjIJ",316,0.996845,17,317,1,316,1,1,0,1,1,162,162,155,154,70
"6945",44,"[17]HcHsnJHqGKHqazjIJ",318,1,17,317,0,317,0,0,0,0,0,160,160,157,157,70
"6946",45,"[17]HcHsnJHqGKHqazjIJ",306,1,17,305,0,305,0,0,0,0,0,132,132,173,173,70
"6947",46,"[17]HcHsnJHqGKHqazjIJ",307,0.996753,17,308,1,307,1,1,0,1,1,144,144,164,163,70
"6948",47,"[17]HcHsnJHqGKHqazjIJ",311,0.996795,17,312,1,311,1,1,0,1,1,157,157,155,154,70
"6949",48,"[17]HcHsnJHqGKHqazjIJ",327,1,17,326,0,326,0,0,0,0,0,180,180,146,146,70
"6950",49,"[17]HcHsnJHqGKHqazjIJ",318,1,17,317,0,317,0,0,0,0,0,158,158,159,159,70
"6951",50,"[17]HcHsnJHqGKHqazjIJ",329,1,17,328,0,328,0,0,0,0,0,179,179,149,149,70
"6952",51,"[17]HcHsnJHqGKHqazjIJ",308,0.993569,17,311,2,309,2,2,0,2,2,160,160,151,149,70
"6953",52,"[17]HcHsnJHqGKHqazjIJ",312,1,17,311,0,311,0,0,0,0,0,152,152,159,159,70
"6954",53,"[17]HcHsnJHqGKHqazjIJ",323,1,17,322,0,322,0,0,0,0,0,171,171,151,151,70
"6955",54,"[17]HcHsnJHqGKHqazjIJ",311,0.993631,17,314,2,312,2,2,0,2,2,162,162,152,150,70
"6956",55,"[17]HcHsnJHqGKHqazjIJ",307,1,17,306,0,306,0,0,0,0,0,142,142,164,164,70
"6957",56,"[17]HcHsnJHqGKHqazjIJ",324,1,17,323,0,323,0,0,0,0,0,172,172,151,151,70
"6958",57,"[17]HcHsnJHqGKHqazjIJ",315,1,17,314,0,314,0,0,0,0,0,160,160,154,154,70
"6959",58,"[17]HcHsnJHqGKHqazjIJ",326,1,17,325,0,325,0,0,0,0,0,180,180,145,145,70
"6960",59,"[17]HcHsnJHqGKHqazjIJ",311,0.993631,17,314,2,312,2,2,0,2,2,161,161,153,151,70
"6961",60,"[17]HcHsnJHqGKHqazjIJ",317,1,17,316,0,316,0,0,0,0,0,155,155,161,161,70
"6962",61,"[17]HcHsnJHqGKHqazjIJ",311,0.993631,17,314,2,312,2,2,0,2,2,158,158,156,154,70
"6963",62,"[17]HcHsnJHqGKHqazjIJ",318,1,17,317,0,317,0,0,0,0,0,164,164,153,153,70
"6964",63,"[17]HcHsnJHqGKHqazjIJ",313,1,17,312,0,312,0,0,0,0,0,151,151,161,161,70
"6965",64,"[17]HcHsnJHqGKHqazjIJ",315,1,17,314,0,314,0,0,0,0,0,153,153,161,161,70
"6966",65,"[17]HcHsnJHqGKHqazjIJ",316,1,17,315,0,315,0,0,0,0,0,154,154,161,161,70
"6967",66,"[17]HcHsnJHqGKHqazjIJ",302,0.993443,17,305,2,303,2,2,0,2,2,138,138,167,165,70
"6968",67,"[17]HcHsnJHqGKHqazjIJ",312,1,17,311,0,311,0,0,0,0,0,143,143,168,168,70
"6969",68,"[17]HcHsnJHqGKHqazjIJ",290,0.980066,17,301,6,295,6,6,0,6,6,136,136,165,159,70
"6970",69,"[17]HcHsnJHqGKHqazjIJ",313,1,17,312,0,312,0,0,0,0,0,158,158,154,154,70
"6971",70,"[17]HcHsnJHqGKHqazjIJ",304,1,17,303,0,303,0,0,0,0,0,132,132,171,171,70
"6972",71,"[17]HcHsnJHqGKHqazjIJ",298,0.986885,17,305,4,301,4,4,0,4,4,156,156,149,145,70
"6973",72,"[17]HcHsnJHqGKHqazjIJ",307,0.993548,17,310,2,308,2,2,0,2,2,159,159,151,149,70
"6974",73,"[17]HcHsnJHqGKHqazjIJ",316,0.996845,17,317,1,316,1,1,0,1,1,162,162,155,154,70
"6975",74,"[17]HcHsnJHqGKHqazjIJ",304,0.987138,17,311,4,307,4,4,0,4,4,155,155,156,152,70
"6976",75,"[17]HcHsnJHqGKHqazjIJ",302,0.993443,17,305,2,303,2,2,0,2,2,143,143,162,160,70
"6977",76,"[17]HcHsnJHqGKHqazjIJ",304,1,17,303,0,303,0,0,0,0,0,138,138,165,165,70
"6978",77,"[17]HcHsnJHqGKHqazjIJ",312,1,17,311,0,311,0,0,0,0,0,150,150,161,161,70
"6979",78,"[17]HcHsnJHqGKHqazjIJ",312,1,17,311,0,311,0,0,0,0,0,156,156,155,155,70
"6980",79,"[17]HcHsnJHqGKHqazjIJ",308,0.993569,17,311,2,309,2,2,0,2,2,152,152,159,157,70
"6981",80,"[17]HcHsnJHqGKHqazjIJ",289,0.983221,17,298,5,293,5,5,0,5,5,142,142,156,151,70
"6982",81,"[17]HcHsnJHqGKHqazjIJ",312,1,17,311,0,311,0,0,0,0,0,149,149,162,162,70
"6983",82,"[17]HcHsnJHqGKHqazjIJ",317,1,17,316,0,316,0,0,0,0,0,158,158,158,158,70
"6984",83,"[17]HcHsnJHqGKHqazjIJ",326,1,17,325,0,325,0,0,0,0,0,174,174,151,151,70
"6985",84,"[17]HcHsnJHqGKHqazjIJ",309,0.996774,17,310,1,309,1,1,0,1,1,148,148,162,161,70
"6986",85,"[17]HcHsnJHqGKHqazjIJ",305,0.993506,17,308,2,306,2,2,0,2,2,147,147,161,159,70
"6987",86,"[17]HcHsnJHqGKHqazjIJ",310,0.99361,17,313,2,311,2,2,0,2,2,158,158,155,153,70
"6988",87,"[17]HcHsnJHqGKHqazjIJ",311,0.996795,17,312,1,311,1,1,0,1,1,164,164,148,147,70
"6989",88,"[17]HcHsnJHqGKHqazjIJ",306,0.990354,17,311,3,308,3,3,0,3,3,161,161,150,147,70
"6990",89,"[17]HcHsnJHqGKHqazjIJ",314,0.996825,17,315,1,314,1,1,0,1,1,159,159,156,155,70
"6991",90,"[17]HcHsnJHqGKHqazjIJ",292,0.980198,17,303,6,297,6,6,0,6,6,148,148,155,149,70
"6992",91,"[17]HcHsnJHqGKHqazjIJ",316,1,17,315,0,315,0,0,0,0,0,155,155,160,160,70
"6993",92,"[17]HcHsnJHqGKHqazjIJ",307,0.996753,17,308,1,307,1,1,0,1,1,148,148,160,159,70
"6994",93,"[17]HcHsnJHqGKHqazjIJ",307,0.996753,17,308,1,307,1,1,0,1,1,142,142,166,165,70
"6995",94,"[17]HcHsnJHqGKHqazjIJ",304,0.990291,17,309,3,306,3,3,0,3,3,150,150,159,156,70
"6996",95,"[17]HcHsnJHqGKHqazjIJ",307,0.996753,17,308,1,307,1,1,0,1,1,152,152,156,155,70
"6997",96,"[17]HcHsnJHqGKHqazjIJ",322,1,17,321,0,321,0,0,0,0,0,178,178,143,143,70
"6998",97,"[17]HcHsnJHqGKHqazjIJ",318,1,17,317,0,317,0,0,0,0,0,157,157,160,160,70
"6999",98,"[17]HcHsnJHqGKHqazjIJ",313,0.993671,17,316,2,314,2,2,0,2,2,168,168,148,146,70
"7000",99,"[17]HcHsnJHqGKHqazjIJ",307,0.996753,17,308,1,307,1,1,0,1,1,145,145,163,162,70
"7001",0,"[15]HcHwGnJHqKHqaIJ",303,0.996711,15,304,1,303,1,1,0,1,1,150,150,154,153,71
"7002",1,"[15]HcHwGnJHqKHqaIJ",303,0.996711,15,304,1,303,1,1,0,1,1,163,163,141,140,71
"7003",2,"[15]HcHwGnJHqKHqaIJ",303,1,15,302,0,302,0,0,0,0,0,151,151,151,151,71
"7004",3,"[15]HcHwGnJHqKHqaIJ",290,0.993174,15,293,2,291,2,2,0,2,2,147,147,146,144,71
"7005",4,"[15]HcHwGnJHqKHqaIJ",294,0.993266,15,297,2,295,2,2,0,2,2,150,150,147,145,71
"7006",5,"[15]HcHwGnJHqKHqaIJ",281,0.982759,15,290,5,285,5,5,0,5,5,139,139,151,146,71
"7007",6,"[15]HcHwGnJHqKHqaIJ",290,0.993174,15,293,2,291,2,2,0,2,2,127,127,166,164,71
"7008",7,"[15]HcHwGnJHqKHqaIJ",301,0.996689,15,302,1,301,1,1,0,1,1,154,154,148,147,71
"7009",8,"[15]HcHwGnJHqKHqaIJ",306,0.996743,15,307,1,306,1,1,0,1,1,163,163,144,143,71
"7010",9,"[15]HcHwGnJHqKHqaIJ",290,0.996564,15,291,1,290,1,1,0,1,1,143,143,148,147,71
"7011",10,"[15]HcHwGnJHqKHqaIJ",297,1,15,296,0,296,0,0,0,0,0,140,140,156,156,71
"7012",11,"[15]HcHwGnJHqKHqaIJ",301,0.993421,15,304,2,302,2,2,0,2,2,154,154,150,148,71
"7013",12,"[15]HcHwGnJHqKHqaIJ",300,1,15,299,0,299,0,0,0,0,0,154,154,145,145,71
"7014",13,"[15]HcHwGnJHqKHqaIJ",296,1,15,295,0,295,0,0,0,0,0,137,137,158,158,71
"7015",14,"[15]HcHwGnJHqKHqaIJ",302,0.9967,15,303,1,302,1,1,0,1,1,165,165,138,137,71
"7016",15,"[15]HcHwGnJHqKHqaIJ",310,1,15,309,0,309,0,0,0,0,0,161,161,148,148,71
"7017",16,"[15]HcHwGnJHqKHqaIJ",305,1,15,304,0,304,0,0,0,0,0,161,161,143,143,71
"7018",17,"[15]HcHwGnJHqKHqaIJ",305,1,15,304,0,304,0,0,0,0,0,162,162,142,142,71
"7019",18,"[15]HcHwGnJHqKHqaIJ",297,1,15,296,0,296,0,0,0,0,0,152,152,144,144,71
"7020",19,"[15]HcHwGnJHqKHqaIJ",313,1,15,312,0,312,0,0,0,0,0,178,178,134,134,71
"7021",20,"[15]HcHwGnJHqKHqaIJ",301,0.996689,15,302,1,301,1,1,0,1,1,149,149,153,152,71
"7022",21,"[15]HcHwGnJHqKHqaIJ",291,1,15,290,0,290,0,0,0,0,0,150,150,140,140,71
"7023",22,"[15]HcHwGnJHqKHqaIJ",301,1,15,300,0,300,0,0,0,0,0,149,149,151,151,71
"7024",23,"[15]HcHwGnJHqKHqaIJ",300,0.996678,15,301,1,300,1,1,0,1,1,157,157,144,143,71
"7025",24,"[15]HcHwGnJHqKHqaIJ",295,0.996622,15,296,1,295,1,1,0,1,1,144,144,152,151,71
"7026",25,"[15]HcHwGnJHqKHqaIJ",294,0.99661,15,295,1,294,1,1,0,1,1,138,138,157,156,71
"7027",26,"[15]HcHwGnJHqKHqaIJ",303,1,15,302,0,302,0,0,0,0,0,159,159,143,143,71
"7028",27,"[15]HcHwGnJHqKHqaIJ",296,1,15,295,0,295,0,0,0,0,0,141,141,154,154,71
"7029",28,"[15]HcHwGnJHqKHqaIJ",305,1,15,304,0,304,0,0,0,0,0,157,157,147,147,71
"7030",29,"[15]HcHwGnJHqKHqaIJ",299,0.996667,15,300,1,299,1,1,0,1,1,154,154,146,145,71
"7031",30,"[15]HcHwGnJHqKHqaIJ",298,1,15,297,0,297,0,0,0,0,0,151,151,146,146,71
"7032",31,"[15]HcHwGnJHqKHqaIJ",297,0.98366,15,306,5,301,5,5,0,5,5,166,166,140,135,71
"7033",32,"[15]HcHwGnJHqKHqaIJ",301,1,15,300,0,300,0,0,0,0,0,154,154,146,146,71
"7034",33,"[15]HcHwGnJHqKHqaIJ",288,0.99654,15,289,1,288,1,1,0,1,1,134,134,155,154,71
"7035",34,"[15]HcHwGnJHqKHqaIJ",298,0.996656,15,299,1,298,1,1,0,1,1,142,142,157,156,71
"7036",35,"[15]HcHwGnJHqKHqaIJ",295,0.996622,15,296,1,295,1,1,0,1,1,154,154,142,141,71
"7037",36,"[15]HcHwGnJHqKHqaIJ",303,0.996711,15,304,1,303,1,1,0,1,1,165,165,139,138,71
"7038",37,"[15]HcHwGnJHqKHqaIJ",287,0.993103,15,290,2,288,2,2,0,2,2,125,125,165,163,71
"7039",38,"[15]HcHwGnJHqKHqaIJ",305,0.996732,15,306,1,305,1,1,0,1,1,161,161,145,144,71
"7040",39,"[15]HcHwGnJHqKHqaIJ",289,0.996552,15,290,1,289,1,1,0,1,1,130,130,160,159,71
"7041",40,"[15]HcHwGnJHqKHqaIJ",304,1,15,303,0,303,0,0,0,0,0,150,150,153,153,71
"7042",41,"[15]HcHwGnJHqKHqaIJ",287,0.989726,15,292,3,289,3,3,0,3,3,132,132,160,157,71
"7043",42,"[15]HcHwGnJHqKHqaIJ",293,0.993243,15,296,2,294,2,2,0,2,2,150,150,146,144,71
"7044",43,"[15]HcHwGnJHqKHqaIJ",303,1,15,302,0,302,0,0,0,0,0,152,152,150,150,71
"7045",44,"[15]HcHwGnJHqKHqaIJ",303,1,15,302,0,302,0,0,0,0,0,159,159,143,143,71
"7046",45,"[15]HcHwGnJHqKHqaIJ",308,0.996764,15,309,1,308,1,1,0,1,1,153,153,156,155,71
"7047",46,"[15]HcHwGnJHqKHqaIJ",304,1,15,303,0,303,0,0,0,0,0,145,145,158,158,71
"7048",47,"[15]HcHwGnJHqKHqaIJ",305,0.996732,15,306,1,305,1,1,0,1,1,166,166,140,139,71
"7049",48,"[15]HcHwGnJHqKHqaIJ",291,0.993197,15,294,2,292,2,2,0,2,2,143,143,151,149,71
"7050",49,"[15]HcHwGnJHqKHqaIJ",289,0.996552,15,290,1,289,1,1,0,1,1,130,130,160,159,71
"7051",50,"[15]HcHwGnJHqKHqaIJ",305,1,15,304,0,304,0,0,0,0,0,161,161,143,143,71
"7052",51,"[15]HcHwGnJHqKHqaIJ",289,0.993151,15,292,2,290,2,2,0,2,2,136,136,156,154,71
"7053",52,"[15]HcHwGnJHqKHqaIJ",292,0.996587,15,293,1,292,1,1,0,1,1,146,146,147,146,71
"7054",53,"[15]HcHwGnJHqKHqaIJ",313,1,15,312,0,312,0,0,0,0,0,155,155,157,157,71
"7055",54,"[15]HcHwGnJHqKHqaIJ",300,1,15,299,0,299,0,0,0,0,0,146,146,153,153,71
"7056",55,"[15]HcHwGnJHqKHqaIJ",279,0.97931,15,290,6,284,6,6,0,6,6,141,141,149,143,71
"7057",56,"[15]HcHwGnJHqKHqaIJ",297,1,15,296,0,296,0,0,0,0,0,139,139,157,157,71
"7058",57,"[15]HcHwGnJHqKHqaIJ",303,1,15,302,0,302,0,0,0,0,0,155,155,147,147,71
"7059",58,"[15]HcHwGnJHqKHqaIJ",306,1,15,305,0,305,0,0,0,0,0,149,149,156,156,71
"7060",59,"[15]HcHwGnJHqKHqaIJ",299,0.993377,15,302,2,300,2,2,0,2,2,162,162,140,138,71
"7061",60,"[15]HcHwGnJHqKHqaIJ",299,1,15,298,0,298,0,0,0,0,0,147,147,151,151,71
"7062",61,"[15]HcHwGnJHqKHqaIJ",296,0.986799,15,303,4,299,4,4,0,4,4,158,158,145,141,71
"7063",62,"[15]HcHwGnJHqKHqaIJ",297,1,15,296,0,296,0,0,0,0,0,144,144,152,152,71
"7064",63,"[15]HcHwGnJHqKHqaIJ",297,0.996644,15,298,1,297,1,1,0,1,1,153,153,145,144,71
"7065",64,"[15]HcHwGnJHqKHqaIJ",295,1,15,294,0,294,0,0,0,0,0,152,152,142,142,71
"7066",65,"[15]HcHwGnJHqKHqaIJ",295,1,15,294,0,294,0,0,0,0,0,136,136,158,158,71
"7067",66,"[15]HcHwGnJHqKHqaIJ",303,1,15,302,0,302,0,0,0,0,0,153,153,149,149,71
"7068",67,"[15]HcHwGnJHqKHqaIJ",295,1,15,294,0,294,0,0,0,0,0,141,141,153,153,71
"7069",68,"[15]HcHwGnJHqKHqaIJ",308,1,15,307,0,307,0,0,0,0,0,174,174,133,133,71
"7070",69,"[15]HcHwGnJHqKHqaIJ",283,0.979592,15,294,6,288,6,6,0,6,6,151,151,143,137,71
"7071",70,"[15]HcHwGnJHqKHqaIJ",306,0.996743,15,307,1,306,1,1,0,1,1,177,177,130,129,71
"7072",71,"[15]HcHwGnJHqKHqaIJ",293,0.993243,15,296,2,294,2,2,0,2,2,143,143,153,151,71
"7073",72,"[15]HcHwGnJHqKHqaIJ",295,1,15,294,0,294,0,0,0,0,0,146,146,148,148,71
"7074",73,"[15]HcHwGnJHqKHqaIJ",307,1,15,306,0,306,0,0,0,0,0,161,161,145,145,71
"7075",74,"[15]HcHwGnJHqKHqaIJ",296,0.993311,15,299,2,297,2,2,0,2,2,156,156,143,141,71
"7076",75,"[15]HcHwGnJHqKHqaIJ",296,1,15,295,0,295,0,0,0,0,0,142,142,153,153,71
"7077",76,"[15]HcHwGnJHqKHqaIJ",302,1,15,301,0,301,0,0,0,0,0,156,156,145,145,71
"7078",77,"[15]HcHwGnJHqKHqaIJ",307,1,15,306,0,306,0,0,0,0,0,174,174,132,132,71
"7079",78,"[15]HcHwGnJHqKHqaIJ",301,1,15,300,0,300,0,0,0,0,0,147,147,153,153,71
"7080",79,"[15]HcHwGnJHqKHqaIJ",300,1,15,299,0,299,0,0,0,0,0,155,155,144,144,71
"7081",80,"[15]HcHwGnJHqKHqaIJ",293,0.996599,15,294,1,293,1,1,0,1,1,143,143,151,150,71
"7082",81,"[15]HcHwGnJHqKHqaIJ",296,1,15,295,0,295,0,0,0,0,0,151,151,144,144,71
"7083",82,"[15]HcHwGnJHqKHqaIJ",303,1,15,302,0,302,0,0,0,0,0,157,157,145,145,71
"7084",83,"[15]HcHwGnJHqKHqaIJ",306,1,15,305,0,305,0,0,0,0,0,166,166,139,139,71
"7085",84,"[15]HcHwGnJHqKHqaIJ",302,1,15,301,0,301,0,0,0,0,0,162,162,139,139,71
"7086",85,"[15]HcHwGnJHqKHqaIJ",293,0.996599,15,294,1,293,1,1,0,1,1,154,154,140,139,71
"7087",86,"[15]HcHwGnJHqKHqaIJ",293,1,15,292,0,292,0,0,0,0,0,136,136,156,156,71
"7088",87,"[15]HcHwGnJHqKHqaIJ",308,1,15,307,0,307,0,0,0,0,0,159,159,148,148,71
"7089",88,"[15]HcHwGnJHqKHqaIJ",297,1,15,296,0,296,0,0,0,0,0,152,152,144,144,71
"7090",89,"[15]HcHwGnJHqKHqaIJ",286,0.99308,15,289,2,287,2,2,0,2,2,137,137,152,150,71
"7091",90,"[15]HcHwGnJHqKHqaIJ",297,1,15,296,0,296,0,0,0,0,0,148,148,148,148,71
"7092",91,"[15]HcHwGnJHqKHqaIJ",299,0.996667,15,300,1,299,1,1,0,1,1,146,146,154,153,71
"7093",92,"[15]HcHwGnJHqKHqaIJ",301,0.996689,15,302,1,301,1,1,0,1,1,156,156,146,145,71
"7094",93,"[15]HcHwGnJHqKHqaIJ",278,0.972696,15,293,8,285,8,8,0,8,8,151,151,142,134,71
"7095",94,"[15]HcHwGnJHqKHqaIJ",294,0.993266,15,297,2,295,2,2,0,2,2,152,152,145,143,71
"7096",95,"[15]HcHwGnJHqKHqaIJ",307,1,15,306,0,306,0,0,0,0,0,168,168,138,138,71
"7097",96,"[15]HcHwGnJHqKHqaIJ",307,1,15,306,0,306,0,0,0,0,0,181,181,125,125,71
"7098",97,"[15]HcHwGnJHqKHqaIJ",294,0.993266,15,297,2,295,2,2,0,2,2,147,147,150,148,71
"7099",98,"[15]HcHwGnJHqKHqaIJ",313,1,15,312,0,312,0,0,0,0,0,167,167,145,145,71
"7100",99,"[15]HcHwGnJHqKHqaIJ",300,1,15,299,0,299,0,0,0,0,0,151,151,148,148,71
"7101",0,"[18]HcHxGnJHqKHqaIurhJ",289,0.996552,18,290,1,289,1,1,0,1,1,138,138,152,151,72
"7102",1,"[18]HcHxGnJHqKHqaIurhJ",288,0.983165,18,297,5,292,5,5,0,5,5,141,141,156,151,72
"7103",2,"[18]HcHxGnJHqKHqaIurhJ",294,0.99661,18,295,1,294,1,1,0,1,1,141,141,154,153,72
"7104",3,"[18]HcHxGnJHqKHqaIurhJ",299,1,18,298,0,298,0,0,0,0,0,159,159,139,139,72
"7105",4,"[18]HcHxGnJHqKHqaIurhJ",293,1,18,292,0,292,0,0,0,0,0,128,128,164,164,72
"7106",5,"[18]HcHxGnJHqKHqaIurhJ",311,1,18,310,0,310,0,0,0,0,0,159,159,151,151,72
"7107",6,"[18]HcHxGnJHqKHqaIurhJ",306,1,18,305,0,305,0,0,0,0,0,169,169,136,136,72
"7108",7,"[18]HcHxGnJHqKHqaIurhJ",297,1,18,296,0,296,0,0,0,0,0,144,144,152,152,72
"7109",8,"[18]HcHxGnJHqKHqaIurhJ",297,1,18,296,0,296,0,0,0,0,0,135,135,161,161,72
"7110",9,"[18]HcHxGnJHqKHqaIurhJ",300,1,18,299,0,299,0,0,0,0,0,150,150,149,149,72
"7111",10,"[18]HcHxGnJHqKHqaIurhJ",304,1,18,303,0,303,0,0,0,0,0,154,154,149,149,72
"7112",11,"[18]HcHxGnJHqKHqaIurhJ",297,0.996644,18,298,1,297,1,1,0,1,1,158,158,140,139,72
"7113",12,"[18]HcHxGnJHqKHqaIurhJ",293,0.993243,18,296,2,294,2,2,0,2,2,147,147,149,147,72
"7114",13,"[18]HcHxGnJHqKHqaIurhJ",298,0.993355,18,301,2,299,2,2,0,2,2,151,151,150,148,72
"7115",14,"[18]HcHxGnJHqKHqaIurhJ",296,1,18,295,0,295,0,0,0,0,0,147,147,148,148,72
"7116",15,"[18]HcHxGnJHqKHqaIurhJ",294,0.99661,18,295,1,294,1,1,0,1,1,157,157,138,137,72
"7117",16,"[18]HcHxGnJHqKHqaIurhJ",291,0.993197,18,294,2,292,2,2,0,2,2,138,138,156,154,72
"7118",17,"[18]HcHxGnJHqKHqaIurhJ",301,1,18,300,0,300,0,0,0,0,0,157,157,143,143,72
"7119",18,"[18]HcHxGnJHqKHqaIurhJ",296,1,18,295,0,295,0,0,0,0,0,138,138,157,157,72
"7120",19,"[18]HcHxGnJHqKHqaIurhJ",295,0.996622,18,296,1,295,1,1,0,1,1,146,146,150,149,72
"7121",20,"[18]HcHxGnJHqKHqaIurhJ",299,1,18,298,0,298,0,0,0,0,0,158,158,140,140,72
"7122",21,"[18]HcHxGnJHqKHqaIurhJ",303,1,18,302,0,302,0,0,0,0,0,153,153,149,149,72
"7123",22,"[18]HcHxGnJHqKHqaIurhJ",294,0.993266,18,297,2,295,2,2,0,2,2,154,154,143,141,72
"7124",23,"[18]HcHxGnJHqKHqaIurhJ",303,0.993464,18,306,2,304,2,2,0,2,2,164,164,142,140,72
"7125",24,"[18]HcHxGnJHqKHqaIurhJ",292,1,18,291,0,291,0,0,0,0,0,128,128,163,163,72
"7126",25,"[18]HcHxGnJHqKHqaIurhJ",300,1,18,299,0,299,0,0,0,0,0,151,151,148,148,72
"7127",26,"[18]HcHxGnJHqKHqaIurhJ",293,0.996599,18,294,1,293,1,1,0,1,1,138,138,156,155,72
"7128",27,"[18]HcHxGnJHqKHqaIurhJ",295,0.99,18,300,3,297,3,3,0,3,3,148,148,152,149,72
"7129",28,"[18]HcHxGnJHqKHqaIurhJ",304,1,18,303,0,303,0,0,0,0,0,148,148,155,155,72
"7130",29,"[18]HcHxGnJHqKHqaIurhJ",288,0.989761,18,293,3,290,3,3,0,3,3,143,143,150,147,72
"7131",30,"[18]HcHxGnJHqKHqaIurhJ",306,1,18,305,0,305,0,0,0,0,0,156,156,149,149,72
"7132",31,"[18]HcHxGnJHqKHqaIurhJ",285,0.986301,18,292,4,288,4,4,0,4,4,158,158,134,130,72
"7133",32,"[18]HcHxGnJHqKHqaIurhJ",288,0.986441,18,295,4,291,4,4,0,4,4,145,145,150,146,72
"7134",33,"[18]HcHxGnJHqKHqaIurhJ",303,1,18,302,0,302,0,0,0,0,0,147,147,155,155,72
"7135",34,"[18]HcHxGnJHqKHqaIurhJ",296,0.993311,18,299,2,297,2,2,0,2,2,147,147,152,150,72
"7136",35,"[18]HcHxGnJHqKHqaIurhJ",290,0.993174,18,293,2,291,2,2,0,2,2,137,137,156,154,72
"7137",36,"[18]HcHxGnJHqKHqaIurhJ",294,0.989967,18,299,3,296,3,3,0,3,3,154,154,145,142,72
"7138",37,"[18]HcHxGnJHqKHqaIurhJ",299,1,18,298,0,298,0,0,0,0,0,156,156,142,142,72
"7139",38,"[18]HcHxGnJHqKHqaIurhJ",304,1,18,303,0,303,0,0,0,0,0,158,158,145,145,72
"7140",39,"[18]HcHxGnJHqKHqaIurhJ",304,1,18,303,0,303,0,0,0,0,0,158,158,145,145,72
"7141",40,"[18]HcHxGnJHqKHqaIurhJ",301,0.996689,18,302,1,301,1,1,0,1,1,155,155,147,146,72
"7142",41,"[18]HcHxGnJHqKHqaIurhJ",291,0.993197,18,294,2,292,2,2,0,2,2,142,142,152,150,72
"7143",42,"[18]HcHxGnJHqKHqaIurhJ",296,0.996633,18,297,1,296,1,1,0,1,1,141,141,156,155,72
"7144",43,"[18]HcHxGnJHqKHqaIurhJ",301,1,18,300,0,300,0,0,0,0,0,153,153,147,147,72
"7145",44,"[18]HcHxGnJHqKHqaIurhJ",299,0.993377,18,302,2,300,2,2,0,2,2,150,150,152,150,72
"7146",45,"[18]HcHxGnJHqKHqaIurhJ",299,1,18,298,0,298,0,0,0,0,0,149,149,149,149,72
"7147",46,"[18]HcHxGnJHqKHqaIurhJ",291,0.989865,18,296,3,293,3,3,0,3,3,145,145,151,148,72
"7148",47,"[18]HcHxGnJHqKHqaIurhJ",283,0.993007,18,286,2,284,2,2,0,2,2,130,130,156,154,72
"7149",48,"[18]HcHxGnJHqKHqaIurhJ",300,0.996678,18,301,1,300,1,1,0,1,1,155,155,146,145,72
"7150",49,"[18]HcHxGnJHqKHqaIurhJ",293,0.993243,18,296,2,294,2,2,0,2,2,140,140,156,154,72
"7151",50,"[18]HcHxGnJHqKHqaIurhJ",301,1,18,300,0,300,0,0,0,0,0,154,154,146,146,72
"7152",51,"[18]HcHxGnJHqKHqaIurhJ",294,0.993266,18,297,2,295,2,2,0,2,2,146,146,151,149,72
"7153",52,"[18]HcHxGnJHqKHqaIurhJ",288,0.993127,18,291,2,289,2,2,0,2,2,132,132,159,157,72
"7154",53,"[18]HcHxGnJHqKHqaIurhJ",299,0.996667,18,300,1,299,1,1,0,1,1,152,152,148,147,72
"7155",54,"[18]HcHxGnJHqKHqaIurhJ",294,0.99661,18,295,1,294,1,1,0,1,1,149,149,146,145,72
"7156",55,"[18]HcHxGnJHqKHqaIurhJ",272,0.978799,18,283,6,277,6,6,0,6,6,135,135,148,142,72
"7157",56,"[18]HcHxGnJHqKHqaIurhJ",295,0.993289,18,298,2,296,2,2,0,2,2,152,152,146,144,72
"7158",57,"[18]HcHxGnJHqKHqaIurhJ",297,1,18,296,0,296,0,0,0,0,0,151,151,145,145,72
"7159",58,"[18]HcHxGnJHqKHqaIurhJ",295,0.996622,18,296,1,295,1,1,0,1,1,135,135,161,160,72
"7160",59,"[18]HcHxGnJHqKHqaIurhJ",292,0.996587,18,293,1,292,1,1,0,1,1,144,144,149,148,72
"7161",60,"[18]HcHxGnJHqKHqaIurhJ",293,1,18,292,0,292,0,0,0,0,0,126,126,166,166,72
"7162",61,"[18]HcHxGnJHqKHqaIurhJ",294,1,18,293,0,293,0,0,0,0,0,140,140,153,153,72
"7163",62,"[18]HcHxGnJHqKHqaIurhJ",303,1,18,302,0,302,0,0,0,0,0,150,150,152,152,72
"7164",63,"[18]HcHxGnJHqKHqaIurhJ",299,0.996667,18,300,1,299,1,1,0,1,1,148,148,152,151,72
"7165",64,"[18]HcHxGnJHqKHqaIurhJ",287,0.993103,18,290,2,288,2,2,0,2,2,138,138,152,150,72
"7166",65,"[18]HcHxGnJHqKHqaIurhJ",286,0.986348,18,293,4,289,4,4,0,4,4,142,142,151,147,72
"7167",66,"[18]HcHxGnJHqKHqaIurhJ",282,0.996466,18,283,1,282,1,1,0,1,1,124,124,159,158,72
"7168",67,"[18]HcHxGnJHqKHqaIurhJ",288,0.989761,18,293,3,290,3,3,0,3,3,145,145,148,145,72
"7169",68,"[18]HcHxGnJHqKHqaIurhJ",298,0.996656,18,299,1,298,1,1,0,1,1,151,151,148,147,72
"7170",69,"[18]HcHxGnJHqKHqaIurhJ",303,1,18,302,0,302,0,0,0,0,0,152,152,150,150,72
"7171",70,"[18]HcHxGnJHqKHqaIurhJ",293,0.996599,18,294,1,293,1,1,0,1,1,135,135,159,158,72
"7172",71,"[18]HcHxGnJHqKHqaIurhJ",287,0.986395,18,294,4,290,4,4,0,4,4,150,150,144,140,72
"7173",72,"[18]HcHxGnJHqKHqaIurhJ",277,0.975862,18,290,7,283,7,7,0,7,7,142,142,148,141,72
"7174",73,"[18]HcHxGnJHqKHqaIurhJ",302,1,18,301,0,301,0,0,0,0,0,148,148,153,153,72
"7175",74,"[18]HcHxGnJHqKHqaIurhJ",309,1,18,308,0,308,0,0,0,0,0,159,159,149,149,72
"7176",75,"[18]HcHxGnJHqKHqaIurhJ",288,0.986441,18,295,4,291,4,4,0,4,4,140,140,155,151,72
"7177",76,"[18]HcHxGnJHqKHqaIurhJ",282,0.992982,18,285,2,283,2,2,0,2,2,129,129,156,154,72
"7178",77,"[18]HcHxGnJHqKHqaIurhJ",292,0.996587,18,293,1,292,1,1,0,1,1,135,135,158,157,72
"7179",78,"[18]HcHxGnJHqKHqaIurhJ",290,0.986532,18,297,4,293,4,4,0,4,4,153,153,144,140,72
"7180",79,"[18]HcHxGnJHqKHqaIurhJ",288,0.993127,18,291,2,289,2,2,0,2,2,136,136,155,153,72
"7181",80,"[18]HcHxGnJHqKHqaIurhJ",304,1,18,303,0,303,0,0,0,0,0,159,159,144,144,72
"7182",81,"[18]HcHxGnJHqKHqaIurhJ",287,0.996528,18,288,1,287,1,1,0,1,1,123,123,165,164,72
"7183",82,"[18]HcHxGnJHqKHqaIurhJ",296,1,18,295,0,295,0,0,0,0,0,138,138,157,157,72
"7184",83,"[18]HcHxGnJHqKHqaIurhJ",303,1,18,302,0,302,0,0,0,0,0,151,151,151,151,72
"7185",84,"[18]HcHxGnJHqKHqaIurhJ",292,1,18,291,0,291,0,0,0,0,0,129,129,162,162,72
"7186",85,"[18]HcHxGnJHqKHqaIurhJ",307,1,18,306,0,306,0,0,0,0,0,161,161,145,145,72
"7187",86,"[18]HcHxGnJHqKHqaIurhJ",303,1,18,302,0,302,0,0,0,0,0,156,156,146,146,72
"7188",87,"[18]HcHxGnJHqKHqaIurhJ",297,1,18,296,0,296,0,0,0,0,0,158,158,138,138,72
"7189",88,"[18]HcHxGnJHqKHqaIurhJ",309,0.996774,18,310,1,309,1,1,0,1,1,164,164,146,145,72
"7190",89,"[18]HcHxGnJHqKHqaIurhJ",296,0.996633,18,297,1,296,1,1,0,1,1,152,152,145,144,72
"7191",90,"[18]HcHxGnJHqKHqaIurhJ",294,0.99661,18,295,1,294,1,1,0,1,1,144,144,151,150,72
"7192",91,"[18]HcHxGnJHqKHqaIurhJ",306,1,18,305,0,305,0,0,0,0,0,154,154,151,151,72
"7193",92,"[18]HcHxGnJHqKHqaIurhJ",297,1,18,296,0,296,0,0,0,0,0,152,152,144,144,72
"7194",93,"[18]HcHxGnJHqKHqaIurhJ",299,1,18,298,0,298,0,0,0,0,0,142,142,156,156,72
"7195",94,"[18]HcHxGnJHqKHqaIurhJ",295,0.993289,18,298,2,296,2,2,0,2,2,155,155,143,141,72
"7196",95,"[18]HcHxGnJHqKHqaIurhJ",292,0.996587,18,293,1,292,1,1,0,1,1,138,138,155,154,72
"7197",96,"[18]HcHxGnJHqKHqaIurhJ",292,0.989899,18,297,3,294,3,3,0,3,3,149,149,148,145,72
"7198",97,"[18]HcHxGnJHqKHqaIurhJ",296,0.996633,18,297,1,296,1,1,0,1,1,153,153,144,143,72
"7199",98,"[18]HcHxGnJHqKHqaIurhJ",279,0.97931,18,290,6,284,6,6,0,6,6,140,140,150,144,72
"7200",99,"[18]HcHxGnJHqKHqaIurhJ",306,1,18,305,0,305,0,0,0,0,0,153,153,152,152,72
"7201",0,"[18]HBHvGnJHqKHqaDIcJh",297,1,18,296,0,296,0,0,0,0,0,160,160,136,136,73
"7202",1,"[18]HBHvGnJHqKHqaDIcJh",309,1,18,308,0,308,0,0,0,0,0,169,169,139,139,73
"7203",2,"[18]HBHvGnJHqKHqaDIcJh",304,0.996721,18,305,1,304,1,1,0,1,1,166,166,139,138,73
"7204",3,"[18]HBHvGnJHqKHqaDIcJh",301,1,18,300,0,300,0,0,0,0,0,157,157,143,143,73
"7205",4,"[18]HBHvGnJHqKHqaDIcJh",306,1,18,305,0,305,0,0,0,0,0,161,161,144,144,73
"7206",5,"[18]HBHvGnJHqKHqaDIcJh",293,0.993243,18,296,2,294,2,2,0,2,2,155,155,141,139,73
"7207",6,"[18]HBHvGnJHqKHqaDIcJh",300,1,18,299,0,299,0,0,0,0,0,143,143,156,156,73
"7208",7,"[18]HBHvGnJHqKHqaDIcJh",296,0.996633,18,297,1,296,1,1,0,1,1,143,143,154,153,73
"7209",8,"[18]HBHvGnJHqKHqaDIcJh",298,0.996656,18,299,1,298,1,1,0,1,1,152,152,147,146,73
"7210",9,"[18]HBHvGnJHqKHqaDIcJh",303,1,18,302,0,302,0,0,0,0,0,157,157,145,145,73
"7211",10,"[18]HBHvGnJHqKHqaDIcJh",295,0.996622,18,296,1,295,1,1,0,1,1,144,144,152,151,73
"7212",11,"[18]HBHvGnJHqKHqaDIcJh",299,0.996667,18,300,1,299,1,1,0,1,1,156,156,144,143,73
"7213",12,"[18]HBHvGnJHqKHqaDIcJh",298,1,18,297,0,297,0,0,0,0,0,141,141,156,156,73
"7214",13,"[18]HBHvGnJHqKHqaDIcJh",302,1,18,301,0,301,0,0,0,0,0,141,141,160,160,73
"7215",14,"[18]HBHvGnJHqKHqaDIcJh",305,0.996732,18,306,1,305,1,1,0,1,1,171,171,135,134,73
"7216",15,"[18]HBHvGnJHqKHqaDIcJh",287,0.993103,18,290,2,288,2,2,0,2,2,126,126,164,162,73
"7217",16,"[18]HBHvGnJHqKHqaDIcJh",301,1,18,300,0,300,0,0,0,0,0,145,145,155,155,73
"7218",17,"[18]HBHvGnJHqKHqaDIcJh",292,0.996587,18,293,1,292,1,1,0,1,1,149,149,144,143,73
"7219",18,"[18]HBHvGnJHqKHqaDIcJh",300,0.996678,18,301,1,300,1,1,0,1,1,156,156,145,144,73
"7220",19,"[18]HBHvGnJHqKHqaDIcJh",301,0.993421,18,304,2,302,2,2,0,2,2,158,158,146,144,73
"7221",20,"[18]HBHvGnJHqKHqaDIcJh",296,1,18,295,0,295,0,0,0,0,0,142,142,153,153,73
"7222",21,"[18]HBHvGnJHqKHqaDIcJh",303,1,18,302,0,302,0,0,0,0,0,151,151,151,151,73
"7223",22,"[18]HBHvGnJHqKHqaDIcJh",299,1,18,298,0,298,0,0,0,0,0,143,143,155,155,73
"7224",23,"[18]HBHvGnJHqKHqaDIcJh",302,1,18,301,0,301,0,0,0,0,0,142,142,159,159,73
"7225",24,"[18]HBHvGnJHqKHqaDIcJh",291,1,18,290,0,290,0,0,0,0,0,135,135,155,155,73
"7226",25,"[18]HBHvGnJHqKHqaDIcJh",301,0.993421,18,304,2,302,2,2,0,2,2,160,160,144,142,73
"7227",26,"[18]HBHvGnJHqKHqaDIcJh",298,1,18,297,0,297,0,0,0,0,0,149,149,148,148,73
"7228",27,"[18]HBHvGnJHqKHqaDIcJh",294,1,18,293,0,293,0,0,0,0,0,140,140,153,153,73
"7229",28,"[18]HBHvGnJHqKHqaDIcJh",293,0.996599,18,294,1,293,1,1,0,1,1,137,137,157,156,73
"7230",29,"[18]HBHvGnJHqKHqaDIcJh",295,0.986755,18,302,4,298,4,4,0,4,4,160,160,142,138,73
"7231",30,"[18]HBHvGnJHqKHqaDIcJh",289,0.996552,18,290,1,289,1,1,0,1,1,135,135,155,154,73
"7232",31,"[18]HBHvGnJHqKHqaDIcJh",295,0.996622,18,296,1,295,1,1,0,1,1,158,158,138,137,73
"7233",32,"[18]HBHvGnJHqKHqaDIcJh",306,1,18,305,0,305,0,0,0,0,0,174,174,131,131,73
"7234",33,"[18]HBHvGnJHqKHqaDIcJh",304,0.996721,18,305,1,304,1,1,0,1,1,155,155,150,149,73
"7235",34,"[18]HBHvGnJHqKHqaDIcJh",296,0.996633,18,297,1,296,1,1,0,1,1,153,153,144,143,73
"7236",35,"[18]HBHvGnJHqKHqaDIcJh",297,0.996644,18,298,1,297,1,1,0,1,1,150,150,148,147,73
"7237",36,"[18]HBHvGnJHqKHqaDIcJh",299,1,18,298,0,298,0,0,0,0,0,156,156,142,142,73
"7238",37,"[18]HBHvGnJHqKHqaDIcJh",297,1,18,296,0,296,0,0,0,0,0,145,145,151,151,73
"7239",38,"[18]HBHvGnJHqKHqaDIcJh",291,1,18,290,0,290,0,0,0,0,0,135,135,155,155,73
"7240",39,"[18]HBHvGnJHqKHqaDIcJh",277,0.975862,18,290,7,283,7,7,0,7,7,141,141,149,142,73
"7241",40,"[18]HBHvGnJHqKHqaDIcJh",301,1,18,300,0,300,0,0,0,0,0,146,146,154,154,73
"7242",41,"[18]HBHvGnJHqKHqaDIcJh",303,1,18,302,0,302,0,0,0,0,0,149,149,153,153,73
"7243",42,"[18]HBHvGnJHqKHqaDIcJh",298,1,18,297,0,297,0,0,0,0,0,148,148,149,149,73
"7244",43,"[18]HBHvGnJHqKHqaDIcJh",296,1,18,295,0,295,0,0,0,0,0,136,136,159,159,73
"7245",44,"[18]HBHvGnJHqKHqaDIcJh",294,0.99661,18,295,1,294,1,1,0,1,1,141,141,154,153,73
"7246",45,"[18]HBHvGnJHqKHqaDIcJh",305,1,18,304,0,304,0,0,0,0,0,157,157,147,147,73
"7247",46,"[18]HBHvGnJHqKHqaDIcJh",299,1,18,298,0,298,0,0,0,0,0,151,151,147,147,73
"7248",47,"[18]HBHvGnJHqKHqaDIcJh",301,1,18,300,0,300,0,0,0,0,0,144,144,156,156,73
"7249",48,"[18]HBHvGnJHqKHqaDIcJh",303,1,18,302,0,302,0,0,0,0,0,154,154,148,148,73
"7250",49,"[18]HBHvGnJHqKHqaDIcJh",299,1,18,298,0,298,0,0,0,0,0,143,143,155,155,73
"7251",50,"[18]HBHvGnJHqKHqaDIcJh",298,1,18,297,0,297,0,0,0,0,0,134,134,163,163,73
"7252",51,"[18]HBHvGnJHqKHqaDIcJh",313,1,18,312,0,312,0,0,0,0,0,173,173,139,139,73
"7253",52,"[18]HBHvGnJHqKHqaDIcJh",299,1,18,298,0,298,0,0,0,0,0,142,142,156,156,73
"7254",53,"[18]HBHvGnJHqKHqaDIcJh",298,0.996656,18,299,1,298,1,1,0,1,1,143,143,156,155,73
"7255",54,"[18]HBHvGnJHqKHqaDIcJh",296,1,18,295,0,295,0,0,0,0,0,142,142,153,153,73
"7256",55,"[18]HBHvGnJHqKHqaDIcJh",283,0.986207,18,290,4,286,4,4,0,4,4,145,145,145,141,73
"7257",56,"[18]HBHvGnJHqKHqaDIcJh",296,0.996633,18,297,1,296,1,1,0,1,1,150,150,147,146,73
"7258",57,"[18]HBHvGnJHqKHqaDIcJh",301,1,18,300,0,300,0,0,0,0,0,148,148,152,152,73
"7259",58,"[18]HBHvGnJHqKHqaDIcJh",280,0.979381,18,291,6,285,6,6,0,6,6,136,136,155,149,73
"7260",59,"[18]HBHvGnJHqKHqaDIcJh",301,1,18,300,0,300,0,0,0,0,0,152,152,148,148,73
"7261",60,"[18]HBHvGnJHqKHqaDIcJh",297,1,18,296,0,296,0,0,0,0,0,134,134,162,162,73
"7262",61,"[18]HBHvGnJHqKHqaDIcJh",300,1,18,299,0,299,0,0,0,0,0,136,136,163,163,73
"7263",62,"[18]HBHvGnJHqKHqaDIcJh",302,1,18,301,0,301,0,0,0,0,0,151,151,150,150,73
"7264",63,"[18]HBHvGnJHqKHqaDIcJh",299,1,18,298,0,298,0,0,0,0,0,152,152,146,146,73
"7265",64,"[18]HBHvGnJHqKHqaDIcJh",292,1,18,291,0,291,0,0,0,0,0,141,141,150,150,73
"7266",65,"[18]HBHvGnJHqKHqaDIcJh",287,0.996528,18,288,1,287,1,1,0,1,1,132,132,156,155,73
"7267",66,"[18]HBHvGnJHqKHqaDIcJh",299,1,18,298,0,298,0,0,0,0,0,150,150,148,148,73
"7268",67,"[18]HBHvGnJHqKHqaDIcJh",293,0.993243,18,296,2,294,2,2,0,2,2,151,151,145,143,73
"7269",68,"[18]HBHvGnJHqKHqaDIcJh",292,1,18,291,0,291,0,0,0,0,0,137,137,154,154,73
"7270",69,"[18]HBHvGnJHqKHqaDIcJh",288,0.989761,18,293,3,290,3,3,0,3,3,151,151,142,139,73
"7271",70,"[18]HBHvGnJHqKHqaDIcJh",296,1,18,295,0,295,0,0,0,0,0,141,141,154,154,73
"7272",71,"[18]HBHvGnJHqKHqaDIcJh",298,0.993355,18,301,2,299,2,2,0,2,2,150,150,151,149,73
"7273",72,"[18]HBHvGnJHqKHqaDIcJh",296,1,18,295,0,295,0,0,0,0,0,147,147,148,148,73
"7274",73,"[18]HBHvGnJHqKHqaDIcJh",296,1,18,295,0,295,0,0,0,0,0,141,141,154,154,73
"7275",74,"[18]HBHvGnJHqKHqaDIcJh",291,0.993197,18,294,2,292,2,2,0,2,2,140,140,154,152,73
"7276",75,"[18]HBHvGnJHqKHqaDIcJh",297,0.996644,18,298,1,297,1,1,0,1,1,151,151,147,146,73
"7277",76,"[18]HBHvGnJHqKHqaDIcJh",297,1,18,296,0,296,0,0,0,0,0,145,145,151,151,73
"7278",77,"[18]HBHvGnJHqKHqaDIcJh",299,0.993377,18,302,2,300,2,2,0,2,2,171,171,131,129,73
"7279",78,"[18]HBHvGnJHqKHqaDIcJh",296,0.996633,18,297,1,296,1,1,0,1,1,143,143,154,153,73
"7280",79,"[18]HBHvGnJHqKHqaDIcJh",297,0.996644,18,298,1,297,1,1,0,1,1,146,146,152,151,73
"7281",80,"[18]HBHvGnJHqKHqaDIcJh",291,0.996575,18,292,1,291,1,1,0,1,1,136,136,156,155,73
"7282",81,"[18]HBHvGnJHqKHqaDIcJh",291,0.993197,18,294,2,292,2,2,0,2,2,150,150,144,142,73
"7283",82,"[18]HBHvGnJHqKHqaDIcJh",292,0.996587,18,293,1,292,1,1,0,1,1,141,141,152,151,73
"7284",83,"[18]HBHvGnJHqKHqaDIcJh",285,0.986301,18,292,4,288,4,4,0,4,4,148,148,144,140,73
"7285",84,"[18]HBHvGnJHqKHqaDIcJh",299,1,18,298,0,298,0,0,0,0,0,146,146,152,152,73
"7286",85,"[18]HBHvGnJHqKHqaDIcJh",303,1,18,302,0,302,0,0,0,0,0,164,164,138,138,73
"7287",86,"[18]HBHvGnJHqKHqaDIcJh",297,0.996644,18,298,1,297,1,1,0,1,1,147,147,151,150,73
"7288",87,"[18]HBHvGnJHqKHqaDIcJh",297,1,18,296,0,296,0,0,0,0,0,145,145,151,151,73
"7289",88,"[18]HBHvGnJHqKHqaDIcJh",292,0.989899,18,297,3,294,3,3,0,3,3,149,149,148,145,73
"7290",89,"[18]HBHvGnJHqKHqaDIcJh",304,1,18,303,0,303,0,0,0,0,0,161,161,142,142,73
"7291",90,"[18]HBHvGnJHqKHqaDIcJh",308,1,18,307,0,307,0,0,0,0,0,162,162,145,145,73
"7292",91,"[18]HBHvGnJHqKHqaDIcJh",293,1,18,292,0,292,0,0,0,0,0,125,125,167,167,73
"7293",92,"[18]HBHvGnJHqKHqaDIcJh",299,1,18,298,0,298,0,0,0,0,0,149,149,149,149,73
"7294",93,"[18]HBHvGnJHqKHqaDIcJh",298,0.996656,18,299,1,298,1,1,0,1,1,155,155,144,143,73
"7295",94,"[18]HBHvGnJHqKHqaDIcJh",294,1,18,293,0,293,0,0,0,0,0,145,145,148,148,73
"7296",95,"[18]HBHvGnJHqKHqaDIcJh",289,0.996552,18,290,1,289,1,1,0,1,1,140,140,150,149,73
"7297",96,"[18]HBHvGnJHqKHqaDIcJh",290,0.996564,18,291,1,290,1,1,0,1,1,138,138,153,152,73
"7298",97,"[18]HBHvGnJHqKHqaDIcJh",293,0.996599,18,294,1,293,1,1,0,1,1,143,143,151,150,73
"7299",98,"[18]HBHvGnJHqKHqaDIcJh",297,1,18,296,0,296,0,0,0,0,0,141,141,155,155,73
"7300",99,"[18]HBHvGnJHqKHqaDIcJh",309,1,18,308,0,308,0,0,0,0,0,173,173,135,135,73
"7301",0,"[16]HBHtGnJHqKHqaIJG",293,1,16,292,0,292,0,0,0,0,0,137,137,155,155,74
"7302",1,"[16]HBHtGnJHqKHqaIJG",299,1,16,298,0,298,0,0,0,0,0,148,148,150,150,74
"7303",2,"[16]HBHtGnJHqKHqaIJG",297,0.993333,16,300,2,298,2,2,0,2,2,143,143,157,155,74
"7304",3,"[16]HBHtGnJHqKHqaIJG",307,1,16,306,0,306,0,0,0,0,0,162,162,144,144,74
"7305",4,"[16]HBHtGnJHqKHqaIJG",295,0.993289,16,298,2,296,2,2,0,2,2,150,150,148,146,74
"7306",5,"[16]HBHtGnJHqKHqaIJG",298,0.993355,16,301,2,299,2,2,0,2,2,149,149,152,150,74
"7307",6,"[16]HBHtGnJHqKHqaIJG",305,1,16,304,0,304,0,0,0,0,0,159,159,145,145,74
"7308",7,"[16]HBHtGnJHqKHqaIJG",299,1,16,298,0,298,0,0,0,0,0,148,148,150,150,74
"7309",8,"[16]HBHtGnJHqKHqaIJG",287,0.993103,16,290,2,288,2,2,0,2,2,130,130,160,158,74
"7310",9,"[16]HBHtGnJHqKHqaIJG",286,0.979798,16,297,6,291,6,6,0,6,6,153,153,144,138,74
"7311",10,"[16]HBHtGnJHqKHqaIJG",295,0.996622,16,296,1,295,1,1,0,1,1,152,152,144,143,74
"7312",11,"[16]HBHtGnJHqKHqaIJG",294,0.99661,16,295,1,294,1,1,0,1,1,145,145,150,149,74
"7313",12,"[16]HBHtGnJHqKHqaIJG",298,1,16,297,0,297,0,0,0,0,0,154,154,143,143,74
"7314",13,"[16]HBHtGnJHqKHqaIJG",287,0.993103,16,290,2,288,2,2,0,2,2,131,131,159,157,74
"7315",14,"[16]HBHtGnJHqKHqaIJG",299,0.993377,16,302,2,300,2,2,0,2,2,169,169,133,131,74
"7316",15,"[16]HBHtGnJHqKHqaIJG",301,1,16,300,0,300,0,0,0,0,0,156,156,144,144,74
"7317",16,"[16]HBHtGnJHqKHqaIJG",304,1,16,303,0,303,0,0,0,0,0,150,150,153,153,74
"7318",17,"[16]HBHtGnJHqKHqaIJG",304,0.996721,16,305,1,304,1,1,0,1,1,160,160,145,144,74
"7319",18,"[16]HBHtGnJHqKHqaIJG",292,1,16,291,0,291,0,0,0,0,0,139,139,152,152,74
"7320",19,"[16]HBHtGnJHqKHqaIJG",296,1,16,295,0,295,0,0,0,0,0,136,136,159,159,74
"7321",20,"[16]HBHtGnJHqKHqaIJG",305,1,16,304,0,304,0,0,0,0,0,159,159,145,145,74
"7322",21,"[16]HBHtGnJHqKHqaIJG",305,1,16,304,0,304,0,0,0,0,0,162,162,142,142,74
"7323",22,"[16]HBHtGnJHqKHqaIJG",297,1,16,296,0,296,0,0,0,0,0,139,139,157,157,74
"7324",23,"[16]HBHtGnJHqKHqaIJG",301,1,16,300,0,300,0,0,0,0,0,152,152,148,148,74
"7325",24,"[16]HBHtGnJHqKHqaIJG",301,1,16,300,0,300,0,0,0,0,0,150,150,150,150,74
"7326",25,"[16]HBHtGnJHqKHqaIJG",303,1,16,302,0,302,0,0,0,0,0,151,151,151,151,74
"7327",26,"[16]HBHtGnJHqKHqaIJG",292,0.996587,16,293,1,292,1,1,0,1,1,153,153,140,139,74
"7328",27,"[16]HBHtGnJHqKHqaIJG",295,0.996622,16,296,1,295,1,1,0,1,1,143,143,153,152,74
"7329",28,"[16]HBHtGnJHqKHqaIJG",295,1,16,294,0,294,0,0,0,0,0,137,137,157,157,74
"7330",29,"[16]HBHtGnJHqKHqaIJG",295,0.996622,16,296,1,295,1,1,0,1,1,143,143,153,152,74
"7331",30,"[16]HBHtGnJHqKHqaIJG",299,1,16,298,0,298,0,0,0,0,0,150,150,148,148,74
"7332",31,"[16]HBHtGnJHqKHqaIJG",290,0.996564,16,291,1,290,1,1,0,1,1,134,134,157,156,74
"7333",32,"[16]HBHtGnJHqKHqaIJG",299,0.996667,16,300,1,299,1,1,0,1,1,152,152,148,147,74
"7334",33,"[16]HBHtGnJHqKHqaIJG",293,0.993243,16,296,2,294,2,2,0,2,2,141,141,155,153,74
"7335",34,"[16]HBHtGnJHqKHqaIJG",296,1,16,295,0,295,0,0,0,0,0,142,142,153,153,74
"7336",35,"[16]HBHtGnJHqKHqaIJG",313,1,16,312,0,312,0,0,0,0,0,170,170,142,142,74
"7337",36,"[16]HBHtGnJHqKHqaIJG",303,0.996711,16,304,1,303,1,1,0,1,1,160,160,144,143,74
"7338",37,"[16]HBHtGnJHqKHqaIJG",302,0.9967,16,303,1,302,1,1,0,1,1,151,151,152,151,74
"7339",38,"[16]HBHtGnJHqKHqaIJG",299,1,16,298,0,298,0,0,0,0,0,145,145,153,153,74
"7340",39,"[16]HBHtGnJHqKHqaIJG",295,0.986755,16,302,4,298,4,4,0,4,4,157,157,145,141,74
"7341",40,"[16]HBHtGnJHqKHqaIJG",290,0.989831,16,295,3,292,3,3,0,3,3,149,149,146,143,74
"7342",41,"[16]HBHtGnJHqKHqaIJG",302,0.9967,16,303,1,302,1,1,0,1,1,150,150,153,152,74
"7343",42,"[16]HBHtGnJHqKHqaIJG",293,0.993243,16,296,2,294,2,2,0,2,2,147,147,149,147,74
"7344",43,"[16]HBHtGnJHqKHqaIJG",291,0.996575,16,292,1,291,1,1,0,1,1,135,135,157,156,74
"7345",44,"[16]HBHtGnJHqKHqaIJG",297,1,16,296,0,296,0,0,0,0,0,144,144,152,152,74
"7346",45,"[16]HBHtGnJHqKHqaIJG",289,1,16,288,0,288,0,0,0,0,0,130,130,158,158,74
"7347",46,"[16]HBHtGnJHqKHqaIJG",298,0.996656,16,299,1,298,1,1,0,1,1,141,141,158,157,74
"7348",47,"[16]HBHtGnJHqKHqaIJG",304,0.996721,16,305,1,304,1,1,0,1,1,160,160,145,144,74
"7349",48,"[16]HBHtGnJHqKHqaIJG",304,1,16,303,0,303,0,0,0,0,0,156,156,147,147,74
"7350",49,"[16]HBHtGnJHqKHqaIJG",290,0.986532,16,297,4,293,4,4,0,4,4,142,142,155,151,74
"7351",50,"[16]HBHtGnJHqKHqaIJG",293,0.989933,16,298,3,295,3,3,0,3,3,151,151,147,144,74
"7352",51,"[16]HBHtGnJHqKHqaIJG",296,0.996633,16,297,1,296,1,1,0,1,1,153,153,144,143,74
"7353",52,"[16]HBHtGnJHqKHqaIJG",304,0.996721,16,305,1,304,1,1,0,1,1,164,164,141,140,74
"7354",53,"[16]HBHtGnJHqKHqaIJG",281,0.97619,16,294,7,287,7,7,0,7,7,141,141,153,146,74
"7355",54,"[16]HBHtGnJHqKHqaIJG",303,1,16,302,0,302,0,0,0,0,0,150,150,152,152,74
"7356",55,"[16]HBHtGnJHqKHqaIJG",299,0.996667,16,300,1,299,1,1,0,1,1,153,153,147,146,74
"7357",56,"[16]HBHtGnJHqKHqaIJG",290,0.993174,16,293,2,291,2,2,0,2,2,139,139,154,152,74
"7358",57,"[16]HBHtGnJHqKHqaIJG",293,1,16,292,0,292,0,0,0,0,0,131,131,161,161,74
"7359",58,"[16]HBHtGnJHqKHqaIJG",302,0.9967,16,303,1,302,1,1,0,1,1,158,158,145,144,74
"7360",59,"[16]HBHtGnJHqKHqaIJG",296,0.996633,16,297,1,296,1,1,0,1,1,137,137,160,159,74
"7361",60,"[16]HBHtGnJHqKHqaIJG",304,0.996721,16,305,1,304,1,1,0,1,1,155,155,150,149,74
"7362",61,"[16]HBHtGnJHqKHqaIJG",281,0.992958,16,284,2,282,2,2,0,2,2,130,130,154,152,74
"7363",62,"[16]HBHtGnJHqKHqaIJG",293,0.996599,16,294,1,293,1,1,0,1,1,137,137,157,156,74
"7364",63,"[16]HBHtGnJHqKHqaIJG",298,1,16,297,0,297,0,0,0,0,0,147,147,150,150,74
"7365",64,"[16]HBHtGnJHqKHqaIJG",290,0.993174,16,293,2,291,2,2,0,2,2,132,132,161,159,74
"7366",65,"[16]HBHtGnJHqKHqaIJG",298,1,16,297,0,297,0,0,0,0,0,137,137,160,160,74
"7367",66,"[16]HBHtGnJHqKHqaIJG",294,1,16,293,0,293,0,0,0,0,0,138,138,155,155,74
"7368",67,"[16]HBHtGnJHqKHqaIJG",294,0.99661,16,295,1,294,1,1,0,1,1,134,134,161,160,74
"7369",68,"[16]HBHtGnJHqKHqaIJG",300,0.996678,16,301,1,300,1,1,0,1,1,149,149,152,151,74
"7370",69,"[16]HBHtGnJHqKHqaIJG",306,1,16,305,0,305,0,0,0,0,0,161,161,144,144,74
"7371",70,"[16]HBHtGnJHqKHqaIJG",294,0.993266,16,297,2,295,2,2,0,2,2,139,139,158,156,74
"7372",71,"[16]HBHtGnJHqKHqaIJG",297,1,16,296,0,296,0,0,0,0,0,151,151,145,145,74
"7373",72,"[16]HBHtGnJHqKHqaIJG",304,1,16,303,0,303,0,0,0,0,0,157,157,146,146,74
"7374",73,"[16]HBHtGnJHqKHqaIJG",291,1,16,290,0,290,0,0,0,0,0,134,134,156,156,74
"7375",74,"[16]HBHtGnJHqKHqaIJG",298,1,16,297,0,297,0,0,0,0,0,146,146,151,151,74
"7376",75,"[16]HBHtGnJHqKHqaIJG",291,0.989865,16,296,3,293,3,3,0,3,3,148,148,148,145,74
"7377",76,"[16]HBHtGnJHqKHqaIJG",295,1,16,294,0,294,0,0,0,0,0,147,147,147,147,74
"7378",77,"[16]HBHtGnJHqKHqaIJG",297,0.993333,16,300,2,298,2,2,0,2,2,140,140,160,158,74
"7379",78,"[16]HBHtGnJHqKHqaIJG",300,1,16,299,0,299,0,0,0,0,0,156,156,143,143,74
"7380",79,"[16]HBHtGnJHqKHqaIJG",295,0.993289,16,298,2,296,2,2,0,2,2,155,155,143,141,74
"7381",80,"[16]HBHtGnJHqKHqaIJG",301,1,16,300,0,300,0,0,0,0,0,144,144,156,156,74
"7382",81,"[16]HBHtGnJHqKHqaIJG",299,0.993377,16,302,2,300,2,2,0,2,2,158,158,144,142,74
"7383",82,"[16]HBHtGnJHqKHqaIJG",301,1,16,300,0,300,0,0,0,0,0,148,148,152,152,74
"7384",83,"[16]HBHtGnJHqKHqaIJG",295,0.993289,16,298,2,296,2,2,0,2,2,150,150,148,146,74
"7385",84,"[16]HBHtGnJHqKHqaIJG",303,1,16,302,0,302,0,0,0,0,0,154,154,148,148,74
"7386",85,"[16]HBHtGnJHqKHqaIJG",299,0.993377,16,302,2,300,2,2,0,2,2,154,154,148,146,74
"7387",86,"[16]HBHtGnJHqKHqaIJG",308,1,16,307,0,307,0,0,0,0,0,160,160,147,147,74
"7388",87,"[16]HBHtGnJHqKHqaIJG",296,0.996633,16,297,1,296,1,1,0,1,1,143,143,154,153,74
"7389",88,"[16]HBHtGnJHqKHqaIJG",297,1,16,296,0,296,0,0,0,0,0,138,138,158,158,74
"7390",89,"[16]HBHtGnJHqKHqaIJG",302,1,16,301,0,301,0,0,0,0,0,157,157,144,144,74
"7391",90,"[16]HBHtGnJHqKHqaIJG",301,1,16,300,0,300,0,0,0,0,0,162,162,138,138,74
"7392",91,"[16]HBHtGnJHqKHqaIJG",299,0.996667,16,300,1,299,1,1,0,1,1,153,153,147,146,74
"7393",92,"[16]HBHtGnJHqKHqaIJG",302,1,16,301,0,301,0,0,0,0,0,154,154,147,147,74
"7394",93,"[16]HBHtGnJHqKHqaIJG",293,0.989933,16,298,3,295,3,3,0,3,3,152,152,146,143,74
"7395",94,"[16]HBHtGnJHqKHqaIJG",292,0.996587,16,293,1,292,1,1,0,1,1,142,142,151,150,74
"7396",95,"[16]HBHtGnJHqKHqaIJG",285,0.982993,16,294,5,289,5,5,0,5,5,150,150,144,139,74
"7397",96,"[16]HBHtGnJHqKHqaIJG",298,0.993355,16,301,2,299,2,2,0,2,2,156,156,145,143,74
"7398",97,"[16]HBHtGnJHqKHqaIJG",297,1,16,296,0,296,0,0,0,0,0,141,141,155,155,74
"7399",98,"[16]HBHtGnJHqKHqaIJG",305,1,16,304,0,304,0,0,0,0,0,166,166,138,138,74
"7400",99,"[16]HBHtGnJHqKHqaIJG",299,0.993377,16,302,2,300,2,2,0,2,2,159,159,143,141,74
"7401",0,"[21]uHBHHxnJHqKHGqabIfvtJ",310,0.996785,21,311,1,310,1,1,0,1,1,154,154,157,156,75
"7402",1,"[21]uHBHHxnJHqKHGqabIfvtJ",316,0.996845,21,317,1,316,1,1,0,1,1,167,167,150,149,75
"7403",2,"[21]uHBHHxnJHqKHGqabIfvtJ",304,0.990291,21,309,3,306,3,3,0,3,3,149,149,160,157,75
"7404",3,"[21]uHBHHxnJHqKHGqabIfvtJ",305,0.993506,21,308,2,306,2,2,0,2,2,142,142,166,164,75
"7405",4,"[21]uHBHHxnJHqKHGqabIfvtJ",309,1,21,308,0,308,0,0,0,0,0,140,140,168,168,75
"7406",5,"[21]uHBHHxnJHqKHGqabIfvtJ",317,1,21,316,0,316,0,0,0,0,0,165,165,151,151,75
"7407",6,"[21]uHBHHxnJHqKHGqabIfvtJ",295,0.99,21,300,3,297,3,3,0,3,3,140,140,160,157,75
"7408",7,"[21]uHBHHxnJHqKHGqabIfvtJ",313,1,21,312,0,312,0,0,0,0,0,148,148,164,164,75
"7409",8,"[21]uHBHHxnJHqKHGqabIfvtJ",320,1,21,319,0,319,0,0,0,0,0,162,162,157,157,75
"7410",9,"[21]uHBHHxnJHqKHGqabIfvtJ",312,0.996805,21,313,1,312,1,1,0,1,1,158,158,155,154,75
"7411",10,"[21]uHBHHxnJHqKHGqabIfvtJ",310,0.996785,21,311,1,310,1,1,0,1,1,154,154,157,156,75
"7412",11,"[21]uHBHHxnJHqKHGqabIfvtJ",317,1,21,316,0,316,0,0,0,0,0,160,160,156,156,75
"7413",12,"[21]uHBHHxnJHqKHGqabIfvtJ",307,0.996753,21,308,1,307,1,1,0,1,1,155,155,153,152,75
"7414",13,"[21]uHBHHxnJHqKHGqabIfvtJ",324,1,21,323,0,323,0,0,0,0,0,166,166,157,157,75
"7415",14,"[21]uHBHHxnJHqKHGqabIfvtJ",313,1,21,312,0,312,0,0,0,0,0,157,157,155,155,75
"7416",15,"[21]uHBHHxnJHqKHGqabIfvtJ",316,1,21,315,0,315,0,0,0,0,0,156,156,159,159,75
"7417",16,"[21]uHBHHxnJHqKHGqabIfvtJ",328,0.99696,21,329,1,328,1,1,0,1,1,189,189,140,139,75
"7418",17,"[21]uHBHHxnJHqKHGqabIfvtJ",313,1,21,312,0,312,0,0,0,0,0,151,151,161,161,75
"7419",18,"[21]uHBHHxnJHqKHGqabIfvtJ",303,0.996711,21,304,1,303,1,1,0,1,1,138,138,166,165,75
"7420",19,"[21]uHBHHxnJHqKHGqabIfvtJ",313,0.996815,21,314,1,313,1,1,0,1,1,164,164,150,149,75
"7421",20,"[21]uHBHHxnJHqKHGqabIfvtJ",314,0.993691,21,317,2,315,2,2,0,2,2,160,160,157,155,75
"7422",21,"[21]uHBHHxnJHqKHGqabIfvtJ",320,1,21,319,0,319,0,0,0,0,0,165,165,154,154,75
"7423",22,"[21]uHBHHxnJHqKHGqabIfvtJ",315,0.996835,21,316,1,315,1,1,0,1,1,155,155,161,160,75
"7424",23,"[21]uHBHHxnJHqKHGqabIfvtJ",315,0.996835,21,316,1,315,1,1,0,1,1,157,157,159,158,75
"7425",24,"[21]uHBHHxnJHqKHGqabIfvtJ",327,1,21,326,0,326,0,0,0,0,0,180,180,146,146,75
"7426",25,"[21]uHBHHxnJHqKHGqabIfvtJ",313,0.990566,21,318,3,315,3,3,0,3,3,163,163,155,152,75
"7427",26,"[21]uHBHHxnJHqKHGqabIfvtJ",311,1,21,310,0,310,0,0,0,0,0,151,151,159,159,75
"7428",27,"[21]uHBHHxnJHqKHGqabIfvtJ",303,0.983974,21,312,5,307,5,5,0,5,5,162,162,150,145,75
"7429",28,"[21]uHBHHxnJHqKHGqabIfvtJ",311,0.996795,21,312,1,311,1,1,0,1,1,153,153,159,158,75
"7430",29,"[21]uHBHHxnJHqKHGqabIfvtJ",314,1,21,313,0,313,0,0,0,0,0,150,150,163,163,75
"7431",30,"[21]uHBHHxnJHqKHGqabIfvtJ",288,0.979933,21,299,6,293,6,6,0,6,6,136,136,163,157,75
"7432",31,"[21]uHBHHxnJHqKHGqabIfvtJ",319,1,21,318,0,318,0,0,0,0,0,164,164,154,154,75
"7433",32,"[21]uHBHHxnJHqKHGqabIfvtJ",307,0.990385,21,312,3,309,3,3,0,3,3,151,151,161,158,75
"7434",33,"[21]uHBHHxnJHqKHGqabIfvtJ",312,1,21,311,0,311,0,0,0,0,0,156,156,155,155,75
"7435",34,"[21]uHBHHxnJHqKHGqabIfvtJ",301,0.996689,21,302,1,301,1,1,0,1,1,144,144,158,157,75
"7436",35,"[21]uHBHHxnJHqKHGqabIfvtJ",320,1,21,319,0,319,0,0,0,0,0,164,164,155,155,75
"7437",36,"[21]uHBHHxnJHqKHGqabIfvtJ",304,0.990291,21,309,3,306,3,3,0,3,3,150,150,159,156,75
"7438",37,"[21]uHBHHxnJHqKHGqabIfvtJ",305,0.996732,21,306,1,305,1,1,0,1,1,144,144,162,161,75
"7439",38,"[21]uHBHHxnJHqKHGqabIfvtJ",311,0.990506,21,316,3,313,3,3,0,3,3,167,167,149,146,75
"7440",39,"[21]uHBHHxnJHqKHGqabIfvtJ",311,0.993631,21,314,2,312,2,2,0,2,2,158,158,156,154,75
"7441",40,"[21]uHBHHxnJHqKHGqabIfvtJ",299,0.990132,21,304,3,301,3,3,0,3,3,147,147,157,154,75
"7442",41,"[21]uHBHHxnJHqKHGqabIfvtJ",314,0.996825,21,315,1,314,1,1,0,1,1,161,161,154,153,75
"7443",42,"[21]uHBHHxnJHqKHGqabIfvtJ",318,1,21,317,0,317,0,0,0,0,0,161,161,156,156,75
"7444",43,"[21]uHBHHxnJHqKHGqabIfvtJ",312,1,21,311,0,311,0,0,0,0,0,154,154,157,157,75
"7445",44,"[21]uHBHHxnJHqKHGqabIfvtJ",318,0.993769,21,321,2,319,2,2,0,2,2,169,169,152,150,75
"7446",45,"[21]uHBHHxnJHqKHGqabIfvtJ",323,1,21,322,0,322,0,0,0,0,0,162,162,160,160,75
"7447",46,"[21]uHBHHxnJHqKHGqabIfvtJ",301,0.990196,21,306,3,303,3,3,0,3,3,145,145,161,158,75
"7448",47,"[21]uHBHHxnJHqKHGqabIfvtJ",291,0.976974,21,304,7,297,7,7,0,7,7,158,158,146,139,75
"7449",48,"[21]uHBHHxnJHqKHGqabIfvtJ",301,0.993421,21,304,2,302,2,2,0,2,2,146,146,158,156,75
"7450",49,"[21]uHBHHxnJHqKHGqabIfvtJ",308,0.993569,21,311,2,309,2,2,0,2,2,156,156,155,153,75
"7451",50,"[21]uHBHHxnJHqKHGqabIfvtJ",303,0.993464,21,306,2,304,2,2,0,2,2,145,145,161,159,75
"7452",51,"[21]uHBHHxnJHqKHGqabIfvtJ",304,0.993485,21,307,2,305,2,2,0,2,2,152,152,155,153,75
"7453",52,"[21]uHBHHxnJHqKHGqabIfvtJ",306,0.990354,21,311,3,308,3,3,0,3,3,154,154,157,154,75
"7454",53,"[21]uHBHHxnJHqKHGqabIfvtJ",317,1,21,316,0,316,0,0,0,0,0,162,162,154,154,75
"7455",54,"[21]uHBHHxnJHqKHGqabIfvtJ",317,1,21,316,0,316,0,0,0,0,0,159,159,157,157,75
"7456",55,"[21]uHBHHxnJHqKHGqabIfvtJ",322,1,21,321,0,321,0,0,0,0,0,175,175,146,146,75
"7457",56,"[21]uHBHHxnJHqKHGqabIfvtJ",307,0.996753,21,308,1,307,1,1,0,1,1,148,148,160,159,75
"7458",57,"[21]uHBHHxnJHqKHGqabIfvtJ",329,1,21,328,0,328,0,0,0,0,0,181,181,147,147,75
"7459",58,"[21]uHBHHxnJHqKHGqabIfvtJ",295,0.99,21,300,3,297,3,3,0,3,3,137,137,163,160,75
"7460",59,"[21]uHBHHxnJHqKHGqabIfvtJ",316,1,21,315,0,315,0,0,0,0,0,153,153,162,162,75
"7461",60,"[21]uHBHHxnJHqKHGqabIfvtJ",302,0.987055,21,309,4,305,4,4,0,4,4,158,158,151,147,75
"7462",61,"[21]uHBHHxnJHqKHGqabIfvtJ",324,1,21,323,0,323,0,0,0,0,0,174,174,149,149,75
"7463",62,"[21]uHBHHxnJHqKHGqabIfvtJ",312,1,21,311,0,311,0,0,0,0,0,150,150,161,161,75
"7464",63,"[21]uHBHHxnJHqKHGqabIfvtJ",317,1,21,316,0,316,0,0,0,0,0,162,162,154,154,75
"7465",64,"[21]uHBHHxnJHqKHGqabIfvtJ",302,0.993443,21,305,2,303,2,2,0,2,2,148,148,157,155,75
"7466",65,"[21]uHBHHxnJHqKHGqabIfvtJ",316,1,21,315,0,315,0,0,0,0,0,153,153,162,162,75
"7467",66,"[21]uHBHHxnJHqKHGqabIfvtJ",314,0.993691,21,317,2,315,2,2,0,2,2,168,168,149,147,75
"7468",67,"[21]uHBHHxnJHqKHGqabIfvtJ",323,1,21,322,0,322,0,0,0,0,0,167,167,155,155,75
"7469",68,"[21]uHBHHxnJHqKHGqabIfvtJ",308,1,21,307,0,307,0,0,0,0,0,144,144,163,163,75
"7470",69,"[21]uHBHHxnJHqKHGqabIfvtJ",318,0.996865,21,319,1,318,1,1,0,1,1,165,165,154,153,75
"7471",70,"[21]uHBHHxnJHqKHGqabIfvtJ",296,0.983607,21,305,5,300,5,5,0,5,5,153,153,152,147,75
"7472",71,"[21]uHBHHxnJHqKHGqabIfvtJ",317,1,21,316,0,316,0,0,0,0,0,150,150,166,166,75
"7473",72,"[21]uHBHHxnJHqKHGqabIfvtJ",313,1,21,312,0,312,0,0,0,0,0,151,151,161,161,75
"7474",73,"[21]uHBHHxnJHqKHGqabIfvtJ",310,1,21,309,0,309,0,0,0,0,0,145,145,164,164,75
"7475",74,"[21]uHBHHxnJHqKHGqabIfvtJ",304,0.993485,21,307,2,305,2,2,0,2,2,143,143,164,162,75
"7476",75,"[21]uHBHHxnJHqKHGqabIfvtJ",315,1,21,314,0,314,0,0,0,0,0,154,154,160,160,75
"7477",76,"[21]uHBHHxnJHqKHGqabIfvtJ",328,1,21,327,0,327,0,0,0,0,0,184,184,143,143,75
"7478",77,"[21]uHBHHxnJHqKHGqabIfvtJ",322,1,21,321,0,321,0,0,0,0,0,172,172,149,149,75
"7479",78,"[21]uHBHHxnJHqKHGqabIfvtJ",316,0.99373,21,319,2,317,2,2,0,2,2,166,166,153,151,75
"7480",79,"[21]uHBHHxnJHqKHGqabIfvtJ",304,0.996721,21,305,1,304,1,1,0,1,1,140,140,165,164,75
"7481",80,"[21]uHBHHxnJHqKHGqabIfvtJ",328,1,21,327,0,327,0,0,0,0,0,175,175,152,152,75
"7482",81,"[21]uHBHHxnJHqKHGqabIfvtJ",295,0.99,21,300,3,297,3,3,0,3,3,136,136,164,161,75
"7483",82,"[21]uHBHHxnJHqKHGqabIfvtJ",311,1,21,310,0,310,0,0,0,0,0,141,141,169,169,75
"7484",83,"[21]uHBHHxnJHqKHGqabIfvtJ",303,0.996711,21,304,1,303,1,1,0,1,1,143,143,161,160,75
"7485",84,"[21]uHBHHxnJHqKHGqabIfvtJ",307,0.996753,21,308,1,307,1,1,0,1,1,143,143,165,164,75
"7486",85,"[21]uHBHHxnJHqKHGqabIfvtJ",314,0.996825,21,315,1,314,1,1,0,1,1,155,155,160,159,75
"7487",86,"[21]uHBHHxnJHqKHGqabIfvtJ",313,1,21,312,0,312,0,0,0,0,0,150,150,162,162,75
"7488",87,"[21]uHBHHxnJHqKHGqabIfvtJ",306,1,21,305,0,305,0,0,0,0,0,139,139,166,166,75
"7489",88,"[21]uHBHHxnJHqKHGqabIfvtJ",314,1,21,313,0,313,0,0,0,0,0,155,155,158,158,75
"7490",89,"[21]uHBHHxnJHqKHGqabIfvtJ",315,0.993711,21,318,2,316,2,2,0,2,2,168,168,150,148,75
"7491",90,"[21]uHBHHxnJHqKHGqabIfvtJ",287,0.979866,21,298,6,292,6,6,0,6,6,138,138,160,154,75
"7492",91,"[21]uHBHHxnJHqKHGqabIfvtJ",325,0.996933,21,326,1,325,1,1,0,1,1,179,179,147,146,75
"7493",92,"[21]uHBHHxnJHqKHGqabIfvtJ",291,0.976974,21,304,7,297,7,7,0,7,7,166,166,138,131,75
"7494",93,"[21]uHBHHxnJHqKHGqabIfvtJ",309,0.99359,21,312,2,310,2,2,0,2,2,156,156,156,154,75
"7495",94,"[21]uHBHHxnJHqKHGqabIfvtJ",321,1,21,320,0,320,0,0,0,0,0,169,169,151,151,75
"7496",95,"[21]uHBHHxnJHqKHGqabIfvtJ",314,1,21,313,0,313,0,0,0,0,0,152,152,161,161,75
"7497",96,"[21]uHBHHxnJHqKHGqabIfvtJ",322,1,21,321,0,321,0,0,0,0,0,172,172,149,149,75
"7498",97,"[21]uHBHHxnJHqKHGqabIfvtJ",310,0.99361,21,313,2,311,2,2,0,2,2,155,155,158,156,75
"7499",98,"[21]uHBHHxnJHqKHGqabIfvtJ",308,0.996764,21,309,1,308,1,1,0,1,1,146,146,163,162,75
"7500",99,"[21]uHBHHxnJHqKHGqabIfvtJ",324,1,21,323,0,323,0,0,0,0,0,171,171,152,152,75
"7501",0,"[16]HcHsGnJHqKHqaInJ",297,1,16,296,0,296,0,0,0,0,0,138,138,158,158,76
"7502",1,"[16]HcHsGnJHqKHqaInJ",291,0.993197,16,294,2,292,2,2,0,2,2,139,139,155,153,76
"7503",2,"[16]HcHsGnJHqKHqaInJ",296,1,16,295,0,295,0,0,0,0,0,134,134,161,161,76
"7504",3,"[16]HcHsGnJHqKHqaInJ",291,0.996575,16,292,1,291,1,1,0,1,1,136,136,156,155,76
"7505",4,"[16]HcHsGnJHqKHqaInJ",302,0.9967,16,303,1,302,1,1,0,1,1,163,163,140,139,76
"7506",5,"[16]HcHsGnJHqKHqaInJ",291,0.996575,16,292,1,291,1,1,0,1,1,146,146,146,145,76
"7507",6,"[16]HcHsGnJHqKHqaInJ",294,0.99661,16,295,1,294,1,1,0,1,1,144,144,151,150,76
"7508",7,"[16]HcHsGnJHqKHqaInJ",298,1,16,297,0,297,0,0,0,0,0,141,141,156,156,76
"7509",8,"[16]HcHsGnJHqKHqaInJ",300,0.993399,16,303,2,301,2,2,0,2,2,150,150,153,151,76
"7510",9,"[16]HcHsGnJHqKHqaInJ",288,0.983165,16,297,5,292,5,5,0,5,5,151,151,146,141,76
"7511",10,"[16]HcHsGnJHqKHqaInJ",295,0.99,16,300,3,297,3,3,0,3,3,153,153,147,144,76
"7512",11,"[16]HcHsGnJHqKHqaInJ",302,1,16,301,0,301,0,0,0,0,0,155,155,146,146,76
"7513",12,"[16]HcHsGnJHqKHqaInJ",297,0.993333,16,300,2,298,2,2,0,2,2,163,163,137,135,76
"7514",13,"[16]HcHsGnJHqKHqaInJ",303,1,16,302,0,302,0,0,0,0,0,161,161,141,141,76
"7515",14,"[16]HcHsGnJHqKHqaInJ",305,1,16,304,0,304,0,0,0,0,0,151,151,153,153,76
"7516",15,"[16]HcHsGnJHqKHqaInJ",287,0.989726,16,292,3,289,3,3,0,3,3,141,141,151,148,76
"7517",16,"[16]HcHsGnJHqKHqaInJ",295,0.996622,16,296,1,295,1,1,0,1,1,152,152,144,143,76
"7518",17,"[16]HcHsGnJHqKHqaInJ",300,1,16,299,0,299,0,0,0,0,0,149,149,150,150,76
"7519",18,"[16]HcHsGnJHqKHqaInJ",301,1,16,300,0,300,0,0,0,0,0,140,140,160,160,76
"7520",19,"[16]HcHsGnJHqKHqaInJ",299,1,16,298,0,298,0,0,0,0,0,156,156,142,142,76
"7521",20,"[16]HcHsGnJHqKHqaInJ",296,1,16,295,0,295,0,0,0,0,0,152,152,143,143,76
"7522",21,"[16]HcHsGnJHqKHqaInJ",303,0.996711,16,304,1,303,1,1,0,1,1,165,165,139,138,76
"7523",22,"[16]HcHsGnJHqKHqaInJ",301,1,16,300,0,300,0,0,0,0,0,153,153,147,147,76
"7524",23,"[16]HcHsGnJHqKHqaInJ",296,0.996633,16,297,1,296,1,1,0,1,1,152,152,145,144,76
"7525",24,"[16]HcHsGnJHqKHqaInJ",294,0.99661,16,295,1,294,1,1,0,1,1,138,138,157,156,76
"7526",25,"[16]HcHsGnJHqKHqaInJ",299,1,16,298,0,298,0,0,0,0,0,133,133,165,165,76
"7527",26,"[16]HcHsGnJHqKHqaInJ",294,0.993266,16,297,2,295,2,2,0,2,2,151,151,146,144,76
"7528",27,"[16]HcHsGnJHqKHqaInJ",301,1,16,300,0,300,0,0,0,0,0,155,155,145,145,76
"7529",28,"[16]HcHsGnJHqKHqaInJ",286,0.986348,16,293,4,289,4,4,0,4,4,150,150,143,139,76
"7530",29,"[16]HcHsGnJHqKHqaInJ",298,0.993355,16,301,2,299,2,2,0,2,2,156,156,145,143,76
"7531",30,"[16]HcHsGnJHqKHqaInJ",296,1,16,295,0,295,0,0,0,0,0,148,148,147,147,76
"7532",31,"[16]HcHsGnJHqKHqaInJ",307,1,16,306,0,306,0,0,0,0,0,163,163,143,143,76
"7533",32,"[16]HcHsGnJHqKHqaInJ",288,0.989761,16,293,3,290,3,3,0,3,3,155,155,138,135,76
"7534",33,"[16]HcHsGnJHqKHqaInJ",287,0.993103,16,290,2,288,2,2,0,2,2,131,131,159,157,76
"7535",34,"[16]HcHsGnJHqKHqaInJ",301,1,16,300,0,300,0,0,0,0,0,156,156,144,144,76
"7536",35,"[16]HcHsGnJHqKHqaInJ",302,0.9967,16,303,1,302,1,1,0,1,1,160,160,143,142,76
"7537",36,"[16]HcHsGnJHqKHqaInJ",302,1,16,301,0,301,0,0,0,0,0,156,156,145,145,76
"7538",37,"[16]HcHsGnJHqKHqaInJ",294,0.993266,16,297,2,295,2,2,0,2,2,149,149,148,146,76
"7539",38,"[16]HcHsGnJHqKHqaInJ",301,1,16,300,0,300,0,0,0,0,0,156,156,144,144,76
"7540",39,"[16]HcHsGnJHqKHqaInJ",304,1,16,303,0,303,0,0,0,0,0,158,158,145,145,76
"7541",40,"[16]HcHsGnJHqKHqaInJ",300,1,16,299,0,299,0,0,0,0,0,144,144,155,155,76
"7542",41,"[16]HcHsGnJHqKHqaInJ",305,0.996732,16,306,1,305,1,1,0,1,1,148,148,158,157,76
"7543",42,"[16]HcHsGnJHqKHqaInJ",286,0.986348,16,293,4,289,4,4,0,4,4,148,148,145,141,76
"7544",43,"[16]HcHsGnJHqKHqaInJ",303,1,16,302,0,302,0,0,0,0,0,149,149,153,153,76
"7545",44,"[16]HcHsGnJHqKHqaInJ",292,0.996587,16,293,1,292,1,1,0,1,1,141,141,152,151,76
"7546",45,"[16]HcHsGnJHqKHqaInJ",299,1,16,298,0,298,0,0,0,0,0,156,156,142,142,76
"7547",46,"[16]HcHsGnJHqKHqaInJ",297,1,16,296,0,296,0,0,0,0,0,141,141,155,155,76
"7548",47,"[16]HcHsGnJHqKHqaInJ",301,1,16,300,0,300,0,0,0,0,0,151,151,149,149,76
"7549",48,"[16]HcHsGnJHqKHqaInJ",289,0.986486,16,296,4,292,4,4,0,4,4,147,147,149,145,76
"7550",49,"[16]HcHsGnJHqKHqaInJ",299,1,16,298,0,298,0,0,0,0,0,143,143,155,155,76
"7551",50,"[16]HcHsGnJHqKHqaInJ",298,1,16,297,0,297,0,0,0,0,0,137,137,160,160,76
"7552",51,"[16]HcHsGnJHqKHqaInJ",301,1,16,300,0,300,0,0,0,0,0,157,157,143,143,76
"7553",52,"[16]HcHsGnJHqKHqaInJ",305,1,16,304,0,304,0,0,0,0,0,157,157,147,147,76
"7554",53,"[16]HcHsGnJHqKHqaInJ",305,1,16,304,0,304,0,0,0,0,0,146,146,158,158,76
"7555",54,"[16]HcHsGnJHqKHqaInJ",299,1,16,298,0,298,0,0,0,0,0,142,142,156,156,76
"7556",55,"[16]HcHsGnJHqKHqaInJ",303,1,16,302,0,302,0,0,0,0,0,148,148,154,154,76
"7557",56,"[16]HcHsGnJHqKHqaInJ",303,1,16,302,0,302,0,0,0,0,0,144,144,158,158,76
"7558",57,"[16]HcHsGnJHqKHqaInJ",299,1,16,298,0,298,0,0,0,0,0,142,142,156,156,76
"7559",58,"[16]HcHsGnJHqKHqaInJ",290,0.993174,16,293,2,291,2,2,0,2,2,140,140,153,151,76
"7560",59,"[16]HcHsGnJHqKHqaInJ",294,1,16,293,0,293,0,0,0,0,0,133,133,160,160,76
"7561",60,"[16]HcHsGnJHqKHqaInJ",297,1,16,296,0,296,0,0,0,0,0,151,151,145,145,76
"7562",61,"[16]HcHsGnJHqKHqaInJ",295,1,16,294,0,294,0,0,0,0,0,131,131,163,163,76
"7563",62,"[16]HcHsGnJHqKHqaInJ",302,0.993443,16,305,2,303,2,2,0,2,2,161,161,144,142,76
"7564",63,"[16]HcHsGnJHqKHqaInJ",299,1,16,298,0,298,0,0,0,0,0,141,141,157,157,76
"7565",64,"[16]HcHsGnJHqKHqaInJ",297,1,16,296,0,296,0,0,0,0,0,136,136,160,160,76
"7566",65,"[16]HcHsGnJHqKHqaInJ",294,0.99661,16,295,1,294,1,1,0,1,1,144,144,151,150,76
"7567",66,"[16]HcHsGnJHqKHqaInJ",298,1,16,297,0,297,0,0,0,0,0,151,151,146,146,76
"7568",67,"[16]HcHsGnJHqKHqaInJ",302,0.9967,16,303,1,302,1,1,0,1,1,151,151,152,151,76
"7569",68,"[16]HcHsGnJHqKHqaInJ",307,1,16,306,0,306,0,0,0,0,0,163,163,143,143,76
"7570",69,"[16]HcHsGnJHqKHqaInJ",290,0.989831,16,295,3,292,3,3,0,3,3,157,157,138,135,76
"7571",70,"[16]HcHsGnJHqKHqaInJ",303,1,16,302,0,302,0,0,0,0,0,157,157,145,145,76
"7572",71,"[16]HcHsGnJHqKHqaInJ",308,0.996764,16,309,1,308,1,1,0,1,1,160,160,149,148,76
"7573",72,"[16]HcHsGnJHqKHqaInJ",297,1,16,296,0,296,0,0,0,0,0,137,137,159,159,76
"7574",73,"[16]HcHsGnJHqKHqaInJ",305,1,16,304,0,304,0,0,0,0,0,152,152,152,152,76
"7575",74,"[16]HcHsGnJHqKHqaInJ",297,0.986842,16,304,4,300,4,4,0,4,4,166,166,138,134,76
"7576",75,"[16]HcHsGnJHqKHqaInJ",293,0.996599,16,294,1,293,1,1,0,1,1,134,134,160,159,76
"7577",76,"[16]HcHsGnJHqKHqaInJ",294,1,16,293,0,293,0,0,0,0,0,137,137,156,156,76
"7578",77,"[16]HcHsGnJHqKHqaInJ",301,1,16,300,0,300,0,0,0,0,0,146,146,154,154,76
"7579",78,"[16]HcHsGnJHqKHqaInJ",301,1,16,300,0,300,0,0,0,0,0,158,158,142,142,76
"7580",79,"[16]HcHsGnJHqKHqaInJ",297,1,16,296,0,296,0,0,0,0,0,134,134,162,162,76
"7581",80,"[16]HcHsGnJHqKHqaInJ",294,0.99661,16,295,1,294,1,1,0,1,1,139,139,156,155,76
"7582",81,"[16]HcHsGnJHqKHqaInJ",299,0.996667,16,300,1,299,1,1,0,1,1,151,151,149,148,76
"7583",82,"[16]HcHsGnJHqKHqaInJ",295,1,16,294,0,294,0,0,0,0,0,136,136,158,158,76
"7584",83,"[16]HcHsGnJHqKHqaInJ",299,0.996667,16,300,1,299,1,1,0,1,1,146,146,154,153,76
"7585",84,"[16]HcHsGnJHqKHqaInJ",292,0.986622,16,299,4,295,4,4,0,4,4,148,148,151,147,76
"7586",85,"[16]HcHsGnJHqKHqaInJ",298,0.996656,16,299,1,298,1,1,0,1,1,144,144,155,154,76
"7587",86,"[16]HcHsGnJHqKHqaInJ",288,0.993127,16,291,2,289,2,2,0,2,2,126,126,165,163,76
"7588",87,"[16]HcHsGnJHqKHqaInJ",299,0.996667,16,300,1,299,1,1,0,1,1,159,159,141,140,76
"7589",88,"[16]HcHsGnJHqKHqaInJ",299,0.993377,16,302,2,300,2,2,0,2,2,158,158,144,142,76
"7590",89,"[16]HcHsGnJHqKHqaInJ",300,1,16,299,0,299,0,0,0,0,0,145,145,154,154,76
"7591",90,"[16]HcHsGnJHqKHqaInJ",284,0.989619,16,289,3,286,3,3,0,3,3,125,125,164,161,76
"7592",91,"[16]HcHsGnJHqKHqaInJ",298,0.993355,16,301,2,299,2,2,0,2,2,146,146,155,153,76
"7593",92,"[16]HcHsGnJHqKHqaInJ",290,0.983278,16,299,5,294,5,5,0,5,5,160,160,139,134,76
"7594",93,"[16]HcHsGnJHqKHqaInJ",295,0.986755,16,302,4,298,4,4,0,4,4,160,160,142,138,76
"7595",94,"[16]HcHsGnJHqKHqaInJ",285,0.989655,16,290,3,287,3,3,0,3,3,131,131,159,156,76
"7596",95,"[16]HcHsGnJHqKHqaInJ",295,1,16,294,0,294,0,0,0,0,0,135,135,159,159,76
"7597",96,"[16]HcHsGnJHqKHqaInJ",286,0.989691,16,291,3,288,3,3,0,3,3,131,131,160,157,76
"7598",97,"[16]HcHsGnJHqKHqaInJ",293,1,16,292,0,292,0,0,0,0,0,146,146,146,146,76
"7599",98,"[16]HcHsGnJHqKHqaInJ",294,1,16,293,0,293,0,0,0,0,0,133,133,160,160,76
"7600",99,"[16]HcHsGnJHqKHqaInJ",295,0.996622,16,296,1,295,1,1,0,1,1,150,150,146,145,76
"7601",0,"[20]HcnHxnJHqGKHqaIyzJxo",321,1,20,320,0,320,0,0,0,0,0,169,169,151,151,77
"7602",1,"[20]HcnHxnJHqGKHqaIyzJxo",319,1,20,318,0,318,0,0,0,0,0,162,162,156,156,77
"7603",2,"[20]HcnHxnJHqGKHqaIyzJxo",307,0.993548,20,310,2,308,2,2,0,2,2,152,152,158,156,77
"7604",3,"[20]HcnHxnJHqGKHqaIyzJxo",318,1,20,317,0,317,0,0,0,0,0,162,162,155,155,77
"7605",4,"[20]HcnHxnJHqGKHqaIyzJxo",321,1,20,320,0,320,0,0,0,0,0,170,170,150,150,77
"7606",5,"[20]HcnHxnJHqGKHqaIyzJxo",314,1,20,313,0,313,0,0,0,0,0,157,157,156,156,77
"7607",6,"[20]HcnHxnJHqGKHqaIyzJxo",341,1,20,340,0,340,0,0,0,0,0,206,206,134,134,77
"7608",7,"[20]HcnHxnJHqGKHqaIyzJxo",323,1,20,322,0,322,0,0,0,0,0,170,170,152,152,77
"7609",8,"[20]HcnHxnJHqGKHqaIyzJxo",320,1,20,319,0,319,0,0,0,0,0,166,166,153,153,77
"7610",9,"[20]HcnHxnJHqGKHqaIyzJxo",320,1,20,319,0,319,0,0,0,0,0,167,167,152,152,77
"7611",10,"[20]HcnHxnJHqGKHqaIyzJxo",313,0.996815,20,314,1,313,1,1,0,1,1,168,168,146,145,77
"7612",11,"[20]HcnHxnJHqGKHqaIyzJxo",319,0.996875,20,320,1,319,1,1,0,1,1,168,168,152,151,77
"7613",12,"[20]HcnHxnJHqGKHqaIyzJxo",310,1,20,309,0,309,0,0,0,0,0,149,149,160,160,77
"7614",13,"[20]HcnHxnJHqGKHqaIyzJxo",317,1,20,316,0,316,0,0,0,0,0,157,157,159,159,77
"7615",14,"[20]HcnHxnJHqGKHqaIyzJxo",289,0.989796,20,294,3,291,3,3,0,3,3,128,128,166,163,77
"7616",15,"[20]HcnHxnJHqGKHqaIyzJxo",310,1,20,309,0,309,0,0,0,0,0,154,154,155,155,77
"7617",16,"[20]HcnHxnJHqGKHqaIyzJxo",318,1,20,317,0,317,0,0,0,0,0,158,158,159,159,77
"7618",17,"[20]HcnHxnJHqGKHqaIyzJxo",332,1,20,331,0,331,0,0,0,0,0,190,190,141,141,77
"7619",18,"[20]HcnHxnJHqGKHqaIyzJxo",321,1,20,320,0,320,0,0,0,0,0,164,164,156,156,77
"7620",19,"[20]HcnHxnJHqGKHqaIyzJxo",318,1,20,317,0,317,0,0,0,0,0,163,163,154,154,77
"7621",20,"[20]HcnHxnJHqGKHqaIyzJxo",304,1,20,303,0,303,0,0,0,0,0,135,135,168,168,77
"7622",21,"[20]HcnHxnJHqGKHqaIyzJxo",322,1,20,321,0,321,0,0,0,0,0,169,169,152,152,77
"7623",22,"[20]HcnHxnJHqGKHqaIyzJxo",312,0.993651,20,315,2,313,2,2,0,2,2,164,164,151,149,77
"7624",23,"[20]HcnHxnJHqGKHqaIyzJxo",318,1,20,317,0,317,0,0,0,0,0,162,162,155,155,77
"7625",24,"[20]HcnHxnJHqGKHqaIyzJxo",313,0.993671,20,316,2,314,2,2,0,2,2,163,163,153,151,77
"7626",25,"[20]HcnHxnJHqGKHqaIyzJxo",301,0.996689,20,302,1,301,1,1,0,1,1,135,135,167,166,77
"7627",26,"[20]HcnHxnJHqGKHqaIyzJxo",325,1,20,324,0,324,0,0,0,0,0,173,173,151,151,77
"7628",27,"[20]HcnHxnJHqGKHqaIyzJxo",293,0.986667,20,300,4,296,4,4,0,4,4,142,142,158,154,77
"7629",28,"[20]HcnHxnJHqGKHqaIyzJxo",322,1,20,321,0,321,0,0,0,0,0,165,165,156,156,77
"7630",29,"[20]HcnHxnJHqGKHqaIyzJxo",310,1,20,309,0,309,0,0,0,0,0,153,153,156,156,77
"7631",30,"[20]HcnHxnJHqGKHqaIyzJxo",305,0.990323,20,310,3,307,3,3,0,3,3,160,160,150,147,77
"7632",31,"[20]HcnHxnJHqGKHqaIyzJxo",318,0.996865,20,319,1,318,1,1,0,1,1,161,161,158,157,77
"7633",32,"[20]HcnHxnJHqGKHqaIyzJxo",313,1,20,312,0,312,0,0,0,0,0,152,152,160,160,77
"7634",33,"[20]HcnHxnJHqGKHqaIyzJxo",312,1,20,311,0,311,0,0,0,0,0,148,148,163,163,77
"7635",34,"[20]HcnHxnJHqGKHqaIyzJxo",305,0.990323,20,310,3,307,3,3,0,3,3,151,151,159,156,77
"7636",35,"[20]HcnHxnJHqGKHqaIyzJxo",308,0.996764,20,309,1,308,1,1,0,1,1,148,148,161,160,77
"7637",36,"[20]HcnHxnJHqGKHqaIyzJxo",291,0.983333,20,300,5,295,5,5,0,5,5,135,135,165,160,77
"7638",37,"[20]HcnHxnJHqGKHqaIyzJxo",311,1,20,310,0,310,0,0,0,0,0,152,152,158,158,77
"7639",38,"[20]HcnHxnJHqGKHqaIyzJxo",305,0.996732,20,306,1,305,1,1,0,1,1,140,140,166,165,77
"7640",39,"[20]HcnHxnJHqGKHqaIyzJxo",319,1,20,318,0,318,0,0,0,0,0,162,162,156,156,77
"7641",40,"[20]HcnHxnJHqGKHqaIyzJxo",318,1,20,317,0,317,0,0,0,0,0,159,159,158,158,77
"7642",41,"[20]HcnHxnJHqGKHqaIyzJxo",320,1,20,319,0,319,0,0,0,0,0,167,167,152,152,77
"7643",42,"[20]HcnHxnJHqGKHqaIyzJxo",320,1,20,319,0,319,0,0,0,0,0,170,170,149,149,77
"7644",43,"[20]HcnHxnJHqGKHqaIyzJxo",307,0.996753,20,308,1,307,1,1,0,1,1,149,149,159,158,77
"7645",44,"[20]HcnHxnJHqGKHqaIyzJxo",310,1,20,309,0,309,0,0,0,0,0,154,154,155,155,77
"7646",45,"[20]HcnHxnJHqGKHqaIyzJxo",311,1,20,310,0,310,0,0,0,0,0,143,143,167,167,77
"7647",46,"[20]HcnHxnJHqGKHqaIyzJxo",324,1,20,323,0,323,0,0,0,0,0,170,170,153,153,77
"7648",47,"[20]HcnHxnJHqGKHqaIyzJxo",304,0.990291,20,309,3,306,3,3,0,3,3,154,154,155,152,77
"7649",48,"[20]HcnHxnJHqGKHqaIyzJxo",300,0.990164,20,305,3,302,3,3,0,3,3,148,148,157,154,77
"7650",49,"[20]HcnHxnJHqGKHqaIyzJxo",318,0.996865,20,319,1,318,1,1,0,1,1,170,170,149,148,77
"7651",50,"[20]HcnHxnJHqGKHqaIyzJxo",307,0.993548,20,310,2,308,2,2,0,2,2,154,154,156,154,77
"7652",51,"[20]HcnHxnJHqGKHqaIyzJxo",314,1,20,313,0,313,0,0,0,0,0,160,160,153,153,77
"7653",52,"[20]HcnHxnJHqGKHqaIyzJxo",308,0.993569,20,311,2,309,2,2,0,2,2,154,154,157,155,77
"7654",53,"[20]HcnHxnJHqGKHqaIyzJxo",309,0.99359,20,312,2,310,2,2,0,2,2,159,159,153,151,77
"7655",54,"[20]HcnHxnJHqGKHqaIyzJxo",312,0.996805,20,313,1,312,1,1,0,1,1,153,153,160,159,77
"7656",55,"[20]HcnHxnJHqGKHqaIyzJxo",310,1,20,309,0,309,0,0,0,0,0,150,150,159,159,77
"7657",56,"[20]HcnHxnJHqGKHqaIyzJxo",308,0.993569,20,311,2,309,2,2,0,2,2,153,153,158,156,77
"7658",57,"[20]HcnHxnJHqGKHqaIyzJxo",323,1,20,322,0,322,0,0,0,0,0,164,164,158,158,77
"7659",58,"[20]HcnHxnJHqGKHqaIyzJxo",319,1,20,318,0,318,0,0,0,0,0,166,166,152,152,77
"7660",59,"[20]HcnHxnJHqGKHqaIyzJxo",298,0.990099,20,303,3,300,3,3,0,3,3,142,142,161,158,77
"7661",60,"[20]HcnHxnJHqGKHqaIyzJxo",328,1,20,327,0,327,0,0,0,0,0,188,188,139,139,77
"7662",61,"[20]HcnHxnJHqGKHqaIyzJxo",308,0.996764,20,309,1,308,1,1,0,1,1,155,155,154,153,77
"7663",62,"[20]HcnHxnJHqGKHqaIyzJxo",322,1,20,321,0,321,0,0,0,0,0,161,161,160,160,77
"7664",63,"[20]HcnHxnJHqGKHqaIyzJxo",309,0.990446,20,314,3,311,3,3,0,3,3,157,157,157,154,77
"7665",64,"[20]HcnHxnJHqGKHqaIyzJxo",319,0.996875,20,320,1,319,1,1,0,1,1,169,169,151,150,77
"7666",65,"[20]HcnHxnJHqGKHqaIyzJxo",309,1,20,308,0,308,0,0,0,0,0,145,145,163,163,77
"7667",66,"[20]HcnHxnJHqGKHqaIyzJxo",313,0.996815,20,314,1,313,1,1,0,1,1,160,160,154,153,77
"7668",67,"[20]HcnHxnJHqGKHqaIyzJxo",314,1,20,313,0,313,0,0,0,0,0,158,158,155,155,77
"7669",68,"[20]HcnHxnJHqGKHqaIyzJxo",317,1,20,316,0,316,0,0,0,0,0,161,161,155,155,77
"7670",69,"[20]HcnHxnJHqGKHqaIyzJxo",310,0.996785,20,311,1,310,1,1,0,1,1,154,154,157,156,77
"7671",70,"[20]HcnHxnJHqGKHqaIyzJxo",290,0.989831,20,295,3,292,3,3,0,3,3,129,129,166,163,77
"7672",71,"[20]HcnHxnJHqGKHqaIyzJxo",310,0.99361,20,313,2,311,2,2,0,2,2,160,160,153,151,77
"7673",72,"[20]HcnHxnJHqGKHqaIyzJxo",307,0.996753,20,308,1,307,1,1,0,1,1,149,149,159,158,77
"7674",73,"[20]HcnHxnJHqGKHqaIyzJxo",305,1,20,304,0,304,0,0,0,0,0,136,136,168,168,77
"7675",74,"[20]HcnHxnJHqGKHqaIyzJxo",315,1,20,314,0,314,0,0,0,0,0,156,156,158,158,77
"7676",75,"[20]HcnHxnJHqGKHqaIyzJxo",313,0.996815,20,314,1,313,1,1,0,1,1,154,154,160,159,77
"7677",76,"[20]HcnHxnJHqGKHqaIyzJxo",314,1,20,313,0,313,0,0,0,0,0,158,158,155,155,77
"7678",77,"[20]HcnHxnJHqGKHqaIyzJxo",334,1,20,333,0,333,0,0,0,0,0,186,186,147,147,77
"7679",78,"[20]HcnHxnJHqGKHqaIyzJxo",317,1,20,316,0,316,0,0,0,0,0,161,161,155,155,77
"7680",79,"[20]HcnHxnJHqGKHqaIyzJxo",317,1,20,316,0,316,0,0,0,0,0,162,162,154,154,77
"7681",80,"[20]HcnHxnJHqGKHqaIyzJxo",306,0.990354,20,311,3,308,3,3,0,3,3,151,151,160,157,77
"7682",81,"[20]HcnHxnJHqGKHqaIyzJxo",325,1,20,324,0,324,0,0,0,0,0,177,177,147,147,77
"7683",82,"[20]HcnHxnJHqGKHqaIyzJxo",306,0.996743,20,307,1,306,1,1,0,1,1,144,144,163,162,77
"7684",83,"[20]HcnHxnJHqGKHqaIyzJxo",312,0.990536,20,317,3,314,3,3,0,3,3,176,176,141,138,77
"7685",84,"[20]HcnHxnJHqGKHqaIyzJxo",308,1,20,307,0,307,0,0,0,0,0,146,146,161,161,77
"7686",85,"[20]HcnHxnJHqGKHqaIyzJxo",337,1,20,336,0,336,0,0,0,0,0,201,201,135,135,77
"7687",86,"[20]HcnHxnJHqGKHqaIyzJxo",313,0.996815,20,314,1,313,1,1,0,1,1,158,158,156,155,77
"7688",87,"[20]HcnHxnJHqGKHqaIyzJxo",317,1,20,316,0,316,0,0,0,0,0,158,158,158,158,77
"7689",88,"[20]HcnHxnJHqGKHqaIyzJxo",311,1,20,310,0,310,0,0,0,0,0,156,156,154,154,77
"7690",89,"[20]HcnHxnJHqGKHqaIyzJxo",321,0.993827,20,324,2,322,2,2,0,2,2,178,178,146,144,77
"7691",90,"[20]HcnHxnJHqGKHqaIyzJxo",306,0.993528,20,309,2,307,2,2,0,2,2,153,153,156,154,77
"7692",91,"[20]HcnHxnJHqGKHqaIyzJxo",316,1,20,315,0,315,0,0,0,0,0,154,154,161,161,77
"7693",92,"[20]HcnHxnJHqGKHqaIyzJxo",312,1,20,311,0,311,0,0,0,0,0,152,152,159,159,77
"7694",93,"[20]HcnHxnJHqGKHqaIyzJxo",314,1,20,313,0,313,0,0,0,0,0,153,153,160,160,77
"7695",94,"[20]HcnHxnJHqGKHqaIyzJxo",313,1,20,312,0,312,0,0,0,0,0,151,151,161,161,77
"7696",95,"[20]HcnHxnJHqGKHqaIyzJxo",314,0.993691,20,317,2,315,2,2,0,2,2,173,173,144,142,77
"7697",96,"[20]HcnHxnJHqGKHqaIyzJxo",301,1,20,300,0,300,0,0,0,0,0,132,132,168,168,77
"7698",97,"[20]HcnHxnJHqGKHqaIyzJxo",328,1,20,327,0,327,0,0,0,0,0,184,184,143,143,77
"7699",98,"[20]HcnHxnJHqGKHqaIyzJxo",322,1,20,321,0,321,0,0,0,0,0,167,167,154,154,77
"7700",99,"[20]HcnHxnJHqGKHqaIyzJxo",319,1,20,318,0,318,0,0,0,0,0,156,156,162,162,77
"7701",0,"[15]HcHuGnJHqKHqaIJ",295,1,15,294,0,294,0,0,0,0,0,135,135,159,159,78
"7702",1,"[15]HcHuGnJHqKHqaIJ",301,0.996689,15,302,1,301,1,1,0,1,1,164,164,138,137,78
"7703",2,"[15]HcHuGnJHqKHqaIJ",291,0.989865,15,296,3,293,3,3,0,3,3,143,143,153,150,78
"7704",3,"[15]HcHuGnJHqKHqaIJ",303,1,15,302,0,302,0,0,0,0,0,165,165,137,137,78
"7705",4,"[15]HcHuGnJHqKHqaIJ",295,1,15,294,0,294,0,0,0,0,0,145,145,149,149,78
"7706",5,"[15]HcHuGnJHqKHqaIJ",303,0.996711,15,304,1,303,1,1,0,1,1,165,165,139,138,78
"7707",6,"[15]HcHuGnJHqKHqaIJ",287,0.976667,15,300,7,293,7,7,0,7,7,148,148,152,145,78
"7708",7,"[15]HcHuGnJHqKHqaIJ",292,0.989899,15,297,3,294,3,3,0,3,3,151,151,146,143,78
"7709",8,"[15]HcHuGnJHqKHqaIJ",302,0.9967,15,303,1,302,1,1,0,1,1,157,157,146,145,78
"7710",9,"[15]HcHuGnJHqKHqaIJ",301,0.993421,15,304,2,302,2,2,0,2,2,167,167,137,135,78
"7711",10,"[15]HcHuGnJHqKHqaIJ",280,0.982699,15,289,5,284,5,5,0,5,5,143,143,146,141,78
"7712",11,"[15]HcHuGnJHqKHqaIJ",299,1,15,298,0,298,0,0,0,0,0,155,155,143,143,78
"7713",12,"[15]HcHuGnJHqKHqaIJ",299,1,15,298,0,298,0,0,0,0,0,138,138,160,160,78
"7714",13,"[15]HcHuGnJHqKHqaIJ",298,0.996656,15,299,1,298,1,1,0,1,1,148,148,151,150,78
"7715",14,"[15]HcHuGnJHqKHqaIJ",297,0.996644,15,298,1,297,1,1,0,1,1,137,137,161,160,78
"7716",15,"[15]HcHuGnJHqKHqaIJ",312,1,15,311,0,311,0,0,0,0,0,169,169,142,142,78
"7717",16,"[15]HcHuGnJHqKHqaIJ",299,0.993377,15,302,2,300,2,2,0,2,2,155,155,147,145,78
"7718",17,"[15]HcHuGnJHqKHqaIJ",291,0.996575,15,292,1,291,1,1,0,1,1,140,140,152,151,78
"7719",18,"[15]HcHuGnJHqKHqaIJ",304,1,15,303,0,303,0,0,0,0,0,148,148,155,155,78
"7720",19,"[15]HcHuGnJHqKHqaIJ",297,1,15,296,0,296,0,0,0,0,0,137,137,159,159,78
"7721",20,"[15]HcHuGnJHqKHqaIJ",303,1,15,302,0,302,0,0,0,0,0,140,140,162,162,78
"7722",21,"[15]HcHuGnJHqKHqaIJ",281,0.97619,15,294,7,287,7,7,0,7,7,143,143,151,144,78
"7723",22,"[15]HcHuGnJHqKHqaIJ",301,1,15,300,0,300,0,0,0,0,0,141,141,159,159,78
"7724",23,"[15]HcHuGnJHqKHqaIJ",300,0.996678,15,301,1,300,1,1,0,1,1,151,151,150,149,78
"7725",24,"[15]HcHuGnJHqKHqaIJ",293,0.996599,15,294,1,293,1,1,0,1,1,138,138,156,155,78
"7726",25,"[15]HcHuGnJHqKHqaIJ",294,0.99661,15,295,1,294,1,1,0,1,1,129,129,166,165,78
"7727",26,"[15]HcHuGnJHqKHqaIJ",301,0.996689,15,302,1,301,1,1,0,1,1,158,158,144,143,78
"7728",27,"[15]HcHuGnJHqKHqaIJ",302,1,15,301,0,301,0,0,0,0,0,150,150,151,151,78
"7729",28,"[15]HcHuGnJHqKHqaIJ",302,1,15,301,0,301,0,0,0,0,0,152,152,149,149,78
"7730",29,"[15]HcHuGnJHqKHqaIJ",294,0.989967,15,299,3,296,3,3,0,3,3,154,154,145,142,78
"7731",30,"[15]HcHuGnJHqKHqaIJ",298,0.996656,15,299,1,298,1,1,0,1,1,143,143,156,155,78
"7732",31,"[15]HcHuGnJHqKHqaIJ",305,1,15,304,0,304,0,0,0,0,0,147,147,157,157,78
"7733",32,"[15]HcHuGnJHqKHqaIJ",301,0.993421,15,304,2,302,2,2,0,2,2,167,167,137,135,78
"7734",33,"[15]HcHuGnJHqKHqaIJ",292,0.989899,15,297,3,294,3,3,0,3,3,149,149,148,145,78
"7735",34,"[15]HcHuGnJHqKHqaIJ",302,1,15,301,0,301,0,0,0,0,0,146,146,155,155,78
"7736",35,"[15]HcHuGnJHqKHqaIJ",297,1,15,296,0,296,0,0,0,0,0,141,141,155,155,78
"7737",36,"[15]HcHuGnJHqKHqaIJ",297,1,15,296,0,296,0,0,0,0,0,136,136,160,160,78
"7738",37,"[15]HcHuGnJHqKHqaIJ",292,1,15,291,0,291,0,0,0,0,0,140,140,151,151,78
"7739",38,"[15]HcHuGnJHqKHqaIJ",293,0.993243,15,296,2,294,2,2,0,2,2,140,140,156,154,78
"7740",39,"[15]HcHuGnJHqKHqaIJ",289,0.996552,15,290,1,289,1,1,0,1,1,133,133,157,156,78
"7741",40,"[15]HcHuGnJHqKHqaIJ",286,1,15,285,0,285,0,0,0,0,0,121,121,164,164,78
"7742",41,"[15]HcHuGnJHqKHqaIJ",311,1,15,310,0,310,0,0,0,0,0,157,157,153,153,78
"7743",42,"[15]HcHuGnJHqKHqaIJ",298,1,15,297,0,297,0,0,0,0,0,140,140,157,157,78
"7744",43,"[15]HcHuGnJHqKHqaIJ",297,1,15,296,0,296,0,0,0,0,0,157,157,139,139,78
"7745",44,"[15]HcHuGnJHqKHqaIJ",291,0.996575,15,292,1,291,1,1,0,1,1,130,130,162,161,78
"7746",45,"[15]HcHuGnJHqKHqaIJ",304,1,15,303,0,303,0,0,0,0,0,166,166,137,137,78
"7747",46,"[15]HcHuGnJHqKHqaIJ",300,1,15,299,0,299,0,0,0,0,0,146,146,153,153,78
"7748",47,"[15]HcHuGnJHqKHqaIJ",307,1,15,306,0,306,0,0,0,0,0,158,158,148,148,78
"7749",48,"[15]HcHuGnJHqKHqaIJ",290,0.993174,15,293,2,291,2,2,0,2,2,145,145,148,146,78
"7750",49,"[15]HcHuGnJHqKHqaIJ",308,0.996764,15,309,1,308,1,1,0,1,1,166,166,143,142,78
"7751",50,"[15]HcHuGnJHqKHqaIJ",301,1,15,300,0,300,0,0,0,0,0,166,166,134,134,78
"7752",51,"[15]HcHuGnJHqKHqaIJ",303,1,15,302,0,302,0,0,0,0,0,152,152,150,150,78
"7753",52,"[15]HcHuGnJHqKHqaIJ",296,1,15,295,0,295,0,0,0,0,0,143,143,152,152,78
"7754",53,"[15]HcHuGnJHqKHqaIJ",289,0.993151,15,292,2,290,2,2,0,2,2,129,129,163,161,78
"7755",54,"[15]HcHuGnJHqKHqaIJ",274,0.97561,15,287,7,280,7,7,0,7,7,137,137,150,143,78
"7756",55,"[15]HcHuGnJHqKHqaIJ",286,0.983051,15,295,5,290,5,5,0,5,5,145,145,150,145,78
"7757",56,"[15]HcHuGnJHqKHqaIJ",305,0.996732,15,306,1,305,1,1,0,1,1,176,176,130,129,78
"7758",57,"[15]HcHuGnJHqKHqaIJ",287,0.986395,15,294,4,290,4,4,0,4,4,144,144,150,146,78
"7759",58,"[15]HcHuGnJHqKHqaIJ",301,1,15,300,0,300,0,0,0,0,0,158,158,142,142,78
"7760",59,"[15]HcHuGnJHqKHqaIJ",292,0.989899,15,297,3,294,3,3,0,3,3,153,153,144,141,78
"7761",60,"[15]HcHuGnJHqKHqaIJ",305,1,15,304,0,304,0,0,0,0,0,170,170,134,134,78
"7762",61,"[15]HcHuGnJHqKHqaIJ",293,1,15,292,0,292,0,0,0,0,0,125,125,167,167,78
"7763",62,"[15]HcHuGnJHqKHqaIJ",293,0.996599,15,294,1,293,1,1,0,1,1,137,137,157,156,78
"7764",63,"[15]HcHuGnJHqKHqaIJ",289,0.989796,15,294,3,291,3,3,0,3,3,138,138,156,153,78
"7765",64,"[15]HcHuGnJHqKHqaIJ",300,1,15,299,0,299,0,0,0,0,0,155,155,144,144,78
"7766",65,"[15]HcHuGnJHqKHqaIJ",303,0.996711,15,304,1,303,1,1,0,1,1,155,155,149,148,78
"7767",66,"[15]HcHuGnJHqKHqaIJ",294,0.989967,15,299,3,296,3,3,0,3,3,156,156,143,140,78
"7768",67,"[15]HcHuGnJHqKHqaIJ",297,1,15,296,0,296,0,0,0,0,0,149,149,147,147,78
"7769",68,"[15]HcHuGnJHqKHqaIJ",283,0.993007,15,286,2,284,2,2,0,2,2,122,122,164,162,78
"7770",69,"[15]HcHuGnJHqKHqaIJ",298,1,15,297,0,297,0,0,0,0,0,143,143,154,154,78
"7771",70,"[15]HcHuGnJHqKHqaIJ",302,1,15,301,0,301,0,0,0,0,0,154,154,147,147,78
"7772",71,"[15]HcHuGnJHqKHqaIJ",303,0.993464,15,306,2,304,2,2,0,2,2,159,159,147,145,78
"7773",72,"[15]HcHuGnJHqKHqaIJ",298,0.996656,15,299,1,298,1,1,0,1,1,153,153,146,145,78
"7774",73,"[15]HcHuGnJHqKHqaIJ",311,1,15,310,0,310,0,0,0,0,0,163,163,147,147,78
"7775",74,"[15]HcHuGnJHqKHqaIJ",302,0.9967,15,303,1,302,1,1,0,1,1,150,150,153,152,78
"7776",75,"[15]HcHuGnJHqKHqaIJ",300,1,15,299,0,299,0,0,0,0,0,149,149,150,150,78
"7777",76,"[15]HcHuGnJHqKHqaIJ",295,1,15,294,0,294,0,0,0,0,0,136,136,158,158,78
"7778",77,"[15]HcHuGnJHqKHqaIJ",295,1,15,294,0,294,0,0,0,0,0,150,150,144,144,78
"7779",78,"[15]HcHuGnJHqKHqaIJ",297,0.986842,15,304,4,300,4,4,0,4,4,163,163,141,137,78
"7780",79,"[15]HcHuGnJHqKHqaIJ",293,1,15,292,0,292,0,0,0,0,0,122,122,170,170,78
"7781",80,"[15]HcHuGnJHqKHqaIJ",295,1,15,294,0,294,0,0,0,0,0,141,141,153,153,78
"7782",81,"[15]HcHuGnJHqKHqaIJ",299,1,15,298,0,298,0,0,0,0,0,145,145,153,153,78
"7783",82,"[15]HcHuGnJHqKHqaIJ",292,0.996587,15,293,1,292,1,1,0,1,1,142,142,151,150,78
"7784",83,"[15]HcHuGnJHqKHqaIJ",304,0.996721,15,305,1,304,1,1,0,1,1,160,160,145,144,78
"7785",84,"[15]HcHuGnJHqKHqaIJ",286,0.989691,15,291,3,288,3,3,0,3,3,136,136,155,152,78
"7786",85,"[15]HcHuGnJHqKHqaIJ",291,0.996575,15,292,1,291,1,1,0,1,1,143,143,149,148,78
"7787",86,"[15]HcHuGnJHqKHqaIJ",299,0.996667,15,300,1,299,1,1,0,1,1,155,155,145,144,78
"7788",87,"[15]HcHuGnJHqKHqaIJ",297,0.993333,15,300,2,298,2,2,0,2,2,147,147,153,151,78
"7789",88,"[15]HcHuGnJHqKHqaIJ",289,0.989796,15,294,3,291,3,3,0,3,3,152,152,142,139,78
"7790",89,"[15]HcHuGnJHqKHqaIJ",299,1,15,298,0,298,0,0,0,0,0,142,142,156,156,78
"7791",90,"[15]HcHuGnJHqKHqaIJ",291,0.996575,15,292,1,291,1,1,0,1,1,143,143,149,148,78
"7792",91,"[15]HcHuGnJHqKHqaIJ",296,0.996633,15,297,1,296,1,1,0,1,1,147,147,150,149,78
"7793",92,"[15]HcHuGnJHqKHqaIJ",307,1,15,306,0,306,0,0,0,0,0,172,172,134,134,78
"7794",93,"[15]HcHuGnJHqKHqaIJ",299,0.996667,15,300,1,299,1,1,0,1,1,149,149,151,150,78
"7795",94,"[15]HcHuGnJHqKHqaIJ",300,0.990164,15,305,3,302,3,3,0,3,3,158,158,147,144,78
"7796",95,"[15]HcHuGnJHqKHqaIJ",293,1,15,292,0,292,0,0,0,0,0,127,127,165,165,78
"7797",96,"[15]HcHuGnJHqKHqaIJ",291,0.996575,15,292,1,291,1,1,0,1,1,137,137,155,154,78
"7798",97,"[15]HcHuGnJHqKHqaIJ",291,1,15,290,0,290,0,0,0,0,0,128,128,162,162,78
"7799",98,"[15]HcHuGnJHqKHqaIJ",298,1,15,297,0,297,0,0,0,0,0,147,147,150,150,78
"7800",99,"[15]HcHuGnJHqKHqaIJ",294,0.99661,15,295,1,294,1,1,0,1,1,131,131,164,163,78
"7801",0,"[15]HcHtGnJHqKHqaIJ",304,0.996721,15,305,1,304,1,1,0,1,1,157,157,148,147,79
"7802",1,"[15]HcHtGnJHqKHqaIJ",289,0.983221,15,298,5,293,5,5,0,5,5,153,153,145,140,79
"7803",2,"[15]HcHtGnJHqKHqaIJ",298,0.996656,15,299,1,298,1,1,0,1,1,151,151,148,147,79
"7804",3,"[15]HcHtGnJHqKHqaIJ",293,1,15,292,0,292,0,0,0,0,0,128,128,164,164,79
"7805",4,"[15]HcHtGnJHqKHqaIJ",294,0.989967,15,299,3,296,3,3,0,3,3,152,152,147,144,79
"7806",5,"[15]HcHtGnJHqKHqaIJ",286,0.99308,15,289,2,287,2,2,0,2,2,134,134,155,153,79
"7807",6,"[15]HcHtGnJHqKHqaIJ",301,1,15,300,0,300,0,0,0,0,0,157,157,143,143,79
"7808",7,"[15]HcHtGnJHqKHqaIJ",298,1,15,297,0,297,0,0,0,0,0,154,154,143,143,79
"7809",8,"[15]HcHtGnJHqKHqaIJ",295,0.996622,15,296,1,295,1,1,0,1,1,141,141,155,154,79
"7810",9,"[15]HcHtGnJHqKHqaIJ",303,1,15,302,0,302,0,0,0,0,0,148,148,154,154,79
"7811",10,"[15]HcHtGnJHqKHqaIJ",295,0.993289,15,298,2,296,2,2,0,2,2,143,143,155,153,79
"7812",11,"[15]HcHtGnJHqKHqaIJ",312,0.996805,15,313,1,312,1,1,0,1,1,173,173,140,139,79
"7813",12,"[15]HcHtGnJHqKHqaIJ",297,1,15,296,0,296,0,0,0,0,0,141,141,155,155,79
"7814",13,"[15]HcHtGnJHqKHqaIJ",295,1,15,294,0,294,0,0,0,0,0,143,143,151,151,79
"7815",14,"[15]HcHtGnJHqKHqaIJ",309,1,15,308,0,308,0,0,0,0,0,167,167,141,141,79
"7816",15,"[15]HcHtGnJHqKHqaIJ",295,1,15,294,0,294,0,0,0,0,0,136,136,158,158,79
"7817",16,"[15]HcHtGnJHqKHqaIJ",305,1,15,304,0,304,0,0,0,0,0,154,154,150,150,79
"7818",17,"[15]HcHtGnJHqKHqaIJ",298,0.993355,15,301,2,299,2,2,0,2,2,153,153,148,146,79
"7819",18,"[15]HcHtGnJHqKHqaIJ",305,1,15,304,0,304,0,0,0,0,0,159,159,145,145,79
"7820",19,"[15]HcHtGnJHqKHqaIJ",287,0.983108,15,296,5,291,5,5,0,5,5,148,148,148,143,79
"7821",20,"[15]HcHtGnJHqKHqaIJ",297,1,15,296,0,296,0,0,0,0,0,141,141,155,155,79
"7822",21,"[15]HcHtGnJHqKHqaIJ",296,0.996633,15,297,1,296,1,1,0,1,1,148,148,149,148,79
"7823",22,"[15]HcHtGnJHqKHqaIJ",297,1,15,296,0,296,0,0,0,0,0,150,150,146,146,79
"7824",23,"[15]HcHtGnJHqKHqaIJ",290,0.993174,15,293,2,291,2,2,0,2,2,145,145,148,146,79
"7825",24,"[15]HcHtGnJHqKHqaIJ",301,0.996689,15,302,1,301,1,1,0,1,1,160,160,142,141,79
"7826",25,"[15]HcHtGnJHqKHqaIJ",300,1,15,299,0,299,0,0,0,0,0,157,157,142,142,79
"7827",26,"[15]HcHtGnJHqKHqaIJ",301,1,15,300,0,300,0,0,0,0,0,156,156,144,144,79
"7828",27,"[15]HcHtGnJHqKHqaIJ",303,1,15,302,0,302,0,0,0,0,0,148,148,154,154,79
"7829",28,"[15]HcHtGnJHqKHqaIJ",283,0.993007,15,286,2,284,2,2,0,2,2,124,124,162,160,79
"7830",29,"[15]HcHtGnJHqKHqaIJ",293,0.996599,15,294,1,293,1,1,0,1,1,142,142,152,151,79
"7831",30,"[15]HcHtGnJHqKHqaIJ",297,1,15,296,0,296,0,0,0,0,0,134,134,162,162,79
"7832",31,"[15]HcHtGnJHqKHqaIJ",299,1,15,298,0,298,0,0,0,0,0,146,146,152,152,79
"7833",32,"[15]HcHtGnJHqKHqaIJ",299,0.996667,15,300,1,299,1,1,0,1,1,159,159,141,140,79
"7834",33,"[15]HcHtGnJHqKHqaIJ",294,1,15,293,0,293,0,0,0,0,0,141,141,152,152,79
"7835",34,"[15]HcHtGnJHqKHqaIJ",290,0.996564,15,291,1,290,1,1,0,1,1,134,134,157,156,79
"7836",35,"[15]HcHtGnJHqKHqaIJ",297,0.996644,15,298,1,297,1,1,0,1,1,146,146,152,151,79
"7837",36,"[15]HcHtGnJHqKHqaIJ",281,0.979452,15,292,6,286,6,6,0,6,6,137,137,155,149,79
"7838",37,"[15]HcHtGnJHqKHqaIJ",304,0.996721,15,305,1,304,1,1,0,1,1,142,142,163,162,79
"7839",38,"[15]HcHtGnJHqKHqaIJ",303,1,15,302,0,302,0,0,0,0,0,153,153,149,149,79
"7840",39,"[15]HcHtGnJHqKHqaIJ",299,0.996667,15,300,1,299,1,1,0,1,1,156,156,144,143,79
"7841",40,"[15]HcHtGnJHqKHqaIJ",288,0.989761,15,293,3,290,3,3,0,3,3,143,143,150,147,79
"7842",41,"[15]HcHtGnJHqKHqaIJ",290,0.989831,15,295,3,292,3,3,0,3,3,141,141,154,151,79
"7843",42,"[15]HcHtGnJHqKHqaIJ",301,1,15,300,0,300,0,0,0,0,0,161,161,139,139,79
"7844",43,"[15]HcHtGnJHqKHqaIJ",296,1,15,295,0,295,0,0,0,0,0,136,136,159,159,79
"7845",44,"[15]HcHtGnJHqKHqaIJ",301,0.993421,15,304,2,302,2,2,0,2,2,160,160,144,142,79
"7846",45,"[15]HcHtGnJHqKHqaIJ",299,1,15,298,0,298,0,0,0,0,0,147,147,151,151,79
"7847",46,"[15]HcHtGnJHqKHqaIJ",291,0.993197,15,294,2,292,2,2,0,2,2,142,142,152,150,79
"7848",47,"[15]HcHtGnJHqKHqaIJ",303,1,15,302,0,302,0,0,0,0,0,157,157,145,145,79
"7849",48,"[15]HcHtGnJHqKHqaIJ",298,1,15,297,0,297,0,0,0,0,0,149,149,148,148,79
"7850",49,"[15]HcHtGnJHqKHqaIJ",307,1,15,306,0,306,0,0,0,0,0,173,173,133,133,79
"7851",50,"[15]HcHtGnJHqKHqaIJ",293,0.993243,15,296,2,294,2,2,0,2,2,145,145,151,149,79
"7852",51,"[15]HcHtGnJHqKHqaIJ",306,0.996743,15,307,1,306,1,1,0,1,1,160,160,147,146,79
"7853",52,"[15]HcHtGnJHqKHqaIJ",301,1,15,300,0,300,0,0,0,0,0,154,154,146,146,79
"7854",53,"[15]HcHtGnJHqKHqaIJ",308,1,15,307,0,307,0,0,0,0,0,149,149,158,158,79
"7855",54,"[15]HcHtGnJHqKHqaIJ",297,0.993333,15,300,2,298,2,2,0,2,2,138,138,162,160,79
"7856",55,"[15]HcHtGnJHqKHqaIJ",297,1,15,296,0,296,0,0,0,0,0,144,144,152,152,79
"7857",56,"[15]HcHtGnJHqKHqaIJ",293,0.986667,15,300,4,296,4,4,0,4,4,152,152,148,144,79
"7858",57,"[15]HcHtGnJHqKHqaIJ",299,1,15,298,0,298,0,0,0,0,0,156,156,142,142,79
"7859",58,"[15]HcHtGnJHqKHqaIJ",304,0.990291,15,309,3,306,3,3,0,3,3,171,171,138,135,79
"7860",59,"[15]HcHtGnJHqKHqaIJ",300,1,15,299,0,299,0,0,0,0,0,151,151,148,148,79
"7861",60,"[15]HcHtGnJHqKHqaIJ",301,1,15,300,0,300,0,0,0,0,0,154,154,146,146,79
"7862",61,"[15]HcHtGnJHqKHqaIJ",293,0.993243,15,296,2,294,2,2,0,2,2,151,151,145,143,79
"7863",62,"[15]HcHtGnJHqKHqaIJ",303,1,15,302,0,302,0,0,0,0,0,150,150,152,152,79
"7864",63,"[15]HcHtGnJHqKHqaIJ",301,1,15,300,0,300,0,0,0,0,0,140,140,160,160,79
"7865",64,"[15]HcHtGnJHqKHqaIJ",307,1,15,306,0,306,0,0,0,0,0,170,170,136,136,79
"7866",65,"[15]HcHtGnJHqKHqaIJ",302,1,15,301,0,301,0,0,0,0,0,160,160,141,141,79
"7867",66,"[15]HcHtGnJHqKHqaIJ",291,0.989865,15,296,3,293,3,3,0,3,3,141,141,155,152,79
"7868",67,"[15]HcHtGnJHqKHqaIJ",301,1,15,300,0,300,0,0,0,0,0,159,159,141,141,79
"7869",68,"[15]HcHtGnJHqKHqaIJ",295,0.996622,15,296,1,295,1,1,0,1,1,148,148,148,147,79
"7870",69,"[15]HcHtGnJHqKHqaIJ",307,1,15,306,0,306,0,0,0,0,0,176,176,130,130,79
"7871",70,"[15]HcHtGnJHqKHqaIJ",293,0.996599,15,294,1,293,1,1,0,1,1,143,143,151,150,79
"7872",71,"[15]HcHtGnJHqKHqaIJ",299,1,15,298,0,298,0,0,0,0,0,148,148,150,150,79
"7873",72,"[15]HcHtGnJHqKHqaIJ",291,0.989865,15,296,3,293,3,3,0,3,3,156,156,140,137,79
"7874",73,"[15]HcHtGnJHqKHqaIJ",303,0.99026,15,308,3,305,3,3,0,3,3,163,163,145,142,79
"7875",74,"[15]HcHtGnJHqKHqaIJ",306,0.996743,15,307,1,306,1,1,0,1,1,174,174,133,132,79
"7876",75,"[15]HcHtGnJHqKHqaIJ",285,0.989655,15,290,3,287,3,3,0,3,3,144,144,146,143,79
"7877",76,"[15]HcHtGnJHqKHqaIJ",291,1,15,290,0,290,0,0,0,0,0,133,133,157,157,79
"7878",77,"[15]HcHtGnJHqKHqaIJ",297,1,15,296,0,296,0,0,0,0,0,145,145,151,151,79
"7879",78,"[15]HcHtGnJHqKHqaIJ",307,1,15,306,0,306,0,0,0,0,0,152,152,154,154,79
"7880",79,"[15]HcHtGnJHqKHqaIJ",305,1,15,304,0,304,0,0,0,0,0,149,149,155,155,79
"7881",80,"[15]HcHtGnJHqKHqaIJ",294,0.99661,15,295,1,294,1,1,0,1,1,139,139,156,155,79
"7882",81,"[15]HcHtGnJHqKHqaIJ",295,0.993289,15,298,2,296,2,2,0,2,2,161,161,137,135,79
"7883",82,"[15]HcHtGnJHqKHqaIJ",303,1,15,302,0,302,0,0,0,0,0,148,148,154,154,79
"7884",83,"[15]HcHtGnJHqKHqaIJ",299,1,15,298,0,298,0,0,0,0,0,138,138,160,160,79
"7885",84,"[15]HcHtGnJHqKHqaIJ",294,1,15,293,0,293,0,0,0,0,0,137,137,156,156,79
"7886",85,"[15]HcHtGnJHqKHqaIJ",300,1,15,299,0,299,0,0,0,0,0,155,155,144,144,79
"7887",86,"[15]HcHtGnJHqKHqaIJ",299,0.993377,15,302,2,300,2,2,0,2,2,161,161,141,139,79
"7888",87,"[15]HcHtGnJHqKHqaIJ",307,0.996753,15,308,1,307,1,1,0,1,1,163,163,145,144,79
"7889",88,"[15]HcHtGnJHqKHqaIJ",302,1,15,301,0,301,0,0,0,0,0,159,159,142,142,79
"7890",89,"[15]HcHtGnJHqKHqaIJ",298,1,15,297,0,297,0,0,0,0,0,139,139,158,158,79
"7891",90,"[15]HcHtGnJHqKHqaIJ",302,1,15,301,0,301,0,0,0,0,0,148,148,153,153,79
"7892",91,"[15]HcHtGnJHqKHqaIJ",299,0.996667,15,300,1,299,1,1,0,1,1,155,155,145,144,79
"7893",92,"[15]HcHtGnJHqKHqaIJ",300,0.996678,15,301,1,300,1,1,0,1,1,154,154,147,146,79
"7894",93,"[15]HcHtGnJHqKHqaIJ",294,0.993266,15,297,2,295,2,2,0,2,2,134,134,163,161,79
"7895",94,"[15]HcHtGnJHqKHqaIJ",303,1,15,302,0,302,0,0,0,0,0,144,144,158,158,79
"7896",95,"[15]HcHtGnJHqKHqaIJ",297,0.996644,15,298,1,297,1,1,0,1,1,147,147,151,150,79
"7897",96,"[15]HcHtGnJHqKHqaIJ",297,0.993333,15,300,2,298,2,2,0,2,2,161,161,139,137,79
"7898",97,"[15]HcHtGnJHqKHqaIJ",291,0.996575,15,292,1,291,1,1,0,1,1,140,140,152,151,79
"7899",98,"[15]HcHtGnJHqKHqaIJ",296,0.996633,15,297,1,296,1,1,0,1,1,140,140,157,156,79
"7900",99,"[15]HcHtGnJHqKHqaIJ",280,0.982699,15,289,5,284,5,5,0,5,5,128,128,161,156,79
"7901",0,"[16]HBHsGnJHqKHqaIJA",297,0.996644,16,298,1,297,1,1,0,1,1,141,141,157,156,80
"7902",1,"[16]HBHsGnJHqKHqaIJA",302,1,16,301,0,301,0,0,0,0,0,167,167,134,134,80
"7903",2,"[16]HBHsGnJHqKHqaIJA",302,1,16,301,0,301,0,0,0,0,0,152,152,149,149,80
"7904",3,"[16]HBHsGnJHqKHqaIJA",293,0.993243,16,296,2,294,2,2,0,2,2,144,144,152,150,80
"7905",4,"[16]HBHsGnJHqKHqaIJA",300,1,16,299,0,299,0,0,0,0,0,152,152,147,147,80
"7906",5,"[16]HBHsGnJHqKHqaIJA",304,1,16,303,0,303,0,0,0,0,0,156,156,147,147,80
"7907",6,"[16]HBHsGnJHqKHqaIJA",292,0.996587,16,293,1,292,1,1,0,1,1,138,138,155,154,80
"7908",7,"[16]HBHsGnJHqKHqaIJA",309,1,16,308,0,308,0,0,0,0,0,152,152,156,156,80
"7909",8,"[16]HBHsGnJHqKHqaIJA",304,0.996721,16,305,1,304,1,1,0,1,1,154,154,151,150,80
"7910",9,"[16]HBHsGnJHqKHqaIJA",307,0.996753,16,308,1,307,1,1,0,1,1,161,161,147,146,80
"7911",10,"[16]HBHsGnJHqKHqaIJA",307,1,16,306,0,306,0,0,0,0,0,164,164,142,142,80
"7912",11,"[16]HBHsGnJHqKHqaIJA",301,1,16,300,0,300,0,0,0,0,0,153,153,147,147,80
"7913",12,"[16]HBHsGnJHqKHqaIJA",290,0.989831,16,295,3,292,3,3,0,3,3,144,144,151,148,80
"7914",13,"[16]HBHsGnJHqKHqaIJA",293,0.996599,16,294,1,293,1,1,0,1,1,138,138,156,155,80
"7915",14,"[16]HBHsGnJHqKHqaIJA",301,0.996689,16,302,1,301,1,1,0,1,1,160,160,142,141,80
"7916",15,"[16]HBHsGnJHqKHqaIJA",291,0.996575,16,292,1,291,1,1,0,1,1,145,145,147,146,80
"7917",16,"[16]HBHsGnJHqKHqaIJA",304,1,16,303,0,303,0,0,0,0,0,156,156,147,147,80
"7918",17,"[16]HBHsGnJHqKHqaIJA",288,0.989761,16,293,3,290,3,3,0,3,3,144,144,149,146,80
"7919",18,"[16]HBHsGnJHqKHqaIJA",289,0.993151,16,292,2,290,2,2,0,2,2,133,133,159,157,80
"7920",19,"[16]HBHsGnJHqKHqaIJA",305,1,16,304,0,304,0,0,0,0,0,150,150,154,154,80
"7921",20,"[16]HBHsGnJHqKHqaIJA",304,1,16,303,0,303,0,0,0,0,0,162,162,141,141,80
"7922",21,"[16]HBHsGnJHqKHqaIJA",289,0.993151,16,292,2,290,2,2,0,2,2,141,141,151,149,80
"7923",22,"[16]HBHsGnJHqKHqaIJA",299,0.993377,16,302,2,300,2,2,0,2,2,158,158,144,142,80
"7924",23,"[16]HBHsGnJHqKHqaIJA",285,0.993056,16,288,2,286,2,2,0,2,2,128,128,160,158,80
"7925",24,"[16]HBHsGnJHqKHqaIJA",299,0.993377,16,302,2,300,2,2,0,2,2,148,148,154,152,80
"7926",25,"[16]HBHsGnJHqKHqaIJA",299,1,16,298,0,298,0,0,0,0,0,156,156,142,142,80
"7927",26,"[16]HBHsGnJHqKHqaIJA",289,0.986486,16,296,4,292,4,4,0,4,4,138,138,158,154,80
"7928",27,"[16]HBHsGnJHqKHqaIJA",286,1,16,285,0,285,0,0,0,0,0,125,125,160,160,80
"7929",28,"[16]HBHsGnJHqKHqaIJA",292,0.996587,16,293,1,292,1,1,0,1,1,136,136,157,156,80
"7930",29,"[16]HBHsGnJHqKHqaIJA",301,1,16,300,0,300,0,0,0,0,0,150,150,150,150,80
"7931",30,"[16]HBHsGnJHqKHqaIJA",299,0.996667,16,300,1,299,1,1,0,1,1,150,150,150,149,80
"7932",31,"[16]HBHsGnJHqKHqaIJA",289,1,16,288,0,288,0,0,0,0,0,126,126,162,162,80
"7933",32,"[16]HBHsGnJHqKHqaIJA",303,1,16,302,0,302,0,0,0,0,0,158,158,144,144,80
"7934",33,"[16]HBHsGnJHqKHqaIJA",275,0.989286,16,280,3,277,3,3,0,3,3,123,123,157,154,80
"7935",34,"[16]HBHsGnJHqKHqaIJA",300,0.996678,16,301,1,300,1,1,0,1,1,153,153,148,147,80
"7936",35,"[16]HBHsGnJHqKHqaIJA",295,1,16,294,0,294,0,0,0,0,0,131,131,163,163,80
"7937",36,"[16]HBHsGnJHqKHqaIJA",295,0.996622,16,296,1,295,1,1,0,1,1,152,152,144,143,80
"7938",37,"[16]HBHsGnJHqKHqaIJA",301,1,16,300,0,300,0,0,0,0,0,154,154,146,146,80
"7939",38,"[16]HBHsGnJHqKHqaIJA",280,0.979381,16,291,6,285,6,6,0,6,6,144,144,147,141,80
"7940",39,"[16]HBHsGnJHqKHqaIJA",289,0.996552,16,290,1,289,1,1,0,1,1,133,133,157,156,80
"7941",40,"[16]HBHsGnJHqKHqaIJA",293,0.993243,16,296,2,294,2,2,0,2,2,147,147,149,147,80
"7942",41,"[16]HBHsGnJHqKHqaIJA",290,1,16,289,0,289,0,0,0,0,0,135,135,154,154,80
"7943",42,"[16]HBHsGnJHqKHqaIJA",300,0.993399,16,303,2,301,2,2,0,2,2,163,163,140,138,80
"7944",43,"[16]HBHsGnJHqKHqaIJA",305,1,16,304,0,304,0,0,0,0,0,153,153,151,151,80
"7945",44,"[16]HBHsGnJHqKHqaIJA",292,0.99322,16,295,2,293,2,2,0,2,2,142,142,153,151,80
"7946",45,"[16]HBHsGnJHqKHqaIJA",295,0.996622,16,296,1,295,1,1,0,1,1,147,147,149,148,80
"7947",46,"[16]HBHsGnJHqKHqaIJA",302,1,16,301,0,301,0,0,0,0,0,142,142,159,159,80
"7948",47,"[16]HBHsGnJHqKHqaIJA",292,1,16,291,0,291,0,0,0,0,0,137,137,154,154,80
"7949",48,"[16]HBHsGnJHqKHqaIJA",288,1,16,287,0,287,0,0,0,0,0,129,129,158,158,80
"7950",49,"[16]HBHsGnJHqKHqaIJA",286,0.983051,16,295,5,290,5,5,0,5,5,139,139,156,151,80
"7951",50,"[16]HBHsGnJHqKHqaIJA",298,0.990099,16,303,3,300,3,3,0,3,3,152,152,151,148,80
"7952",51,"[16]HBHsGnJHqKHqaIJA",290,0.986532,16,297,4,293,4,4,0,4,4,155,155,142,138,80
"7953",52,"[16]HBHsGnJHqKHqaIJA",310,1,16,309,0,309,0,0,0,0,0,158,158,151,151,80
"7954",53,"[16]HBHsGnJHqKHqaIJA",279,0.982639,16,288,5,283,5,5,0,5,5,135,135,153,148,80
"7955",54,"[16]HBHsGnJHqKHqaIJA",298,1,16,297,0,297,0,0,0,0,0,146,146,151,151,80
"7956",55,"[16]HBHsGnJHqKHqaIJA",296,1,16,295,0,295,0,0,0,0,0,135,135,160,160,80
"7957",56,"[16]HBHsGnJHqKHqaIJA",303,0.996711,16,304,1,303,1,1,0,1,1,157,157,147,146,80
"7958",57,"[16]HBHsGnJHqKHqaIJA",292,0.99322,16,295,2,293,2,2,0,2,2,144,144,151,149,80
"7959",58,"[16]HBHsGnJHqKHqaIJA",292,0.996587,16,293,1,292,1,1,0,1,1,141,141,152,151,80
"7960",59,"[16]HBHsGnJHqKHqaIJA",303,0.993464,16,306,2,304,2,2,0,2,2,152,152,154,152,80
"7961",60,"[16]HBHsGnJHqKHqaIJA",306,1,16,305,0,305,0,0,0,0,0,161,161,144,144,80
"7962",61,"[16]HBHsGnJHqKHqaIJA",284,0.982935,16,293,5,288,5,5,0,5,5,147,147,146,141,80
"7963",62,"[16]HBHsGnJHqKHqaIJA",299,1,16,298,0,298,0,0,0,0,0,161,161,137,137,80
"7964",63,"[16]HBHsGnJHqKHqaIJA",302,0.993443,16,305,2,303,2,2,0,2,2,152,152,153,151,80
"7965",64,"[16]HBHsGnJHqKHqaIJA",300,1,16,299,0,299,0,0,0,0,0,141,141,158,158,80
"7966",65,"[16]HBHsGnJHqKHqaIJA",299,1,16,298,0,298,0,0,0,0,0,160,160,138,138,80
"7967",66,"[16]HBHsGnJHqKHqaIJA",286,0.989691,16,291,3,288,3,3,0,3,3,152,152,139,136,80
"7968",67,"[16]HBHsGnJHqKHqaIJA",288,0.993127,16,291,2,289,2,2,0,2,2,137,137,154,152,80
"7969",68,"[16]HBHsGnJHqKHqaIJA",296,0.993311,16,299,2,297,2,2,0,2,2,152,152,147,145,80
"7970",69,"[16]HBHsGnJHqKHqaIJA",307,1,16,306,0,306,0,0,0,0,0,160,160,146,146,80
"7971",70,"[16]HBHsGnJHqKHqaIJA",292,1,16,291,0,291,0,0,0,0,0,131,131,160,160,80
"7972",71,"[16]HBHsGnJHqKHqaIJA",300,1,16,299,0,299,0,0,0,0,0,142,142,157,157,80
"7973",72,"[16]HBHsGnJHqKHqaIJA",296,0.993311,16,299,2,297,2,2,0,2,2,154,154,145,143,80
"7974",73,"[16]HBHsGnJHqKHqaIJA",301,1,16,300,0,300,0,0,0,0,0,159,159,141,141,80
"7975",74,"[16]HBHsGnJHqKHqaIJA",300,0.996678,16,301,1,300,1,1,0,1,1,153,153,148,147,80
"7976",75,"[16]HBHsGnJHqKHqaIJA",290,1,16,289,0,289,0,0,0,0,0,138,138,151,151,80
"7977",76,"[16]HBHsGnJHqKHqaIJA",296,1,16,295,0,295,0,0,0,0,0,138,138,157,157,80
"7978",77,"[16]HBHsGnJHqKHqaIJA",297,0.996644,16,298,1,297,1,1,0,1,1,147,147,151,150,80
"7979",78,"[16]HBHsGnJHqKHqaIJA",298,1,16,297,0,297,0,0,0,0,0,139,139,158,158,80
"7980",79,"[16]HBHsGnJHqKHqaIJA",291,0.993197,16,294,2,292,2,2,0,2,2,147,147,147,145,80
"7981",80,"[16]HBHsGnJHqKHqaIJA",302,1,16,301,0,301,0,0,0,0,0,161,161,140,140,80
"7982",81,"[16]HBHsGnJHqKHqaIJA",306,0.996743,16,307,1,306,1,1,0,1,1,160,160,147,146,80
"7983",82,"[16]HBHsGnJHqKHqaIJA",283,0.979592,16,294,6,288,6,6,0,6,6,144,144,150,144,80
"7984",83,"[16]HBHsGnJHqKHqaIJA",299,1,16,298,0,298,0,0,0,0,0,133,133,165,165,80
"7985",84,"[16]HBHsGnJHqKHqaIJA",283,0.989583,16,288,3,285,3,3,0,3,3,138,138,150,147,80
"7986",85,"[16]HBHsGnJHqKHqaIJA",291,1,16,290,0,290,0,0,0,0,0,126,126,164,164,80
"7987",86,"[16]HBHsGnJHqKHqaIJA",283,0.986207,16,290,4,286,4,4,0,4,4,137,137,153,149,80
"7988",87,"[16]HBHsGnJHqKHqaIJA",305,1,16,304,0,304,0,0,0,0,0,159,159,145,145,80
"7989",88,"[16]HBHsGnJHqKHqaIJA",290,0.993174,16,293,2,291,2,2,0,2,2,153,153,140,138,80
"7990",89,"[16]HBHsGnJHqKHqaIJA",302,1,16,301,0,301,0,0,0,0,0,151,151,150,150,80
"7991",90,"[16]HBHsGnJHqKHqaIJA",298,0.993355,16,301,2,299,2,2,0,2,2,156,156,145,143,80
"7992",91,"[16]HBHsGnJHqKHqaIJA",296,1,16,295,0,295,0,0,0,0,0,150,150,145,145,80
"7993",92,"[16]HBHsGnJHqKHqaIJA",300,1,16,299,0,299,0,0,0,0,0,138,138,161,161,80
"7994",93,"[16]HBHsGnJHqKHqaIJA",289,0.989796,16,294,3,291,3,3,0,3,3,132,132,162,159,80
"7995",94,"[16]HBHsGnJHqKHqaIJA",281,0.982759,16,290,5,285,5,5,0,5,5,136,136,154,149,80
"7996",95,"[16]HBHsGnJHqKHqaIJA",297,0.993333,16,300,2,298,2,2,0,2,2,143,143,157,155,80
"7997",96,"[16]HBHsGnJHqKHqaIJA",294,1,16,293,0,293,0,0,0,0,0,141,141,152,152,80
"7998",97,"[16]HBHsGnJHqKHqaIJA",298,0.996656,16,299,1,298,1,1,0,1,1,154,154,145,144,80
"7999",98,"[16]HBHsGnJHqKHqaIJA",303,1,16,302,0,302,0,0,0,0,0,151,151,151,151,80
"8000",99,"[16]HBHsGnJHqKHqaIJA",299,1,16,298,0,298,0,0,0,0,0,139,139,159,159,80
"8001",0,"[17]HBbHuGnJHqKHqaIJb",305,1,17,304,0,304,0,0,0,0,0,160,160,144,144,81
"8002",1,"[17]HBbHuGnJHqKHqaIJb",301,1,17,300,0,300,0,0,0,0,0,156,156,144,144,81
"8003",2,"[17]HBbHuGnJHqKHqaIJb",282,0.976271,17,295,7,288,7,7,0,7,7,159,159,136,129,81
"8004",3,"[17]HBbHuGnJHqKHqaIJb",289,0.993151,17,292,2,290,2,2,0,2,2,138,138,154,152,81
"8005",4,"[17]HBbHuGnJHqKHqaIJb",285,0.986301,17,292,4,288,4,4,0,4,4,150,150,142,138,81
"8006",5,"[17]HBbHuGnJHqKHqaIJb",298,1,17,297,0,297,0,0,0,0,0,142,142,155,155,81
"8007",6,"[17]HBbHuGnJHqKHqaIJb",297,1,17,296,0,296,0,0,0,0,0,143,143,153,153,81
"8008",7,"[17]HBbHuGnJHqKHqaIJb",291,0.989865,17,296,3,293,3,3,0,3,3,148,148,148,145,81
"8009",8,"[17]HBbHuGnJHqKHqaIJb",299,0.996667,17,300,1,299,1,1,0,1,1,155,155,145,144,81
"8010",9,"[17]HBbHuGnJHqKHqaIJb",308,1,17,307,0,307,0,0,0,0,0,156,156,151,151,81
"8011",10,"[17]HBbHuGnJHqKHqaIJb",304,0.996721,17,305,1,304,1,1,0,1,1,157,157,148,147,81
"8012",11,"[17]HBbHuGnJHqKHqaIJb",296,1,17,295,0,295,0,0,0,0,0,140,140,155,155,81
"8013",12,"[17]HBbHuGnJHqKHqaIJb",299,0.996667,17,300,1,299,1,1,0,1,1,148,148,152,151,81
"8014",13,"[17]HBbHuGnJHqKHqaIJb",292,0.996587,17,293,1,292,1,1,0,1,1,146,146,147,146,81
"8015",14,"[17]HBbHuGnJHqKHqaIJb",299,1,17,298,0,298,0,0,0,0,0,141,141,157,157,81
"8016",15,"[17]HBbHuGnJHqKHqaIJb",297,0.996644,17,298,1,297,1,1,0,1,1,147,147,151,150,81
"8017",16,"[17]HBbHuGnJHqKHqaIJb",285,0.986301,17,292,4,288,4,4,0,4,4,144,144,148,144,81
"8018",17,"[17]HBbHuGnJHqKHqaIJb",304,1,17,303,0,303,0,0,0,0,0,155,155,148,148,81
"8019",18,"[17]HBbHuGnJHqKHqaIJb",301,1,17,300,0,300,0,0,0,0,0,164,164,136,136,81
"8020",19,"[17]HBbHuGnJHqKHqaIJb",302,1,17,301,0,301,0,0,0,0,0,147,147,154,154,81
"8021",20,"[17]HBbHuGnJHqKHqaIJb",296,0.996633,17,297,1,296,1,1,0,1,1,141,141,156,155,81
"8022",21,"[17]HBbHuGnJHqKHqaIJb",303,0.993464,17,306,2,304,2,2,0,2,2,162,162,144,142,81
"8023",22,"[17]HBbHuGnJHqKHqaIJb",303,1,17,302,0,302,0,0,0,0,0,150,150,152,152,81
"8024",23,"[17]HBbHuGnJHqKHqaIJb",301,1,17,300,0,300,0,0,0,0,0,148,148,152,152,81
"8025",24,"[17]HBbHuGnJHqKHqaIJb",296,0.993311,17,299,2,297,2,2,0,2,2,145,145,154,152,81
"8026",25,"[17]HBbHuGnJHqKHqaIJb",292,1,17,291,0,291,0,0,0,0,0,128,128,163,163,81
"8027",26,"[17]HBbHuGnJHqKHqaIJb",308,1,17,307,0,307,0,0,0,0,0,156,156,151,151,81
"8028",27,"[17]HBbHuGnJHqKHqaIJb",294,0.986711,17,301,4,297,4,4,0,4,4,149,149,152,148,81
"8029",28,"[17]HBbHuGnJHqKHqaIJb",303,1,17,302,0,302,0,0,0,0,0,148,148,154,154,81
"8030",29,"[17]HBbHuGnJHqKHqaIJb",297,1,17,296,0,296,0,0,0,0,0,130,130,166,166,81
"8031",30,"[17]HBbHuGnJHqKHqaIJb",305,0.996732,17,306,1,305,1,1,0,1,1,155,155,151,150,81
"8032",31,"[17]HBbHuGnJHqKHqaIJb",304,0.996721,17,305,1,304,1,1,0,1,1,160,160,145,144,81
"8033",32,"[17]HBbHuGnJHqKHqaIJb",289,0.986486,17,296,4,292,4,4,0,4,4,149,149,147,143,81
"8034",33,"[17]HBbHuGnJHqKHqaIJb",306,1,17,305,0,305,0,0,0,0,0,153,153,152,152,81
"8035",34,"[17]HBbHuGnJHqKHqaIJb",296,1,17,295,0,295,0,0,0,0,0,136,136,159,159,81
"8036",35,"[17]HBbHuGnJHqKHqaIJb",293,0.996599,17,294,1,293,1,1,0,1,1,134,134,160,159,81
"8037",36,"[17]HBbHuGnJHqKHqaIJb",287,0.989726,17,292,3,289,3,3,0,3,3,148,148,144,141,81
"8038",37,"[17]HBbHuGnJHqKHqaIJb",298,1,17,297,0,297,0,0,0,0,0,141,141,156,156,81
"8039",38,"[17]HBbHuGnJHqKHqaIJb",298,0.996656,17,299,1,298,1,1,0,1,1,146,146,153,152,81
"8040",39,"[17]HBbHuGnJHqKHqaIJb",304,1,17,303,0,303,0,0,0,0,0,164,164,139,139,81
"8041",40,"[17]HBbHuGnJHqKHqaIJb",281,0.986111,17,288,4,284,4,4,0,4,4,130,130,158,154,81
"8042",41,"[17]HBbHuGnJHqKHqaIJb",285,0.986301,17,292,4,288,4,4,0,4,4,141,141,151,147,81
"8043",42,"[17]HBbHuGnJHqKHqaIJb",290,0.996564,17,291,1,290,1,1,0,1,1,135,135,156,155,81
"8044",43,"[17]HBbHuGnJHqKHqaIJb",304,0.996721,17,305,1,304,1,1,0,1,1,160,160,145,144,81
"8045",44,"[17]HBbHuGnJHqKHqaIJb",299,1,17,298,0,298,0,0,0,0,0,147,147,151,151,81
"8046",45,"[17]HBbHuGnJHqKHqaIJb",300,1,17,299,0,299,0,0,0,0,0,145,145,154,154,81
"8047",46,"[17]HBbHuGnJHqKHqaIJb",285,0.986301,17,292,4,288,4,4,0,4,4,148,148,144,140,81
"8048",47,"[17]HBbHuGnJHqKHqaIJb",299,0.996667,17,300,1,299,1,1,0,1,1,149,149,151,150,81
"8049",48,"[17]HBbHuGnJHqKHqaIJb",299,0.996667,17,300,1,299,1,1,0,1,1,150,150,150,149,81
"8050",49,"[17]HBbHuGnJHqKHqaIJb",293,0.993243,17,296,2,294,2,2,0,2,2,147,147,149,147,81
"8051",50,"[17]HBbHuGnJHqKHqaIJb",297,0.996644,17,298,1,297,1,1,0,1,1,147,147,151,150,81
"8052",51,"[17]HBbHuGnJHqKHqaIJb",296,0.993311,17,299,2,297,2,2,0,2,2,160,160,139,137,81
"8053",52,"[17]HBbHuGnJHqKHqaIJb",305,1,17,304,0,304,0,0,0,0,0,167,167,137,137,81
"8054",53,"[17]HBbHuGnJHqKHqaIJb",299,0.996667,17,300,1,299,1,1,0,1,1,145,145,155,154,81
"8055",54,"[17]HBbHuGnJHqKHqaIJb",290,1,17,289,0,289,0,0,0,0,0,138,138,151,151,81
"8056",55,"[17]HBbHuGnJHqKHqaIJb",298,0.996656,17,299,1,298,1,1,0,1,1,147,147,152,151,81
"8057",56,"[17]HBbHuGnJHqKHqaIJb",300,1,17,299,0,299,0,0,0,0,0,151,151,148,148,81
"8058",57,"[17]HBbHuGnJHqKHqaIJb",298,0.996656,17,299,1,298,1,1,0,1,1,145,145,154,153,81
"8059",58,"[17]HBbHuGnJHqKHqaIJb",280,0.989474,17,285,3,282,3,3,0,3,3,131,131,154,151,81
"8060",59,"[17]HBbHuGnJHqKHqaIJb",305,0.996732,17,306,1,305,1,1,0,1,1,160,160,146,145,81
"8061",60,"[17]HBbHuGnJHqKHqaIJb",293,0.993243,17,296,2,294,2,2,0,2,2,134,134,162,160,81
"8062",61,"[17]HBbHuGnJHqKHqaIJb",302,1,17,301,0,301,0,0,0,0,0,141,141,160,160,81
"8063",62,"[17]HBbHuGnJHqKHqaIJb",302,1,17,301,0,301,0,0,0,0,0,152,152,149,149,81
"8064",63,"[17]HBbHuGnJHqKHqaIJb",293,0.993243,17,296,2,294,2,2,0,2,2,152,152,144,142,81
"8065",64,"[17]HBbHuGnJHqKHqaIJb",276,0.982456,17,285,5,280,5,5,0,5,5,125,125,160,155,81
"8066",65,"[17]HBbHuGnJHqKHqaIJb",305,0.996732,17,306,1,305,1,1,0,1,1,161,161,145,144,81
"8067",66,"[17]HBbHuGnJHqKHqaIJb",291,0.989865,17,296,3,293,3,3,0,3,3,147,147,149,146,81
"8068",67,"[17]HBbHuGnJHqKHqaIJb",290,0.989831,17,295,3,292,3,3,0,3,3,150,150,145,142,81
"8069",68,"[17]HBbHuGnJHqKHqaIJb",306,1,17,305,0,305,0,0,0,0,0,162,162,143,143,81
"8070",69,"[17]HBbHuGnJHqKHqaIJb",302,0.9967,17,303,1,302,1,1,0,1,1,157,157,146,145,81
"8071",70,"[17]HBbHuGnJHqKHqaIJb",296,0.990033,17,301,3,298,3,3,0,3,3,159,159,142,139,81
"8072",71,"[17]HBbHuGnJHqKHqaIJb",300,0.993399,17,303,2,301,2,2,0,2,2,165,165,138,136,81
"8073",72,"[17]HBbHuGnJHqKHqaIJb",308,1,17,307,0,307,0,0,0,0,0,156,156,151,151,81
"8074",73,"[17]HBbHuGnJHqKHqaIJb",293,0.996599,17,294,1,293,1,1,0,1,1,139,139,155,154,81
"8075",74,"[17]HBbHuGnJHqKHqaIJb",298,0.996656,17,299,1,298,1,1,0,1,1,148,148,151,150,81
"8076",75,"[17]HBbHuGnJHqKHqaIJb",297,0.993333,17,300,2,298,2,2,0,2,2,149,149,151,149,81
"8077",76,"[17]HBbHuGnJHqKHqaIJb",289,1,17,288,0,288,0,0,0,0,0,121,121,167,167,81
"8078",77,"[17]HBbHuGnJHqKHqaIJb",295,1,17,294,0,294,0,0,0,0,0,150,150,144,144,81
"8079",78,"[17]HBbHuGnJHqKHqaIJb",286,0.983051,17,295,5,290,5,5,0,5,5,150,150,145,140,81
"8080",79,"[17]HBbHuGnJHqKHqaIJb",300,1,17,299,0,299,0,0,0,0,0,158,158,141,141,81
"8081",80,"[17]HBbHuGnJHqKHqaIJb",303,1,17,302,0,302,0,0,0,0,0,145,145,157,157,81
"8082",81,"[17]HBbHuGnJHqKHqaIJb",291,1,17,290,0,290,0,0,0,0,0,130,130,160,160,81
"8083",82,"[17]HBbHuGnJHqKHqaIJb",301,1,17,300,0,300,0,0,0,0,0,142,142,158,158,81
"8084",83,"[17]HBbHuGnJHqKHqaIJb",290,1,17,289,0,289,0,0,0,0,0,127,127,162,162,81
"8085",84,"[17]HBbHuGnJHqKHqaIJb",290,0.996564,17,291,1,290,1,1,0,1,1,126,126,165,164,81
"8086",85,"[17]HBbHuGnJHqKHqaIJb",299,1,17,298,0,298,0,0,0,0,0,143,143,155,155,81
"8087",86,"[17]HBbHuGnJHqKHqaIJb",295,0.993289,17,298,2,296,2,2,0,2,2,147,147,151,149,81
"8088",87,"[17]HBbHuGnJHqKHqaIJb",300,1,17,299,0,299,0,0,0,0,0,152,152,147,147,81
"8089",88,"[17]HBbHuGnJHqKHqaIJb",308,1,17,307,0,307,0,0,0,0,0,164,164,143,143,81
"8090",89,"[17]HBbHuGnJHqKHqaIJb",297,1,17,296,0,296,0,0,0,0,0,140,140,156,156,81
"8091",90,"[17]HBbHuGnJHqKHqaIJb",303,0.996711,17,304,1,303,1,1,0,1,1,163,163,141,140,81
"8092",91,"[17]HBbHuGnJHqKHqaIJb",295,0.996622,17,296,1,295,1,1,0,1,1,138,138,158,157,81
"8093",92,"[17]HBbHuGnJHqKHqaIJb",300,0.996678,17,301,1,300,1,1,0,1,1,155,155,146,145,81
"8094",93,"[17]HBbHuGnJHqKHqaIJb",296,1,17,295,0,295,0,0,0,0,0,138,138,157,157,81
"8095",94,"[17]HBbHuGnJHqKHqaIJb",294,0.99661,17,295,1,294,1,1,0,1,1,145,145,150,149,81
"8096",95,"[17]HBbHuGnJHqKHqaIJb",304,1,17,303,0,303,0,0,0,0,0,161,161,142,142,81
"8097",96,"[17]HBbHuGnJHqKHqaIJb",302,1,17,301,0,301,0,0,0,0,0,153,153,148,148,81
"8098",97,"[17]HBbHuGnJHqKHqaIJb",296,1,17,295,0,295,0,0,0,0,0,158,158,137,137,81
"8099",98,"[17]HBbHuGnJHqKHqaIJb",295,1,17,294,0,294,0,0,0,0,0,146,146,148,148,81
"8100",99,"[17]HBbHuGnJHqKHqaIJb",301,0.996689,17,302,1,301,1,1,0,1,1,167,167,135,134,81
"8101",0,"[20]HBrHssnJHqGKHqaIsdJw",308,1,20,307,0,307,0,0,0,0,0,147,147,160,160,82
"8102",1,"[20]HBrHssnJHqGKHqaIsdJw",282,0.973064,20,297,8,289,8,8,0,8,8,154,154,143,135,82
"8103",2,"[20]HBrHssnJHqGKHqaIsdJw",328,1,20,327,0,327,0,0,0,0,0,174,174,153,153,82
"8104",3,"[20]HBrHssnJHqGKHqaIsdJw",312,0.996805,20,313,1,312,1,1,0,1,1,158,158,155,154,82
"8105",4,"[20]HBrHssnJHqGKHqaIsdJw",322,1,20,321,0,321,0,0,0,0,0,164,164,157,157,82
"8106",5,"[20]HBrHssnJHqGKHqaIsdJw",302,0.993443,20,305,2,303,2,2,0,2,2,144,144,161,159,82
"8107",6,"[20]HBrHssnJHqGKHqaIsdJw",316,0.996845,20,317,1,316,1,1,0,1,1,162,162,155,154,82
"8108",7,"[20]HBrHssnJHqGKHqaIsdJw",328,1,20,327,0,327,0,0,0,0,0,180,180,147,147,82
"8109",8,"[20]HBrHssnJHqGKHqaIsdJw",302,0.9967,20,303,1,302,1,1,0,1,1,141,141,162,161,82
"8110",9,"[20]HBrHssnJHqGKHqaIsdJw",306,0.990354,20,311,3,308,3,3,0,3,3,153,153,158,155,82
"8111",10,"[20]HBrHssnJHqGKHqaIsdJw",311,0.993631,20,314,2,312,2,2,0,2,2,161,161,153,151,82
"8112",11,"[20]HBrHssnJHqGKHqaIsdJw",307,0.996753,20,308,1,307,1,1,0,1,1,147,147,161,160,82
"8113",12,"[20]HBrHssnJHqGKHqaIsdJw",314,1,20,313,0,313,0,0,0,0,0,160,160,153,153,82
"8114",13,"[20]HBrHssnJHqGKHqaIsdJw",315,0.996835,20,316,1,315,1,1,0,1,1,167,167,149,148,82
"8115",14,"[20]HBrHssnJHqGKHqaIsdJw",302,0.9967,20,303,1,302,1,1,0,1,1,140,140,163,162,82
"8116",15,"[20]HBrHssnJHqGKHqaIsdJw",310,0.996785,20,311,1,310,1,1,0,1,1,153,153,158,157,82
"8117",16,"[20]HBrHssnJHqGKHqaIsdJw",313,0.996815,20,314,1,313,1,1,0,1,1,163,163,151,150,82
"8118",17,"[20]HBrHssnJHqGKHqaIsdJw",292,0.986622,20,299,4,295,4,4,0,4,4,148,148,151,147,82
"8119",18,"[20]HBrHssnJHqGKHqaIsdJw",310,1,20,309,0,309,0,0,0,0,0,150,150,159,159,82
"8120",19,"[20]HBrHssnJHqGKHqaIsdJw",310,1,20,309,0,309,0,0,0,0,0,145,145,164,164,82
"8121",20,"[20]HBrHssnJHqGKHqaIsdJw",301,0.993421,20,304,2,302,2,2,0,2,2,144,144,160,158,82
"8122",21,"[20]HBrHssnJHqGKHqaIsdJw",317,0.996855,20,318,1,317,1,1,0,1,1,168,168,150,149,82
"8123",22,"[20]HBrHssnJHqGKHqaIsdJw",325,1,20,324,0,324,0,0,0,0,0,170,170,154,154,82
"8124",23,"[20]HBrHssnJHqGKHqaIsdJw",319,0.993789,20,322,2,320,2,2,0,2,2,176,176,146,144,82
"8125",24,"[20]HBrHssnJHqGKHqaIsdJw",320,1,20,319,0,319,0,0,0,0,0,166,166,153,153,82
"8126",25,"[20]HBrHssnJHqGKHqaIsdJw",311,1,20,310,0,310,0,0,0,0,0,149,149,161,161,82
"8127",26,"[20]HBrHssnJHqGKHqaIsdJw",320,0.996885,20,321,1,320,1,1,0,1,1,175,175,146,145,82
"8128",27,"[20]HBrHssnJHqGKHqaIsdJw",311,0.993631,20,314,2,312,2,2,0,2,2,156,156,158,156,82
"8129",28,"[20]HBrHssnJHqGKHqaIsdJw",303,1,20,302,0,302,0,0,0,0,0,136,136,166,166,82
"8130",29,"[20]HBrHssnJHqGKHqaIsdJw",311,1,20,310,0,310,0,0,0,0,0,145,145,165,165,82
"8131",30,"[20]HBrHssnJHqGKHqaIsdJw",310,0.99361,20,313,2,311,2,2,0,2,2,156,156,157,155,82
"8132",31,"[20]HBrHssnJHqGKHqaIsdJw",316,0.996845,20,317,1,316,1,1,0,1,1,163,163,154,153,82
"8133",32,"[20]HBrHssnJHqGKHqaIsdJw",309,0.99359,20,312,2,310,2,2,0,2,2,160,160,152,150,82
"8134",33,"[20]HBrHssnJHqGKHqaIsdJw",294,0.986711,20,301,4,297,4,4,0,4,4,137,137,164,160,82
"8135",34,"[20]HBrHssnJHqGKHqaIsdJw",309,0.99359,20,312,2,310,2,2,0,2,2,156,156,156,154,82
"8136",35,"[20]HBrHssnJHqGKHqaIsdJw",308,1,20,307,0,307,0,0,0,0,0,139,139,168,168,82
"8137",36,"[20]HBrHssnJHqGKHqaIsdJw",316,0.996845,20,317,1,316,1,1,0,1,1,169,169,148,147,82
"8138",37,"[20]HBrHssnJHqGKHqaIsdJw",297,0.986842,20,304,4,300,4,4,0,4,4,149,149,155,151,82
"8139",38,"[20]HBrHssnJHqGKHqaIsdJw",292,0.980198,20,303,6,297,6,6,0,6,6,148,148,155,149,82
"8140",39,"[20]HBrHssnJHqGKHqaIsdJw",313,0.996815,20,314,1,313,1,1,0,1,1,162,162,152,151,82
"8141",40,"[20]HBrHssnJHqGKHqaIsdJw",316,1,20,315,0,315,0,0,0,0,0,161,161,154,154,82
"8142",41,"[20]HBrHssnJHqGKHqaIsdJw",306,0.98722,20,313,4,309,4,4,0,4,4,159,159,154,150,82
"8143",42,"[20]HBrHssnJHqGKHqaIsdJw",325,1,20,324,0,324,0,0,0,0,0,171,171,153,153,82
"8144",43,"[20]HBrHssnJHqGKHqaIsdJw",305,0.993506,20,308,2,306,2,2,0,2,2,151,151,157,155,82
"8145",44,"[20]HBrHssnJHqGKHqaIsdJw",315,1,20,314,0,314,0,0,0,0,0,153,153,161,161,82
"8146",45,"[20]HBrHssnJHqGKHqaIsdJw",302,0.9967,20,303,1,302,1,1,0,1,1,132,132,171,170,82
"8147",46,"[20]HBrHssnJHqGKHqaIsdJw",316,1,20,315,0,315,0,0,0,0,0,156,156,159,159,82
"8148",47,"[20]HBrHssnJHqGKHqaIsdJw",300,0.996678,20,301,1,300,1,1,0,1,1,135,135,166,165,82
"8149",48,"[20]HBrHssnJHqGKHqaIsdJw",311,0.993631,20,314,2,312,2,2,0,2,2,155,155,159,157,82
"8150",49,"[20]HBrHssnJHqGKHqaIsdJw",323,1,20,322,0,322,0,0,0,0,0,171,171,151,151,82
"8151",50,"[20]HBrHssnJHqGKHqaIsdJw",324,1,20,323,0,323,0,0,0,0,0,165,165,158,158,82
"8152",51,"[20]HBrHssnJHqGKHqaIsdJw",315,0.996835,20,316,1,315,1,1,0,1,1,162,162,154,153,82
"8153",52,"[20]HBrHssnJHqGKHqaIsdJw",314,1,20,313,0,313,0,0,0,0,0,148,148,165,165,82
"8154",53,"[20]HBrHssnJHqGKHqaIsdJw",324,1,20,323,0,323,0,0,0,0,0,175,175,148,148,82
"8155",54,"[20]HBrHssnJHqGKHqaIsdJw",319,1,20,318,0,318,0,0,0,0,0,164,164,154,154,82
"8156",55,"[20]HBrHssnJHqGKHqaIsdJw",313,0.996815,20,314,1,313,1,1,0,1,1,162,162,152,151,82
"8157",56,"[20]HBrHssnJHqGKHqaIsdJw",314,1,20,313,0,313,0,0,0,0,0,151,151,162,162,82
"8158",57,"[20]HBrHssnJHqGKHqaIsdJw",314,1,20,313,0,313,0,0,0,0,0,154,154,159,159,82
"8159",58,"[20]HBrHssnJHqGKHqaIsdJw",310,1,20,309,0,309,0,0,0,0,0,143,143,166,166,82
"8160",59,"[20]HBrHssnJHqGKHqaIsdJw",318,1,20,317,0,317,0,0,0,0,0,161,161,156,156,82
"8161",60,"[20]HBrHssnJHqGKHqaIsdJw",311,1,20,310,0,310,0,0,0,0,0,147,147,163,163,82
"8162",61,"[20]HBrHssnJHqGKHqaIsdJw",305,0.993506,20,308,2,306,2,2,0,2,2,156,156,152,150,82
"8163",62,"[20]HBrHssnJHqGKHqaIsdJw",309,0.984277,20,318,5,313,5,5,0,5,5,176,176,142,137,82
"8164",63,"[20]HBrHssnJHqGKHqaIsdJw",322,1,20,321,0,321,0,0,0,0,0,169,169,152,152,82
"8165",64,"[20]HBrHssnJHqGKHqaIsdJw",317,1,20,316,0,316,0,0,0,0,0,157,157,159,159,82
"8166",65,"[20]HBrHssnJHqGKHqaIsdJw",313,0.996815,20,314,1,313,1,1,0,1,1,159,159,155,154,82
"8167",66,"[20]HBrHssnJHqGKHqaIsdJw",309,1,20,308,0,308,0,0,0,0,0,144,144,164,164,82
"8168",67,"[20]HBrHssnJHqGKHqaIsdJw",314,0.996825,20,315,1,314,1,1,0,1,1,160,160,155,154,82
"8169",68,"[20]HBrHssnJHqGKHqaIsdJw",288,0.983165,20,297,5,292,5,5,0,5,5,140,140,157,152,82
"8170",69,"[20]HBrHssnJHqGKHqaIsdJw",314,1,20,313,0,313,0,0,0,0,0,153,153,160,160,82
"8171",70,"[20]HBrHssnJHqGKHqaIsdJw",314,1,20,313,0,313,0,0,0,0,0,153,153,160,160,82
"8172",71,"[20]HBrHssnJHqGKHqaIsdJw",309,0.996774,20,310,1,309,1,1,0,1,1,155,155,155,154,82
"8173",72,"[20]HBrHssnJHqGKHqaIsdJw",325,1,20,324,0,324,0,0,0,0,0,168,168,156,156,82
"8174",73,"[20]HBrHssnJHqGKHqaIsdJw",308,0.996764,20,309,1,308,1,1,0,1,1,151,151,158,157,82
"8175",74,"[20]HBrHssnJHqGKHqaIsdJw",314,1,20,313,0,313,0,0,0,0,0,153,153,160,160,82
"8176",75,"[20]HBrHssnJHqGKHqaIsdJw",316,1,20,315,0,315,0,0,0,0,0,159,159,156,156,82
"8177",76,"[20]HBrHssnJHqGKHqaIsdJw",327,1,20,326,0,326,0,0,0,0,0,180,180,146,146,82
"8178",77,"[20]HBrHssnJHqGKHqaIsdJw",305,1,20,304,0,304,0,0,0,0,0,133,133,171,171,82
"8179",78,"[20]HBrHssnJHqGKHqaIsdJw",316,1,20,315,0,315,0,0,0,0,0,158,158,157,157,82
"8180",79,"[20]HBrHssnJHqGKHqaIsdJw",293,0.989933,20,298,3,295,3,3,0,3,3,136,136,162,159,82
"8181",80,"[20]HBrHssnJHqGKHqaIsdJw",330,1,20,329,0,329,0,0,0,0,0,170,170,159,159,82
"8182",81,"[20]HBrHssnJHqGKHqaIsdJw",304,0.993485,20,307,2,305,2,2,0,2,2,147,147,160,158,82
"8183",82,"[20]HBrHssnJHqGKHqaIsdJw",316,0.996845,20,317,1,316,1,1,0,1,1,169,169,148,147,82
"8184",83,"[20]HBrHssnJHqGKHqaIsdJw",319,0.996875,20,320,1,319,1,1,0,1,1,174,174,146,145,82
"8185",84,"[20]HBrHssnJHqGKHqaIsdJw",318,1,20,317,0,317,0,0,0,0,0,165,165,152,152,82
"8186",85,"[20]HBrHssnJHqGKHqaIsdJw",307,0.993548,20,310,2,308,2,2,0,2,2,150,150,160,158,82
"8187",86,"[20]HBrHssnJHqGKHqaIsdJw",313,1,20,312,0,312,0,0,0,0,0,153,153,159,159,82
"8188",87,"[20]HBrHssnJHqGKHqaIsdJw",304,0.996721,20,305,1,304,1,1,0,1,1,138,138,167,166,82
"8189",88,"[20]HBrHssnJHqGKHqaIsdJw",307,0.987261,20,314,4,310,4,4,0,4,4,166,166,148,144,82
"8190",89,"[20]HBrHssnJHqGKHqaIsdJw",305,0.987179,20,312,4,308,4,4,0,4,4,160,160,152,148,82
"8191",90,"[20]HBrHssnJHqGKHqaIsdJw",318,1,20,317,0,317,0,0,0,0,0,159,159,158,158,82
"8192",91,"[20]HBrHssnJHqGKHqaIsdJw",326,1,20,325,0,325,0,0,0,0,0,173,173,152,152,82
"8193",92,"[20]HBrHssnJHqGKHqaIsdJw",318,0.996865,20,319,1,318,1,1,0,1,1,170,170,149,148,82
"8194",93,"[20]HBrHssnJHqGKHqaIsdJw",316,1,20,315,0,315,0,0,0,0,0,159,159,156,156,82
"8195",94,"[20]HBrHssnJHqGKHqaIsdJw",316,1,20,315,0,315,0,0,0,0,0,158,158,157,157,82
"8196",95,"[20]HBrHssnJHqGKHqaIsdJw",315,1,20,314,0,314,0,0,0,0,0,160,160,154,154,82
"8197",96,"[20]HBrHssnJHqGKHqaIsdJw",286,0.973422,20,301,8,293,8,8,0,8,8,155,155,146,138,82
"8198",97,"[20]HBrHssnJHqGKHqaIsdJw",303,1,20,302,0,302,0,0,0,0,0,135,135,167,167,82
"8199",98,"[20]HBrHssnJHqGKHqaIsdJw",316,1,20,315,0,315,0,0,0,0,0,156,156,159,159,82
"8200",99,"[20]HBrHssnJHqGKHqaIsdJw",319,1,20,318,0,318,0,0,0,0,0,164,164,154,154,82
"8201",0,"[19]HclHvGnJHqKHqaIkJde",293,1,19,292,0,292,0,0,0,0,0,133,133,159,159,83
"8202",1,"[19]HclHvGnJHqKHqaIkJde",292,0.99322,19,295,2,293,2,2,0,2,2,145,145,150,148,83
"8203",2,"[19]HclHvGnJHqKHqaIkJde",302,1,19,301,0,301,0,0,0,0,0,154,154,147,147,83
"8204",3,"[19]HclHvGnJHqKHqaIkJde",286,0.989691,19,291,3,288,3,3,0,3,3,146,146,145,142,83
"8205",4,"[19]HclHvGnJHqKHqaIkJde",291,0.993197,19,294,2,292,2,2,0,2,2,148,148,146,144,83
"8206",5,"[19]HclHvGnJHqKHqaIkJde",285,0.993056,19,288,2,286,2,2,0,2,2,130,130,158,156,83
"8207",6,"[19]HclHvGnJHqKHqaIkJde",301,1,19,300,0,300,0,0,0,0,0,152,152,148,148,83
"8208",7,"[19]HclHvGnJHqKHqaIkJde",296,0.996633,19,297,1,296,1,1,0,1,1,145,145,152,151,83
"8209",8,"[19]HclHvGnJHqKHqaIkJde",295,1,19,294,0,294,0,0,0,0,0,149,149,145,145,83
"8210",9,"[19]HclHvGnJHqKHqaIkJde",308,1,19,307,0,307,0,0,0,0,0,166,166,141,141,83
"8211",10,"[19]HclHvGnJHqKHqaIkJde",296,0.996633,19,297,1,296,1,1,0,1,1,145,145,152,151,83
"8212",11,"[19]HclHvGnJHqKHqaIkJde",300,1,19,299,0,299,0,0,0,0,0,149,149,150,150,83
"8213",12,"[19]HclHvGnJHqKHqaIkJde",295,1,19,294,0,294,0,0,0,0,0,143,143,151,151,83
"8214",13,"[19]HclHvGnJHqKHqaIkJde",289,0.996552,19,290,1,289,1,1,0,1,1,133,133,157,156,83
"8215",14,"[19]HclHvGnJHqKHqaIkJde",301,1,19,300,0,300,0,0,0,0,0,155,155,145,145,83
"8216",15,"[19]HclHvGnJHqKHqaIkJde",280,0.992933,19,283,2,281,2,2,0,2,2,125,125,158,156,83
"8217",16,"[19]HclHvGnJHqKHqaIkJde",304,1,19,303,0,303,0,0,0,0,0,165,165,138,138,83
"8218",17,"[19]HclHvGnJHqKHqaIkJde",283,0.982877,19,292,5,287,5,5,0,5,5,137,137,155,150,83
"8219",18,"[19]HclHvGnJHqKHqaIkJde",295,0.993289,19,298,2,296,2,2,0,2,2,150,150,148,146,83
"8220",19,"[19]HclHvGnJHqKHqaIkJde",288,0.989761,19,293,3,290,3,3,0,3,3,138,138,155,152,83
"8221",20,"[19]HclHvGnJHqKHqaIkJde",290,0.993174,19,293,2,291,2,2,0,2,2,141,141,152,150,83
"8222",21,"[19]HclHvGnJHqKHqaIkJde",286,1,19,285,0,285,0,0,0,0,0,128,128,157,157,83
"8223",22,"[19]HclHvGnJHqKHqaIkJde",291,0.993197,19,294,2,292,2,2,0,2,2,149,149,145,143,83
"8224",23,"[19]HclHvGnJHqKHqaIkJde",308,1,19,307,0,307,0,0,0,0,0,158,158,149,149,83
"8225",24,"[19]HclHvGnJHqKHqaIkJde",301,1,19,300,0,300,0,0,0,0,0,156,156,144,144,83
"8226",25,"[19]HclHvGnJHqKHqaIkJde",294,0.99661,19,295,1,294,1,1,0,1,1,146,146,149,148,83
"8227",26,"[19]HclHvGnJHqKHqaIkJde",288,0.989761,19,293,3,290,3,3,0,3,3,148,148,145,142,83
"8228",27,"[19]HclHvGnJHqKHqaIkJde",290,0.986532,19,297,4,293,4,4,0,4,4,151,151,146,142,83
"8229",28,"[19]HclHvGnJHqKHqaIkJde",291,0.993197,19,294,2,292,2,2,0,2,2,134,134,160,158,83
"8230",29,"[19]HclHvGnJHqKHqaIkJde",314,0.996825,19,315,1,314,1,1,0,1,1,169,169,146,145,83
"8231",30,"[19]HclHvGnJHqKHqaIkJde",303,1,19,302,0,302,0,0,0,0,0,159,159,143,143,83
"8232",31,"[19]HclHvGnJHqKHqaIkJde",297,1,19,296,0,296,0,0,0,0,0,145,145,151,151,83
"8233",32,"[19]HclHvGnJHqKHqaIkJde",285,0.996503,19,286,1,285,1,1,0,1,1,125,125,161,160,83
"8234",33,"[19]HclHvGnJHqKHqaIkJde",305,1,19,304,0,304,0,0,0,0,0,152,152,152,152,83
"8235",34,"[19]HclHvGnJHqKHqaIkJde",299,0.990132,19,304,3,301,3,3,0,3,3,163,163,141,138,83
"8236",35,"[19]HclHvGnJHqKHqaIkJde",307,1,19,306,0,306,0,0,0,0,0,156,156,150,150,83
"8237",36,"[19]HclHvGnJHqKHqaIkJde",301,1,19,300,0,300,0,0,0,0,0,150,150,150,150,83
"8238",37,"[19]HclHvGnJHqKHqaIkJde",284,0.986254,19,291,4,287,4,4,0,4,4,142,142,149,145,83
"8239",38,"[19]HclHvGnJHqKHqaIkJde",295,0.996622,19,296,1,295,1,1,0,1,1,150,150,146,145,83
"8240",39,"[19]HclHvGnJHqKHqaIkJde",286,0.989691,19,291,3,288,3,3,0,3,3,143,143,148,145,83
"8241",40,"[19]HclHvGnJHqKHqaIkJde",304,1,19,303,0,303,0,0,0,0,0,159,159,144,144,83
"8242",41,"[19]HclHvGnJHqKHqaIkJde",295,0.99,19,300,3,297,3,3,0,3,3,138,138,162,159,83
"8243",42,"[19]HclHvGnJHqKHqaIkJde",301,1,19,300,0,300,0,0,0,0,0,155,155,145,145,83
"8244",43,"[19]HclHvGnJHqKHqaIkJde",301,1,19,300,0,300,0,0,0,0,0,156,156,144,144,83
"8245",44,"[19]HclHvGnJHqKHqaIkJde",308,1,19,307,0,307,0,0,0,0,0,169,169,138,138,83
"8246",45,"[19]HclHvGnJHqKHqaIkJde",303,1,19,302,0,302,0,0,0,0,0,155,155,147,147,83
"8247",46,"[19]HclHvGnJHqKHqaIkJde",300,0.990164,19,305,3,302,3,3,0,3,3,162,162,143,140,83
"8248",47,"[19]HclHvGnJHqKHqaIkJde",299,0.996667,19,300,1,299,1,1,0,1,1,153,153,147,146,83
"8249",48,"[19]HclHvGnJHqKHqaIkJde",293,0.993243,19,296,2,294,2,2,0,2,2,145,145,151,149,83
"8250",49,"[19]HclHvGnJHqKHqaIkJde",310,1,19,309,0,309,0,0,0,0,0,158,158,151,151,83
"8251",50,"[19]HclHvGnJHqKHqaIkJde",300,1,19,299,0,299,0,0,0,0,0,153,153,146,146,83
"8252",51,"[19]HclHvGnJHqKHqaIkJde",298,0.993355,19,301,2,299,2,2,0,2,2,149,149,152,150,83
"8253",52,"[19]HclHvGnJHqKHqaIkJde",297,1,19,296,0,296,0,0,0,0,0,138,138,158,158,83
"8254",53,"[19]HclHvGnJHqKHqaIkJde",302,0.9967,19,303,1,302,1,1,0,1,1,152,152,151,150,83
"8255",54,"[19]HclHvGnJHqKHqaIkJde",301,0.996689,19,302,1,301,1,1,0,1,1,152,152,150,149,83
"8256",55,"[19]HclHvGnJHqKHqaIkJde",303,1,19,302,0,302,0,0,0,0,0,152,152,150,150,83
"8257",56,"[19]HclHvGnJHqKHqaIkJde",289,0.993151,19,292,2,290,2,2,0,2,2,145,145,147,145,83
"8258",57,"[19]HclHvGnJHqKHqaIkJde",289,0.986486,19,296,4,292,4,4,0,4,4,152,152,144,140,83
"8259",58,"[19]HclHvGnJHqKHqaIkJde",295,0.993289,19,298,2,296,2,2,0,2,2,155,155,143,141,83
"8260",59,"[19]HclHvGnJHqKHqaIkJde",301,1,19,300,0,300,0,0,0,0,0,151,151,149,149,83
"8261",60,"[19]HclHvGnJHqKHqaIkJde",287,0.996528,19,288,1,287,1,1,0,1,1,134,134,154,153,83
"8262",61,"[19]HclHvGnJHqKHqaIkJde",280,0.982699,19,289,5,284,5,5,0,5,5,137,137,152,147,83
"8263",62,"[19]HclHvGnJHqKHqaIkJde",306,1,19,305,0,305,0,0,0,0,0,161,161,144,144,83
"8264",63,"[19]HclHvGnJHqKHqaIkJde",297,0.993333,19,300,2,298,2,2,0,2,2,153,153,147,145,83
"8265",64,"[19]HclHvGnJHqKHqaIkJde",293,0.996599,19,294,1,293,1,1,0,1,1,143,143,151,150,83
"8266",65,"[19]HclHvGnJHqKHqaIkJde",294,0.99661,19,295,1,294,1,1,0,1,1,142,142,153,152,83
"8267",66,"[19]HclHvGnJHqKHqaIkJde",298,0.993355,19,301,2,299,2,2,0,2,2,147,147,154,152,83
"8268",67,"[19]HclHvGnJHqKHqaIkJde",310,0.996785,19,311,1,310,1,1,0,1,1,177,177,134,133,83
"8269",68,"[19]HclHvGnJHqKHqaIkJde",289,0.993151,19,292,2,290,2,2,0,2,2,147,147,145,143,83
"8270",69,"[19]HclHvGnJHqKHqaIkJde",303,1,19,302,0,302,0,0,0,0,0,153,153,149,149,83
"8271",70,"[19]HclHvGnJHqKHqaIkJde",298,1,19,297,0,297,0,0,0,0,0,148,148,149,149,83
"8272",71,"[19]HclHvGnJHqKHqaIkJde",295,0.996622,19,296,1,295,1,1,0,1,1,148,148,148,147,83
"8273",72,"[19]HclHvGnJHqKHqaIkJde",298,1,19,297,0,297,0,0,0,0,0,144,144,153,153,83
"8274",73,"[19]HclHvGnJHqKHqaIkJde",284,0.979661,19,295,6,289,6,6,0,6,6,150,150,145,139,83
"8275",74,"[19]HclHvGnJHqKHqaIkJde",300,1,19,299,0,299,0,0,0,0,0,155,155,144,144,83
"8276",75,"[19]HclHvGnJHqKHqaIkJde",296,0.993311,19,299,2,297,2,2,0,2,2,160,160,139,137,83
"8277",76,"[19]HclHvGnJHqKHqaIkJde",300,1,19,299,0,299,0,0,0,0,0,151,151,148,148,83
"8278",77,"[19]HclHvGnJHqKHqaIkJde",303,1,19,302,0,302,0,0,0,0,0,143,143,159,159,83
"8279",78,"[19]HclHvGnJHqKHqaIkJde",297,1,19,296,0,296,0,0,0,0,0,136,136,160,160,83
"8280",79,"[19]HclHvGnJHqKHqaIkJde",296,0.996633,19,297,1,296,1,1,0,1,1,156,156,141,140,83
"8281",80,"[19]HclHvGnJHqKHqaIkJde",299,0.996667,19,300,1,299,1,1,0,1,1,150,150,150,149,83
"8282",81,"[19]HclHvGnJHqKHqaIkJde",288,0.99654,19,289,1,288,1,1,0,1,1,135,135,154,153,83
"8283",82,"[19]HclHvGnJHqKHqaIkJde",297,1,19,296,0,296,0,0,0,0,0,140,140,156,156,83
"8284",83,"[19]HclHvGnJHqKHqaIkJde",296,0.996633,19,297,1,296,1,1,0,1,1,143,143,154,153,83
"8285",84,"[19]HclHvGnJHqKHqaIkJde",301,1,19,300,0,300,0,0,0,0,0,149,149,151,151,83
"8286",85,"[19]HclHvGnJHqKHqaIkJde",303,0.996711,19,304,1,303,1,1,0,1,1,159,159,145,144,83
"8287",86,"[19]HclHvGnJHqKHqaIkJde",276,0.99639,19,277,1,276,1,1,0,1,1,111,111,166,165,83
"8288",87,"[19]HclHvGnJHqKHqaIkJde",302,1,19,301,0,301,0,0,0,0,0,167,167,134,134,83
"8289",88,"[19]HclHvGnJHqKHqaIkJde",293,1,19,292,0,292,0,0,0,0,0,136,136,156,156,83
"8290",89,"[19]HclHvGnJHqKHqaIkJde",297,1,19,296,0,296,0,0,0,0,0,150,150,146,146,83
"8291",90,"[19]HclHvGnJHqKHqaIkJde",290,0.996564,19,291,1,290,1,1,0,1,1,139,139,152,151,83
"8292",91,"[19]HclHvGnJHqKHqaIkJde",298,0.993355,19,301,2,299,2,2,0,2,2,152,152,149,147,83
"8293",92,"[19]HclHvGnJHqKHqaIkJde",293,1,19,292,0,292,0,0,0,0,0,133,133,159,159,83
"8294",93,"[19]HclHvGnJHqKHqaIkJde",303,1,19,302,0,302,0,0,0,0,0,145,145,157,157,83
"8295",94,"[19]HclHvGnJHqKHqaIkJde",293,0.993243,19,296,2,294,2,2,0,2,2,149,149,147,145,83
"8296",95,"[19]HclHvGnJHqKHqaIkJde",302,0.9967,19,303,1,302,1,1,0,1,1,154,154,149,148,83
"8297",96,"[19]HclHvGnJHqKHqaIkJde",299,0.993377,19,302,2,300,2,2,0,2,2,158,158,144,142,83
"8298",97,"[19]HclHvGnJHqKHqaIkJde",283,0.989583,19,288,3,285,3,3,0,3,3,138,138,150,147,83
"8299",98,"[19]HclHvGnJHqKHqaIkJde",294,0.99661,19,295,1,294,1,1,0,1,1,146,146,149,148,83
"8300",99,"[19]HclHvGnJHqKHqaIkJde",298,1,19,297,0,297,0,0,0,0,0,144,144,153,153,83
"8301",0,"[16]HBgHxGnJHqKHqaIJ",297,1,16,296,0,296,0,0,0,0,0,144,144,152,152,84
"8302",1,"[16]HBgHxGnJHqKHqaIJ",298,0.993355,16,301,2,299,2,2,0,2,2,160,160,141,139,84
"8303",2,"[16]HBgHxGnJHqKHqaIJ",292,1,16,291,0,291,0,0,0,0,0,133,133,158,158,84
"8304",3,"[16]HBgHxGnJHqKHqaIJ",293,0.993243,16,296,2,294,2,2,0,2,2,148,148,148,146,84
"8305",4,"[16]HBgHxGnJHqKHqaIJ",299,0.996667,16,300,1,299,1,1,0,1,1,152,152,148,147,84
"8306",5,"[16]HBgHxGnJHqKHqaIJ",270,0.965398,16,289,10,279,10,10,0,10,10,145,145,144,134,84
"8307",6,"[16]HBgHxGnJHqKHqaIJ",306,1,16,305,0,305,0,0,0,0,0,166,166,139,139,84
"8308",7,"[16]HBgHxGnJHqKHqaIJ",290,0.989831,16,295,3,292,3,3,0,3,3,143,143,152,149,84
"8309",8,"[16]HBgHxGnJHqKHqaIJ",300,1,16,299,0,299,0,0,0,0,0,144,144,155,155,84
"8310",9,"[16]HBgHxGnJHqKHqaIJ",299,0.996667,16,300,1,299,1,1,0,1,1,154,154,146,145,84
"8311",10,"[16]HBgHxGnJHqKHqaIJ",302,0.9967,16,303,1,302,1,1,0,1,1,154,154,149,148,84
"8312",11,"[16]HBgHxGnJHqKHqaIJ",307,0.996753,16,308,1,307,1,1,0,1,1,161,161,147,146,84
"8313",12,"[16]HBgHxGnJHqKHqaIJ",294,0.986711,16,301,4,297,4,4,0,4,4,164,164,137,133,84
"8314",13,"[16]HBgHxGnJHqKHqaIJ",289,0.989796,16,294,3,291,3,3,0,3,3,141,141,153,150,84
"8315",14,"[16]HBgHxGnJHqKHqaIJ",301,0.996689,16,302,1,301,1,1,0,1,1,149,149,153,152,84
"8316",15,"[16]HBgHxGnJHqKHqaIJ",301,0.996689,16,302,1,301,1,1,0,1,1,155,155,147,146,84
"8317",16,"[16]HBgHxGnJHqKHqaIJ",298,1,16,297,0,297,0,0,0,0,0,144,144,153,153,84
"8318",17,"[16]HBgHxGnJHqKHqaIJ",300,1,16,299,0,299,0,0,0,0,0,153,153,146,146,84
"8319",18,"[16]HBgHxGnJHqKHqaIJ",296,1,16,295,0,295,0,0,0,0,0,149,149,146,146,84
"8320",19,"[16]HBgHxGnJHqKHqaIJ",292,0.996587,16,293,1,292,1,1,0,1,1,135,135,158,157,84
"8321",20,"[16]HBgHxGnJHqKHqaIJ",293,0.986667,16,300,4,296,4,4,0,4,4,168,168,132,128,84
"8322",21,"[16]HBgHxGnJHqKHqaIJ",294,0.986711,16,301,4,297,4,4,0,4,4,156,156,145,141,84
"8323",22,"[16]HBgHxGnJHqKHqaIJ",298,1,16,297,0,297,0,0,0,0,0,150,150,147,147,84
"8324",23,"[16]HBgHxGnJHqKHqaIJ",276,0.979094,16,287,6,281,6,6,0,6,6,143,143,144,138,84
"8325",24,"[16]HBgHxGnJHqKHqaIJ",307,0.996753,16,308,1,307,1,1,0,1,1,160,160,148,147,84
"8326",25,"[16]HBgHxGnJHqKHqaIJ",310,0.99361,16,313,2,311,2,2,0,2,2,177,177,136,134,84
"8327",26,"[16]HBgHxGnJHqKHqaIJ",285,0.986301,16,292,4,288,4,4,0,4,4,143,143,149,145,84
"8328",27,"[16]HBgHxGnJHqKHqaIJ",287,0.993103,16,290,2,288,2,2,0,2,2,139,139,151,149,84
"8329",28,"[16]HBgHxGnJHqKHqaIJ",299,0.996667,16,300,1,299,1,1,0,1,1,147,147,153,152,84
"8330",29,"[16]HBgHxGnJHqKHqaIJ",295,0.996622,16,296,1,295,1,1,0,1,1,142,142,154,153,84
"8331",30,"[16]HBgHxGnJHqKHqaIJ",294,0.993266,16,297,2,295,2,2,0,2,2,148,148,149,147,84
"8332",31,"[16]HBgHxGnJHqKHqaIJ",300,0.996678,16,301,1,300,1,1,0,1,1,139,139,162,161,84
"8333",32,"[16]HBgHxGnJHqKHqaIJ",292,1,16,291,0,291,0,0,0,0,0,133,133,158,158,84
"8334",33,"[16]HBgHxGnJHqKHqaIJ",300,1,16,299,0,299,0,0,0,0,0,165,165,134,134,84
"8335",34,"[16]HBgHxGnJHqKHqaIJ",293,0.996599,16,294,1,293,1,1,0,1,1,138,138,156,155,84
"8336",35,"[16]HBgHxGnJHqKHqaIJ",288,0.989761,16,293,3,290,3,3,0,3,3,136,136,157,154,84
"8337",36,"[16]HBgHxGnJHqKHqaIJ",299,0.990132,16,304,3,301,3,3,0,3,3,148,148,156,153,84
"8338",37,"[16]HBgHxGnJHqKHqaIJ",294,0.989967,16,299,3,296,3,3,0,3,3,158,158,141,138,84
"8339",38,"[16]HBgHxGnJHqKHqaIJ",303,1,16,302,0,302,0,0,0,0,0,155,155,147,147,84
"8340",39,"[16]HBgHxGnJHqKHqaIJ",298,1,16,297,0,297,0,0,0,0,0,147,147,150,150,84
"8341",40,"[16]HBgHxGnJHqKHqaIJ",291,0.993197,16,294,2,292,2,2,0,2,2,138,138,156,154,84
"8342",41,"[16]HBgHxGnJHqKHqaIJ",303,1,16,302,0,302,0,0,0,0,0,154,154,148,148,84
"8343",42,"[16]HBgHxGnJHqKHqaIJ",298,0.996656,16,299,1,298,1,1,0,1,1,149,149,150,149,84
"8344",43,"[16]HBgHxGnJHqKHqaIJ",282,0.986159,16,289,4,285,4,4,0,4,4,129,129,160,156,84
"8345",44,"[16]HBgHxGnJHqKHqaIJ",295,0.996622,16,296,1,295,1,1,0,1,1,148,148,148,147,84
"8346",45,"[16]HBgHxGnJHqKHqaIJ",305,0.996732,16,306,1,305,1,1,0,1,1,147,147,159,158,84
"8347",46,"[16]HBgHxGnJHqKHqaIJ",295,0.996622,16,296,1,295,1,1,0,1,1,152,152,144,143,84
"8348",47,"[16]HBgHxGnJHqKHqaIJ",307,1,16,306,0,306,0,0,0,0,0,159,159,147,147,84
"8349",48,"[16]HBgHxGnJHqKHqaIJ",300,0.996678,16,301,1,300,1,1,0,1,1,155,155,146,145,84
"8350",49,"[16]HBgHxGnJHqKHqaIJ",305,1,16,304,0,304,0,0,0,0,0,166,166,138,138,84
"8351",50,"[16]HBgHxGnJHqKHqaIJ",293,0.993243,16,296,2,294,2,2,0,2,2,153,153,143,141,84
"8352",51,"[16]HBgHxGnJHqKHqaIJ",301,1,16,300,0,300,0,0,0,0,0,147,147,153,153,84
"8353",52,"[16]HBgHxGnJHqKHqaIJ",303,0.996711,16,304,1,303,1,1,0,1,1,174,174,130,129,84
"8354",53,"[16]HBgHxGnJHqKHqaIJ",297,0.993333,16,300,2,298,2,2,0,2,2,146,146,154,152,84
"8355",54,"[16]HBgHxGnJHqKHqaIJ",303,1,16,302,0,302,0,0,0,0,0,148,148,154,154,84
"8356",55,"[16]HBgHxGnJHqKHqaIJ",294,0.989967,16,299,3,296,3,3,0,3,3,148,148,151,148,84
"8357",56,"[16]HBgHxGnJHqKHqaIJ",301,1,16,300,0,300,0,0,0,0,0,147,147,153,153,84
"8358",57,"[16]HBgHxGnJHqKHqaIJ",302,1,16,301,0,301,0,0,0,0,0,149,149,152,152,84
"8359",58,"[16]HBgHxGnJHqKHqaIJ",289,0.989796,16,294,3,291,3,3,0,3,3,144,144,150,147,84
"8360",59,"[16]HBgHxGnJHqKHqaIJ",302,1,16,301,0,301,0,0,0,0,0,155,155,146,146,84
"8361",60,"[16]HBgHxGnJHqKHqaIJ",301,0.993421,16,304,2,302,2,2,0,2,2,160,160,144,142,84
"8362",61,"[16]HBgHxGnJHqKHqaIJ",297,1,16,296,0,296,0,0,0,0,0,168,168,128,128,84
"8363",62,"[16]HBgHxGnJHqKHqaIJ",289,0.993151,16,292,2,290,2,2,0,2,2,139,139,153,151,84
"8364",63,"[16]HBgHxGnJHqKHqaIJ",300,1,16,299,0,299,0,0,0,0,0,156,156,143,143,84
"8365",64,"[16]HBgHxGnJHqKHqaIJ",306,1,16,305,0,305,0,0,0,0,0,161,161,144,144,84
"8366",65,"[16]HBgHxGnJHqKHqaIJ",289,0.989796,16,294,3,291,3,3,0,3,3,146,146,148,145,84
"8367",66,"[16]HBgHxGnJHqKHqaIJ",304,1,16,303,0,303,0,0,0,0,0,147,147,156,156,84
"8368",67,"[16]HBgHxGnJHqKHqaIJ",305,1,16,304,0,304,0,0,0,0,0,155,155,149,149,84
"8369",68,"[16]HBgHxGnJHqKHqaIJ",306,1,16,305,0,305,0,0,0,0,0,164,164,141,141,84
"8370",69,"[16]HBgHxGnJHqKHqaIJ",304,1,16,303,0,303,0,0,0,0,0,151,151,152,152,84
"8371",70,"[16]HBgHxGnJHqKHqaIJ",289,0.996552,16,290,1,289,1,1,0,1,1,123,123,167,166,84
"8372",71,"[16]HBgHxGnJHqKHqaIJ",306,1,16,305,0,305,0,0,0,0,0,164,164,141,141,84
"8373",72,"[16]HBgHxGnJHqKHqaIJ",292,1,16,291,0,291,0,0,0,0,0,135,135,156,156,84
"8374",73,"[16]HBgHxGnJHqKHqaIJ",302,1,16,301,0,301,0,0,0,0,0,146,146,155,155,84
"8375",74,"[16]HBgHxGnJHqKHqaIJ",300,0.993399,16,303,2,301,2,2,0,2,2,161,161,142,140,84
"8376",75,"[16]HBgHxGnJHqKHqaIJ",302,0.9967,16,303,1,302,1,1,0,1,1,178,178,125,124,84
"8377",76,"[16]HBgHxGnJHqKHqaIJ",305,1,16,304,0,304,0,0,0,0,0,149,149,155,155,84
"8378",77,"[16]HBgHxGnJHqKHqaIJ",293,0.996599,16,294,1,293,1,1,0,1,1,138,138,156,155,84
"8379",78,"[16]HBgHxGnJHqKHqaIJ",308,1,16,307,0,307,0,0,0,0,0,158,158,149,149,84
"8380",79,"[16]HBgHxGnJHqKHqaIJ",295,1,16,294,0,294,0,0,0,0,0,131,131,163,163,84
"8381",80,"[16]HBgHxGnJHqKHqaIJ",293,1,16,292,0,292,0,0,0,0,0,130,130,162,162,84
"8382",81,"[16]HBgHxGnJHqKHqaIJ",299,1,16,298,0,298,0,0,0,0,0,148,148,150,150,84
"8383",82,"[16]HBgHxGnJHqKHqaIJ",305,1,16,304,0,304,0,0,0,0,0,155,155,149,149,84
"8384",83,"[16]HBgHxGnJHqKHqaIJ",302,1,16,301,0,301,0,0,0,0,0,148,148,153,153,84
"8385",84,"[16]HBgHxGnJHqKHqaIJ",303,1,16,302,0,302,0,0,0,0,0,158,158,144,144,84
"8386",85,"[16]HBgHxGnJHqKHqaIJ",303,0.996711,16,304,1,303,1,1,0,1,1,166,166,138,137,84
"8387",86,"[16]HBgHxGnJHqKHqaIJ",307,1,16,306,0,306,0,0,0,0,0,155,155,151,151,84
"8388",87,"[16]HBgHxGnJHqKHqaIJ",308,1,16,307,0,307,0,0,0,0,0,159,159,148,148,84
"8389",88,"[16]HBgHxGnJHqKHqaIJ",306,1,16,305,0,305,0,0,0,0,0,152,152,153,153,84
"8390",89,"[16]HBgHxGnJHqKHqaIJ",287,0.989726,16,292,3,289,3,3,0,3,3,140,140,152,149,84
"8391",90,"[16]HBgHxGnJHqKHqaIJ",308,1,16,307,0,307,0,0,0,0,0,169,169,138,138,84
"8392",91,"[16]HBgHxGnJHqKHqaIJ",295,0.996622,16,296,1,295,1,1,0,1,1,134,134,162,161,84
"8393",92,"[16]HBgHxGnJHqKHqaIJ",287,0.996528,16,288,1,287,1,1,0,1,1,131,131,157,156,84
"8394",93,"[16]HBgHxGnJHqKHqaIJ",302,1,16,301,0,301,0,0,0,0,0,148,148,153,153,84
"8395",94,"[16]HBgHxGnJHqKHqaIJ",304,1,16,303,0,303,0,0,0,0,0,153,153,150,150,84
"8396",95,"[16]HBgHxGnJHqKHqaIJ",302,1,16,301,0,301,0,0,0,0,0,153,153,148,148,84
"8397",96,"[16]HBgHxGnJHqKHqaIJ",294,1,16,293,0,293,0,0,0,0,0,137,137,156,156,84
"8398",97,"[16]HBgHxGnJHqKHqaIJ",295,1,16,294,0,294,0,0,0,0,0,143,143,151,151,84
"8399",98,"[16]HBgHxGnJHqKHqaIJ",294,0.989967,16,299,3,296,3,3,0,3,3,157,157,142,139,84
"8400",99,"[16]HBgHxGnJHqKHqaIJ",297,1,16,296,0,296,0,0,0,0,0,152,152,144,144,84
"8401",0,"[17]HBHvGnJHqKHqanIJl",307,1,17,306,0,306,0,0,0,0,0,152,152,154,154,85
"8402",1,"[17]HBHvGnJHqKHqanIJl",311,1,17,310,0,310,0,0,0,0,0,160,160,150,150,85
"8403",2,"[17]HBHvGnJHqKHqanIJl",298,1,17,297,0,297,0,0,0,0,0,140,140,157,157,85
"8404",3,"[17]HBHvGnJHqKHqanIJl",300,1,17,299,0,299,0,0,0,0,0,142,142,157,157,85
"8405",4,"[17]HBHvGnJHqKHqanIJl",301,0.996689,17,302,1,301,1,1,0,1,1,145,145,157,156,85
"8406",5,"[17]HBHvGnJHqKHqanIJl",300,1,17,299,0,299,0,0,0,0,0,146,146,153,153,85
"8407",6,"[17]HBHvGnJHqKHqanIJl",300,1,17,299,0,299,0,0,0,0,0,151,151,148,148,85
"8408",7,"[17]HBHvGnJHqKHqanIJl",292,0.989899,17,297,3,294,3,3,0,3,3,145,145,152,149,85
"8409",8,"[17]HBHvGnJHqKHqanIJl",286,0.989691,17,291,3,288,3,3,0,3,3,149,149,142,139,85
"8410",9,"[17]HBHvGnJHqKHqanIJl",293,1,17,292,0,292,0,0,0,0,0,120,120,172,172,85
"8411",10,"[17]HBHvGnJHqKHqanIJl",296,1,17,295,0,295,0,0,0,0,0,139,139,156,156,85
"8412",11,"[17]HBHvGnJHqKHqanIJl",294,1,17,293,0,293,0,0,0,0,0,140,140,153,153,85
"8413",12,"[17]HBHvGnJHqKHqanIJl",299,0.996667,17,300,1,299,1,1,0,1,1,148,148,152,151,85
"8414",13,"[17]HBHvGnJHqKHqanIJl",282,0.989547,17,287,3,284,3,3,0,3,3,130,130,157,154,85
"8415",14,"[17]HBHvGnJHqKHqanIJl",299,0.996667,17,300,1,299,1,1,0,1,1,151,151,149,148,85
"8416",15,"[17]HBHvGnJHqKHqanIJl",281,0.982759,17,290,5,285,5,5,0,5,5,141,141,149,144,85
"8417",16,"[17]HBHvGnJHqKHqanIJl",301,1,17,300,0,300,0,0,0,0,0,162,162,138,138,85
"8418",17,"[17]HBHvGnJHqKHqanIJl",290,1,17,289,0,289,0,0,0,0,0,139,139,150,150,85
"8419",18,"[17]HBHvGnJHqKHqanIJl",296,1,17,295,0,295,0,0,0,0,0,130,130,165,165,85
"8420",19,"[17]HBHvGnJHqKHqanIJl",296,1,17,295,0,295,0,0,0,0,0,130,130,165,165,85
"8421",20,"[17]HBHvGnJHqKHqanIJl",300,1,17,299,0,299,0,0,0,0,0,151,151,148,148,85
"8422",21,"[17]HBHvGnJHqKHqanIJl",289,0.996552,17,290,1,289,1,1,0,1,1,135,135,155,154,85
"8423",22,"[17]HBHvGnJHqKHqanIJl",304,1,17,303,0,303,0,0,0,0,0,172,172,131,131,85
"8424",23,"[17]HBHvGnJHqKHqanIJl",297,0.996644,17,298,1,297,1,1,0,1,1,154,154,144,143,85
"8425",24,"[17]HBHvGnJHqKHqanIJl",305,1,17,304,0,304,0,0,0,0,0,166,166,138,138,85
"8426",25,"[17]HBHvGnJHqKHqanIJl",293,0.996599,17,294,1,293,1,1,0,1,1,137,137,157,156,85
"8427",26,"[17]HBHvGnJHqKHqanIJl",307,1,17,306,0,306,0,0,0,0,0,160,160,146,146,85
"8428",27,"[17]HBHvGnJHqKHqanIJl",293,0.993243,17,296,2,294,2,2,0,2,2,150,150,146,144,85
"8429",28,"[17]HBHvGnJHqKHqanIJl",299,1,17,298,0,298,0,0,0,0,0,144,144,154,154,85
"8430",29,"[17]HBHvGnJHqKHqanIJl",303,1,17,302,0,302,0,0,0,0,0,163,163,139,139,85
"8431",30,"[17]HBHvGnJHqKHqanIJl",302,0.9967,17,303,1,302,1,1,0,1,1,155,155,148,147,85
"8432",31,"[17]HBHvGnJHqKHqanIJl",289,0.986486,17,296,4,292,4,4,0,4,4,153,153,143,139,85
"8433",32,"[17]HBHvGnJHqKHqanIJl",295,0.993289,17,298,2,296,2,2,0,2,2,151,151,147,145,85
"8434",33,"[17]HBHvGnJHqKHqanIJl",311,1,17,310,0,310,0,0,0,0,0,167,167,143,143,85
"8435",34,"[17]HBHvGnJHqKHqanIJl",306,1,17,305,0,305,0,0,0,0,0,159,159,146,146,85
"8436",35,"[17]HBHvGnJHqKHqanIJl",299,0.996667,17,300,1,299,1,1,0,1,1,163,163,137,136,85
"8437",36,"[17]HBHvGnJHqKHqanIJl",300,1,17,299,0,299,0,0,0,0,0,138,138,161,161,85
"8438",37,"[17]HBHvGnJHqKHqanIJl",296,0.993311,17,299,2,297,2,2,0,2,2,148,148,151,149,85
"8439",38,"[17]HBHvGnJHqKHqanIJl",303,1,17,302,0,302,0,0,0,0,0,153,153,149,149,85
"8440",39,"[17]HBHvGnJHqKHqanIJl",300,0.996678,17,301,1,300,1,1,0,1,1,158,158,143,142,85
"8441",40,"[17]HBHvGnJHqKHqanIJl",295,0.996622,17,296,1,295,1,1,0,1,1,149,149,147,146,85
"8442",41,"[17]HBHvGnJHqKHqanIJl",305,1,17,304,0,304,0,0,0,0,0,148,148,156,156,85
"8443",42,"[17]HBHvGnJHqKHqanIJl",317,1,17,316,0,316,0,0,0,0,0,172,172,144,144,85
"8444",43,"[17]HBHvGnJHqKHqanIJl",301,1,17,300,0,300,0,0,0,0,0,159,159,141,141,85
"8445",44,"[17]HBHvGnJHqKHqanIJl",299,0.996667,17,300,1,299,1,1,0,1,1,150,150,150,149,85
"8446",45,"[17]HBHvGnJHqKHqanIJl",298,1,17,297,0,297,0,0,0,0,0,152,152,145,145,85
"8447",46,"[17]HBHvGnJHqKHqanIJl",301,1,17,300,0,300,0,0,0,0,0,153,153,147,147,85
"8448",47,"[17]HBHvGnJHqKHqanIJl",300,1,17,299,0,299,0,0,0,0,0,153,153,146,146,85
"8449",48,"[17]HBHvGnJHqKHqanIJl",299,0.996667,17,300,1,299,1,1,0,1,1,156,156,144,143,85
"8450",49,"[17]HBHvGnJHqKHqanIJl",306,1,17,305,0,305,0,0,0,0,0,160,160,145,145,85
"8451",50,"[17]HBHvGnJHqKHqanIJl",282,0.989547,17,287,3,284,3,3,0,3,3,127,127,160,157,85
"8452",51,"[17]HBHvGnJHqKHqanIJl",307,1,17,306,0,306,0,0,0,0,0,159,159,147,147,85
"8453",52,"[17]HBHvGnJHqKHqanIJl",304,1,17,303,0,303,0,0,0,0,0,159,159,144,144,85
"8454",53,"[17]HBHvGnJHqKHqanIJl",294,0.99661,17,295,1,294,1,1,0,1,1,141,141,154,153,85
"8455",54,"[17]HBHvGnJHqKHqanIJl",304,1,17,303,0,303,0,0,0,0,0,157,157,146,146,85
"8456",55,"[17]HBHvGnJHqKHqanIJl",289,0.996552,17,290,1,289,1,1,0,1,1,133,133,157,156,85
"8457",56,"[17]HBHvGnJHqKHqanIJl",289,1,17,288,0,288,0,0,0,0,0,129,129,159,159,85
"8458",57,"[17]HBHvGnJHqKHqanIJl",287,0.993103,17,290,2,288,2,2,0,2,2,129,129,161,159,85
"8459",58,"[17]HBHvGnJHqKHqanIJl",292,0.99322,17,295,2,293,2,2,0,2,2,142,142,153,151,85
"8460",59,"[17]HBHvGnJHqKHqanIJl",291,0.993197,17,294,2,292,2,2,0,2,2,147,147,147,145,85
"8461",60,"[17]HBHvGnJHqKHqanIJl",292,0.996587,17,293,1,292,1,1,0,1,1,134,134,159,158,85
"8462",61,"[17]HBHvGnJHqKHqanIJl",298,1,17,297,0,297,0,0,0,0,0,145,145,152,152,85
"8463",62,"[17]HBHvGnJHqKHqanIJl",289,0.993151,17,292,2,290,2,2,0,2,2,135,135,157,155,85
"8464",63,"[17]HBHvGnJHqKHqanIJl",294,0.993266,17,297,2,295,2,2,0,2,2,152,152,145,143,85
"8465",64,"[17]HBHvGnJHqKHqanIJl",299,0.996667,17,300,1,299,1,1,0,1,1,147,147,153,152,85
"8466",65,"[17]HBHvGnJHqKHqanIJl",311,1,17,310,0,310,0,0,0,0,0,175,175,135,135,85
"8467",66,"[17]HBHvGnJHqKHqanIJl",299,1,17,298,0,298,0,0,0,0,0,155,155,143,143,85
"8468",67,"[17]HBHvGnJHqKHqanIJl",281,0.982759,17,290,5,285,5,5,0,5,5,132,132,158,153,85
"8469",68,"[17]HBHvGnJHqKHqanIJl",307,1,17,306,0,306,0,0,0,0,0,164,164,142,142,85
"8470",69,"[17]HBHvGnJHqKHqanIJl",292,1,17,291,0,291,0,0,0,0,0,140,140,151,151,85
"8471",70,"[17]HBHvGnJHqKHqanIJl",284,0.989619,17,289,3,286,3,3,0,3,3,143,143,146,143,85
"8472",71,"[17]HBHvGnJHqKHqanIJl",290,1,17,289,0,289,0,0,0,0,0,128,128,161,161,85
"8473",72,"[17]HBHvGnJHqKHqanIJl",305,0.996732,17,306,1,305,1,1,0,1,1,164,164,142,141,85
"8474",73,"[17]HBHvGnJHqKHqanIJl",305,1,17,304,0,304,0,0,0,0,0,167,167,137,137,85
"8475",74,"[17]HBHvGnJHqKHqanIJl",300,1,17,299,0,299,0,0,0,0,0,151,151,148,148,85
"8476",75,"[17]HBHvGnJHqKHqanIJl",289,0.989796,17,294,3,291,3,3,0,3,3,142,142,152,149,85
"8477",76,"[17]HBHvGnJHqKHqanIJl",289,0.993151,17,292,2,290,2,2,0,2,2,137,137,155,153,85
"8478",77,"[17]HBHvGnJHqKHqanIJl",294,0.99661,17,295,1,294,1,1,0,1,1,142,142,153,152,85
"8479",78,"[17]HBHvGnJHqKHqanIJl",297,1,17,296,0,296,0,0,0,0,0,144,144,152,152,85
"8480",79,"[17]HBHvGnJHqKHqanIJl",299,0.996667,17,300,1,299,1,1,0,1,1,151,151,149,148,85
"8481",80,"[17]HBHvGnJHqKHqanIJl",302,1,17,301,0,301,0,0,0,0,0,153,153,148,148,85
"8482",81,"[17]HBHvGnJHqKHqanIJl",278,0.979239,17,289,6,283,6,6,0,6,6,135,135,154,148,85
"8483",82,"[17]HBHvGnJHqKHqanIJl",295,0.996622,17,296,1,295,1,1,0,1,1,156,156,140,139,85
"8484",83,"[17]HBHvGnJHqKHqanIJl",303,1,17,302,0,302,0,0,0,0,0,154,154,148,148,85
"8485",84,"[17]HBHvGnJHqKHqanIJl",301,1,17,300,0,300,0,0,0,0,0,141,141,159,159,85
"8486",85,"[17]HBHvGnJHqKHqanIJl",285,0.97973,17,296,6,290,6,6,0,6,6,155,155,141,135,85
"8487",86,"[17]HBHvGnJHqKHqanIJl",298,0.996656,17,299,1,298,1,1,0,1,1,152,152,147,146,85
"8488",87,"[17]HBHvGnJHqKHqanIJl",298,0.996656,17,299,1,298,1,1,0,1,1,144,144,155,154,85
"8489",88,"[17]HBHvGnJHqKHqanIJl",294,0.989967,17,299,3,296,3,3,0,3,3,148,148,151,148,85
"8490",89,"[17]HBHvGnJHqKHqanIJl",295,1,17,294,0,294,0,0,0,0,0,138,138,156,156,85
"8491",90,"[17]HBHvGnJHqKHqanIJl",308,1,17,307,0,307,0,0,0,0,0,168,168,139,139,85
"8492",91,"[17]HBHvGnJHqKHqanIJl",301,1,17,300,0,300,0,0,0,0,0,136,136,164,164,85
"8493",92,"[17]HBHvGnJHqKHqanIJl",295,1,17,294,0,294,0,0,0,0,0,131,131,163,163,85
"8494",93,"[17]HBHvGnJHqKHqanIJl",299,1,17,298,0,298,0,0,0,0,0,135,135,163,163,85
"8495",94,"[17]HBHvGnJHqKHqanIJl",292,1,17,291,0,291,0,0,0,0,0,125,125,166,166,85
"8496",95,"[17]HBHvGnJHqKHqanIJl",289,0.989796,17,294,3,291,3,3,0,3,3,146,146,148,145,85
"8497",96,"[17]HBHvGnJHqKHqanIJl",310,1,17,309,0,309,0,0,0,0,0,178,178,131,131,85
"8498",97,"[17]HBHvGnJHqKHqanIJl",295,1,17,294,0,294,0,0,0,0,0,141,141,153,153,85
"8499",98,"[17]HBHvGnJHqKHqanIJl",302,0.9967,17,303,1,302,1,1,0,1,1,145,145,158,157,85
"8500",99,"[17]HBHvGnJHqKHqanIJl",297,0.990066,17,302,3,299,3,3,0,3,3,171,171,131,128,85
"8501",0,"[17]HBHvGnJHqKHqaIbJu",293,0.993243,17,296,2,294,2,2,0,2,2,145,145,151,149,86
"8502",1,"[17]HBHvGnJHqKHqaIbJu",305,1,17,304,0,304,0,0,0,0,0,151,151,153,153,86
"8503",2,"[17]HBHvGnJHqKHqaIbJu",301,0.996689,17,302,1,301,1,1,0,1,1,154,154,148,147,86
"8504",3,"[17]HBHvGnJHqKHqaIbJu",300,1,17,299,0,299,0,0,0,0,0,152,152,147,147,86
"8505",4,"[17]HBHvGnJHqKHqaIbJu",305,1,17,304,0,304,0,0,0,0,0,157,157,147,147,86
"8506",5,"[17]HBHvGnJHqKHqaIbJu",294,0.99661,17,295,1,294,1,1,0,1,1,158,158,137,136,86
"8507",6,"[17]HBHvGnJHqKHqaIbJu",292,0.99322,17,295,2,293,2,2,0,2,2,144,144,151,149,86
"8508",7,"[17]HBHvGnJHqKHqaIbJu",285,0.986301,17,292,4,288,4,4,0,4,4,153,153,139,135,86
"8509",8,"[17]HBHvGnJHqKHqaIbJu",304,0.993485,17,307,2,305,2,2,0,2,2,159,159,148,146,86
"8510",9,"[17]HBHvGnJHqKHqaIbJu",297,0.993333,17,300,2,298,2,2,0,2,2,154,154,146,144,86
"8511",10,"[17]HBHvGnJHqKHqaIbJu",291,0.993197,17,294,2,292,2,2,0,2,2,137,137,157,155,86
"8512",11,"[17]HBHvGnJHqKHqaIbJu",293,1,17,292,0,292,0,0,0,0,0,138,138,154,154,86
"8513",12,"[17]HBHvGnJHqKHqaIbJu",288,0.983165,17,297,5,292,5,5,0,5,5,141,141,156,151,86
"8514",13,"[17]HBHvGnJHqKHqaIbJu",302,1,17,301,0,301,0,0,0,0,0,157,157,144,144,86
"8515",14,"[17]HBHvGnJHqKHqaIbJu",303,1,17,302,0,302,0,0,0,0,0,154,154,148,148,86
"8516",15,"[17]HBHvGnJHqKHqaIbJu",300,0.996678,17,301,1,300,1,1,0,1,1,146,146,155,154,86
"8517",16,"[17]HBHvGnJHqKHqaIbJu",294,1,17,293,0,293,0,0,0,0,0,135,135,158,158,86
"8518",17,"[17]HBHvGnJHqKHqaIbJu",291,0.993197,17,294,2,292,2,2,0,2,2,140,140,154,152,86
"8519",18,"[17]HBHvGnJHqKHqaIbJu",294,1,17,293,0,293,0,0,0,0,0,132,132,161,161,86
"8520",19,"[17]HBHvGnJHqKHqaIbJu",294,0.989967,17,299,3,296,3,3,0,3,3,155,155,144,141,86
"8521",20,"[17]HBHvGnJHqKHqaIbJu",304,1,17,303,0,303,0,0,0,0,0,157,157,146,146,86
"8522",21,"[17]HBHvGnJHqKHqaIbJu",303,1,17,302,0,302,0,0,0,0,0,152,152,150,150,86
"8523",22,"[17]HBHvGnJHqKHqaIbJu",300,1,17,299,0,299,0,0,0,0,0,136,136,163,163,86
"8524",23,"[17]HBHvGnJHqKHqaIbJu",285,0.982993,17,294,5,289,5,5,0,5,5,154,154,140,135,86
"8525",24,"[17]HBHvGnJHqKHqaIbJu",293,0.989933,17,298,3,295,3,3,0,3,3,151,151,147,144,86
"8526",25,"[17]HBHvGnJHqKHqaIbJu",292,0.99322,17,295,2,293,2,2,0,2,2,145,145,150,148,86
"8527",26,"[17]HBHvGnJHqKHqaIbJu",300,1,17,299,0,299,0,0,0,0,0,154,154,145,145,86
"8528",27,"[17]HBHvGnJHqKHqaIbJu",290,1,17,289,0,289,0,0,0,0,0,139,139,150,150,86
"8529",28,"[17]HBHvGnJHqKHqaIbJu",298,1,17,297,0,297,0,0,0,0,0,159,159,138,138,86
"8530",29,"[17]HBHvGnJHqKHqaIbJu",293,1,17,292,0,292,0,0,0,0,0,135,135,157,157,86
"8531",30,"[17]HBHvGnJHqKHqaIbJu",295,0.996622,17,296,1,295,1,1,0,1,1,139,139,157,156,86
"8532",31,"[17]HBHvGnJHqKHqaIbJu",288,1,17,287,0,287,0,0,0,0,0,128,128,159,159,86
"8533",32,"[17]HBHvGnJHqKHqaIbJu",301,0.993421,17,304,2,302,2,2,0,2,2,156,156,148,146,86
"8534",33,"[17]HBHvGnJHqKHqaIbJu",308,1,17,307,0,307,0,0,0,0,0,161,161,146,146,86
"8535",34,"[17]HBHvGnJHqKHqaIbJu",292,0.989899,17,297,3,294,3,3,0,3,3,159,159,138,135,86
"8536",35,"[17]HBHvGnJHqKHqaIbJu",304,0.993485,17,307,2,305,2,2,0,2,2,176,176,131,129,86
"8537",36,"[17]HBHvGnJHqKHqaIbJu",305,1,17,304,0,304,0,0,0,0,0,157,157,147,147,86
"8538",37,"[17]HBHvGnJHqKHqaIbJu",303,1,17,302,0,302,0,0,0,0,0,154,154,148,148,86
"8539",38,"[17]HBHvGnJHqKHqaIbJu",297,1,17,296,0,296,0,0,0,0,0,136,136,160,160,86
"8540",39,"[17]HBHvGnJHqKHqaIbJu",278,0.975945,17,291,7,284,7,7,0,7,7,139,139,152,145,86
"8541",40,"[17]HBHvGnJHqKHqaIbJu",297,1,17,296,0,296,0,0,0,0,0,150,150,146,146,86
"8542",41,"[17]HBHvGnJHqKHqaIbJu",305,1,17,304,0,304,0,0,0,0,0,154,154,150,150,86
"8543",42,"[17]HBHvGnJHqKHqaIbJu",300,1,17,299,0,299,0,0,0,0,0,158,158,141,141,86
"8544",43,"[17]HBHvGnJHqKHqaIbJu",288,0.986441,17,295,4,291,4,4,0,4,4,151,151,144,140,86
"8545",44,"[17]HBHvGnJHqKHqaIbJu",299,1,17,298,0,298,0,0,0,0,0,150,150,148,148,86
"8546",45,"[17]HBHvGnJHqKHqaIbJu",293,0.996599,17,294,1,293,1,1,0,1,1,138,138,156,155,86
"8547",46,"[17]HBHvGnJHqKHqaIbJu",300,0.996678,17,301,1,300,1,1,0,1,1,161,161,140,139,86
"8548",47,"[17]HBHvGnJHqKHqaIbJu",300,0.996678,17,301,1,300,1,1,0,1,1,146,146,155,154,86
"8549",48,"[17]HBHvGnJHqKHqaIbJu",298,0.996656,17,299,1,298,1,1,0,1,1,146,146,153,152,86
"8550",49,"[17]HBHvGnJHqKHqaIbJu",300,0.996678,17,301,1,300,1,1,0,1,1,154,154,147,146,86
"8551",50,"[17]HBHvGnJHqKHqaIbJu",303,1,17,302,0,302,0,0,0,0,0,150,150,152,152,86
"8552",51,"[17]HBHvGnJHqKHqaIbJu",300,1,17,299,0,299,0,0,0,0,0,157,157,142,142,86
"8553",52,"[17]HBHvGnJHqKHqaIbJu",298,1,17,297,0,297,0,0,0,0,0,154,154,143,143,86
"8554",53,"[17]HBHvGnJHqKHqaIbJu",300,1,17,299,0,299,0,0,0,0,0,153,153,146,146,86
"8555",54,"[17]HBHvGnJHqKHqaIbJu",308,1,17,307,0,307,0,0,0,0,0,167,167,140,140,86
"8556",55,"[17]HBHvGnJHqKHqaIbJu",287,0.989726,17,292,3,289,3,3,0,3,3,138,138,154,151,86
"8557",56,"[17]HBHvGnJHqKHqaIbJu",295,0.993289,17,298,2,296,2,2,0,2,2,156,156,142,140,86
"8558",57,"[17]HBHvGnJHqKHqaIbJu",302,1,17,301,0,301,0,0,0,0,0,151,151,150,150,86
"8559",58,"[17]HBHvGnJHqKHqaIbJu",297,1,17,296,0,296,0,0,0,0,0,137,137,159,159,86
"8560",59,"[17]HBHvGnJHqKHqaIbJu",301,1,17,300,0,300,0,0,0,0,0,139,139,161,161,86
"8561",60,"[17]HBHvGnJHqKHqaIbJu",298,1,17,297,0,297,0,0,0,0,0,144,144,153,153,86
"8562",61,"[17]HBHvGnJHqKHqaIbJu",292,1,17,291,0,291,0,0,0,0,0,145,145,146,146,86
"8563",62,"[17]HBHvGnJHqKHqaIbJu",294,0.993266,17,297,2,295,2,2,0,2,2,159,159,138,136,86
"8564",63,"[17]HBHvGnJHqKHqaIbJu",291,0.983333,17,300,5,295,5,5,0,5,5,167,167,133,128,86
"8565",64,"[17]HBHvGnJHqKHqaIbJu",304,0.996721,17,305,1,304,1,1,0,1,1,166,166,139,138,86
"8566",65,"[17]HBHvGnJHqKHqaIbJu",296,0.993311,17,299,2,297,2,2,0,2,2,159,159,140,138,86
"8567",66,"[17]HBHvGnJHqKHqaIbJu",287,0.993103,17,290,2,288,2,2,0,2,2,135,135,155,153,86
"8568",67,"[17]HBHvGnJHqKHqaIbJu",296,0.990033,17,301,3,298,3,3,0,3,3,154,154,147,144,86
"8569",68,"[17]HBHvGnJHqKHqaIbJu",299,0.996667,17,300,1,299,1,1,0,1,1,157,157,143,142,86
"8570",69,"[17]HBHvGnJHqKHqaIbJu",291,0.993197,17,294,2,292,2,2,0,2,2,141,141,153,151,86
"8571",70,"[17]HBHvGnJHqKHqaIbJu",302,1,17,301,0,301,0,0,0,0,0,158,158,143,143,86
"8572",71,"[17]HBHvGnJHqKHqaIbJu",303,1,17,302,0,302,0,0,0,0,0,150,150,152,152,86
"8573",72,"[17]HBHvGnJHqKHqaIbJu",300,1,17,299,0,299,0,0,0,0,0,134,134,165,165,86
"8574",73,"[17]HBHvGnJHqKHqaIbJu",304,1,17,303,0,303,0,0,0,0,0,147,147,156,156,86
"8575",74,"[17]HBHvGnJHqKHqaIbJu",293,1,17,292,0,292,0,0,0,0,0,129,129,163,163,86
"8576",75,"[17]HBHvGnJHqKHqaIbJu",294,1,17,293,0,293,0,0,0,0,0,153,153,140,140,86
"8577",76,"[17]HBHvGnJHqKHqaIbJu",292,0.99322,17,295,2,293,2,2,0,2,2,142,142,153,151,86
"8578",77,"[17]HBHvGnJHqKHqaIbJu",294,0.99661,17,295,1,294,1,1,0,1,1,125,125,170,169,86
"8579",78,"[17]HBHvGnJHqKHqaIbJu",295,1,17,294,0,294,0,0,0,0,0,137,137,157,157,86
"8580",79,"[17]HBHvGnJHqKHqaIbJu",299,0.996667,17,300,1,299,1,1,0,1,1,157,157,143,142,86
"8581",80,"[17]HBHvGnJHqKHqaIbJu",299,0.990132,17,304,3,301,3,3,0,3,3,157,157,147,144,86
"8582",81,"[17]HBHvGnJHqKHqaIbJu",301,1,17,300,0,300,0,0,0,0,0,153,153,147,147,86
"8583",82,"[17]HBHvGnJHqKHqaIbJu",299,1,17,298,0,298,0,0,0,0,0,147,147,151,151,86
"8584",83,"[17]HBHvGnJHqKHqaIbJu",290,1,17,289,0,289,0,0,0,0,0,135,135,154,154,86
"8585",84,"[17]HBHvGnJHqKHqaIbJu",305,1,17,304,0,304,0,0,0,0,0,149,149,155,155,86
"8586",85,"[17]HBHvGnJHqKHqaIbJu",291,0.993197,17,294,2,292,2,2,0,2,2,142,142,152,150,86
"8587",86,"[17]HBHvGnJHqKHqaIbJu",303,1,17,302,0,302,0,0,0,0,0,145,145,157,157,86
"8588",87,"[17]HBHvGnJHqKHqaIbJu",302,1,17,301,0,301,0,0,0,0,0,140,140,161,161,86
"8589",88,"[17]HBHvGnJHqKHqaIbJu",297,0.996644,17,298,1,297,1,1,0,1,1,144,144,154,153,86
"8590",89,"[17]HBHvGnJHqKHqaIbJu",300,1,17,299,0,299,0,0,0,0,0,149,149,150,150,86
"8591",90,"[17]HBHvGnJHqKHqaIbJu",295,0.996622,17,296,1,295,1,1,0,1,1,157,157,139,138,86
"8592",91,"[17]HBHvGnJHqKHqaIbJu",295,1,17,294,0,294,0,0,0,0,0,136,136,158,158,86
"8593",92,"[17]HBHvGnJHqKHqaIbJu",269,0.971831,17,284,8,276,8,8,0,8,8,138,138,146,138,86
"8594",93,"[17]HBHvGnJHqKHqaIbJu",291,0.993197,17,294,2,292,2,2,0,2,2,139,139,155,153,86
"8595",94,"[17]HBHvGnJHqKHqaIbJu",304,0.993485,17,307,2,305,2,2,0,2,2,159,159,148,146,86
"8596",95,"[17]HBHvGnJHqKHqaIbJu",288,0.983165,17,297,5,292,5,5,0,5,5,150,150,147,142,86
"8597",96,"[17]HBHvGnJHqKHqaIbJu",302,1,17,301,0,301,0,0,0,0,0,158,158,143,143,86
"8598",97,"[17]HBHvGnJHqKHqaIbJu",299,1,17,298,0,298,0,0,0,0,0,146,146,152,152,86
"8599",98,"[17]HBHvGnJHqKHqaIbJu",308,1,17,307,0,307,0,0,0,0,0,161,161,146,146,86
"8600",99,"[17]HBHvGnJHqKHqaIbJu",291,1,17,290,0,290,0,0,0,0,0,132,132,158,158,86
"8601",0,"[15]HcHwGnJHqKHqaIJ",291,0.989865,15,296,3,293,3,3,0,3,3,141,141,155,152,87
"8602",1,"[15]HcHwGnJHqKHqaIJ",297,0.993333,15,300,2,298,2,2,0,2,2,153,153,147,145,87
"8603",2,"[15]HcHwGnJHqKHqaIJ",305,1,15,304,0,304,0,0,0,0,0,152,152,152,152,87
"8604",3,"[15]HcHwGnJHqKHqaIJ",287,0.993103,15,290,2,288,2,2,0,2,2,133,133,157,155,87
"8605",4,"[15]HcHwGnJHqKHqaIJ",302,1,15,301,0,301,0,0,0,0,0,152,152,149,149,87
"8606",5,"[15]HcHwGnJHqKHqaIJ",299,0.996667,15,300,1,299,1,1,0,1,1,150,150,150,149,87
"8607",6,"[15]HcHwGnJHqKHqaIJ",299,1,15,298,0,298,0,0,0,0,0,141,141,157,157,87
"8608",7,"[15]HcHwGnJHqKHqaIJ",296,0.993311,15,299,2,297,2,2,0,2,2,146,146,153,151,87
"8609",8,"[15]HcHwGnJHqKHqaIJ",291,0.993197,15,294,2,292,2,2,0,2,2,149,149,145,143,87
"8610",9,"[15]HcHwGnJHqKHqaIJ",290,0.993174,15,293,2,291,2,2,0,2,2,145,145,148,146,87
"8611",10,"[15]HcHwGnJHqKHqaIJ",288,0.976744,15,301,7,294,7,7,0,7,7,167,167,134,127,87
"8612",11,"[15]HcHwGnJHqKHqaIJ",297,1,15,296,0,296,0,0,0,0,0,141,141,155,155,87
"8613",12,"[15]HcHwGnJHqKHqaIJ",297,1,15,296,0,296,0,0,0,0,0,144,144,152,152,87
"8614",13,"[15]HcHwGnJHqKHqaIJ",290,0.996564,15,291,1,290,1,1,0,1,1,134,134,157,156,87
"8615",14,"[15]HcHwGnJHqKHqaIJ",308,1,15,307,0,307,0,0,0,0,0,162,162,145,145,87
"8616",15,"[15]HcHwGnJHqKHqaIJ",299,1,15,298,0,298,0,0,0,0,0,144,144,154,154,87
"8617",16,"[15]HcHwGnJHqKHqaIJ",295,1,15,294,0,294,0,0,0,0,0,148,148,146,146,87
"8618",17,"[15]HcHwGnJHqKHqaIJ",302,0.9967,15,303,1,302,1,1,0,1,1,166,166,137,136,87
"8619",18,"[15]HcHwGnJHqKHqaIJ",306,1,15,305,0,305,0,0,0,0,0,161,161,144,144,87
"8620",19,"[15]HcHwGnJHqKHqaIJ",304,0.996721,15,305,1,304,1,1,0,1,1,164,164,141,140,87
"8621",20,"[15]HcHwGnJHqKHqaIJ",302,1,15,301,0,301,0,0,0,0,0,150,150,151,151,87
"8622",21,"[15]HcHwGnJHqKHqaIJ",301,1,15,300,0,300,0,0,0,0,0,150,150,150,150,87
"8623",22,"[15]HcHwGnJHqKHqaIJ",304,0.996721,15,305,1,304,1,1,0,1,1,163,163,142,141,87
"8624",23,"[15]HcHwGnJHqKHqaIJ",298,1,15,297,0,297,0,0,0,0,0,149,149,148,148,87
"8625",24,"[15]HcHwGnJHqKHqaIJ",304,1,15,303,0,303,0,0,0,0,0,145,145,158,158,87
"8626",25,"[15]HcHwGnJHqKHqaIJ",297,1,15,296,0,296,0,0,0,0,0,142,142,154,154,87
"8627",26,"[15]HcHwGnJHqKHqaIJ",303,1,15,302,0,302,0,0,0,0,0,160,160,142,142,87
"8628",27,"[15]HcHwGnJHqKHqaIJ",298,1,15,297,0,297,0,0,0,0,0,139,139,158,158,87
"8629",28,"[15]HcHwGnJHqKHqaIJ",298,1,15,297,0,297,0,0,0,0,0,138,138,159,159,87
"8630",29,"[15]HcHwGnJHqKHqaIJ",292,0.996587,15,293,1,292,1,1,0,1,1,148,148,145,144,87
"8631",30,"[15]HcHwGnJHqKHqaIJ",292,1,15,291,0,291,0,0,0,0,0,136,136,155,155,87
"8632",31,"[15]HcHwGnJHqKHqaIJ",297,0.993333,15,300,2,298,2,2,0,2,2,147,147,153,151,87
"8633",32,"[15]HcHwGnJHqKHqaIJ",295,0.996622,15,296,1,295,1,1,0,1,1,138,138,158,157,87
"8634",33,"[15]HcHwGnJHqKHqaIJ",291,0.989865,15,296,3,293,3,3,0,3,3,145,145,151,148,87
"8635",34,"[15]HcHwGnJHqKHqaIJ",297,0.996644,15,298,1,297,1,1,0,1,1,151,151,147,146,87
"8636",35,"[15]HcHwGnJHqKHqaIJ",300,1,15,299,0,299,0,0,0,0,0,145,145,154,154,87
"8637",36,"[15]HcHwGnJHqKHqaIJ",290,0.989831,15,295,3,292,3,3,0,3,3,144,144,151,148,87
"8638",37,"[15]HcHwGnJHqKHqaIJ",300,0.996678,15,301,1,300,1,1,0,1,1,157,157,144,143,87
"8639",38,"[15]HcHwGnJHqKHqaIJ",294,0.99661,15,295,1,294,1,1,0,1,1,146,146,149,148,87
"8640",39,"[15]HcHwGnJHqKHqaIJ",301,1,15,300,0,300,0,0,0,0,0,156,156,144,144,87
"8641",40,"[15]HcHwGnJHqKHqaIJ",288,0.986441,15,295,4,291,4,4,0,4,4,137,137,158,154,87
"8642",41,"[15]HcHwGnJHqKHqaIJ",292,0.99322,15,295,2,293,2,2,0,2,2,146,146,149,147,87
"8643",42,"[15]HcHwGnJHqKHqaIJ",303,0.996711,15,304,1,303,1,1,0,1,1,147,147,157,156,87
"8644",43,"[15]HcHwGnJHqKHqaIJ",286,0.986348,15,293,4,289,4,4,0,4,4,136,136,157,153,87
"8645",44,"[15]HcHwGnJHqKHqaIJ",305,1,15,304,0,304,0,0,0,0,0,160,160,144,144,87
"8646",45,"[15]HcHwGnJHqKHqaIJ",294,0.99661,15,295,1,294,1,1,0,1,1,150,150,145,144,87
"8647",46,"[15]HcHwGnJHqKHqaIJ",300,1,15,299,0,299,0,0,0,0,0,153,153,146,146,87
"8648",47,"[15]HcHwGnJHqKHqaIJ",301,0.996689,15,302,1,301,1,1,0,1,1,157,157,145,144,87
"8649",48,"[15]HcHwGnJHqKHqaIJ",300,1,15,299,0,299,0,0,0,0,0,149,149,150,150,87
"8650",49,"[15]HcHwGnJHqKHqaIJ",305,0.996732,15,306,1,305,1,1,0,1,1,168,168,138,137,87
"8651",50,"[15]HcHwGnJHqKHqaIJ",292,0.99322,15,295,2,293,2,2,0,2,2,146,146,149,147,87
"8652",51,"[15]HcHwGnJHqKHqaIJ",299,0.993377,15,302,2,300,2,2,0,2,2,162,162,140,138,87
"8653",52,"[15]HcHwGnJHqKHqaIJ",299,1,15,298,0,298,0,0,0,0,0,152,152,146,146,87
"8654",53,"[15]HcHwGnJHqKHqaIJ",299,0.990132,15,304,3,301,3,3,0,3,3,158,158,146,143,87
"8655",54,"[15]HcHwGnJHqKHqaIJ",285,0.993056,15,288,2,286,2,2,0,2,2,135,135,153,151,87
"8656",55,"[15]HcHwGnJHqKHqaIJ",297,1,15,296,0,296,0,0,0,0,0,154,154,142,142,87
"8657",56,"[15]HcHwGnJHqKHqaIJ",301,1,15,300,0,300,0,0,0,0,0,146,146,154,154,87
"8658",57,"[15]HcHwGnJHqKHqaIJ",297,0.996644,15,298,1,297,1,1,0,1,1,142,142,156,155,87
"8659",58,"[15]HcHwGnJHqKHqaIJ",299,1,15,298,0,298,0,0,0,0,0,146,146,152,152,87
"8660",59,"[15]HcHwGnJHqKHqaIJ",301,0.993421,15,304,2,302,2,2,0,2,2,166,166,138,136,87
"8661",60,"[15]HcHwGnJHqKHqaIJ",302,1,15,301,0,301,0,0,0,0,0,134,134,167,167,87
"8662",61,"[15]HcHwGnJHqKHqaIJ",293,1,15,292,0,292,0,0,0,0,0,140,140,152,152,87
"8663",62,"[15]HcHwGnJHqKHqaIJ",306,1,15,305,0,305,0,0,0,0,0,160,160,145,145,87
"8664",63,"[15]HcHwGnJHqKHqaIJ",305,1,15,304,0,304,0,0,0,0,0,153,153,151,151,87
"8665",64,"[15]HcHwGnJHqKHqaIJ",303,1,15,302,0,302,0,0,0,0,0,160,160,142,142,87
"8666",65,"[15]HcHwGnJHqKHqaIJ",287,0.993103,15,290,2,288,2,2,0,2,2,132,132,158,156,87
"8667",66,"[15]HcHwGnJHqKHqaIJ",309,0.996774,15,310,1,309,1,1,0,1,1,176,176,134,133,87
"8668",67,"[15]HcHwGnJHqKHqaIJ",288,1,15,287,0,287,0,0,0,0,0,136,136,151,151,87
"8669",68,"[15]HcHwGnJHqKHqaIJ",300,0.993399,15,303,2,301,2,2,0,2,2,145,145,158,156,87
"8670",69,"[15]HcHwGnJHqKHqaIJ",287,0.989726,15,292,3,289,3,3,0,3,3,139,139,153,150,87
"8671",70,"[15]HcHwGnJHqKHqaIJ",297,0.996644,15,298,1,297,1,1,0,1,1,141,141,157,156,87
"8672",71,"[15]HcHwGnJHqKHqaIJ",297,1,15,296,0,296,0,0,0,0,0,138,138,158,158,87
"8673",72,"[15]HcHwGnJHqKHqaIJ",306,1,15,305,0,305,0,0,0,0,0,159,159,146,146,87
"8674",73,"[15]HcHwGnJHqKHqaIJ",301,1,15,300,0,300,0,0,0,0,0,157,157,143,143,87
"8675",74,"[15]HcHwGnJHqKHqaIJ",296,0.996633,15,297,1,296,1,1,0,1,1,149,149,148,147,87
"8676",75,"[15]HcHwGnJHqKHqaIJ",289,0.986486,15,296,4,292,4,4,0,4,4,146,146,150,146,87
"8677",76,"[15]HcHwGnJHqKHqaIJ",296,0.990033,15,301,3,298,3,3,0,3,3,160,160,141,138,87
"8678",77,"[15]HcHwGnJHqKHqaIJ",297,1,15,296,0,296,0,0,0,0,0,139,139,157,157,87
"8679",78,"[15]HcHwGnJHqKHqaIJ",312,1,15,311,0,311,0,0,0,0,0,169,169,142,142,87
"8680",79,"[15]HcHwGnJHqKHqaIJ",283,0.989583,15,288,3,285,3,3,0,3,3,137,137,151,148,87
"8681",80,"[15]HcHwGnJHqKHqaIJ",307,1,15,306,0,306,0,0,0,0,0,161,161,145,145,87
"8682",81,"[15]HcHwGnJHqKHqaIJ",293,1,15,292,0,292,0,0,0,0,0,138,138,154,154,87
"8683",82,"[15]HcHwGnJHqKHqaIJ",296,1,15,295,0,295,0,0,0,0,0,145,145,150,150,87
"8684",83,"[15]HcHwGnJHqKHqaIJ",283,0.976351,15,296,7,289,7,7,0,7,7,141,141,155,148,87
"8685",84,"[15]HcHwGnJHqKHqaIJ",299,1,15,298,0,298,0,0,0,0,0,151,151,147,147,87
"8686",85,"[15]HcHwGnJHqKHqaIJ",292,1,15,291,0,291,0,0,0,0,0,137,137,154,154,87
"8687",86,"[15]HcHwGnJHqKHqaIJ",294,1,15,293,0,293,0,0,0,0,0,137,137,156,156,87
"8688",87,"[15]HcHwGnJHqKHqaIJ",295,1,15,294,0,294,0,0,0,0,0,133,133,161,161,87
"8689",88,"[15]HcHwGnJHqKHqaIJ",291,0.989865,15,296,3,293,3,3,0,3,3,147,147,149,146,87
"8690",89,"[15]HcHwGnJHqKHqaIJ",299,1,15,298,0,298,0,0,0,0,0,137,137,161,161,87
"8691",90,"[15]HcHwGnJHqKHqaIJ",283,0.989583,15,288,3,285,3,3,0,3,3,118,118,170,167,87
"8692",91,"[15]HcHwGnJHqKHqaIJ",288,0.99654,15,289,1,288,1,1,0,1,1,133,133,156,155,87
"8693",92,"[15]HcHwGnJHqKHqaIJ",303,1,15,302,0,302,0,0,0,0,0,148,148,154,154,87
"8694",93,"[15]HcHwGnJHqKHqaIJ",301,1,15,300,0,300,0,0,0,0,0,158,158,142,142,87
"8695",94,"[15]HcHwGnJHqKHqaIJ",295,0.993289,15,298,2,296,2,2,0,2,2,142,142,156,154,87
"8696",95,"[15]HcHwGnJHqKHqaIJ",304,1,15,303,0,303,0,0,0,0,0,145,145,158,158,87
"8697",96,"[15]HcHwGnJHqKHqaIJ",296,1,15,295,0,295,0,0,0,0,0,139,139,156,156,87
"8698",97,"[15]HcHwGnJHqKHqaIJ",298,1,15,297,0,297,0,0,0,0,0,142,142,155,155,87
"8699",98,"[15]HcHwGnJHqKHqaIJ",300,1,15,299,0,299,0,0,0,0,0,154,154,145,145,87
"8700",99,"[15]HcHwGnJHqKHqaIJ",303,1,15,302,0,302,0,0,0,0,0,147,147,155,155,87
"8701",0,"[19]HcHtnJHqGKHqawIfgJr",307,0.996753,19,308,1,307,1,1,0,1,1,143,143,165,164,88
"8702",1,"[19]HcHtnJHqGKHqawIfgJr",324,1,19,323,0,323,0,0,0,0,0,171,171,152,152,88
"8703",2,"[19]HcHtnJHqGKHqawIfgJr",310,1,19,309,0,309,0,0,0,0,0,144,144,165,165,88
"8704",3,"[19]HcHtnJHqGKHqawIfgJr",308,0.993569,19,311,2,309,2,2,0,2,2,159,159,152,150,88
"8705",4,"[19]HcHtnJHqGKHqawIfgJr",305,0.990323,19,310,3,307,3,3,0,3,3,157,157,153,150,88
"8706",5,"[19]HcHtnJHqGKHqawIfgJr",308,0.996764,19,309,1,308,1,1,0,1,1,151,151,158,157,88
"8707",6,"[19]HcHtnJHqGKHqawIfgJr",317,1,19,316,0,316,0,0,0,0,0,158,158,158,158,88
"8708",7,"[19]HcHtnJHqGKHqawIfgJr",310,0.996785,19,311,1,310,1,1,0,1,1,150,150,161,160,88
"8709",8,"[19]HcHtnJHqGKHqawIfgJr",316,1,19,315,0,315,0,0,0,0,0,160,160,155,155,88
"8710",9,"[19]HcHtnJHqGKHqawIfgJr",317,1,19,316,0,316,0,0,0,0,0,157,157,159,159,88
"8711",10,"[19]HcHtnJHqGKHqawIfgJr",314,0.996825,19,315,1,314,1,1,0,1,1,154,154,161,160,88
"8712",11,"[19]HcHtnJHqGKHqawIfgJr",315,1,19,314,0,314,0,0,0,0,0,153,153,161,161,88
"8713",12,"[19]HcHtnJHqGKHqawIfgJr",313,0.996815,19,314,1,313,1,1,0,1,1,160,160,154,153,88
"8714",13,"[19]HcHtnJHqGKHqawIfgJr",307,0.996753,19,308,1,307,1,1,0,1,1,151,151,157,156,88
"8715",14,"[19]HcHtnJHqGKHqawIfgJr",309,0.99359,19,312,2,310,2,2,0,2,2,167,167,145,143,88
"8716",15,"[19]HcHtnJHqGKHqawIfgJr",301,0.996689,19,302,1,301,1,1,0,1,1,140,140,162,161,88
"8717",16,"[19]HcHtnJHqGKHqawIfgJr",318,1,19,317,0,317,0,0,0,0,0,163,163,154,154,88
"8718",17,"[19]HcHtnJHqGKHqawIfgJr",303,0.993464,19,306,2,304,2,2,0,2,2,148,148,158,156,88
"8719",18,"[19]HcHtnJHqGKHqawIfgJr",318,1,19,317,0,317,0,0,0,0,0,157,157,160,160,88
"8720",19,"[19]HcHtnJHqGKHqawIfgJr",311,0.996795,19,312,1,311,1,1,0,1,1,150,150,162,161,88
"8721",20,"[19]HcHtnJHqGKHqawIfgJr",317,0.99375,19,320,2,318,2,2,0,2,2,174,174,146,144,88
"8722",21,"[19]HcHtnJHqGKHqawIfgJr",319,0.996875,19,320,1,319,1,1,0,1,1,164,164,156,155,88
"8723",22,"[19]HcHtnJHqGKHqawIfgJr",304,1,19,303,0,303,0,0,0,0,0,144,144,159,159,88
"8724",23,"[19]HcHtnJHqGKHqawIfgJr",311,1,19,310,0,310,0,0,0,0,0,143,143,167,167,88
"8725",24,"[19]HcHtnJHqGKHqawIfgJr",308,0.996764,19,309,1,308,1,1,0,1,1,148,148,161,160,88
"8726",25,"[19]HcHtnJHqGKHqawIfgJr",320,1,19,319,0,319,0,0,0,0,0,163,163,156,156,88
"8727",26,"[19]HcHtnJHqGKHqawIfgJr",325,1,19,324,0,324,0,0,0,0,0,172,172,152,152,88
"8728",27,"[19]HcHtnJHqGKHqawIfgJr",296,0.986799,19,303,4,299,4,4,0,4,4,147,147,156,152,88
"8729",28,"[19]HcHtnJHqGKHqawIfgJr",312,1,19,311,0,311,0,0,0,0,0,156,156,155,155,88
"8730",29,"[19]HcHtnJHqGKHqawIfgJr",320,0.996885,19,321,1,320,1,1,0,1,1,180,180,141,140,88
"8731",30,"[19]HcHtnJHqGKHqawIfgJr",319,0.990741,19,324,3,321,3,3,0,3,3,176,176,148,145,88
"8732",31,"[19]HcHtnJHqGKHqawIfgJr",315,1,19,314,0,314,0,0,0,0,0,162,162,152,152,88
"8733",32,"[19]HcHtnJHqGKHqawIfgJr",301,0.987013,19,308,4,304,4,4,0,4,4,147,147,161,157,88
"8734",33,"[19]HcHtnJHqGKHqawIfgJr",318,1,19,317,0,317,0,0,0,0,0,160,160,157,157,88
"8735",34,"[19]HcHtnJHqGKHqawIfgJr",314,0.996825,19,315,1,314,1,1,0,1,1,154,154,161,160,88
"8736",35,"[19]HcHtnJHqGKHqawIfgJr",306,0.993528,19,309,2,307,2,2,0,2,2,151,151,158,156,88
"8737",36,"[19]HcHtnJHqGKHqawIfgJr",318,1,19,317,0,317,0,0,0,0,0,156,156,161,161,88
"8738",37,"[19]HcHtnJHqGKHqawIfgJr",307,0.996753,19,308,1,307,1,1,0,1,1,147,147,161,160,88
"8739",38,"[19]HcHtnJHqGKHqawIfgJr",331,1,19,330,0,330,0,0,0,0,0,178,178,152,152,88
"8740",39,"[19]HcHtnJHqGKHqawIfgJr",310,0.996785,19,311,1,310,1,1,0,1,1,161,161,150,149,88
"8741",40,"[19]HcHtnJHqGKHqawIfgJr",312,0.996805,19,313,1,312,1,1,0,1,1,155,155,158,157,88
"8742",41,"[19]HcHtnJHqGKHqawIfgJr",311,1,19,310,0,310,0,0,0,0,0,144,144,166,166,88
"8743",42,"[19]HcHtnJHqGKHqawIfgJr",296,0.990033,19,301,3,298,3,3,0,3,3,137,137,164,161,88
"8744",43,"[19]HcHtnJHqGKHqawIfgJr",312,0.996805,19,313,1,312,1,1,0,1,1,152,152,161,160,88
"8745",44,"[19]HcHtnJHqGKHqawIfgJr",307,0.993548,19,310,2,308,2,2,0,2,2,150,150,160,158,88
"8746",45,"[19]HcHtnJHqGKHqawIfgJr",306,0.996743,19,307,1,306,1,1,0,1,1,139,139,168,167,88
"8747",46,"[19]HcHtnJHqGKHqawIfgJr",323,1,19,322,0,322,0,0,0,0,0,169,169,153,153,88
"8748",47,"[19]HcHtnJHqGKHqawIfgJr",318,1,19,317,0,317,0,0,0,0,0,157,157,160,160,88
"8749",48,"[19]HcHtnJHqGKHqawIfgJr",311,0.993631,19,314,2,312,2,2,0,2,2,163,163,151,149,88
"8750",49,"[19]HcHtnJHqGKHqawIfgJr",319,1,19,318,0,318,0,0,0,0,0,160,160,158,158,88
"8751",50,"[19]HcHtnJHqGKHqawIfgJr",306,1,19,305,0,305,0,0,0,0,0,139,139,166,166,88
"8752",51,"[19]HcHtnJHqGKHqawIfgJr",314,1,19,313,0,313,0,0,0,0,0,151,151,162,162,88
"8753",52,"[19]HcHtnJHqGKHqawIfgJr",309,0.996774,19,310,1,309,1,1,0,1,1,149,149,161,160,88
"8754",53,"[19]HcHtnJHqGKHqawIfgJr",314,1,19,313,0,313,0,0,0,0,0,151,151,162,162,88
"8755",54,"[19]HcHtnJHqGKHqawIfgJr",310,0.996785,19,311,1,310,1,1,0,1,1,153,153,158,157,88
"8756",55,"[19]HcHtnJHqGKHqawIfgJr",316,1,19,315,0,315,0,0,0,0,0,158,158,157,157,88
"8757",56,"[19]HcHtnJHqGKHqawIfgJr",314,1,19,313,0,313,0,0,0,0,0,150,150,163,163,88
"8758",57,"[19]HcHtnJHqGKHqawIfgJr",315,0.996835,19,316,1,315,1,1,0,1,1,167,167,149,148,88
"8759",58,"[19]HcHtnJHqGKHqawIfgJr",312,1,19,311,0,311,0,0,0,0,0,144,144,167,167,88
"8760",59,"[19]HcHtnJHqGKHqawIfgJr",310,1,19,309,0,309,0,0,0,0,0,148,148,161,161,88
"8761",60,"[19]HcHtnJHqGKHqawIfgJr",300,0.993399,19,303,2,301,2,2,0,2,2,139,139,164,162,88
"8762",61,"[19]HcHtnJHqGKHqawIfgJr",308,0.993569,19,311,2,309,2,2,0,2,2,154,154,157,155,88
"8763",62,"[19]HcHtnJHqGKHqawIfgJr",318,1,19,317,0,317,0,0,0,0,0,162,162,155,155,88
"8764",63,"[19]HcHtnJHqGKHqawIfgJr",317,1,19,316,0,316,0,0,0,0,0,164,164,152,152,88
"8765",64,"[19]HcHtnJHqGKHqawIfgJr",306,0.996743,19,307,1,306,1,1,0,1,1,147,147,160,159,88
"8766",65,"[19]HcHtnJHqGKHqawIfgJr",317,0.996855,19,318,1,317,1,1,0,1,1,161,161,157,156,88
"8767",66,"[19]HcHtnJHqGKHqawIfgJr",331,1,19,330,0,330,0,0,0,0,0,185,185,145,145,88
"8768",67,"[19]HcHtnJHqGKHqawIfgJr",302,0.9967,19,303,1,302,1,1,0,1,1,147,147,156,155,88
"8769",68,"[19]HcHtnJHqGKHqawIfgJr",313,1,19,312,0,312,0,0,0,0,0,154,154,158,158,88
"8770",69,"[19]HcHtnJHqGKHqawIfgJr",291,0.986577,19,298,4,294,4,4,0,4,4,134,134,164,160,88
"8771",70,"[19]HcHtnJHqGKHqawIfgJr",313,0.996815,19,314,1,313,1,1,0,1,1,151,151,163,162,88
"8772",71,"[19]HcHtnJHqGKHqawIfgJr",318,1,19,317,0,317,0,0,0,0,0,159,159,158,158,88
"8773",72,"[19]HcHtnJHqGKHqawIfgJr",299,0.983766,19,308,5,303,5,5,0,5,5,153,153,155,150,88
"8774",73,"[19]HcHtnJHqGKHqawIfgJr",301,0.996689,19,302,1,301,1,1,0,1,1,138,138,164,163,88
"8775",74,"[19]HcHtnJHqGKHqawIfgJr",304,0.990291,19,309,3,306,3,3,0,3,3,145,145,164,161,88
"8776",75,"[19]HcHtnJHqGKHqawIfgJr",318,1,19,317,0,317,0,0,0,0,0,162,162,155,155,88
"8777",76,"[19]HcHtnJHqGKHqawIfgJr",315,1,19,314,0,314,0,0,0,0,0,158,158,156,156,88
"8778",77,"[19]HcHtnJHqGKHqawIfgJr",309,0.99359,19,312,2,310,2,2,0,2,2,151,151,161,159,88
"8779",78,"[19]HcHtnJHqGKHqawIfgJr",310,0.990476,19,315,3,312,3,3,0,3,3,161,161,154,151,88
"8780",79,"[19]HcHtnJHqGKHqawIfgJr",318,1,19,317,0,317,0,0,0,0,0,154,154,163,163,88
"8781",80,"[19]HcHtnJHqGKHqawIfgJr",318,1,19,317,0,317,0,0,0,0,0,162,162,155,155,88
"8782",81,"[19]HcHtnJHqGKHqawIfgJr",313,1,19,312,0,312,0,0,0,0,0,157,157,155,155,88
"8783",82,"[19]HcHtnJHqGKHqawIfgJr",309,0.99359,19,312,2,310,2,2,0,2,2,151,151,161,159,88
"8784",83,"[19]HcHtnJHqGKHqawIfgJr",310,1,19,309,0,309,0,0,0,0,0,144,144,165,165,88
"8785",84,"[19]HcHtnJHqGKHqawIfgJr",328,1,19,327,0,327,0,0,0,0,0,184,184,143,143,88
"8786",85,"[19]HcHtnJHqGKHqawIfgJr",299,0.990132,19,304,3,301,3,3,0,3,3,144,144,160,157,88
"8787",86,"[19]HcHtnJHqGKHqawIfgJr",308,0.996764,19,309,1,308,1,1,0,1,1,150,150,159,158,88
"8788",87,"[19]HcHtnJHqGKHqawIfgJr",309,1,19,308,0,308,0,0,0,0,0,148,148,160,160,88
"8789",88,"[19]HcHtnJHqGKHqawIfgJr",298,0.993355,19,301,2,299,2,2,0,2,2,136,136,165,163,88
"8790",89,"[19]HcHtnJHqGKHqawIfgJr",313,1,19,312,0,312,0,0,0,0,0,149,149,163,163,88
"8791",90,"[19]HcHtnJHqGKHqawIfgJr",305,0.996732,19,306,1,305,1,1,0,1,1,139,139,167,166,88
"8792",91,"[19]HcHtnJHqGKHqawIfgJr",307,0.993548,19,310,2,308,2,2,0,2,2,147,147,163,161,88
"8793",92,"[19]HcHtnJHqGKHqawIfgJr",313,1,19,312,0,312,0,0,0,0,0,146,146,166,166,88
"8794",93,"[19]HcHtnJHqGKHqawIfgJr",321,1,19,320,0,320,0,0,0,0,0,164,164,156,156,88
"8795",94,"[19]HcHtnJHqGKHqawIfgJr",328,1,19,327,0,327,0,0,0,0,0,185,185,142,142,88
"8796",95,"[19]HcHtnJHqGKHqawIfgJr",281,0.97619,19,294,7,287,7,7,0,7,7,131,131,163,156,88
"8797",96,"[19]HcHtnJHqGKHqawIfgJr",299,0.996667,19,300,1,299,1,1,0,1,1,129,129,171,170,88
"8798",97,"[19]HcHtnJHqGKHqawIfgJr",313,0.9875,19,320,4,316,4,4,0,4,4,177,177,143,139,88
"8799",98,"[19]HcHtnJHqGKHqawIfgJr",312,0.996805,19,313,1,312,1,1,0,1,1,154,154,159,158,88
"8800",99,"[19]HcHtnJHqGKHqawIfgJr",319,1,19,318,0,318,0,0,0,0,0,173,173,145,145,88
"8801",0,"[17]HcHsGnJHqKHqaIjbJ",299,0.990132,17,304,3,301,3,3,0,3,3,157,157,147,144,89
"8802",1,"[17]HcHsGnJHqKHqaIjbJ",306,1,17,305,0,305,0,0,0,0,0,158,158,147,147,89
"8803",2,"[17]HcHsGnJHqKHqaIjbJ",300,1,17,299,0,299,0,0,0,0,0,143,143,156,156,89
"8804",3,"[17]HcHsGnJHqKHqaIjbJ",293,0.989933,17,298,3,295,3,3,0,3,3,151,151,147,144,89
"8805",4,"[17]HcHsGnJHqKHqaIjbJ",286,0.989691,17,291,3,288,3,3,0,3,3,142,142,149,146,89
"8806",5,"[17]HcHsGnJHqKHqaIjbJ",295,0.993289,17,298,2,296,2,2,0,2,2,146,146,152,150,89
"8807",6,"[17]HcHsGnJHqKHqaIjbJ",300,1,17,299,0,299,0,0,0,0,0,148,148,151,151,89
"8808",7,"[17]HcHsGnJHqKHqaIjbJ",308,1,17,307,0,307,0,0,0,0,0,163,163,144,144,89
"8809",8,"[17]HcHsGnJHqKHqaIjbJ",299,0.993377,17,302,2,300,2,2,0,2,2,156,156,146,144,89
"8810",9,"[17]HcHsGnJHqKHqaIjbJ",302,1,17,301,0,301,0,0,0,0,0,143,143,158,158,89
"8811",10,"[17]HcHsGnJHqKHqaIjbJ",300,1,17,299,0,299,0,0,0,0,0,150,150,149,149,89
"8812",11,"[17]HcHsGnJHqKHqaIjbJ",304,0.993485,17,307,2,305,2,2,0,2,2,165,165,142,140,89
"8813",12,"[17]HcHsGnJHqKHqaIjbJ",303,1,17,302,0,302,0,0,0,0,0,167,167,135,135,89
"8814",13,"[17]HcHsGnJHqKHqaIjbJ",295,1,17,294,0,294,0,0,0,0,0,146,146,148,148,89
"8815",14,"[17]HcHsGnJHqKHqaIjbJ",296,1,17,295,0,295,0,0,0,0,0,140,140,155,155,89
"8816",15,"[17]HcHsGnJHqKHqaIjbJ",279,0.97931,17,290,6,284,6,6,0,6,6,144,144,146,140,89
"8817",16,"[17]HcHsGnJHqKHqaIjbJ",302,1,17,301,0,301,0,0,0,0,0,146,146,155,155,89
"8818",17,"[17]HcHsGnJHqKHqaIjbJ",293,1,17,292,0,292,0,0,0,0,0,139,139,153,153,89
"8819",18,"[17]HcHsGnJHqKHqaIjbJ",304,1,17,303,0,303,0,0,0,0,0,145,145,158,158,89
"8820",19,"[17]HcHsGnJHqKHqaIjbJ",305,1,17,304,0,304,0,0,0,0,0,164,164,140,140,89
"8821",20,"[17]HcHsGnJHqKHqaIjbJ",289,0.993151,17,292,2,290,2,2,0,2,2,134,134,158,156,89
"8822",21,"[17]HcHsGnJHqKHqaIjbJ",293,1,17,292,0,292,0,0,0,0,0,139,139,153,153,89
"8823",22,"[17]HcHsGnJHqKHqaIjbJ",299,1,17,298,0,298,0,0,0,0,0,138,138,160,160,89
"8824",23,"[17]HcHsGnJHqKHqaIjbJ",290,0.993174,17,293,2,291,2,2,0,2,2,134,134,159,157,89
"8825",24,"[17]HcHsGnJHqKHqaIjbJ",305,1,17,304,0,304,0,0,0,0,0,162,162,142,142,89
"8826",25,"[17]HcHsGnJHqKHqaIjbJ",297,0.986842,17,304,4,300,4,4,0,4,4,148,148,156,152,89
"8827",26,"[17]HcHsGnJHqKHqaIjbJ",300,1,17,299,0,299,0,0,0,0,0,142,142,157,157,89
"8828",27,"[17]HcHsGnJHqKHqaIjbJ",307,0.996753,17,308,1,307,1,1,0,1,1,156,156,152,151,89
"8829",28,"[17]HcHsGnJHqKHqaIjbJ",301,1,17,300,0,300,0,0,0,0,0,140,140,160,160,89
"8830",29,"[17]HcHsGnJHqKHqaIjbJ",285,0.993056,17,288,2,286,2,2,0,2,2,132,132,156,154,89
"8831",30,"[17]HcHsGnJHqKHqaIjbJ",308,1,17,307,0,307,0,0,0,0,0,154,154,153,153,89
"8832",31,"[17]HcHsGnJHqKHqaIjbJ",297,0.996644,17,298,1,297,1,1,0,1,1,158,158,140,139,89
"8833",32,"[17]HcHsGnJHqKHqaIjbJ",301,1,17,300,0,300,0,0,0,0,0,153,153,147,147,89
"8834",33,"[17]HcHsGnJHqKHqaIjbJ",302,1,17,301,0,301,0,0,0,0,0,157,157,144,144,89
"8835",34,"[17]HcHsGnJHqKHqaIjbJ",298,1,17,297,0,297,0,0,0,0,0,137,137,160,160,89
"8836",35,"[17]HcHsGnJHqKHqaIjbJ",300,1,17,299,0,299,0,0,0,0,0,137,137,162,162,89
"8837",36,"[17]HcHsGnJHqKHqaIjbJ",310,1,17,309,0,309,0,0,0,0,0,171,171,138,138,89
"8838",37,"[17]HcHsGnJHqKHqaIjbJ",299,0.996667,17,300,1,299,1,1,0,1,1,157,157,143,142,89
"8839",38,"[17]HcHsGnJHqKHqaIjbJ",291,0.996575,17,292,1,291,1,1,0,1,1,133,133,159,158,89
"8840",39,"[17]HcHsGnJHqKHqaIjbJ",301,0.996689,17,302,1,301,1,1,0,1,1,163,163,139,138,89
"8841",40,"[17]HcHsGnJHqKHqaIjbJ",297,1,17,296,0,296,0,0,0,0,0,135,135,161,161,89
"8842",41,"[17]HcHsGnJHqKHqaIjbJ",301,0.996689,17,302,1,301,1,1,0,1,1,155,155,147,146,89
"8843",42,"[17]HcHsGnJHqKHqaIjbJ",307,1,17,306,0,306,0,0,0,0,0,158,158,148,148,89
"8844",43,"[17]HcHsGnJHqKHqaIjbJ",289,0.996552,17,290,1,289,1,1,0,1,1,138,138,152,151,89
"8845",44,"[17]HcHsGnJHqKHqaIjbJ",304,1,17,303,0,303,0,0,0,0,0,152,152,151,151,89
"8846",45,"[17]HcHsGnJHqKHqaIjbJ",300,1,17,299,0,299,0,0,0,0,0,140,140,159,159,89
"8847",46,"[17]HcHsGnJHqKHqaIjbJ",294,1,17,293,0,293,0,0,0,0,0,141,141,152,152,89
"8848",47,"[17]HcHsGnJHqKHqaIjbJ",309,1,17,308,0,308,0,0,0,0,0,166,166,142,142,89
"8849",48,"[17]HcHsGnJHqKHqaIjbJ",286,0.99308,17,289,2,287,2,2,0,2,2,131,131,158,156,89
"8850",49,"[17]HcHsGnJHqKHqaIjbJ",284,0.989619,17,289,3,286,3,3,0,3,3,128,128,161,158,89
"8851",50,"[17]HcHsGnJHqKHqaIjbJ",301,0.993421,17,304,2,302,2,2,0,2,2,170,170,134,132,89
"8852",51,"[17]HcHsGnJHqKHqaIjbJ",293,0.996599,17,294,1,293,1,1,0,1,1,137,137,157,156,89
"8853",52,"[17]HcHsGnJHqKHqaIjbJ",302,1,17,301,0,301,0,0,0,0,0,141,141,160,160,89
"8854",53,"[17]HcHsGnJHqKHqaIjbJ",292,0.996587,17,293,1,292,1,1,0,1,1,141,141,152,151,89
"8855",54,"[17]HcHsGnJHqKHqaIjbJ",300,0.996678,17,301,1,300,1,1,0,1,1,155,155,146,145,89
"8856",55,"[17]HcHsGnJHqKHqaIjbJ",299,0.993377,17,302,2,300,2,2,0,2,2,150,150,152,150,89
"8857",56,"[17]HcHsGnJHqKHqaIjbJ",293,1,17,292,0,292,0,0,0,0,0,140,140,152,152,89
"8858",57,"[17]HcHsGnJHqKHqaIjbJ",294,0.993266,17,297,2,295,2,2,0,2,2,153,153,144,142,89
"8859",58,"[17]HcHsGnJHqKHqaIjbJ",303,0.996711,17,304,1,303,1,1,0,1,1,159,159,145,144,89
"8860",59,"[17]HcHsGnJHqKHqaIjbJ",281,0.979452,17,292,6,286,6,6,0,6,6,151,151,141,135,89
"8861",60,"[17]HcHsGnJHqKHqaIjbJ",297,0.996644,17,298,1,297,1,1,0,1,1,156,156,142,141,89
"8862",61,"[17]HcHsGnJHqKHqaIjbJ",296,1,17,295,0,295,0,0,0,0,0,151,151,144,144,89
"8863",62,"[17]HcHsGnJHqKHqaIjbJ",300,1,17,299,0,299,0,0,0,0,0,156,156,143,143,89
"8864",63,"[17]HcHsGnJHqKHqaIjbJ",295,0.983553,17,304,5,299,5,5,0,5,5,157,157,147,142,89
"8865",64,"[17]HcHsGnJHqKHqaIjbJ",296,1,17,295,0,295,0,0,0,0,0,140,140,155,155,89
"8866",65,"[17]HcHsGnJHqKHqaIjbJ",302,1,17,301,0,301,0,0,0,0,0,151,151,150,150,89
"8867",66,"[17]HcHsGnJHqKHqaIjbJ",303,0.996711,17,304,1,303,1,1,0,1,1,157,157,147,146,89
"8868",67,"[17]HcHsGnJHqKHqaIjbJ",297,0.993333,17,300,2,298,2,2,0,2,2,147,147,153,151,89
"8869",68,"[17]HcHsGnJHqKHqaIjbJ",290,0.996564,17,291,1,290,1,1,0,1,1,137,137,154,153,89
"8870",69,"[17]HcHsGnJHqKHqaIjbJ",293,0.996599,17,294,1,293,1,1,0,1,1,142,142,152,151,89
"8871",70,"[17]HcHsGnJHqKHqaIjbJ",292,0.996587,17,293,1,292,1,1,0,1,1,135,135,158,157,89
"8872",71,"[17]HcHsGnJHqKHqaIjbJ",288,0.989761,17,293,3,290,3,3,0,3,3,132,132,161,158,89
"8873",72,"[17]HcHsGnJHqKHqaIjbJ",295,1,17,294,0,294,0,0,0,0,0,133,133,161,161,89
"8874",73,"[17]HcHsGnJHqKHqaIjbJ",294,0.99661,17,295,1,294,1,1,0,1,1,146,146,149,148,89
"8875",74,"[17]HcHsGnJHqKHqaIjbJ",305,0.996732,17,306,1,305,1,1,0,1,1,159,159,147,146,89
"8876",75,"[17]HcHsGnJHqKHqaIjbJ",302,0.9967,17,303,1,302,1,1,0,1,1,162,162,141,140,89
"8877",76,"[17]HcHsGnJHqKHqaIjbJ",304,1,17,303,0,303,0,0,0,0,0,156,156,147,147,89
"8878",77,"[17]HcHsGnJHqKHqaIjbJ",299,1,17,298,0,298,0,0,0,0,0,144,144,154,154,89
"8879",78,"[17]HcHsGnJHqKHqaIjbJ",300,1,17,299,0,299,0,0,0,0,0,144,144,155,155,89
"8880",79,"[17]HcHsGnJHqKHqaIjbJ",291,0.996575,17,292,1,291,1,1,0,1,1,146,146,146,145,89
"8881",80,"[17]HcHsGnJHqKHqaIjbJ",301,1,17,300,0,300,0,0,0,0,0,149,149,151,151,89
"8882",81,"[17]HcHsGnJHqKHqaIjbJ",303,0.996711,17,304,1,303,1,1,0,1,1,164,164,140,139,89
"8883",82,"[17]HcHsGnJHqKHqaIjbJ",301,1,17,300,0,300,0,0,0,0,0,156,156,144,144,89
"8884",83,"[17]HcHsGnJHqKHqaIjbJ",296,1,17,295,0,295,0,0,0,0,0,137,137,158,158,89
"8885",84,"[17]HcHsGnJHqKHqaIjbJ",297,0.996644,17,298,1,297,1,1,0,1,1,151,151,147,146,89
"8886",85,"[17]HcHsGnJHqKHqaIjbJ",307,1,17,306,0,306,0,0,0,0,0,162,162,144,144,89
"8887",86,"[17]HcHsGnJHqKHqaIjbJ",301,1,17,300,0,300,0,0,0,0,0,144,144,156,156,89
"8888",87,"[17]HcHsGnJHqKHqaIjbJ",305,1,17,304,0,304,0,0,0,0,0,153,153,151,151,89
"8889",88,"[17]HcHsGnJHqKHqaIjbJ",291,0.996575,17,292,1,291,1,1,0,1,1,135,135,157,156,89
"8890",89,"[17]HcHsGnJHqKHqaIjbJ",300,1,17,299,0,299,0,0,0,0,0,142,142,157,157,89
"8891",90,"[17]HcHsGnJHqKHqaIjbJ",289,0.996552,17,290,1,289,1,1,0,1,1,139,139,151,150,89
"8892",91,"[17]HcHsGnJHqKHqaIjbJ",286,0.989691,17,291,3,288,3,3,0,3,3,138,138,153,150,89
"8893",92,"[17]HcHsGnJHqKHqaIjbJ",299,1,17,298,0,298,0,0,0,0,0,150,150,148,148,89
"8894",93,"[17]HcHsGnJHqKHqaIjbJ",297,0.996644,17,298,1,297,1,1,0,1,1,149,149,149,148,89
"8895",94,"[17]HcHsGnJHqKHqaIjbJ",295,0.996622,17,296,1,295,1,1,0,1,1,150,150,146,145,89
"8896",95,"[17]HcHsGnJHqKHqaIjbJ",294,0.983498,17,303,5,298,5,5,0,5,5,169,169,134,129,89
"8897",96,"[17]HcHsGnJHqKHqaIjbJ",308,1,17,307,0,307,0,0,0,0,0,167,167,140,140,89
"8898",97,"[17]HcHsGnJHqKHqaIjbJ",308,0.996764,17,309,1,308,1,1,0,1,1,169,169,140,139,89
"8899",98,"[17]HcHsGnJHqKHqaIjbJ",308,1,17,307,0,307,0,0,0,0,0,168,168,139,139,89
"8900",99,"[17]HcHsGnJHqKHqaIjbJ",287,0.986395,17,294,4,290,4,4,0,4,4,135,135,159,155,89
"8901",0,"[16]HcHtGnJHqKHqaIFJ",296,1,16,295,0,295,0,0,0,0,0,138,138,157,157,90
"8902",1,"[16]HcHtGnJHqKHqaIFJ",290,0.996564,16,291,1,290,1,1,0,1,1,133,133,158,157,90
"8903",2,"[16]HcHtGnJHqKHqaIFJ",286,0.996516,16,287,1,286,1,1,0,1,1,119,119,168,167,90
"8904",3,"[16]HcHtGnJHqKHqaIFJ",304,1,16,303,0,303,0,0,0,0,0,160,160,143,143,90
"8905",4,"[16]HcHtGnJHqKHqaIFJ",294,0.99661,16,295,1,294,1,1,0,1,1,138,138,157,156,90
"8906",5,"[16]HcHtGnJHqKHqaIFJ",298,0.993355,16,301,2,299,2,2,0,2,2,155,155,146,144,90
"8907",6,"[16]HcHtGnJHqKHqaIFJ",295,1,16,294,0,294,0,0,0,0,0,149,149,145,145,90
"8908",7,"[16]HcHtGnJHqKHqaIFJ",301,0.996689,16,302,1,301,1,1,0,1,1,156,156,146,145,90
"8909",8,"[16]HcHtGnJHqKHqaIFJ",299,1,16,298,0,298,0,0,0,0,0,139,139,159,159,90
"8910",9,"[16]HcHtGnJHqKHqaIFJ",298,1,16,297,0,297,0,0,0,0,0,136,136,161,161,90
"8911",10,"[16]HcHtGnJHqKHqaIFJ",296,0.996633,16,297,1,296,1,1,0,1,1,137,137,160,159,90
"8912",11,"[16]HcHtGnJHqKHqaIFJ",303,1,16,302,0,302,0,0,0,0,0,160,160,142,142,90
"8913",12,"[16]HcHtGnJHqKHqaIFJ",305,0.996732,16,306,1,305,1,1,0,1,1,157,157,149,148,90
"8914",13,"[16]HcHtGnJHqKHqaIFJ",300,1,16,299,0,299,0,0,0,0,0,154,154,145,145,90
"8915",14,"[16]HcHtGnJHqKHqaIFJ",295,0.996622,16,296,1,295,1,1,0,1,1,141,141,155,154,90
"8916",15,"[16]HcHtGnJHqKHqaIFJ",300,0.996678,16,301,1,300,1,1,0,1,1,153,153,148,147,90
"8917",16,"[16]HcHtGnJHqKHqaIFJ",304,1,16,303,0,303,0,0,0,0,0,162,162,141,141,90
"8918",17,"[16]HcHtGnJHqKHqaIFJ",299,1,16,298,0,298,0,0,0,0,0,142,142,156,156,90
"8919",18,"[16]HcHtGnJHqKHqaIFJ",294,0.993266,16,297,2,295,2,2,0,2,2,149,149,148,146,90
"8920",19,"[16]HcHtGnJHqKHqaIFJ",302,1,16,301,0,301,0,0,0,0,0,150,150,151,151,90
"8921",20,"[16]HcHtGnJHqKHqaIFJ",293,1,16,292,0,292,0,0,0,0,0,133,133,159,159,90
"8922",21,"[16]HcHtGnJHqKHqaIFJ",301,1,16,300,0,300,0,0,0,0,0,148,148,152,152,90
"8923",22,"[16]HcHtGnJHqKHqaIFJ",285,0.982993,16,294,5,289,5,5,0,5,5,148,148,146,141,90
"8924",23,"[16]HcHtGnJHqKHqaIFJ",303,0.993464,16,306,2,304,2,2,0,2,2,169,169,137,135,90
"8925",24,"[16]HcHtGnJHqKHqaIFJ",296,0.996633,16,297,1,296,1,1,0,1,1,141,141,156,155,90
"8926",25,"[16]HcHtGnJHqKHqaIFJ",298,0.990099,16,303,3,300,3,3,0,3,3,157,157,146,143,90
"8927",26,"[16]HcHtGnJHqKHqaIFJ",294,0.989967,16,299,3,296,3,3,0,3,3,144,144,155,152,90
"8928",27,"[16]HcHtGnJHqKHqaIFJ",298,1,16,297,0,297,0,0,0,0,0,150,150,147,147,90
"8929",28,"[16]HcHtGnJHqKHqaIFJ",288,0.99654,16,289,1,288,1,1,0,1,1,135,135,154,153,90
"8930",29,"[16]HcHtGnJHqKHqaIFJ",298,0.996656,16,299,1,298,1,1,0,1,1,158,158,141,140,90
"8931",30,"[16]HcHtGnJHqKHqaIFJ",302,1,16,301,0,301,0,0,0,0,0,149,149,152,152,90
"8932",31,"[16]HcHtGnJHqKHqaIFJ",293,0.996599,16,294,1,293,1,1,0,1,1,136,136,158,157,90
"8933",32,"[16]HcHtGnJHqKHqaIFJ",299,0.996667,16,300,1,299,1,1,0,1,1,137,137,163,162,90
"8934",33,"[16]HcHtGnJHqKHqaIFJ",297,1,16,296,0,296,0,0,0,0,0,144,144,152,152,90
"8935",34,"[16]HcHtGnJHqKHqaIFJ",300,1,16,299,0,299,0,0,0,0,0,149,149,150,150,90
"8936",35,"[16]HcHtGnJHqKHqaIFJ",277,0.969388,16,294,9,285,9,9,0,9,9,156,156,138,129,90
"8937",36,"[16]HcHtGnJHqKHqaIFJ",308,1,16,307,0,307,0,0,0,0,0,163,163,144,144,90
"8938",37,"[16]HcHtGnJHqKHqaIFJ",291,0.993197,16,294,2,292,2,2,0,2,2,137,137,157,155,90
"8939",38,"[16]HcHtGnJHqKHqaIFJ",300,1,16,299,0,299,0,0,0,0,0,148,148,151,151,90
"8940",39,"[16]HcHtGnJHqKHqaIFJ",302,0.9967,16,303,1,302,1,1,0,1,1,140,140,163,162,90
"8941",40,"[16]HcHtGnJHqKHqaIFJ",299,1,16,298,0,298,0,0,0,0,0,134,134,164,164,90
"8942",41,"[16]HcHtGnJHqKHqaIFJ",295,0.99,16,300,3,297,3,3,0,3,3,154,154,146,143,90
"8943",42,"[16]HcHtGnJHqKHqaIFJ",292,0.986622,16,299,4,295,4,4,0,4,4,159,159,140,136,90
"8944",43,"[16]HcHtGnJHqKHqaIFJ",298,0.996656,16,299,1,298,1,1,0,1,1,163,163,136,135,90
"8945",44,"[16]HcHtGnJHqKHqaIFJ",298,0.993355,16,301,2,299,2,2,0,2,2,151,151,150,148,90
"8946",45,"[16]HcHtGnJHqKHqaIFJ",295,0.996622,16,296,1,295,1,1,0,1,1,139,139,157,156,90
"8947",46,"[16]HcHtGnJHqKHqaIFJ",301,1,16,300,0,300,0,0,0,0,0,143,143,157,157,90
"8948",47,"[16]HcHtGnJHqKHqaIFJ",304,1,16,303,0,303,0,0,0,0,0,152,152,151,151,90
"8949",48,"[16]HcHtGnJHqKHqaIFJ",299,0.996667,16,300,1,299,1,1,0,1,1,165,165,135,134,90
"8950",49,"[16]HcHtGnJHqKHqaIFJ",303,1,16,302,0,302,0,0,0,0,0,162,162,140,140,90
"8951",50,"[16]HcHtGnJHqKHqaIFJ",303,1,16,302,0,302,0,0,0,0,0,163,163,139,139,90
"8952",51,"[16]HcHtGnJHqKHqaIFJ",298,1,16,297,0,297,0,0,0,0,0,143,143,154,154,90
"8953",52,"[16]HcHtGnJHqKHqaIFJ",300,1,16,299,0,299,0,0,0,0,0,146,146,153,153,90
"8954",53,"[16]HcHtGnJHqKHqaIFJ",298,1,16,297,0,297,0,0,0,0,0,151,151,146,146,90
"8955",54,"[16]HcHtGnJHqKHqaIFJ",300,0.993399,16,303,2,301,2,2,0,2,2,169,169,134,132,90
"8956",55,"[16]HcHtGnJHqKHqaIFJ",291,0.989865,16,296,3,293,3,3,0,3,3,156,156,140,137,90
"8957",56,"[16]HcHtGnJHqKHqaIFJ",291,1,16,290,0,290,0,0,0,0,0,130,130,160,160,90
"8958",57,"[16]HcHtGnJHqKHqaIFJ",298,0.996656,16,299,1,298,1,1,0,1,1,138,138,161,160,90
"8959",58,"[16]HcHtGnJHqKHqaIFJ",299,1,16,298,0,298,0,0,0,0,0,151,151,147,147,90
"8960",59,"[16]HcHtGnJHqKHqaIFJ",301,1,16,300,0,300,0,0,0,0,0,160,160,140,140,90
"8961",60,"[16]HcHtGnJHqKHqaIFJ",303,1,16,302,0,302,0,0,0,0,0,156,156,146,146,90
"8962",61,"[16]HcHtGnJHqKHqaIFJ",302,0.9967,16,303,1,302,1,1,0,1,1,152,152,151,150,90
"8963",62,"[16]HcHtGnJHqKHqaIFJ",296,0.993311,16,299,2,297,2,2,0,2,2,153,153,146,144,90
"8964",63,"[16]HcHtGnJHqKHqaIFJ",298,0.996656,16,299,1,298,1,1,0,1,1,156,156,143,142,90
"8965",64,"[16]HcHtGnJHqKHqaIFJ",298,1,16,297,0,297,0,0,0,0,0,153,153,144,144,90
"8966",65,"[16]HcHtGnJHqKHqaIFJ",304,1,16,303,0,303,0,0,0,0,0,169,169,134,134,90
"8967",66,"[16]HcHtGnJHqKHqaIFJ",298,0.996656,16,299,1,298,1,1,0,1,1,157,157,142,141,90
"8968",67,"[16]HcHtGnJHqKHqaIFJ",294,0.989967,16,299,3,296,3,3,0,3,3,165,165,134,131,90
"8969",68,"[16]HcHtGnJHqKHqaIFJ",300,1,16,299,0,299,0,0,0,0,0,158,158,141,141,90
"8970",69,"[16]HcHtGnJHqKHqaIFJ",297,1,16,296,0,296,0,0,0,0,0,156,156,140,140,90
"8971",70,"[16]HcHtGnJHqKHqaIFJ",297,0.996644,16,298,1,297,1,1,0,1,1,150,150,148,147,90
"8972",71,"[16]HcHtGnJHqKHqaIFJ",305,1,16,304,0,304,0,0,0,0,0,152,152,152,152,90
"8973",72,"[16]HcHtGnJHqKHqaIFJ",299,1,16,298,0,298,0,0,0,0,0,153,153,145,145,90
"8974",73,"[16]HcHtGnJHqKHqaIFJ",300,0.996678,16,301,1,300,1,1,0,1,1,151,151,150,149,90
"8975",74,"[16]HcHtGnJHqKHqaIFJ",301,1,16,300,0,300,0,0,0,0,0,162,162,138,138,90
"8976",75,"[16]HcHtGnJHqKHqaIFJ",298,0.996656,16,299,1,298,1,1,0,1,1,152,152,147,146,90
"8977",76,"[16]HcHtGnJHqKHqaIFJ",303,1,16,302,0,302,0,0,0,0,0,169,169,133,133,90
"8978",77,"[16]HcHtGnJHqKHqaIFJ",303,1,16,302,0,302,0,0,0,0,0,163,163,139,139,90
"8979",78,"[16]HcHtGnJHqKHqaIFJ",308,1,16,307,0,307,0,0,0,0,0,161,161,146,146,90
"8980",79,"[16]HcHtGnJHqKHqaIFJ",296,1,16,295,0,295,0,0,0,0,0,137,137,158,158,90
"8981",80,"[16]HcHtGnJHqKHqaIFJ",284,0.976431,16,297,7,290,7,7,0,7,7,166,166,131,124,90
"8982",81,"[16]HcHtGnJHqKHqaIFJ",288,1,16,287,0,287,0,0,0,0,0,138,138,149,149,90
"8983",82,"[16]HcHtGnJHqKHqaIFJ",293,0.989933,16,298,3,295,3,3,0,3,3,151,151,147,144,90
"8984",83,"[16]HcHtGnJHqKHqaIFJ",293,1,16,292,0,292,0,0,0,0,0,145,145,147,147,90
"8985",84,"[16]HcHtGnJHqKHqaIFJ",296,1,16,295,0,295,0,0,0,0,0,140,140,155,155,90
"8986",85,"[16]HcHtGnJHqKHqaIFJ",292,0.986622,16,299,4,295,4,4,0,4,4,148,148,151,147,90
"8987",86,"[16]HcHtGnJHqKHqaIFJ",305,1,16,304,0,304,0,0,0,0,0,147,147,157,157,90
"8988",87,"[16]HcHtGnJHqKHqaIFJ",305,1,16,304,0,304,0,0,0,0,0,157,157,147,147,90
"8989",88,"[16]HcHtGnJHqKHqaIFJ",297,1,16,296,0,296,0,0,0,0,0,145,145,151,151,90
"8990",89,"[16]HcHtGnJHqKHqaIFJ",291,0.993197,16,294,2,292,2,2,0,2,2,131,131,163,161,90
"8991",90,"[16]HcHtGnJHqKHqaIFJ",301,0.996689,16,302,1,301,1,1,0,1,1,169,169,133,132,90
"8992",91,"[16]HcHtGnJHqKHqaIFJ",302,0.9967,16,303,1,302,1,1,0,1,1,154,154,149,148,90
"8993",92,"[16]HcHtGnJHqKHqaIFJ",307,1,16,306,0,306,0,0,0,0,0,157,157,149,149,90
"8994",93,"[16]HcHtGnJHqKHqaIFJ",295,1,16,294,0,294,0,0,0,0,0,144,144,150,150,90
"8995",94,"[16]HcHtGnJHqKHqaIFJ",292,0.989899,16,297,3,294,3,3,0,3,3,148,148,149,146,90
"8996",95,"[16]HcHtGnJHqKHqaIFJ",302,1,16,301,0,301,0,0,0,0,0,148,148,153,153,90
"8997",96,"[16]HcHtGnJHqKHqaIFJ",306,1,16,305,0,305,0,0,0,0,0,159,159,146,146,90
"8998",97,"[16]HcHtGnJHqKHqaIFJ",297,1,16,296,0,296,0,0,0,0,0,154,154,142,142,90
"8999",98,"[16]HcHtGnJHqKHqaIFJ",300,1,16,299,0,299,0,0,0,0,0,152,152,147,147,90
"9000",99,"[16]HcHtGnJHqKHqaIFJ",300,1,16,299,0,299,0,0,0,0,0,152,152,147,147,90
"9001",0,"[17]HBHxGnJHqKHqazIJw",294,0.99661,17,295,1,294,1,1,0,1,1,138,138,157,156,91
"9002",1,"[17]HBHxGnJHqKHqazIJw",295,1,17,294,0,294,0,0,0,0,0,141,141,153,153,91
"9003",2,"[17]HBHxGnJHqKHqazIJw",298,1,17,297,0,297,0,0,0,0,0,149,149,148,148,91
"9004",3,"[17]HBHxGnJHqKHqazIJw",295,1,17,294,0,294,0,0,0,0,0,131,131,163,163,91
"9005",4,"[17]HBHxGnJHqKHqazIJw",302,0.993443,17,305,2,303,2,2,0,2,2,167,167,138,136,91
"9006",5,"[17]HBHxGnJHqKHqazIJw",285,0.986301,17,292,4,288,4,4,0,4,4,141,141,151,147,91
"9007",6,"[17]HBHxGnJHqKHqazIJw",284,0.986254,17,291,4,287,4,4,0,4,4,138,138,153,149,91
"9008",7,"[17]HBHxGnJHqKHqazIJw",301,1,17,300,0,300,0,0,0,0,0,144,144,156,156,91
"9009",8,"[17]HBHxGnJHqKHqazIJw",289,1,17,288,0,288,0,0,0,0,0,132,132,156,156,91
"9010",9,"[17]HBHxGnJHqKHqazIJw",301,0.996689,17,302,1,301,1,1,0,1,1,162,162,140,139,91
"9011",10,"[17]HBHxGnJHqKHqazIJw",303,1,17,302,0,302,0,0,0,0,0,156,156,146,146,91
"9012",11,"[17]HBHxGnJHqKHqazIJw",305,1,17,304,0,304,0,0,0,0,0,160,160,144,144,91
"9013",12,"[17]HBHxGnJHqKHqazIJw",302,1,17,301,0,301,0,0,0,0,0,144,144,157,157,91
"9014",13,"[17]HBHxGnJHqKHqazIJw",295,1,17,294,0,294,0,0,0,0,0,146,146,148,148,91
"9015",14,"[17]HBHxGnJHqKHqazIJw",309,1,17,308,0,308,0,0,0,0,0,163,163,145,145,91
"9016",15,"[17]HBHxGnJHqKHqazIJw",300,1,17,299,0,299,0,0,0,0,0,162,162,137,137,91
"9017",16,"[17]HBHxGnJHqKHqazIJw",296,1,17,295,0,295,0,0,0,0,0,151,151,144,144,91
"9018",17,"[17]HBHxGnJHqKHqazIJw",292,0.99322,17,295,2,293,2,2,0,2,2,152,152,143,141,91
"9019",18,"[17]HBHxGnJHqKHqazIJw",295,0.993289,17,298,2,296,2,2,0,2,2,155,155,143,141,91
"9020",19,"[17]HBHxGnJHqKHqazIJw",303,1,17,302,0,302,0,0,0,0,0,159,159,143,143,91
"9021",20,"[17]HBHxGnJHqKHqazIJw",302,1,17,301,0,301,0,0,0,0,0,146,146,155,155,91
"9022",21,"[17]HBHxGnJHqKHqazIJw",300,1,17,299,0,299,0,0,0,0,0,144,144,155,155,91
"9023",22,"[17]HBHxGnJHqKHqazIJw",296,1,17,295,0,295,0,0,0,0,0,136,136,159,159,91
"9024",23,"[17]HBHxGnJHqKHqazIJw",294,0.99661,17,295,1,294,1,1,0,1,1,138,138,157,156,91
"9025",24,"[17]HBHxGnJHqKHqazIJw",294,0.993266,17,297,2,295,2,2,0,2,2,154,154,143,141,91
"9026",25,"[17]HBHxGnJHqKHqazIJw",288,0.989761,17,293,3,290,3,3,0,3,3,136,136,157,154,91
"9027",26,"[17]HBHxGnJHqKHqazIJw",300,0.996678,17,301,1,300,1,1,0,1,1,151,151,150,149,91
"9028",27,"[17]HBHxGnJHqKHqazIJw",303,1,17,302,0,302,0,0,0,0,0,165,165,137,137,91
"9029",28,"[17]HBHxGnJHqKHqazIJw",307,1,17,306,0,306,0,0,0,0,0,163,163,143,143,91
"9030",29,"[17]HBHxGnJHqKHqazIJw",305,1,17,304,0,304,0,0,0,0,0,150,150,154,154,91
"9031",30,"[17]HBHxGnJHqKHqazIJw",299,0.996667,17,300,1,299,1,1,0,1,1,148,148,152,151,91
"9032",31,"[17]HBHxGnJHqKHqazIJw",298,0.996656,17,299,1,298,1,1,0,1,1,155,155,144,143,91
"9033",32,"[17]HBHxGnJHqKHqazIJw",292,0.99322,17,295,2,293,2,2,0,2,2,143,143,152,150,91
"9034",33,"[17]HBHxGnJHqKHqazIJw",301,1,17,300,0,300,0,0,0,0,0,158,158,142,142,91
"9035",34,"[17]HBHxGnJHqKHqazIJw",293,0.996599,17,294,1,293,1,1,0,1,1,132,132,162,161,91
"9036",35,"[17]HBHxGnJHqKHqazIJw",295,1,17,294,0,294,0,0,0,0,0,139,139,155,155,91
"9037",36,"[17]HBHxGnJHqKHqazIJw",309,0.996774,17,310,1,309,1,1,0,1,1,167,167,143,142,91
"9038",37,"[17]HBHxGnJHqKHqazIJw",289,0.993151,17,292,2,290,2,2,0,2,2,128,128,164,162,91
"9039",38,"[17]HBHxGnJHqKHqazIJw",300,1,17,299,0,299,0,0,0,0,0,151,151,148,148,91
"9040",39,"[17]HBHxGnJHqKHqazIJw",299,1,17,298,0,298,0,0,0,0,0,132,132,166,166,91
"9041",40,"[17]HBHxGnJHqKHqazIJw",297,1,17,296,0,296,0,0,0,0,0,134,134,162,162,91
"9042",41,"[17]HBHxGnJHqKHqazIJw",304,1,17,303,0,303,0,0,0,0,0,155,155,148,148,91
"9043",42,"[17]HBHxGnJHqKHqazIJw",281,0.992958,17,284,2,282,2,2,0,2,2,123,123,161,159,91
"9044",43,"[17]HBHxGnJHqKHqazIJw",304,0.996721,17,305,1,304,1,1,0,1,1,167,167,138,137,91
"9045",44,"[17]HBHxGnJHqKHqazIJw",308,1,17,307,0,307,0,0,0,0,0,151,151,156,156,91
"9046",45,"[17]HBHxGnJHqKHqazIJw",292,1,17,291,0,291,0,0,0,0,0,132,132,159,159,91
"9047",46,"[17]HBHxGnJHqKHqazIJw",292,0.99322,17,295,2,293,2,2,0,2,2,145,145,150,148,91
"9048",47,"[17]HBHxGnJHqKHqazIJw",299,0.996667,17,300,1,299,1,1,0,1,1,160,160,140,139,91
"9049",48,"[17]HBHxGnJHqKHqazIJw",292,0.989899,17,297,3,294,3,3,0,3,3,157,157,140,137,91
"9050",49,"[17]HBHxGnJHqKHqazIJw",296,0.993311,17,299,2,297,2,2,0,2,2,150,150,149,147,91
"9051",50,"[17]HBHxGnJHqKHqazIJw",296,0.996633,17,297,1,296,1,1,0,1,1,149,149,148,147,91
"9052",51,"[17]HBHxGnJHqKHqazIJw",295,0.996622,17,296,1,295,1,1,0,1,1,150,150,146,145,91
"9053",52,"[17]HBHxGnJHqKHqazIJw",299,0.996667,17,300,1,299,1,1,0,1,1,160,160,140,139,91
"9054",53,"[17]HBHxGnJHqKHqazIJw",304,1,17,303,0,303,0,0,0,0,0,154,154,149,149,91
"9055",54,"[17]HBHxGnJHqKHqazIJw",292,0.996587,17,293,1,292,1,1,0,1,1,138,138,155,154,91
"9056",55,"[17]HBHxGnJHqKHqazIJw",302,1,17,301,0,301,0,0,0,0,0,146,146,155,155,91
"9057",56,"[17]HBHxGnJHqKHqazIJw",297,1,17,296,0,296,0,0,0,0,0,143,143,153,153,91
"9058",57,"[17]HBHxGnJHqKHqazIJw",303,1,17,302,0,302,0,0,0,0,0,154,154,148,148,91
"9059",58,"[17]HBHxGnJHqKHqazIJw",295,0.996622,17,296,1,295,1,1,0,1,1,145,145,151,150,91
"9060",59,"[17]HBHxGnJHqKHqazIJw",293,0.993243,17,296,2,294,2,2,0,2,2,152,152,144,142,91
"9061",60,"[17]HBHxGnJHqKHqazIJw",308,1,17,307,0,307,0,0,0,0,0,159,159,148,148,91
"9062",61,"[17]HBHxGnJHqKHqazIJw",301,1,17,300,0,300,0,0,0,0,0,156,156,144,144,91
"9063",62,"[17]HBHxGnJHqKHqazIJw",303,0.996711,17,304,1,303,1,1,0,1,1,157,157,147,146,91
"9064",63,"[17]HBHxGnJHqKHqazIJw",295,0.996622,17,296,1,295,1,1,0,1,1,150,150,146,145,91
"9065",64,"[17]HBHxGnJHqKHqazIJw",304,0.996721,17,305,1,304,1,1,0,1,1,163,163,142,141,91
"9066",65,"[17]HBHxGnJHqKHqazIJw",299,1,17,298,0,298,0,0,0,0,0,143,143,155,155,91
"9067",66,"[17]HBHxGnJHqKHqazIJw",302,1,17,301,0,301,0,0,0,0,0,161,161,140,140,91
"9068",67,"[17]HBHxGnJHqKHqazIJw",300,1,17,299,0,299,0,0,0,0,0,144,144,155,155,91
"9069",68,"[17]HBHxGnJHqKHqazIJw",292,0.996587,17,293,1,292,1,1,0,1,1,134,134,159,158,91
"9070",69,"[17]HBHxGnJHqKHqazIJw",298,0.993355,17,301,2,299,2,2,0,2,2,157,157,144,142,91
"9071",70,"[17]HBHxGnJHqKHqazIJw",304,1,17,303,0,303,0,0,0,0,0,156,156,147,147,91
"9072",71,"[17]HBHxGnJHqKHqazIJw",300,1,17,299,0,299,0,0,0,0,0,157,157,142,142,91
"9073",72,"[17]HBHxGnJHqKHqazIJw",289,0.989796,17,294,3,291,3,3,0,3,3,150,150,144,141,91
"9074",73,"[17]HBHxGnJHqKHqazIJw",303,1,17,302,0,302,0,0,0,0,0,134,134,168,168,91
"9075",74,"[17]HBHxGnJHqKHqazIJw",295,1,17,294,0,294,0,0,0,0,0,133,133,161,161,91
"9076",75,"[17]HBHxGnJHqKHqazIJw",298,0.996656,17,299,1,298,1,1,0,1,1,157,157,142,141,91
"9077",76,"[17]HBHxGnJHqKHqazIJw",308,1,17,307,0,307,0,0,0,0,0,155,155,152,152,91
"9078",77,"[17]HBHxGnJHqKHqazIJw",303,1,17,302,0,302,0,0,0,0,0,166,166,136,136,91
"9079",78,"[17]HBHxGnJHqKHqazIJw",297,0.993333,17,300,2,298,2,2,0,2,2,159,159,141,139,91
"9080",79,"[17]HBHxGnJHqKHqazIJw",307,1,17,306,0,306,0,0,0,0,0,155,155,151,151,91
"9081",80,"[17]HBHxGnJHqKHqazIJw",288,0.983165,17,297,5,292,5,5,0,5,5,151,151,146,141,91
"9082",81,"[17]HBHxGnJHqKHqazIJw",298,0.993355,17,301,2,299,2,2,0,2,2,154,154,147,145,91
"9083",82,"[17]HBHxGnJHqKHqazIJw",302,1,17,301,0,301,0,0,0,0,0,146,146,155,155,91
"9084",83,"[17]HBHxGnJHqKHqazIJw",309,1,17,308,0,308,0,0,0,0,0,168,168,140,140,91
"9085",84,"[17]HBHxGnJHqKHqazIJw",305,1,17,304,0,304,0,0,0,0,0,162,162,142,142,91
"9086",85,"[17]HBHxGnJHqKHqazIJw",292,0.99322,17,295,2,293,2,2,0,2,2,151,151,144,142,91
"9087",86,"[17]HBHxGnJHqKHqazIJw",295,0.996622,17,296,1,295,1,1,0,1,1,146,146,150,149,91
"9088",87,"[17]HBHxGnJHqKHqazIJw",305,0.996732,17,306,1,305,1,1,0,1,1,156,156,150,149,91
"9089",88,"[17]HBHxGnJHqKHqazIJw",277,0.982517,17,286,5,281,5,5,0,5,5,138,138,148,143,91
"9090",89,"[17]HBHxGnJHqKHqazIJw",301,1,17,300,0,300,0,0,0,0,0,158,158,142,142,91
"9091",90,"[17]HBHxGnJHqKHqazIJw",291,0.986577,17,298,4,294,4,4,0,4,4,155,155,143,139,91
"9092",91,"[17]HBHxGnJHqKHqazIJw",307,1,17,306,0,306,0,0,0,0,0,154,154,152,152,91
"9093",92,"[17]HBHxGnJHqKHqazIJw",286,0.99308,17,289,2,287,2,2,0,2,2,140,140,149,147,91
"9094",93,"[17]HBHxGnJHqKHqazIJw",302,1,17,301,0,301,0,0,0,0,0,145,145,156,156,91
"9095",94,"[17]HBHxGnJHqKHqazIJw",303,1,17,302,0,302,0,0,0,0,0,151,151,151,151,91
"9096",95,"[17]HBHxGnJHqKHqazIJw",308,1,17,307,0,307,0,0,0,0,0,157,157,150,150,91
"9097",96,"[17]HBHxGnJHqKHqazIJw",295,0.996622,17,296,1,295,1,1,0,1,1,145,145,151,150,91
"9098",97,"[17]HBHxGnJHqKHqazIJw",299,0.996667,17,300,1,299,1,1,0,1,1,152,152,148,147,91
"9099",98,"[17]HBHxGnJHqKHqazIJw",302,0.9967,17,303,1,302,1,1,0,1,1,155,155,148,147,91
"9100",99,"[17]HBHxGnJHqKHqazIJw",294,1,17,293,0,293,0,0,0,0,0,135,135,158,158,91
"9101",0,"[15]HBHvGnJHqKHqaIJ",297,0.990066,15,302,3,299,3,3,0,3,3,156,156,146,143,92
"9102",1,"[15]HBHvGnJHqKHqaIJ",292,1,15,291,0,291,0,0,0,0,0,148,148,143,143,92
"9103",2,"[15]HBHvGnJHqKHqaIJ",308,1,15,307,0,307,0,0,0,0,0,160,160,147,147,92
"9104",3,"[15]HBHvGnJHqKHqaIJ",292,1,15,291,0,291,0,0,0,0,0,132,132,159,159,92
"9105",4,"[15]HBHvGnJHqKHqaIJ",304,0.996721,15,305,1,304,1,1,0,1,1,173,173,132,131,92
"9106",5,"[15]HBHvGnJHqKHqaIJ",298,0.996656,15,299,1,298,1,1,0,1,1,155,155,144,143,92
"9107",6,"[15]HBHvGnJHqKHqaIJ",302,1,15,301,0,301,0,0,0,0,0,157,157,144,144,92
"9108",7,"[15]HBHvGnJHqKHqaIJ",282,0.982818,15,291,5,286,5,5,0,5,5,137,137,154,149,92
"9109",8,"[15]HBHvGnJHqKHqaIJ",300,1,15,299,0,299,0,0,0,0,0,144,144,155,155,92
"9110",9,"[15]HBHvGnJHqKHqaIJ",300,1,15,299,0,299,0,0,0,0,0,152,152,147,147,92
"9111",10,"[15]HBHvGnJHqKHqaIJ",298,1,15,297,0,297,0,0,0,0,0,147,147,150,150,92
"9112",11,"[15]HBHvGnJHqKHqaIJ",284,0.986254,15,291,4,287,4,4,0,4,4,145,145,146,142,92
"9113",12,"[15]HBHvGnJHqKHqaIJ",280,0.989474,15,285,3,282,3,3,0,3,3,121,121,164,161,92
"9114",13,"[15]HBHvGnJHqKHqaIJ",289,0.993151,15,292,2,290,2,2,0,2,2,133,133,159,157,92
"9115",14,"[15]HBHvGnJHqKHqaIJ",291,0.993197,15,294,2,292,2,2,0,2,2,145,145,149,147,92
"9116",15,"[15]HBHvGnJHqKHqaIJ",310,0.996785,15,311,1,310,1,1,0,1,1,164,164,147,146,92
"9117",16,"[15]HBHvGnJHqKHqaIJ",296,1,15,295,0,295,0,0,0,0,0,144,144,151,151,92
"9118",17,"[15]HBHvGnJHqKHqaIJ",292,0.986622,15,299,4,295,4,4,0,4,4,153,153,146,142,92
"9119",18,"[15]HBHvGnJHqKHqaIJ",298,1,15,297,0,297,0,0,0,0,0,155,155,142,142,92
"9120",19,"[15]HBHvGnJHqKHqaIJ",297,0.996644,15,298,1,297,1,1,0,1,1,145,145,153,152,92
"9121",20,"[15]HBHvGnJHqKHqaIJ",302,1,15,301,0,301,0,0,0,0,0,145,145,156,156,92
"9122",21,"[15]HBHvGnJHqKHqaIJ",295,0.996622,15,296,1,295,1,1,0,1,1,143,143,153,152,92
"9123",22,"[15]HBHvGnJHqKHqaIJ",299,0.996667,15,300,1,299,1,1,0,1,1,157,157,143,142,92
"9124",23,"[15]HBHvGnJHqKHqaIJ",303,0.996711,15,304,1,303,1,1,0,1,1,155,155,149,148,92
"9125",24,"[15]HBHvGnJHqKHqaIJ",305,1,15,304,0,304,0,0,0,0,0,158,158,146,146,92
"9126",25,"[15]HBHvGnJHqKHqaIJ",300,0.993399,15,303,2,301,2,2,0,2,2,165,165,138,136,92
"9127",26,"[15]HBHvGnJHqKHqaIJ",306,1,15,305,0,305,0,0,0,0,0,145,145,160,160,92
"9128",27,"[15]HBHvGnJHqKHqaIJ",293,0.996599,15,294,1,293,1,1,0,1,1,150,150,144,143,92
"9129",28,"[15]HBHvGnJHqKHqaIJ",288,0.986441,15,295,4,291,4,4,0,4,4,148,148,147,143,92
"9130",29,"[15]HBHvGnJHqKHqaIJ",298,0.993355,15,301,2,299,2,2,0,2,2,163,163,138,136,92
"9131",30,"[15]HBHvGnJHqKHqaIJ",290,0.996564,15,291,1,290,1,1,0,1,1,137,137,154,153,92
"9132",31,"[15]HBHvGnJHqKHqaIJ",300,0.996678,15,301,1,300,1,1,0,1,1,154,154,147,146,92
"9133",32,"[15]HBHvGnJHqKHqaIJ",290,0.989831,15,295,3,292,3,3,0,3,3,150,150,145,142,92
"9134",33,"[15]HBHvGnJHqKHqaIJ",294,0.99661,15,295,1,294,1,1,0,1,1,143,143,152,151,92
"9135",34,"[15]HBHvGnJHqKHqaIJ",298,0.990099,15,303,3,300,3,3,0,3,3,159,159,144,141,92
"9136",35,"[15]HBHvGnJHqKHqaIJ",302,1,15,301,0,301,0,0,0,0,0,137,137,164,164,92
"9137",36,"[15]HBHvGnJHqKHqaIJ",294,1,15,293,0,293,0,0,0,0,0,138,138,155,155,92
"9138",37,"[15]HBHvGnJHqKHqaIJ",298,0.993355,15,301,2,299,2,2,0,2,2,160,160,141,139,92
"9139",38,"[15]HBHvGnJHqKHqaIJ",298,1,15,297,0,297,0,0,0,0,0,143,143,154,154,92
"9140",39,"[15]HBHvGnJHqKHqaIJ",301,0.996689,15,302,1,301,1,1,0,1,1,162,162,140,139,92
"9141",40,"[15]HBHvGnJHqKHqaIJ",301,1,15,300,0,300,0,0,0,0,0,150,150,150,150,92
"9142",41,"[15]HBHvGnJHqKHqaIJ",292,0.989899,15,297,3,294,3,3,0,3,3,163,163,134,131,92
"9143",42,"[15]HBHvGnJHqKHqaIJ",304,1,15,303,0,303,0,0,0,0,0,137,137,166,166,92
"9144",43,"[15]HBHvGnJHqKHqaIJ",299,0.993377,15,302,2,300,2,2,0,2,2,157,157,145,143,92
"9145",44,"[15]HBHvGnJHqKHqaIJ",307,1,15,306,0,306,0,0,0,0,0,167,167,139,139,92
"9146",45,"[15]HBHvGnJHqKHqaIJ",298,0.996656,15,299,1,298,1,1,0,1,1,144,144,155,154,92
"9147",46,"[15]HBHvGnJHqKHqaIJ",295,0.996622,15,296,1,295,1,1,0,1,1,143,143,153,152,92
"9148",47,"[15]HBHvGnJHqKHqaIJ",297,0.996644,15,298,1,297,1,1,0,1,1,156,156,142,141,92
"9149",48,"[15]HBHvGnJHqKHqaIJ",295,1,15,294,0,294,0,0,0,0,0,137,137,157,157,92
"9150",49,"[15]HBHvGnJHqKHqaIJ",291,0.986577,15,298,4,294,4,4,0,4,4,157,157,141,137,92
"9151",50,"[15]HBHvGnJHqKHqaIJ",306,1,15,305,0,305,0,0,0,0,0,155,155,150,150,92
"9152",51,"[15]HBHvGnJHqKHqaIJ",288,0.986441,15,295,4,291,4,4,0,4,4,149,149,146,142,92
"9153",52,"[15]HBHvGnJHqKHqaIJ",301,1,15,300,0,300,0,0,0,0,0,149,149,151,151,92
"9154",53,"[15]HBHvGnJHqKHqaIJ",283,1,15,282,0,282,0,0,0,0,0,111,111,171,171,92
"9155",54,"[15]HBHvGnJHqKHqaIJ",305,1,15,304,0,304,0,0,0,0,0,154,154,150,150,92
"9156",55,"[15]HBHvGnJHqKHqaIJ",294,0.993266,15,297,2,295,2,2,0,2,2,139,139,158,156,92
"9157",56,"[15]HBHvGnJHqKHqaIJ",294,1,15,293,0,293,0,0,0,0,0,136,136,157,157,92
"9158",57,"[15]HBHvGnJHqKHqaIJ",299,1,15,298,0,298,0,0,0,0,0,134,134,164,164,92
"9159",58,"[15]HBHvGnJHqKHqaIJ",296,1,15,295,0,295,0,0,0,0,0,146,146,149,149,92
"9160",59,"[15]HBHvGnJHqKHqaIJ",309,1,15,308,0,308,0,0,0,0,0,159,159,149,149,92
"9161",60,"[15]HBHvGnJHqKHqaIJ",303,0.996711,15,304,1,303,1,1,0,1,1,165,165,139,138,92
"9162",61,"[15]HBHvGnJHqKHqaIJ",307,1,15,306,0,306,0,0,0,0,0,164,164,142,142,92
"9163",62,"[15]HBHvGnJHqKHqaIJ",291,0.989865,15,296,3,293,3,3,0,3,3,145,145,151,148,92
"9164",63,"[15]HBHvGnJHqKHqaIJ",300,0.996678,15,301,1,300,1,1,0,1,1,162,162,139,138,92
"9165",64,"[15]HBHvGnJHqKHqaIJ",292,1,15,291,0,291,0,0,0,0,0,136,136,155,155,92
"9166",65,"[15]HBHvGnJHqKHqaIJ",300,0.996678,15,301,1,300,1,1,0,1,1,150,150,151,150,92
"9167",66,"[15]HBHvGnJHqKHqaIJ",297,0.996644,15,298,1,297,1,1,0,1,1,143,143,155,154,92
"9168",67,"[15]HBHvGnJHqKHqaIJ",295,0.993289,15,298,2,296,2,2,0,2,2,137,137,161,159,92
"9169",68,"[15]HBHvGnJHqKHqaIJ",296,1,15,295,0,295,0,0,0,0,0,145,145,150,150,92
"9170",69,"[15]HBHvGnJHqKHqaIJ",278,0.975945,15,291,7,284,7,7,0,7,7,139,139,152,145,92
"9171",70,"[15]HBHvGnJHqKHqaIJ",293,1,15,292,0,292,0,0,0,0,0,140,140,152,152,92
"9172",71,"[15]HBHvGnJHqKHqaIJ",295,1,15,294,0,294,0,0,0,0,0,138,138,156,156,92
"9173",72,"[15]HBHvGnJHqKHqaIJ",307,1,15,306,0,306,0,0,0,0,0,158,158,148,148,92
"9174",73,"[15]HBHvGnJHqKHqaIJ",307,1,15,306,0,306,0,0,0,0,0,165,165,141,141,92
"9175",74,"[15]HBHvGnJHqKHqaIJ",292,0.996587,15,293,1,292,1,1,0,1,1,130,130,163,162,92
"9176",75,"[15]HBHvGnJHqKHqaIJ",293,0.993243,15,296,2,294,2,2,0,2,2,142,142,154,152,92
"9177",76,"[15]HBHvGnJHqKHqaIJ",270,0.982079,15,279,5,274,5,5,0,5,5,121,121,158,153,92
"9178",77,"[15]HBHvGnJHqKHqaIJ",290,0.993174,15,293,2,291,2,2,0,2,2,142,142,151,149,92
"9179",78,"[15]HBHvGnJHqKHqaIJ",292,0.99322,15,295,2,293,2,2,0,2,2,147,147,148,146,92
"9180",79,"[15]HBHvGnJHqKHqaIJ",308,1,15,307,0,307,0,0,0,0,0,172,172,135,135,92
"9181",80,"[15]HBHvGnJHqKHqaIJ",293,0.996599,15,294,1,293,1,1,0,1,1,136,136,158,157,92
"9182",81,"[15]HBHvGnJHqKHqaIJ",301,1,15,300,0,300,0,0,0,0,0,150,150,150,150,92
"9183",82,"[15]HBHvGnJHqKHqaIJ",297,0.996644,15,298,1,297,1,1,0,1,1,150,150,148,147,92
"9184",83,"[15]HBHvGnJHqKHqaIJ",291,0.986577,15,298,4,294,4,4,0,4,4,145,145,153,149,92
"9185",84,"[15]HBHvGnJHqKHqaIJ",297,1,15,296,0,296,0,0,0,0,0,159,159,137,137,92
"9186",85,"[15]HBHvGnJHqKHqaIJ",305,1,15,304,0,304,0,0,0,0,0,152,152,152,152,92
"9187",86,"[15]HBHvGnJHqKHqaIJ",297,0.996644,15,298,1,297,1,1,0,1,1,149,149,149,148,92
"9188",87,"[15]HBHvGnJHqKHqaIJ",295,0.99,15,300,3,297,3,3,0,3,3,159,159,141,138,92
"9189",88,"[15]HBHvGnJHqKHqaIJ",297,0.996644,15,298,1,297,1,1,0,1,1,154,154,144,143,92
"9190",89,"[15]HBHvGnJHqKHqaIJ",310,1,15,309,0,309,0,0,0,0,0,165,165,144,144,92
"9191",90,"[15]HBHvGnJHqKHqaIJ",294,0.99661,15,295,1,294,1,1,0,1,1,135,135,160,159,92
"9192",91,"[15]HBHvGnJHqKHqaIJ",295,0.996622,15,296,1,295,1,1,0,1,1,144,144,152,151,92
"9193",92,"[15]HBHvGnJHqKHqaIJ",297,1,15,296,0,296,0,0,0,0,0,141,141,155,155,92
"9194",93,"[15]HBHvGnJHqKHqaIJ",303,0.993464,15,306,2,304,2,2,0,2,2,172,172,134,132,92
"9195",94,"[15]HBHvGnJHqKHqaIJ",299,1,15,298,0,298,0,0,0,0,0,136,136,162,162,92
"9196",95,"[15]HBHvGnJHqKHqaIJ",298,0.990099,15,303,3,300,3,3,0,3,3,154,154,149,146,92
"9197",96,"[15]HBHvGnJHqKHqaIJ",291,0.989865,15,296,3,293,3,3,0,3,3,151,151,145,142,92
"9198",97,"[15]HBHvGnJHqKHqaIJ",304,1,15,303,0,303,0,0,0,0,0,165,165,138,138,92
"9199",98,"[15]HBHvGnJHqKHqaIJ",303,1,15,302,0,302,0,0,0,0,0,153,153,149,149,92
"9200",99,"[15]HBHvGnJHqKHqaIJ",275,0.969178,15,292,9,283,9,9,0,9,9,146,146,146,137,92
"9201",0,"[15]HcHsGnJHqKHqaIJ",299,0.993377,15,302,2,300,2,2,0,2,2,153,153,149,147,93
"9202",1,"[15]HcHsGnJHqKHqaIJ",303,0.996711,15,304,1,303,1,1,0,1,1,159,159,145,144,93
"9203",2,"[15]HcHsGnJHqKHqaIJ",302,0.9967,15,303,1,302,1,1,0,1,1,158,158,145,144,93
"9204",3,"[15]HcHsGnJHqKHqaIJ",288,0.993127,15,291,2,289,2,2,0,2,2,138,138,153,151,93
"9205",4,"[15]HcHsGnJHqKHqaIJ",291,1,15,290,0,290,0,0,0,0,0,132,132,158,158,93
"9206",5,"[15]HcHsGnJHqKHqaIJ",301,1,15,300,0,300,0,0,0,0,0,140,140,160,160,93
"9207",6,"[15]HcHsGnJHqKHqaIJ",299,0.993377,15,302,2,300,2,2,0,2,2,158,158,144,142,93
"9208",7,"[15]HcHsGnJHqKHqaIJ",291,0.996575,15,292,1,291,1,1,0,1,1,141,141,151,150,93
"9209",8,"[15]HcHsGnJHqKHqaIJ",289,1,15,288,0,288,0,0,0,0,0,134,134,154,154,93
"9210",9,"[15]HcHsGnJHqKHqaIJ",292,1,15,291,0,291,0,0,0,0,0,138,138,153,153,93
"9211",10,"[15]HcHsGnJHqKHqaIJ",298,1,15,297,0,297,0,0,0,0,0,140,140,157,157,93
"9212",11,"[15]HcHsGnJHqKHqaIJ",295,1,15,294,0,294,0,0,0,0,0,141,141,153,153,93
"9213",12,"[15]HcHsGnJHqKHqaIJ",308,1,15,307,0,307,0,0,0,0,0,155,155,152,152,93
"9214",13,"[15]HcHsGnJHqKHqaIJ",297,1,15,296,0,296,0,0,0,0,0,138,138,158,158,93
"9215",14,"[15]HcHsGnJHqKHqaIJ",297,1,15,296,0,296,0,0,0,0,0,145,145,151,151,93
"9216",15,"[15]HcHsGnJHqKHqaIJ",307,1,15,306,0,306,0,0,0,0,0,154,154,152,152,93
"9217",16,"[15]HcHsGnJHqKHqaIJ",303,1,15,302,0,302,0,0,0,0,0,152,152,150,150,93
"9218",17,"[15]HcHsGnJHqKHqaIJ",304,1,15,303,0,303,0,0,0,0,0,155,155,148,148,93
"9219",18,"[15]HcHsGnJHqKHqaIJ",295,0.996622,15,296,1,295,1,1,0,1,1,150,150,146,145,93
"9220",19,"[15]HcHsGnJHqKHqaIJ",299,0.996667,15,300,1,299,1,1,0,1,1,151,151,149,148,93
"9221",20,"[15]HcHsGnJHqKHqaIJ",300,0.996678,15,301,1,300,1,1,0,1,1,159,159,142,141,93
"9222",21,"[15]HcHsGnJHqKHqaIJ",296,0.996633,15,297,1,296,1,1,0,1,1,137,137,160,159,93
"9223",22,"[15]HcHsGnJHqKHqaIJ",293,0.993243,15,296,2,294,2,2,0,2,2,143,143,153,151,93
"9224",23,"[15]HcHsGnJHqKHqaIJ",305,0.996732,15,306,1,305,1,1,0,1,1,151,151,155,154,93
"9225",24,"[15]HcHsGnJHqKHqaIJ",293,0.996599,15,294,1,293,1,1,0,1,1,127,127,167,166,93
"9226",25,"[15]HcHsGnJHqKHqaIJ",296,1,15,295,0,295,0,0,0,0,0,144,144,151,151,93
"9227",26,"[15]HcHsGnJHqKHqaIJ",310,1,15,309,0,309,0,0,0,0,0,171,171,138,138,93
"9228",27,"[15]HcHsGnJHqKHqaIJ",303,1,15,302,0,302,0,0,0,0,0,152,152,150,150,93
"9229",28,"[15]HcHsGnJHqKHqaIJ",297,0.996644,15,298,1,297,1,1,0,1,1,151,151,147,146,93
"9230",29,"[15]HcHsGnJHqKHqaIJ",289,0.989796,15,294,3,291,3,3,0,3,3,150,150,144,141,93
"9231",30,"[15]HcHsGnJHqKHqaIJ",301,0.996689,15,302,1,301,1,1,0,1,1,161,161,141,140,93
"9232",31,"[15]HcHsGnJHqKHqaIJ",303,0.996711,15,304,1,303,1,1,0,1,1,151,151,153,152,93
"9233",32,"[15]HcHsGnJHqKHqaIJ",300,0.993399,15,303,2,301,2,2,0,2,2,157,157,146,144,93
"9234",33,"[15]HcHsGnJHqKHqaIJ",297,1,15,296,0,296,0,0,0,0,0,148,148,148,148,93
"9235",34,"[15]HcHsGnJHqKHqaIJ",300,0.996678,15,301,1,300,1,1,0,1,1,145,145,156,155,93
"9236",35,"[15]HcHsGnJHqKHqaIJ",288,0.983165,15,297,5,292,5,5,0,5,5,152,152,145,140,93
"9237",36,"[15]HcHsGnJHqKHqaIJ",281,0.982759,15,290,5,285,5,5,0,5,5,137,137,153,148,93
"9238",37,"[15]HcHsGnJHqKHqaIJ",292,0.99322,15,295,2,293,2,2,0,2,2,146,146,149,147,93
"9239",38,"[15]HcHsGnJHqKHqaIJ",305,1,15,304,0,304,0,0,0,0,0,161,161,143,143,93
"9240",39,"[15]HcHsGnJHqKHqaIJ",299,0.996667,15,300,1,299,1,1,0,1,1,154,154,146,145,93
"9241",40,"[15]HcHsGnJHqKHqaIJ",301,0.996689,15,302,1,301,1,1,0,1,1,147,147,155,154,93
"9242",41,"[15]HcHsGnJHqKHqaIJ",298,1,15,297,0,297,0,0,0,0,0,136,136,161,161,93
"9243",42,"[15]HcHsGnJHqKHqaIJ",309,1,15,308,0,308,0,0,0,0,0,168,168,140,140,93
"9244",43,"[15]HcHsGnJHqKHqaIJ",301,1,15,300,0,300,0,0,0,0,0,147,147,153,153,93
"9245",44,"[15]HcHsGnJHqKHqaIJ",292,0.983389,15,301,5,296,5,5,0,5,5,170,170,131,126,93
"9246",45,"[15]HcHsGnJHqKHqaIJ",294,0.993266,15,297,2,295,2,2,0,2,2,148,148,149,147,93
"9247",46,"[15]HcHsGnJHqKHqaIJ",305,0.996732,15,306,1,305,1,1,0,1,1,164,164,142,141,93
"9248",47,"[15]HcHsGnJHqKHqaIJ",303,1,15,302,0,302,0,0,0,0,0,141,141,161,161,93
"9249",48,"[15]HcHsGnJHqKHqaIJ",305,1,15,304,0,304,0,0,0,0,0,158,158,146,146,93
"9250",49,"[15]HcHsGnJHqKHqaIJ",297,1,15,296,0,296,0,0,0,0,0,146,146,150,150,93
"9251",50,"[15]HcHsGnJHqKHqaIJ",293,1,15,292,0,292,0,0,0,0,0,139,139,153,153,93
"9252",51,"[15]HcHsGnJHqKHqaIJ",296,1,15,295,0,295,0,0,0,0,0,145,145,150,150,93
"9253",52,"[15]HcHsGnJHqKHqaIJ",301,1,15,300,0,300,0,0,0,0,0,140,140,160,160,93
"9254",53,"[15]HcHsGnJHqKHqaIJ",284,0.993031,15,287,2,285,2,2,0,2,2,136,136,151,149,93
"9255",54,"[15]HcHsGnJHqKHqaIJ",291,0.989865,15,296,3,293,3,3,0,3,3,149,149,147,144,93
"9256",55,"[15]HcHsGnJHqKHqaIJ",306,0.996743,15,307,1,306,1,1,0,1,1,165,165,142,141,93
"9257",56,"[15]HcHsGnJHqKHqaIJ",295,1,15,294,0,294,0,0,0,0,0,145,145,149,149,93
"9258",57,"[15]HcHsGnJHqKHqaIJ",294,1,15,293,0,293,0,0,0,0,0,139,139,154,154,93
"9259",58,"[15]HcHsGnJHqKHqaIJ",303,1,15,302,0,302,0,0,0,0,0,159,159,143,143,93
"9260",59,"[15]HcHsGnJHqKHqaIJ",297,1,15,296,0,296,0,0,0,0,0,144,144,152,152,93
"9261",60,"[15]HcHsGnJHqKHqaIJ",303,1,15,302,0,302,0,0,0,0,0,143,143,159,159,93
"9262",61,"[15]HcHsGnJHqKHqaIJ",292,1,15,291,0,291,0,0,0,0,0,146,146,145,145,93
"9263",62,"[15]HcHsGnJHqKHqaIJ",294,1,15,293,0,293,0,0,0,0,0,143,143,150,150,93
"9264",63,"[15]HcHsGnJHqKHqaIJ",299,1,15,298,0,298,0,0,0,0,0,151,151,147,147,93
"9265",64,"[15]HcHsGnJHqKHqaIJ",297,0.996644,15,298,1,297,1,1,0,1,1,144,144,154,153,93
"9266",65,"[15]HcHsGnJHqKHqaIJ",287,0.996528,15,288,1,287,1,1,0,1,1,119,119,169,168,93
"9267",66,"[15]HcHsGnJHqKHqaIJ",293,1,15,292,0,292,0,0,0,0,0,130,130,162,162,93
"9268",67,"[15]HcHsGnJHqKHqaIJ",300,0.993399,15,303,2,301,2,2,0,2,2,155,155,148,146,93
"9269",68,"[15]HcHsGnJHqKHqaIJ",289,0.986486,15,296,4,292,4,4,0,4,4,148,148,148,144,93
"9270",69,"[15]HcHsGnJHqKHqaIJ",288,0.99654,15,289,1,288,1,1,0,1,1,134,134,155,154,93
"9271",70,"[15]HcHsGnJHqKHqaIJ",304,0.996721,15,305,1,304,1,1,0,1,1,165,165,140,139,93
"9272",71,"[15]HcHsGnJHqKHqaIJ",305,1,15,304,0,304,0,0,0,0,0,141,141,163,163,93
"9273",72,"[15]HcHsGnJHqKHqaIJ",293,0.996599,15,294,1,293,1,1,0,1,1,134,134,160,159,93
"9274",73,"[15]HcHsGnJHqKHqaIJ",301,0.993421,15,304,2,302,2,2,0,2,2,163,163,141,139,93
"9275",74,"[15]HcHsGnJHqKHqaIJ",286,0.983051,15,295,5,290,5,5,0,5,5,136,136,159,154,93
"9276",75,"[15]HcHsGnJHqKHqaIJ",296,0.993311,15,299,2,297,2,2,0,2,2,144,144,155,153,93
"9277",76,"[15]HcHsGnJHqKHqaIJ",305,1,15,304,0,304,0,0,0,0,0,150,150,154,154,93
"9278",77,"[15]HcHsGnJHqKHqaIJ",302,0.9967,15,303,1,302,1,1,0,1,1,154,154,149,148,93
"9279",78,"[15]HcHsGnJHqKHqaIJ",304,1,15,303,0,303,0,0,0,0,0,160,160,143,143,93
"9280",79,"[15]HcHsGnJHqKHqaIJ",307,1,15,306,0,306,0,0,0,0,0,164,164,142,142,93
"9281",80,"[15]HcHsGnJHqKHqaIJ",303,0.996711,15,304,1,303,1,1,0,1,1,152,152,152,151,93
"9282",81,"[15]HcHsGnJHqKHqaIJ",285,0.97973,15,296,6,290,6,6,0,6,6,161,161,135,129,93
"9283",82,"[15]HcHsGnJHqKHqaIJ",289,0.996552,15,290,1,289,1,1,0,1,1,125,125,165,164,93
"9284",83,"[15]HcHsGnJHqKHqaIJ",304,1,15,303,0,303,0,0,0,0,0,140,140,163,163,93
"9285",84,"[15]HcHsGnJHqKHqaIJ",304,1,15,303,0,303,0,0,0,0,0,148,148,155,155,93
"9286",85,"[15]HcHsGnJHqKHqaIJ",303,1,15,302,0,302,0,0,0,0,0,148,148,154,154,93
"9287",86,"[15]HcHsGnJHqKHqaIJ",295,0.993289,15,298,2,296,2,2,0,2,2,142,142,156,154,93
"9288",87,"[15]HcHsGnJHqKHqaIJ",300,1,15,299,0,299,0,0,0,0,0,145,145,154,154,93
"9289",88,"[15]HcHsGnJHqKHqaIJ",302,0.9967,15,303,1,302,1,1,0,1,1,161,161,142,141,93
"9290",89,"[15]HcHsGnJHqKHqaIJ",290,0.986532,15,297,4,293,4,4,0,4,4,138,138,159,155,93
"9291",90,"[15]HcHsGnJHqKHqaIJ",293,1,15,292,0,292,0,0,0,0,0,137,137,155,155,93
"9292",91,"[15]HcHsGnJHqKHqaIJ",312,1,15,311,0,311,0,0,0,0,0,171,171,140,140,93
"9293",92,"[15]HcHsGnJHqKHqaIJ",292,0.983389,15,301,5,296,5,5,0,5,5,164,164,137,132,93
"9294",93,"[15]HcHsGnJHqKHqaIJ",285,0.989655,15,290,3,287,3,3,0,3,3,134,134,156,153,93
"9295",94,"[15]HcHsGnJHqKHqaIJ",292,1,15,291,0,291,0,0,0,0,0,138,138,153,153,93
"9296",95,"[15]HcHsGnJHqKHqaIJ",304,0.996721,15,305,1,304,1,1,0,1,1,160,160,145,144,93
"9297",96,"[15]HcHsGnJHqKHqaIJ",296,0.993311,15,299,2,297,2,2,0,2,2,156,156,143,141,93
"9298",97,"[15]HcHsGnJHqKHqaIJ",297,0.996644,15,298,1,297,1,1,0,1,1,150,150,148,147,93
"9299",98,"[15]HcHsGnJHqKHqaIJ",296,0.996633,15,297,1,296,1,1,0,1,1,158,158,139,138,93
"9300",99,"[15]HcHsGnJHqKHqaIJ",289,0.986486,15,296,4,292,4,4,0,4,4,152,152,144,140,93
"9301",0,"[15]HcHsGnJHqKHqaIJ",289,0.993151,15,292,2,290,2,2,0,2,2,147,147,145,143,94
"9302",1,"[15]HcHsGnJHqKHqaIJ",301,0.996689,15,302,1,301,1,1,0,1,1,161,161,141,140,94
"9303",2,"[15]HcHsGnJHqKHqaIJ",299,1,15,298,0,298,0,0,0,0,0,157,157,141,141,94
"9304",3,"[15]HcHsGnJHqKHqaIJ",290,0.986532,15,297,4,293,4,4,0,4,4,153,153,144,140,94
"9305",4,"[15]HcHsGnJHqKHqaIJ",296,0.990033,15,301,3,298,3,3,0,3,3,147,147,154,151,94
"9306",5,"[15]HcHsGnJHqKHqaIJ",279,0.989437,15,284,3,281,3,3,0,3,3,125,125,159,156,94
"9307",6,"[15]HcHsGnJHqKHqaIJ",290,0.993174,15,293,2,291,2,2,0,2,2,142,142,151,149,94
"9308",7,"[15]HcHsGnJHqKHqaIJ",300,0.996678,15,301,1,300,1,1,0,1,1,145,145,156,155,94
"9309",8,"[15]HcHsGnJHqKHqaIJ",312,1,15,311,0,311,0,0,0,0,0,167,167,144,144,94
"9310",9,"[15]HcHsGnJHqKHqaIJ",299,1,15,298,0,298,0,0,0,0,0,149,149,149,149,94
"9311",10,"[15]HcHsGnJHqKHqaIJ",292,0.989899,15,297,3,294,3,3,0,3,3,150,150,147,144,94
"9312",11,"[15]HcHsGnJHqKHqaIJ",301,1,15,300,0,300,0,0,0,0,0,151,151,149,149,94
"9313",12,"[15]HcHsGnJHqKHqaIJ",293,0.989933,15,298,3,295,3,3,0,3,3,150,150,148,145,94
"9314",13,"[15]HcHsGnJHqKHqaIJ",299,1,15,298,0,298,0,0,0,0,0,149,149,149,149,94
"9315",14,"[15]HcHsGnJHqKHqaIJ",292,0.99322,15,295,2,293,2,2,0,2,2,145,145,150,148,94
"9316",15,"[15]HcHsGnJHqKHqaIJ",284,0.996491,15,285,1,284,1,1,0,1,1,126,126,159,158,94
"9317",16,"[15]HcHsGnJHqKHqaIJ",313,1,15,312,0,312,0,0,0,0,0,164,164,148,148,94
"9318",17,"[15]HcHsGnJHqKHqaIJ",306,1,15,305,0,305,0,0,0,0,0,152,152,153,153,94
"9319",18,"[15]HcHsGnJHqKHqaIJ",278,0.969492,15,295,9,286,9,9,0,9,9,136,136,159,150,94
"9320",19,"[15]HcHsGnJHqKHqaIJ",289,0.993151,15,292,2,290,2,2,0,2,2,139,139,153,151,94
"9321",20,"[15]HcHsGnJHqKHqaIJ",301,1,15,300,0,300,0,0,0,0,0,147,147,153,153,94
"9322",21,"[15]HcHsGnJHqKHqaIJ",290,0.996564,15,291,1,290,1,1,0,1,1,122,122,169,168,94
"9323",22,"[15]HcHsGnJHqKHqaIJ",295,0.99,15,300,3,297,3,3,0,3,3,154,154,146,143,94
"9324",23,"[15]HcHsGnJHqKHqaIJ",297,0.993333,15,300,2,298,2,2,0,2,2,149,149,151,149,94
"9325",24,"[15]HcHsGnJHqKHqaIJ",301,1,15,300,0,300,0,0,0,0,0,147,147,153,153,94
"9326",25,"[15]HcHsGnJHqKHqaIJ",297,1,15,296,0,296,0,0,0,0,0,139,139,157,157,94
"9327",26,"[15]HcHsGnJHqKHqaIJ",306,1,15,305,0,305,0,0,0,0,0,158,158,147,147,94
"9328",27,"[15]HcHsGnJHqKHqaIJ",297,1,15,296,0,296,0,0,0,0,0,145,145,151,151,94
"9329",28,"[15]HcHsGnJHqKHqaIJ",303,1,15,302,0,302,0,0,0,0,0,156,156,146,146,94
"9330",29,"[15]HcHsGnJHqKHqaIJ",294,0.993266,15,297,2,295,2,2,0,2,2,147,147,150,148,94
"9331",30,"[15]HcHsGnJHqKHqaIJ",291,0.993197,15,294,2,292,2,2,0,2,2,136,136,158,156,94
"9332",31,"[15]HcHsGnJHqKHqaIJ",296,1,15,295,0,295,0,0,0,0,0,138,138,157,157,94
"9333",32,"[15]HcHsGnJHqKHqaIJ",297,1,15,296,0,296,0,0,0,0,0,148,148,148,148,94
"9334",33,"[15]HcHsGnJHqKHqaIJ",301,1,15,300,0,300,0,0,0,0,0,148,148,152,152,94
"9335",34,"[15]HcHsGnJHqKHqaIJ",298,0.990099,15,303,3,300,3,3,0,3,3,153,153,150,147,94
"9336",35,"[15]HcHsGnJHqKHqaIJ",293,1,15,292,0,292,0,0,0,0,0,145,145,147,147,94
"9337",36,"[15]HcHsGnJHqKHqaIJ",303,0.993464,15,306,2,304,2,2,0,2,2,165,165,141,139,94
"9338",37,"[15]HcHsGnJHqKHqaIJ",303,1,15,302,0,302,0,0,0,0,0,146,146,156,156,94
"9339",38,"[15]HcHsGnJHqKHqaIJ",300,0.990164,15,305,3,302,3,3,0,3,3,173,173,132,129,94
"9340",39,"[15]HcHsGnJHqKHqaIJ",300,0.996678,15,301,1,300,1,1,0,1,1,154,154,147,146,94
"9341",40,"[15]HcHsGnJHqKHqaIJ",292,0.996587,15,293,1,292,1,1,0,1,1,133,133,160,159,94
"9342",41,"[15]HcHsGnJHqKHqaIJ",290,0.989831,15,295,3,292,3,3,0,3,3,132,132,163,160,94
"9343",42,"[15]HcHsGnJHqKHqaIJ",289,0.993151,15,292,2,290,2,2,0,2,2,132,132,160,158,94
"9344",43,"[15]HcHsGnJHqKHqaIJ",297,0.993333,15,300,2,298,2,2,0,2,2,139,139,161,159,94
"9345",44,"[15]HcHsGnJHqKHqaIJ",291,0.989865,15,296,3,293,3,3,0,3,3,159,159,137,134,94
"9346",45,"[15]HcHsGnJHqKHqaIJ",295,1,15,294,0,294,0,0,0,0,0,151,151,143,143,94
"9347",46,"[15]HcHsGnJHqKHqaIJ",307,0.996753,15,308,1,307,1,1,0,1,1,174,174,134,133,94
"9348",47,"[15]HcHsGnJHqKHqaIJ",294,0.99661,15,295,1,294,1,1,0,1,1,148,148,147,146,94
"9349",48,"[15]HcHsGnJHqKHqaIJ",301,1,15,300,0,300,0,0,0,0,0,144,144,156,156,94
"9350",49,"[15]HcHsGnJHqKHqaIJ",288,0.976744,15,301,7,294,7,7,0,7,7,155,155,146,139,94
"9351",50,"[15]HcHsGnJHqKHqaIJ",304,0.996721,15,305,1,304,1,1,0,1,1,151,151,154,153,94
"9352",51,"[15]HcHsGnJHqKHqaIJ",293,0.989933,15,298,3,295,3,3,0,3,3,147,147,151,148,94
"9353",52,"[15]HcHsGnJHqKHqaIJ",305,1,15,304,0,304,0,0,0,0,0,150,150,154,154,94
"9354",53,"[15]HcHsGnJHqKHqaIJ",300,1,15,299,0,299,0,0,0,0,0,147,147,152,152,94
"9355",54,"[15]HcHsGnJHqKHqaIJ",308,1,15,307,0,307,0,0,0,0,0,170,170,137,137,94
"9356",55,"[15]HcHsGnJHqKHqaIJ",306,1,15,305,0,305,0,0,0,0,0,161,161,144,144,94
"9357",56,"[15]HcHsGnJHqKHqaIJ",303,0.993464,15,306,2,304,2,2,0,2,2,171,171,135,133,94
"9358",57,"[15]HcHsGnJHqKHqaIJ",289,0.983221,15,298,5,293,5,5,0,5,5,150,150,148,143,94
"9359",58,"[15]HcHsGnJHqKHqaIJ",300,1,15,299,0,299,0,0,0,0,0,146,146,153,153,94
"9360",59,"[15]HcHsGnJHqKHqaIJ",304,1,15,303,0,303,0,0,0,0,0,160,160,143,143,94
"9361",60,"[15]HcHsGnJHqKHqaIJ",294,1,15,293,0,293,0,0,0,0,0,137,137,156,156,94
"9362",61,"[15]HcHsGnJHqKHqaIJ",295,1,15,294,0,294,0,0,0,0,0,140,140,154,154,94
"9363",62,"[15]HcHsGnJHqKHqaIJ",313,1,15,312,0,312,0,0,0,0,0,169,169,143,143,94
"9364",63,"[15]HcHsGnJHqKHqaIJ",298,0.993355,15,301,2,299,2,2,0,2,2,161,161,140,138,94
"9365",64,"[15]HcHsGnJHqKHqaIJ",303,1,15,302,0,302,0,0,0,0,0,153,153,149,149,94
"9366",65,"[15]HcHsGnJHqKHqaIJ",299,0.996667,15,300,1,299,1,1,0,1,1,154,154,146,145,94
"9367",66,"[15]HcHsGnJHqKHqaIJ",302,1,15,301,0,301,0,0,0,0,0,159,159,142,142,94
"9368",67,"[15]HcHsGnJHqKHqaIJ",297,1,15,296,0,296,0,0,0,0,0,132,132,164,164,94
"9369",68,"[15]HcHsGnJHqKHqaIJ",309,1,15,308,0,308,0,0,0,0,0,165,165,143,143,94
"9370",69,"[15]HcHsGnJHqKHqaIJ",295,1,15,294,0,294,0,0,0,0,0,137,137,157,157,94
"9371",70,"[15]HcHsGnJHqKHqaIJ",302,0.9967,15,303,1,302,1,1,0,1,1,154,154,149,148,94
"9372",71,"[15]HcHsGnJHqKHqaIJ",302,1,15,301,0,301,0,0,0,0,0,152,152,149,149,94
"9373",72,"[15]HcHsGnJHqKHqaIJ",288,0.99654,15,289,1,288,1,1,0,1,1,120,120,169,168,94
"9374",73,"[15]HcHsGnJHqKHqaIJ",299,0.993377,15,302,2,300,2,2,0,2,2,156,156,146,144,94
"9375",74,"[15]HcHsGnJHqKHqaIJ",293,0.993243,15,296,2,294,2,2,0,2,2,144,144,152,150,94
"9376",75,"[15]HcHsGnJHqKHqaIJ",296,0.993311,15,299,2,297,2,2,0,2,2,161,161,138,136,94
"9377",76,"[15]HcHsGnJHqKHqaIJ",299,1,15,298,0,298,0,0,0,0,0,153,153,145,145,94
"9378",77,"[15]HcHsGnJHqKHqaIJ",301,1,15,300,0,300,0,0,0,0,0,153,153,147,147,94
"9379",78,"[15]HcHsGnJHqKHqaIJ",299,1,15,298,0,298,0,0,0,0,0,150,150,148,148,94
"9380",79,"[15]HcHsGnJHqKHqaIJ",296,0.996633,15,297,1,296,1,1,0,1,1,148,148,149,148,94
"9381",80,"[15]HcHsGnJHqKHqaIJ",301,1,15,300,0,300,0,0,0,0,0,149,149,151,151,94
"9382",81,"[15]HcHsGnJHqKHqaIJ",283,0.979592,15,294,6,288,6,6,0,6,6,148,148,146,140,94
"9383",82,"[15]HcHsGnJHqKHqaIJ",306,1,15,305,0,305,0,0,0,0,0,160,160,145,145,94
"9384",83,"[15]HcHsGnJHqKHqaIJ",304,1,15,303,0,303,0,0,0,0,0,150,150,153,153,94
"9385",84,"[15]HcHsGnJHqKHqaIJ",297,1,15,296,0,296,0,0,0,0,0,132,132,164,164,94
"9386",85,"[15]HcHsGnJHqKHqaIJ",301,1,15,300,0,300,0,0,0,0,0,146,146,154,154,94
"9387",86,"[15]HcHsGnJHqKHqaIJ",294,0.989967,15,299,3,296,3,3,0,3,3,157,157,142,139,94
"9388",87,"[15]HcHsGnJHqKHqaIJ",291,0.996575,15,292,1,291,1,1,0,1,1,130,130,162,161,94
"9389",88,"[15]HcHsGnJHqKHqaIJ",295,1,15,294,0,294,0,0,0,0,0,142,142,152,152,94
"9390",89,"[15]HcHsGnJHqKHqaIJ",291,1,15,290,0,290,0,0,0,0,0,140,140,150,150,94
"9391",90,"[15]HcHsGnJHqKHqaIJ",293,0.996599,15,294,1,293,1,1,0,1,1,133,133,161,160,94
"9392",91,"[15]HcHsGnJHqKHqaIJ",300,0.996678,15,301,1,300,1,1,0,1,1,157,157,144,143,94
"9393",92,"[15]HcHsGnJHqKHqaIJ",298,1,15,297,0,297,0,0,0,0,0,147,147,150,150,94
"9394",93,"[15]HcHsGnJHqKHqaIJ",305,1,15,304,0,304,0,0,0,0,0,166,166,138,138,94
"9395",94,"[15]HcHsGnJHqKHqaIJ",306,1,15,305,0,305,0,0,0,0,0,157,157,148,148,94
"9396",95,"[15]HcHsGnJHqKHqaIJ",300,1,15,299,0,299,0,0,0,0,0,148,148,151,151,94
"9397",96,"[15]HcHsGnJHqKHqaIJ",298,0.996656,15,299,1,298,1,1,0,1,1,156,156,143,142,94
"9398",97,"[15]HcHsGnJHqKHqaIJ",302,1,15,301,0,301,0,0,0,0,0,153,153,148,148,94
"9399",98,"[15]HcHsGnJHqKHqaIJ",297,0.986842,15,304,4,300,4,4,0,4,4,158,158,146,142,94
"9400",99,"[15]HcHsGnJHqKHqaIJ",292,0.996587,15,293,1,292,1,1,0,1,1,133,133,160,159,94
"9401",0,"[15]HcHuGnJHqKHqaIJ",288,0.99654,15,289,1,288,1,1,0,1,1,130,130,159,158,95
"9402",1,"[15]HcHuGnJHqKHqaIJ",302,1,15,301,0,301,0,0,0,0,0,151,151,150,150,95
"9403",2,"[15]HcHuGnJHqKHqaIJ",297,0.996644,15,298,1,297,1,1,0,1,1,152,152,146,145,95
"9404",3,"[15]HcHuGnJHqKHqaIJ",297,1,15,296,0,296,0,0,0,0,0,138,138,158,158,95
"9405",4,"[15]HcHuGnJHqKHqaIJ",299,1,15,298,0,298,0,0,0,0,0,149,149,149,149,95
"9406",5,"[15]HcHuGnJHqKHqaIJ",305,1,15,304,0,304,0,0,0,0,0,175,175,129,129,95
"9407",6,"[15]HcHuGnJHqKHqaIJ",303,1,15,302,0,302,0,0,0,0,0,152,152,150,150,95
"9408",7,"[15]HcHuGnJHqKHqaIJ",300,0.996678,15,301,1,300,1,1,0,1,1,161,161,140,139,95
"9409",8,"[15]HcHuGnJHqKHqaIJ",297,1,15,296,0,296,0,0,0,0,0,140,140,156,156,95
"9410",9,"[15]HcHuGnJHqKHqaIJ",298,1,15,297,0,297,0,0,0,0,0,142,142,155,155,95
"9411",10,"[15]HcHuGnJHqKHqaIJ",295,0.996622,15,296,1,295,1,1,0,1,1,142,142,154,153,95
"9412",11,"[15]HcHuGnJHqKHqaIJ",281,0.979452,15,292,6,286,6,6,0,6,6,144,144,148,142,95
"9413",12,"[15]HcHuGnJHqKHqaIJ",300,1,15,299,0,299,0,0,0,0,0,148,148,151,151,95
"9414",13,"[15]HcHuGnJHqKHqaIJ",301,1,15,300,0,300,0,0,0,0,0,146,146,154,154,95
"9415",14,"[15]HcHuGnJHqKHqaIJ",303,0.996711,15,304,1,303,1,1,0,1,1,148,148,156,155,95
"9416",15,"[15]HcHuGnJHqKHqaIJ",296,1,15,295,0,295,0,0,0,0,0,136,136,159,159,95
"9417",16,"[15]HcHuGnJHqKHqaIJ",299,1,15,298,0,298,0,0,0,0,0,143,143,155,155,95
"9418",17,"[15]HcHuGnJHqKHqaIJ",304,1,15,303,0,303,0,0,0,0,0,141,141,162,162,95
"9419",18,"[15]HcHuGnJHqKHqaIJ",298,0.996656,15,299,1,298,1,1,0,1,1,142,142,157,156,95
"9420",19,"[15]HcHuGnJHqKHqaIJ",295,0.996622,15,296,1,295,1,1,0,1,1,133,133,163,162,95
"9421",20,"[15]HcHuGnJHqKHqaIJ",291,0.993197,15,294,2,292,2,2,0,2,2,131,131,163,161,95
"9422",21,"[15]HcHuGnJHqKHqaIJ",295,0.993289,15,298,2,296,2,2,0,2,2,139,139,159,157,95
"9423",22,"[15]HcHuGnJHqKHqaIJ",294,1,15,293,0,293,0,0,0,0,0,139,139,154,154,95
"9424",23,"[15]HcHuGnJHqKHqaIJ",289,0.989796,15,294,3,291,3,3,0,3,3,149,149,145,142,95
"9425",24,"[15]HcHuGnJHqKHqaIJ",289,0.989796,15,294,3,291,3,3,0,3,3,141,141,153,150,95
"9426",25,"[15]HcHuGnJHqKHqaIJ",289,0.989796,15,294,3,291,3,3,0,3,3,148,148,146,143,95
"9427",26,"[15]HcHuGnJHqKHqaIJ",283,0.976351,15,296,7,289,7,7,0,7,7,140,140,156,149,95
"9428",27,"[15]HcHuGnJHqKHqaIJ",295,1,15,294,0,294,0,0,0,0,0,145,145,149,149,95
"9429",28,"[15]HcHuGnJHqKHqaIJ",301,0.996689,15,302,1,301,1,1,0,1,1,163,163,139,138,95
"9430",29,"[15]HcHuGnJHqKHqaIJ",305,1,15,304,0,304,0,0,0,0,0,163,163,141,141,95
"9431",30,"[15]HcHuGnJHqKHqaIJ",297,1,15,296,0,296,0,0,0,0,0,140,140,156,156,95
"9432",31,"[15]HcHuGnJHqKHqaIJ",307,1,15,306,0,306,0,0,0,0,0,166,166,140,140,95
"9433",32,"[15]HcHuGnJHqKHqaIJ",298,1,15,297,0,297,0,0,0,0,0,137,137,160,160,95
"9434",33,"[15]HcHuGnJHqKHqaIJ",285,0.993056,15,288,2,286,2,2,0,2,2,122,122,166,164,95
"9435",34,"[15]HcHuGnJHqKHqaIJ",298,0.996656,15,299,1,298,1,1,0,1,1,145,145,154,153,95
"9436",35,"[15]HcHuGnJHqKHqaIJ",290,0.989831,15,295,3,292,3,3,0,3,3,154,154,141,138,95
"9437",36,"[15]HcHuGnJHqKHqaIJ",297,1,15,296,0,296,0,0,0,0,0,142,142,154,154,95
"9438",37,"[15]HcHuGnJHqKHqaIJ",288,0.989761,15,293,3,290,3,3,0,3,3,153,153,140,137,95
"9439",38,"[15]HcHuGnJHqKHqaIJ",299,1,15,298,0,298,0,0,0,0,0,152,152,146,146,95
"9440",39,"[15]HcHuGnJHqKHqaIJ",301,0.996689,15,302,1,301,1,1,0,1,1,136,136,166,165,95
"9441",40,"[15]HcHuGnJHqKHqaIJ",308,1,15,307,0,307,0,0,0,0,0,161,161,146,146,95
"9442",41,"[15]HcHuGnJHqKHqaIJ",295,0.996622,15,296,1,295,1,1,0,1,1,149,149,147,146,95
"9443",42,"[15]HcHuGnJHqKHqaIJ",283,0.986207,15,290,4,286,4,4,0,4,4,133,133,157,153,95
"9444",43,"[15]HcHuGnJHqKHqaIJ",299,1,15,298,0,298,0,0,0,0,0,152,152,146,146,95
"9445",44,"[15]HcHuGnJHqKHqaIJ",299,1,15,298,0,298,0,0,0,0,0,149,149,149,149,95
"9446",45,"[15]HcHuGnJHqKHqaIJ",281,0.982759,15,290,5,285,5,5,0,5,5,139,139,151,146,95
"9447",46,"[15]HcHuGnJHqKHqaIJ",306,1,15,305,0,305,0,0,0,0,0,166,166,139,139,95
"9448",47,"[15]HcHuGnJHqKHqaIJ",297,1,15,296,0,296,0,0,0,0,0,144,144,152,152,95
"9449",48,"[15]HcHuGnJHqKHqaIJ",301,1,15,300,0,300,0,0,0,0,0,157,157,143,143,95
"9450",49,"[15]HcHuGnJHqKHqaIJ",309,1,15,308,0,308,0,0,0,0,0,160,160,148,148,95
"9451",50,"[15]HcHuGnJHqKHqaIJ",297,1,15,296,0,296,0,0,0,0,0,148,148,148,148,95
"9452",51,"[15]HcHuGnJHqKHqaIJ",305,0.996732,15,306,1,305,1,1,0,1,1,164,164,142,141,95
"9453",52,"[15]HcHuGnJHqKHqaIJ",293,0.996599,15,294,1,293,1,1,0,1,1,140,140,154,153,95
"9454",53,"[15]HcHuGnJHqKHqaIJ",293,0.993243,15,296,2,294,2,2,0,2,2,141,141,155,153,95
"9455",54,"[15]HcHuGnJHqKHqaIJ",293,0.989933,15,298,3,295,3,3,0,3,3,151,151,147,144,95
"9456",55,"[15]HcHuGnJHqKHqaIJ",306,1,15,305,0,305,0,0,0,0,0,159,159,146,146,95
"9457",56,"[15]HcHuGnJHqKHqaIJ",293,1,15,292,0,292,0,0,0,0,0,131,131,161,161,95
"9458",57,"[15]HcHuGnJHqKHqaIJ",298,0.996656,15,299,1,298,1,1,0,1,1,150,150,149,148,95
"9459",58,"[15]HcHuGnJHqKHqaIJ",305,1,15,304,0,304,0,0,0,0,0,166,166,138,138,95
"9460",59,"[15]HcHuGnJHqKHqaIJ",293,1,15,292,0,292,0,0,0,0,0,130,130,162,162,95
"9461",60,"[15]HcHuGnJHqKHqaIJ",293,0.996599,15,294,1,293,1,1,0,1,1,145,145,149,148,95
"9462",61,"[15]HcHuGnJHqKHqaIJ",300,1,15,299,0,299,0,0,0,0,0,159,159,140,140,95
"9463",62,"[15]HcHuGnJHqKHqaIJ",304,1,15,303,0,303,0,0,0,0,0,155,155,148,148,95
"9464",63,"[15]HcHuGnJHqKHqaIJ",304,1,15,303,0,303,0,0,0,0,0,156,156,147,147,95
"9465",64,"[15]HcHuGnJHqKHqaIJ",305,1,15,304,0,304,0,0,0,0,0,154,154,150,150,95
"9466",65,"[15]HcHuGnJHqKHqaIJ",294,1,15,293,0,293,0,0,0,0,0,146,146,147,147,95
"9467",66,"[15]HcHuGnJHqKHqaIJ",298,1,15,297,0,297,0,0,0,0,0,145,145,152,152,95
"9468",67,"[15]HcHuGnJHqKHqaIJ",300,1,15,299,0,299,0,0,0,0,0,138,138,161,161,95
"9469",68,"[15]HcHuGnJHqKHqaIJ",294,1,15,293,0,293,0,0,0,0,0,143,143,150,150,95
"9470",69,"[15]HcHuGnJHqKHqaIJ",298,1,15,297,0,297,0,0,0,0,0,138,138,159,159,95
"9471",70,"[15]HcHuGnJHqKHqaIJ",300,1,15,299,0,299,0,0,0,0,0,147,147,152,152,95
"9472",71,"[15]HcHuGnJHqKHqaIJ",303,1,15,302,0,302,0,0,0,0,0,154,154,148,148,95
"9473",72,"[15]HcHuGnJHqKHqaIJ",305,1,15,304,0,304,0,0,0,0,0,157,157,147,147,95
"9474",73,"[15]HcHuGnJHqKHqaIJ",303,1,15,302,0,302,0,0,0,0,0,166,166,136,136,95
"9475",74,"[15]HcHuGnJHqKHqaIJ",293,0.996599,15,294,1,293,1,1,0,1,1,146,146,148,147,95
"9476",75,"[15]HcHuGnJHqKHqaIJ",294,1,15,293,0,293,0,0,0,0,0,143,143,150,150,95
"9477",76,"[15]HcHuGnJHqKHqaIJ",296,1,15,295,0,295,0,0,0,0,0,140,140,155,155,95
"9478",77,"[15]HcHuGnJHqKHqaIJ",277,0.985915,15,284,4,280,4,4,0,4,4,123,123,161,157,95
"9479",78,"[15]HcHuGnJHqKHqaIJ",292,0.996587,15,293,1,292,1,1,0,1,1,145,145,148,147,95
"9480",79,"[15]HcHuGnJHqKHqaIJ",298,1,15,297,0,297,0,0,0,0,0,151,151,146,146,95
"9481",80,"[15]HcHuGnJHqKHqaIJ",302,0.9967,15,303,1,302,1,1,0,1,1,163,163,140,139,95
"9482",81,"[15]HcHuGnJHqKHqaIJ",297,1,15,296,0,296,0,0,0,0,0,148,148,148,148,95
"9483",82,"[15]HcHuGnJHqKHqaIJ",298,1,15,297,0,297,0,0,0,0,0,147,147,150,150,95
"9484",83,"[15]HcHuGnJHqKHqaIJ",302,1,15,301,0,301,0,0,0,0,0,152,152,149,149,95
"9485",84,"[15]HcHuGnJHqKHqaIJ",299,1,15,298,0,298,0,0,0,0,0,142,142,156,156,95
"9486",85,"[15]HcHuGnJHqKHqaIJ",296,0.996633,15,297,1,296,1,1,0,1,1,147,147,150,149,95
"9487",86,"[15]HcHuGnJHqKHqaIJ",297,1,15,296,0,296,0,0,0,0,0,147,147,149,149,95
"9488",87,"[15]HcHuGnJHqKHqaIJ",301,1,15,300,0,300,0,0,0,0,0,151,151,149,149,95
"9489",88,"[15]HcHuGnJHqKHqaIJ",305,1,15,304,0,304,0,0,0,0,0,152,152,152,152,95
"9490",89,"[15]HcHuGnJHqKHqaIJ",296,1,15,295,0,295,0,0,0,0,0,140,140,155,155,95
"9491",90,"[15]HcHuGnJHqKHqaIJ",303,1,15,302,0,302,0,0,0,0,0,147,147,155,155,95
"9492",91,"[15]HcHuGnJHqKHqaIJ",294,1,15,293,0,293,0,0,0,0,0,149,149,144,144,95
"9493",92,"[15]HcHuGnJHqKHqaIJ",293,1,15,292,0,292,0,0,0,0,0,139,139,153,153,95
"9494",93,"[15]HcHuGnJHqKHqaIJ",303,1,15,302,0,302,0,0,0,0,0,156,156,146,146,95
"9495",94,"[15]HcHuGnJHqKHqaIJ",285,0.986301,15,292,4,288,4,4,0,4,4,144,144,148,144,95
"9496",95,"[15]HcHuGnJHqKHqaIJ",304,1,15,303,0,303,0,0,0,0,0,164,164,139,139,95
"9497",96,"[15]HcHuGnJHqKHqaIJ",305,1,15,304,0,304,0,0,0,0,0,153,153,151,151,95
"9498",97,"[15]HcHuGnJHqKHqaIJ",293,0.993243,15,296,2,294,2,2,0,2,2,146,146,150,148,95
"9499",98,"[15]HcHuGnJHqKHqaIJ",303,0.996711,15,304,1,303,1,1,0,1,1,153,153,151,150,95
"9500",99,"[15]HcHuGnJHqKHqaIJ",283,0.993007,15,286,2,284,2,2,0,2,2,120,120,166,164,95
"9501",0,"[17]HBHsGnJHqKHqaIwHJ",303,1,17,302,0,302,0,0,0,0,0,148,148,154,154,96
"9502",1,"[17]HBHsGnJHqKHqaIwHJ",305,0.996732,17,306,1,305,1,1,0,1,1,172,172,134,133,96
"9503",2,"[17]HBHsGnJHqKHqaIwHJ",294,1,17,293,0,293,0,0,0,0,0,137,137,156,156,96
"9504",3,"[17]HBHsGnJHqKHqaIwHJ",290,1,17,289,0,289,0,0,0,0,0,126,126,163,163,96
"9505",4,"[17]HBHsGnJHqKHqaIwHJ",292,0.996587,17,293,1,292,1,1,0,1,1,141,141,152,151,96
"9506",5,"[17]HBHsGnJHqKHqaIwHJ",301,1,17,300,0,300,0,0,0,0,0,154,154,146,146,96
"9507",6,"[17]HBHsGnJHqKHqaIwHJ",296,1,17,295,0,295,0,0,0,0,0,135,135,160,160,96
"9508",7,"[17]HBHsGnJHqKHqaIwHJ",291,0.996575,17,292,1,291,1,1,0,1,1,129,129,163,162,96
"9509",8,"[17]HBHsGnJHqKHqaIwHJ",300,1,17,299,0,299,0,0,0,0,0,154,154,145,145,96
"9510",9,"[17]HBHsGnJHqKHqaIwHJ",301,0.996689,17,302,1,301,1,1,0,1,1,155,155,147,146,96
"9511",10,"[17]HBHsGnJHqKHqaIwHJ",290,0.993174,17,293,2,291,2,2,0,2,2,134,134,159,157,96
"9512",11,"[17]HBHsGnJHqKHqaIwHJ",293,0.986667,17,300,4,296,4,4,0,4,4,145,145,155,151,96
"9513",12,"[17]HBHsGnJHqKHqaIwHJ",286,0.983051,17,295,5,290,5,5,0,5,5,146,146,149,144,96
"9514",13,"[17]HBHsGnJHqKHqaIwHJ",299,0.996667,17,300,1,299,1,1,0,1,1,147,147,153,152,96
"9515",14,"[17]HBHsGnJHqKHqaIwHJ",308,1,17,307,0,307,0,0,0,0,0,154,154,153,153,96
"9516",15,"[17]HBHsGnJHqKHqaIwHJ",301,0.993421,17,304,2,302,2,2,0,2,2,162,162,142,140,96
"9517",16,"[17]HBHsGnJHqKHqaIwHJ",287,0.993103,17,290,2,288,2,2,0,2,2,137,137,153,151,96
"9518",17,"[17]HBHsGnJHqKHqaIwHJ",294,1,17,293,0,293,0,0,0,0,0,130,130,163,163,96
"9519",18,"[17]HBHsGnJHqKHqaIwHJ",303,1,17,302,0,302,0,0,0,0,0,146,146,156,156,96
"9520",19,"[17]HBHsGnJHqKHqaIwHJ",291,0.993197,17,294,2,292,2,2,0,2,2,142,142,152,150,96
"9521",20,"[17]HBHsGnJHqKHqaIwHJ",300,1,17,299,0,299,0,0,0,0,0,153,153,146,146,96
"9522",21,"[17]HBHsGnJHqKHqaIwHJ",303,1,17,302,0,302,0,0,0,0,0,149,149,153,153,96
"9523",22,"[17]HBHsGnJHqKHqaIwHJ",296,1,17,295,0,295,0,0,0,0,0,141,141,154,154,96
"9524",23,"[17]HBHsGnJHqKHqaIwHJ",295,0.996622,17,296,1,295,1,1,0,1,1,149,149,147,146,96
"9525",24,"[17]HBHsGnJHqKHqaIwHJ",291,1,17,290,0,290,0,0,0,0,0,133,133,157,157,96
"9526",25,"[17]HBHsGnJHqKHqaIwHJ",304,1,17,303,0,303,0,0,0,0,0,158,158,145,145,96
"9527",26,"[17]HBHsGnJHqKHqaIwHJ",302,0.993443,17,305,2,303,2,2,0,2,2,160,160,145,143,96
"9528",27,"[17]HBHsGnJHqKHqaIwHJ",295,0.996622,17,296,1,295,1,1,0,1,1,144,144,152,151,96
"9529",28,"[17]HBHsGnJHqKHqaIwHJ",293,0.996599,17,294,1,293,1,1,0,1,1,151,151,143,142,96
"9530",29,"[17]HBHsGnJHqKHqaIwHJ",296,0.996633,17,297,1,296,1,1,0,1,1,148,148,149,148,96
"9531",30,"[17]HBHsGnJHqKHqaIwHJ",303,1,17,302,0,302,0,0,0,0,0,155,155,147,147,96
"9532",31,"[17]HBHsGnJHqKHqaIwHJ",297,0.990066,17,302,3,299,3,3,0,3,3,148,148,154,151,96
"9533",32,"[17]HBHsGnJHqKHqaIwHJ",307,1,17,306,0,306,0,0,0,0,0,164,164,142,142,96
"9534",33,"[17]HBHsGnJHqKHqaIwHJ",294,0.99661,17,295,1,294,1,1,0,1,1,137,137,158,157,96
"9535",34,"[17]HBHsGnJHqKHqaIwHJ",303,1,17,302,0,302,0,0,0,0,0,155,155,147,147,96
"9536",35,"[17]HBHsGnJHqKHqaIwHJ",300,0.996678,17,301,1,300,1,1,0,1,1,146,146,155,154,96
"9537",36,"[17]HBHsGnJHqKHqaIwHJ",283,0.993007,17,286,2,284,2,2,0,2,2,133,133,153,151,96
"9538",37,"[17]HBHsGnJHqKHqaIwHJ",298,0.993355,17,301,2,299,2,2,0,2,2,160,160,141,139,96
"9539",38,"[17]HBHsGnJHqKHqaIwHJ",288,1,17,287,0,287,0,0,0,0,0,134,134,153,153,96
"9540",39,"[17]HBHsGnJHqKHqaIwHJ",295,1,17,294,0,294,0,0,0,0,0,147,147,147,147,96
"9541",40,"[17]HBHsGnJHqKHqaIwHJ",293,0.993243,17,296,2,294,2,2,0,2,2,150,150,146,144,96
"9542",41,"[17]HBHsGnJHqKHqaIwHJ",294,0.989967,17,299,3,296,3,3,0,3,3,158,158,141,138,96
"9543",42,"[17]HBHsGnJHqKHqaIwHJ",298,0.996656,17,299,1,298,1,1,0,1,1,145,145,154,153,96
"9544",43,"[17]HBHsGnJHqKHqaIwHJ",297,1,17,296,0,296,0,0,0,0,0,138,138,158,158,96
"9545",44,"[17]HBHsGnJHqKHqaIwHJ",306,1,17,305,0,305,0,0,0,0,0,169,169,136,136,96
"9546",45,"[17]HBHsGnJHqKHqaIwHJ",295,0.993289,17,298,2,296,2,2,0,2,2,147,147,151,149,96
"9547",46,"[17]HBHsGnJHqKHqaIwHJ",286,0.996516,17,287,1,286,1,1,0,1,1,128,128,159,158,96
"9548",47,"[17]HBHsGnJHqKHqaIwHJ",300,1,17,299,0,299,0,0,0,0,0,152,152,147,147,96
"9549",48,"[17]HBHsGnJHqKHqaIwHJ",306,1,17,305,0,305,0,0,0,0,0,155,155,150,150,96
"9550",49,"[17]HBHsGnJHqKHqaIwHJ",294,0.99661,17,295,1,294,1,1,0,1,1,153,153,142,141,96
"9551",50,"[17]HBHsGnJHqKHqaIwHJ",303,0.996711,17,304,1,303,1,1,0,1,1,164,164,140,139,96
"9552",51,"[17]HBHsGnJHqKHqaIwHJ",295,1,17,294,0,294,0,0,0,0,0,144,144,150,150,96
"9553",52,"[17]HBHsGnJHqKHqaIwHJ",291,0.996575,17,292,1,291,1,1,0,1,1,138,138,154,153,96
"9554",53,"[17]HBHsGnJHqKHqaIwHJ",300,0.993399,17,303,2,301,2,2,0,2,2,149,149,154,152,96
"9555",54,"[17]HBHsGnJHqKHqaIwHJ",301,1,17,300,0,300,0,0,0,0,0,140,140,160,160,96
"9556",55,"[17]HBHsGnJHqKHqaIwHJ",289,1,17,288,0,288,0,0,0,0,0,132,132,156,156,96
"9557",56,"[17]HBHsGnJHqKHqaIwHJ",298,0.993355,17,301,2,299,2,2,0,2,2,153,153,148,146,96
"9558",57,"[17]HBHsGnJHqKHqaIwHJ",298,0.986885,17,305,4,301,4,4,0,4,4,162,162,143,139,96
"9559",58,"[17]HBHsGnJHqKHqaIwHJ",287,0.993103,17,290,2,288,2,2,0,2,2,131,131,159,157,96
"9560",59,"[17]HBHsGnJHqKHqaIwHJ",304,1,17,303,0,303,0,0,0,0,0,174,174,129,129,96
"9561",60,"[17]HBHsGnJHqKHqaIwHJ",305,1,17,304,0,304,0,0,0,0,0,166,166,138,138,96
"9562",61,"[17]HBHsGnJHqKHqaIwHJ",291,0.996575,17,292,1,291,1,1,0,1,1,142,142,150,149,96
"9563",62,"[17]HBHsGnJHqKHqaIwHJ",292,0.99322,17,295,2,293,2,2,0,2,2,143,143,152,150,96
"9564",63,"[17]HBHsGnJHqKHqaIwHJ",304,1,17,303,0,303,0,0,0,0,0,154,154,149,149,96
"9565",64,"[17]HBHsGnJHqKHqaIwHJ",296,1,17,295,0,295,0,0,0,0,0,138,138,157,157,96
"9566",65,"[17]HBHsGnJHqKHqaIwHJ",296,0.996633,17,297,1,296,1,1,0,1,1,155,155,142,141,96
"9567",66,"[17]HBHsGnJHqKHqaIwHJ",298,1,17,297,0,297,0,0,0,0,0,139,139,158,158,96
"9568",67,"[17]HBHsGnJHqKHqaIwHJ",298,1,17,297,0,297,0,0,0,0,0,143,143,154,154,96
"9569",68,"[17]HBHsGnJHqKHqaIwHJ",303,0.996711,17,304,1,303,1,1,0,1,1,162,162,142,141,96
"9570",69,"[17]HBHsGnJHqKHqaIwHJ",300,0.993399,17,303,2,301,2,2,0,2,2,160,160,143,141,96
"9571",70,"[17]HBHsGnJHqKHqaIwHJ",294,0.993266,17,297,2,295,2,2,0,2,2,147,147,150,148,96
"9572",71,"[17]HBHsGnJHqKHqaIwHJ",283,0.979592,17,294,6,288,6,6,0,6,6,153,153,141,135,96
"9573",72,"[17]HBHsGnJHqKHqaIwHJ",287,0.989726,17,292,3,289,3,3,0,3,3,135,135,157,154,96
"9574",73,"[17]HBHsGnJHqKHqaIwHJ",308,1,17,307,0,307,0,0,0,0,0,158,158,149,149,96
"9575",74,"[17]HBHsGnJHqKHqaIwHJ",292,0.996587,17,293,1,292,1,1,0,1,1,143,143,150,149,96
"9576",75,"[17]HBHsGnJHqKHqaIwHJ",307,0.996753,17,308,1,307,1,1,0,1,1,167,167,141,140,96
"9577",76,"[17]HBHsGnJHqKHqaIwHJ",290,0.993174,17,293,2,291,2,2,0,2,2,134,134,159,157,96
"9578",77,"[17]HBHsGnJHqKHqaIwHJ",301,0.996689,17,302,1,301,1,1,0,1,1,165,165,137,136,96
"9579",78,"[17]HBHsGnJHqKHqaIwHJ",287,0.993103,17,290,2,288,2,2,0,2,2,130,130,160,158,96
"9580",79,"[17]HBHsGnJHqKHqaIwHJ",296,1,17,295,0,295,0,0,0,0,0,139,139,156,156,96
"9581",80,"[17]HBHsGnJHqKHqaIwHJ",285,0.986301,17,292,4,288,4,4,0,4,4,136,136,156,152,96
"9582",81,"[17]HBHsGnJHqKHqaIwHJ",291,0.993197,17,294,2,292,2,2,0,2,2,147,147,147,145,96
"9583",82,"[17]HBHsGnJHqKHqaIwHJ",298,1,17,297,0,297,0,0,0,0,0,150,150,147,147,96
"9584",83,"[17]HBHsGnJHqKHqaIwHJ",303,1,17,302,0,302,0,0,0,0,0,157,157,145,145,96
"9585",84,"[17]HBHsGnJHqKHqaIwHJ",295,0.993289,17,298,2,296,2,2,0,2,2,150,150,148,146,96
"9586",85,"[17]HBHsGnJHqKHqaIwHJ",304,1,17,303,0,303,0,0,0,0,0,154,154,149,149,96
"9587",86,"[17]HBHsGnJHqKHqaIwHJ",282,0.986159,17,289,4,285,4,4,0,4,4,136,136,153,149,96
"9588",87,"[17]HBHsGnJHqKHqaIwHJ",296,0.996633,17,297,1,296,1,1,0,1,1,165,165,132,131,96
"9589",88,"[17]HBHsGnJHqKHqaIwHJ",287,0.989726,17,292,3,289,3,3,0,3,3,146,146,146,143,96
"9590",89,"[17]HBHsGnJHqKHqaIwHJ",297,1,17,296,0,296,0,0,0,0,0,138,138,158,158,96
"9591",90,"[17]HBHsGnJHqKHqaIwHJ",300,1,17,299,0,299,0,0,0,0,0,142,142,157,157,96
"9592",91,"[17]HBHsGnJHqKHqaIwHJ",291,0.993197,17,294,2,292,2,2,0,2,2,133,133,161,159,96
"9593",92,"[17]HBHsGnJHqKHqaIwHJ",307,1,17,306,0,306,0,0,0,0,0,167,167,139,139,96
"9594",93,"[17]HBHsGnJHqKHqaIwHJ",304,1,17,303,0,303,0,0,0,0,0,151,151,152,152,96
"9595",94,"[17]HBHsGnJHqKHqaIwHJ",289,0.993151,17,292,2,290,2,2,0,2,2,141,141,151,149,96
"9596",95,"[17]HBHsGnJHqKHqaIwHJ",302,1,17,301,0,301,0,0,0,0,0,158,158,143,143,96
"9597",96,"[17]HBHsGnJHqKHqaIwHJ",301,1,17,300,0,300,0,0,0,0,0,165,165,135,135,96
"9598",97,"[17]HBHsGnJHqKHqaIwHJ",295,0.996622,17,296,1,295,1,1,0,1,1,137,137,159,158,96
"9599",98,"[17]HBHsGnJHqKHqaIwHJ",300,0.996678,17,301,1,300,1,1,0,1,1,155,155,146,145,96
"9600",99,"[17]HBHsGnJHqKHqaIwHJ",298,0.996656,17,299,1,298,1,1,0,1,1,153,153,146,145,96
"9601",0,"[20]HcFwHvnJHqKHGqazImJz",312,1,20,311,0,311,0,0,0,0,0,153,153,158,158,97
"9602",1,"[20]HcFwHvnJHqKHGqazImJz",314,0.996825,20,315,1,314,1,1,0,1,1,159,159,156,155,97
"9603",2,"[20]HcFwHvnJHqKHGqazImJz",309,0.99359,20,312,2,310,2,2,0,2,2,155,155,157,155,97
"9604",3,"[20]HcFwHvnJHqKHGqazImJz",335,0.997024,20,336,1,335,1,1,0,1,1,196,196,140,139,97
"9605",4,"[20]HcFwHvnJHqKHGqazImJz",317,1,20,316,0,316,0,0,0,0,0,157,157,159,159,97
"9606",5,"[20]HcFwHvnJHqKHGqazImJz",319,0.993789,20,322,2,320,2,2,0,2,2,172,172,150,148,97
"9607",6,"[20]HcFwHvnJHqKHGqazImJz",318,1,20,317,0,317,0,0,0,0,0,157,157,160,160,97
"9608",7,"[20]HcFwHvnJHqKHGqazImJz",311,1,20,310,0,310,0,0,0,0,0,145,145,165,165,97
"9609",8,"[20]HcFwHvnJHqKHGqazImJz",306,0.993528,20,309,2,307,2,2,0,2,2,154,154,155,153,97
"9610",9,"[20]HcFwHvnJHqKHGqazImJz",322,1,20,321,0,321,0,0,0,0,0,162,162,159,159,97
"9611",10,"[20]HcFwHvnJHqKHGqazImJz",317,1,20,316,0,316,0,0,0,0,0,151,151,165,165,97
"9612",11,"[20]HcFwHvnJHqKHGqazImJz",313,0.996815,20,314,1,313,1,1,0,1,1,155,155,159,158,97
"9613",12,"[20]HcFwHvnJHqKHGqazImJz",319,1,20,318,0,318,0,0,0,0,0,160,160,158,158,97
"9614",13,"[20]HcFwHvnJHqKHGqazImJz",305,1,20,304,0,304,0,0,0,0,0,140,140,164,164,97
"9615",14,"[20]HcFwHvnJHqKHGqazImJz",319,1,20,318,0,318,0,0,0,0,0,164,164,154,154,97
"9616",15,"[20]HcFwHvnJHqKHGqazImJz",321,0.996894,20,322,1,321,1,1,0,1,1,172,172,150,149,97
"9617",16,"[20]HcFwHvnJHqKHGqazImJz",322,1,20,321,0,321,0,0,0,0,0,165,165,156,156,97
"9618",17,"[20]HcFwHvnJHqKHGqazImJz",312,1,20,311,0,311,0,0,0,0,0,159,159,152,152,97
"9619",18,"[20]HcFwHvnJHqKHGqazImJz",317,1,20,316,0,316,0,0,0,0,0,155,155,161,161,97
"9620",19,"[20]HcFwHvnJHqKHGqazImJz",319,1,20,318,0,318,0,0,0,0,0,166,166,152,152,97
"9621",20,"[20]HcFwHvnJHqKHGqazImJz",300,0.996678,20,301,1,300,1,1,0,1,1,139,139,162,161,97
"9622",21,"[20]HcFwHvnJHqKHGqazImJz",319,1,20,318,0,318,0,0,0,0,0,156,156,162,162,97
"9623",22,"[20]HcFwHvnJHqKHGqazImJz",305,0.996732,20,306,1,305,1,1,0,1,1,135,135,171,170,97
"9624",23,"[20]HcFwHvnJHqKHGqazImJz",300,1,20,299,0,299,0,0,0,0,0,133,133,166,166,97
"9625",24,"[20]HcFwHvnJHqKHGqazImJz",312,1,20,311,0,311,0,0,0,0,0,151,151,160,160,97
"9626",25,"[20]HcFwHvnJHqKHGqazImJz",320,1,20,319,0,319,0,0,0,0,0,169,169,150,150,97
"9627",26,"[20]HcFwHvnJHqKHGqazImJz",312,1,20,311,0,311,0,0,0,0,0,150,150,161,161,97
"9628",27,"[20]HcFwHvnJHqKHGqazImJz",325,1,20,324,0,324,0,0,0,0,0,175,175,149,149,97
"9629",28,"[20]HcFwHvnJHqKHGqazImJz",311,0.993631,20,314,2,312,2,2,0,2,2,160,160,154,152,97
"9630",29,"[20]HcFwHvnJHqKHGqazImJz",302,0.993443,20,305,2,303,2,2,0,2,2,141,141,164,162,97
"9631",30,"[20]HcFwHvnJHqKHGqazImJz",303,0.987097,20,310,4,306,4,4,0,4,4,156,156,154,150,97
"9632",31,"[20]HcFwHvnJHqKHGqazImJz",304,0.996721,20,305,1,304,1,1,0,1,1,145,145,160,159,97
"9633",32,"[20]HcFwHvnJHqKHGqazImJz",317,0.996855,20,318,1,317,1,1,0,1,1,161,161,157,156,97
"9634",33,"[20]HcFwHvnJHqKHGqazImJz",303,0.993464,20,306,2,304,2,2,0,2,2,141,141,165,163,97
"9635",34,"[20]HcFwHvnJHqKHGqazImJz",307,0.993548,20,310,2,308,2,2,0,2,2,158,158,152,150,97
"9636",35,"[20]HcFwHvnJHqKHGqazImJz",310,0.996785,20,311,1,310,1,1,0,1,1,146,146,165,164,97
"9637",36,"[20]HcFwHvnJHqKHGqazImJz",309,0.99359,20,312,2,310,2,2,0,2,2,156,156,156,154,97
"9638",37,"[20]HcFwHvnJHqKHGqazImJz",314,0.996825,20,315,1,314,1,1,0,1,1,154,154,161,160,97
"9639",38,"[20]HcFwHvnJHqKHGqazImJz",322,1,20,321,0,321,0,0,0,0,0,167,167,154,154,97
"9640",39,"[20]HcFwHvnJHqKHGqazImJz",313,0.993671,20,316,2,314,2,2,0,2,2,161,161,155,153,97
"9641",40,"[20]HcFwHvnJHqKHGqazImJz",316,1,20,315,0,315,0,0,0,0,0,159,159,156,156,97
"9642",41,"[20]HcFwHvnJHqKHGqazImJz",313,0.993671,20,316,2,314,2,2,0,2,2,161,161,155,153,97
"9643",42,"[20]HcFwHvnJHqKHGqazImJz",314,1,20,313,0,313,0,0,0,0,0,156,156,157,157,97
"9644",43,"[20]HcFwHvnJHqKHGqazImJz",311,0.996795,20,312,1,311,1,1,0,1,1,155,155,157,156,97
"9645",44,"[20]HcFwHvnJHqKHGqazImJz",317,0.996855,20,318,1,317,1,1,0,1,1,161,161,157,156,97
"9646",45,"[20]HcFwHvnJHqKHGqazImJz",306,1,20,305,0,305,0,0,0,0,0,141,141,164,164,97
"9647",46,"[20]HcFwHvnJHqKHGqazImJz",328,1,20,327,0,327,0,0,0,0,0,175,175,152,152,97
"9648",47,"[20]HcFwHvnJHqKHGqazImJz",312,0.993651,20,315,2,313,2,2,0,2,2,161,161,154,152,97
"9649",48,"[20]HcFwHvnJHqKHGqazImJz",322,1,20,321,0,321,0,0,0,0,0,164,164,157,157,97
"9650",49,"[20]HcFwHvnJHqKHGqazImJz",316,0.996845,20,317,1,316,1,1,0,1,1,162,162,155,154,97
"9651",50,"[20]HcFwHvnJHqKHGqazImJz",324,1,20,323,0,323,0,0,0,0,0,170,170,153,153,97
"9652",51,"[20]HcFwHvnJHqKHGqazImJz",315,0.996835,20,316,1,315,1,1,0,1,1,164,164,152,151,97
"9653",52,"[20]HcFwHvnJHqKHGqazImJz",288,0.976744,20,301,7,294,7,7,0,7,7,141,141,160,153,97
"9654",53,"[20]HcFwHvnJHqKHGqazImJz",315,1,20,314,0,314,0,0,0,0,0,153,153,161,161,97
"9655",54,"[20]HcFwHvnJHqKHGqazImJz",319,1,20,318,0,318,0,0,0,0,0,162,162,156,156,97
"9656",55,"[20]HcFwHvnJHqKHGqazImJz",317,1,20,316,0,316,0,0,0,0,0,164,164,152,152,97
"9657",56,"[20]HcFwHvnJHqKHGqazImJz",320,1,20,319,0,319,0,0,0,0,0,165,165,154,154,97
"9658",57,"[20]HcFwHvnJHqKHGqazImJz",323,0.996914,20,324,1,323,1,1,0,1,1,179,179,145,144,97
"9659",58,"[20]HcFwHvnJHqKHGqazImJz",325,1,20,324,0,324,0,0,0,0,0,168,168,156,156,97
"9660",59,"[20]HcFwHvnJHqKHGqazImJz",319,1,20,318,0,318,0,0,0,0,0,163,163,155,155,97
"9661",60,"[20]HcFwHvnJHqKHGqazImJz",317,1,20,316,0,316,0,0,0,0,0,156,156,160,160,97
"9662",61,"[20]HcFwHvnJHqKHGqazImJz",320,0.996885,20,321,1,320,1,1,0,1,1,169,169,152,151,97
"9663",62,"[20]HcFwHvnJHqKHGqazImJz",314,1,20,313,0,313,0,0,0,0,0,148,148,165,165,97
"9664",63,"[20]HcFwHvnJHqKHGqazImJz",304,0.993485,20,307,2,305,2,2,0,2,2,144,144,163,161,97
"9665",64,"[20]HcFwHvnJHqKHGqazImJz",309,0.99359,20,312,2,310,2,2,0,2,2,153,153,159,157,97
"9666",65,"[20]HcFwHvnJHqKHGqazImJz",300,0.990164,20,305,3,302,3,3,0,3,3,149,149,156,153,97
"9667",66,"[20]HcFwHvnJHqKHGqazImJz",323,1,20,322,0,322,0,0,0,0,0,178,178,144,144,97
"9668",67,"[20]HcFwHvnJHqKHGqazImJz",312,1,20,311,0,311,0,0,0,0,0,153,153,158,158,97
"9669",68,"[20]HcFwHvnJHqKHGqazImJz",308,0.996764,20,309,1,308,1,1,0,1,1,154,154,155,154,97
"9670",69,"[20]HcFwHvnJHqKHGqazImJz",330,1,20,329,0,329,0,0,0,0,0,183,183,146,146,97
"9671",70,"[20]HcFwHvnJHqKHGqazImJz",300,0.990164,20,305,3,302,3,3,0,3,3,145,145,160,157,97
"9672",71,"[20]HcFwHvnJHqKHGqazImJz",310,1,20,309,0,309,0,0,0,0,0,145,145,164,164,97
"9673",72,"[20]HcFwHvnJHqKHGqazImJz",315,0.996835,20,316,1,315,1,1,0,1,1,147,147,169,168,97
"9674",73,"[20]HcFwHvnJHqKHGqazImJz",314,0.993691,20,317,2,315,2,2,0,2,2,165,165,152,150,97
"9675",74,"[20]HcFwHvnJHqKHGqazImJz",285,0.982993,20,294,5,289,5,5,0,5,5,131,131,163,158,97
"9676",75,"[20]HcFwHvnJHqKHGqazImJz",327,1,20,326,0,326,0,0,0,0,0,173,173,153,153,97
"9677",76,"[20]HcFwHvnJHqKHGqazImJz",322,1,20,321,0,321,0,0,0,0,0,171,171,150,150,97
"9678",77,"[20]HcFwHvnJHqKHGqazImJz",312,0.990536,20,317,3,314,3,3,0,3,3,165,165,152,149,97
"9679",78,"[20]HcFwHvnJHqKHGqazImJz",314,0.996825,20,315,1,314,1,1,0,1,1,157,157,158,157,97
"9680",79,"[20]HcFwHvnJHqKHGqazImJz",321,0.993827,20,324,2,322,2,2,0,2,2,177,177,147,145,97
"9681",80,"[20]HcFwHvnJHqKHGqazImJz",315,1,20,314,0,314,0,0,0,0,0,157,157,157,157,97
"9682",81,"[20]HcFwHvnJHqKHGqazImJz",311,1,20,310,0,310,0,0,0,0,0,151,151,159,159,97
"9683",82,"[20]HcFwHvnJHqKHGqazImJz",318,0.996865,20,319,1,318,1,1,0,1,1,165,165,154,153,97
"9684",83,"[20]HcFwHvnJHqKHGqazImJz",304,0.984026,20,313,5,308,5,5,0,5,5,161,161,152,147,97
"9685",84,"[20]HcFwHvnJHqKHGqazImJz",325,1,20,324,0,324,0,0,0,0,0,176,176,148,148,97
"9686",85,"[20]HcFwHvnJHqKHGqazImJz",308,1,20,307,0,307,0,0,0,0,0,138,138,169,169,97
"9687",86,"[20]HcFwHvnJHqKHGqazImJz",320,1,20,319,0,319,0,0,0,0,0,165,165,154,154,97
"9688",87,"[20]HcFwHvnJHqKHGqazImJz",294,0.989967,20,299,3,296,3,3,0,3,3,135,135,164,161,97
"9689",88,"[20]HcFwHvnJHqKHGqazImJz",320,1,20,319,0,319,0,0,0,0,0,167,167,152,152,97
"9690",89,"[20]HcFwHvnJHqKHGqazImJz",327,1,20,326,0,326,0,0,0,0,0,173,173,153,153,97
"9691",90,"[20]HcFwHvnJHqKHGqazImJz",325,1,20,324,0,324,0,0,0,0,0,170,170,154,154,97
"9692",91,"[20]HcFwHvnJHqKHGqazImJz",318,1,20,317,0,317,0,0,0,0,0,161,161,156,156,97
"9693",92,"[20]HcFwHvnJHqKHGqazImJz",308,1,20,307,0,307,0,0,0,0,0,148,148,159,159,97
"9694",93,"[20]HcFwHvnJHqKHGqazImJz",303,1,20,302,0,302,0,0,0,0,0,140,140,162,162,97
"9695",94,"[20]HcFwHvnJHqKHGqazImJz",279,0.969595,20,296,9,287,9,9,0,9,9,153,153,143,134,97
"9696",95,"[20]HcFwHvnJHqKHGqazImJz",301,0.987013,20,308,4,304,4,4,0,4,4,158,158,150,146,97
"9697",96,"[20]HcFwHvnJHqKHGqazImJz",309,1,20,308,0,308,0,0,0,0,0,144,144,164,164,97
"9698",97,"[20]HcFwHvnJHqKHGqazImJz",313,0.993671,20,316,2,314,2,2,0,2,2,161,161,155,153,97
"9699",98,"[20]HcFwHvnJHqKHGqazImJz",317,1,20,316,0,316,0,0,0,0,0,163,163,153,153,97
"9700",99,"[20]HcFwHvnJHqKHGqazImJz",313,1,20,312,0,312,0,0,0,0,0,152,152,160,160,97
"9701",0,"[17]HcHsGnJHqKHqaIDFJ",303,0.996711,17,304,1,303,1,1,0,1,1,165,165,139,138,98
"9702",1,"[17]HcHsGnJHqKHqaIDFJ",305,1,17,304,0,304,0,0,0,0,0,160,160,144,144,98
"9703",2,"[17]HcHsGnJHqKHqaIDFJ",297,0.993333,17,300,2,298,2,2,0,2,2,175,175,125,123,98
"9704",3,"[17]HcHsGnJHqKHqaIDFJ",302,0.9967,17,303,1,302,1,1,0,1,1,151,151,152,151,98
"9705",4,"[17]HcHsGnJHqKHqaIDFJ",305,1,17,304,0,304,0,0,0,0,0,154,154,150,150,98
"9706",5,"[17]HcHsGnJHqKHqaIDFJ",300,1,17,299,0,299,0,0,0,0,0,144,144,155,155,98
"9707",6,"[17]HcHsGnJHqKHqaIDFJ",294,0.99661,17,295,1,294,1,1,0,1,1,150,150,145,144,98
"9708",7,"[17]HcHsGnJHqKHqaIDFJ",297,0.996644,17,298,1,297,1,1,0,1,1,143,143,155,154,98
"9709",8,"[17]HcHsGnJHqKHqaIDFJ",291,0.996575,17,292,1,291,1,1,0,1,1,132,132,160,159,98
"9710",9,"[17]HcHsGnJHqKHqaIDFJ",299,1,17,298,0,298,0,0,0,0,0,148,148,150,150,98
"9711",10,"[17]HcHsGnJHqKHqaIDFJ",297,1,17,296,0,296,0,0,0,0,0,143,143,153,153,98
"9712",11,"[17]HcHsGnJHqKHqaIDFJ",294,0.993266,17,297,2,295,2,2,0,2,2,149,149,148,146,98
"9713",12,"[17]HcHsGnJHqKHqaIDFJ",302,1,17,301,0,301,0,0,0,0,0,153,153,148,148,98
"9714",13,"[17]HcHsGnJHqKHqaIDFJ",297,0.993333,17,300,2,298,2,2,0,2,2,152,152,148,146,98
"9715",14,"[17]HcHsGnJHqKHqaIDFJ",311,1,17,310,0,310,0,0,0,0,0,158,158,152,152,98
"9716",15,"[17]HcHsGnJHqKHqaIDFJ",279,0.982639,17,288,5,283,5,5,0,5,5,138,138,150,145,98
"9717",16,"[17]HcHsGnJHqKHqaIDFJ",296,0.993311,17,299,2,297,2,2,0,2,2,136,136,163,161,98
"9718",17,"[17]HcHsGnJHqKHqaIDFJ",301,0.996689,17,302,1,301,1,1,0,1,1,155,155,147,146,98
"9719",18,"[17]HcHsGnJHqKHqaIDFJ",300,1,17,299,0,299,0,0,0,0,0,158,158,141,141,98
"9720",19,"[17]HcHsGnJHqKHqaIDFJ",301,1,17,300,0,300,0,0,0,0,0,144,144,156,156,98
"9721",20,"[17]HcHsGnJHqKHqaIDFJ",289,0.989796,17,294,3,291,3,3,0,3,3,137,137,157,154,98
"9722",21,"[17]HcHsGnJHqKHqaIDFJ",301,1,17,300,0,300,0,0,0,0,0,147,147,153,153,98
"9723",22,"[17]HcHsGnJHqKHqaIDFJ",289,0.986486,17,296,4,292,4,4,0,4,4,146,146,150,146,98
"9724",23,"[17]HcHsGnJHqKHqaIDFJ",302,0.9967,17,303,1,302,1,1,0,1,1,163,163,140,139,98
"9725",24,"[17]HcHsGnJHqKHqaIDFJ",292,0.99322,17,295,2,293,2,2,0,2,2,146,146,149,147,98
"9726",25,"[17]HcHsGnJHqKHqaIDFJ",305,1,17,304,0,304,0,0,0,0,0,164,164,140,140,98
"9727",26,"[17]HcHsGnJHqKHqaIDFJ",292,0.986622,17,299,4,295,4,4,0,4,4,164,164,135,131,98
"9728",27,"[17]HcHsGnJHqKHqaIDFJ",299,1,17,298,0,298,0,0,0,0,0,139,139,159,159,98
"9729",28,"[17]HcHsGnJHqKHqaIDFJ",298,1,17,297,0,297,0,0,0,0,0,140,140,157,157,98
"9730",29,"[17]HcHsGnJHqKHqaIDFJ",306,1,17,305,0,305,0,0,0,0,0,156,156,149,149,98
"9731",30,"[17]HcHsGnJHqKHqaIDFJ",309,1,17,308,0,308,0,0,0,0,0,154,154,154,154,98
"9732",31,"[17]HcHsGnJHqKHqaIDFJ",295,1,17,294,0,294,0,0,0,0,0,145,145,149,149,98
"9733",32,"[17]HcHsGnJHqKHqaIDFJ",294,0.99661,17,295,1,294,1,1,0,1,1,139,139,156,155,98
"9734",33,"[17]HcHsGnJHqKHqaIDFJ",306,1,17,305,0,305,0,0,0,0,0,147,147,158,158,98
"9735",34,"[17]HcHsGnJHqKHqaIDFJ",297,0.996644,17,298,1,297,1,1,0,1,1,139,139,159,158,98
"9736",35,"[17]HcHsGnJHqKHqaIDFJ",296,1,17,295,0,295,0,0,0,0,0,148,148,147,147,98
"9737",36,"[17]HcHsGnJHqKHqaIDFJ",306,1,17,305,0,305,0,0,0,0,0,150,150,155,155,98
"9738",37,"[17]HcHsGnJHqKHqaIDFJ",300,0.993399,17,303,2,301,2,2,0,2,2,160,160,143,141,98
"9739",38,"[17]HcHsGnJHqKHqaIDFJ",307,1,17,306,0,306,0,0,0,0,0,153,153,153,153,98
"9740",39,"[17]HcHsGnJHqKHqaIDFJ",287,0.986395,17,294,4,290,4,4,0,4,4,146,146,148,144,98
"9741",40,"[17]HcHsGnJHqKHqaIDFJ",303,1,17,302,0,302,0,0,0,0,0,150,150,152,152,98
"9742",41,"[17]HcHsGnJHqKHqaIDFJ",293,0.989933,17,298,3,295,3,3,0,3,3,156,156,142,139,98
"9743",42,"[17]HcHsGnJHqKHqaIDFJ",296,1,17,295,0,295,0,0,0,0,0,144,144,151,151,98
"9744",43,"[17]HcHsGnJHqKHqaIDFJ",298,1,17,297,0,297,0,0,0,0,0,137,137,160,160,98
"9745",44,"[17]HcHsGnJHqKHqaIDFJ",297,0.993333,17,300,2,298,2,2,0,2,2,148,148,152,150,98
"9746",45,"[17]HcHsGnJHqKHqaIDFJ",298,1,17,297,0,297,0,0,0,0,0,151,151,146,146,98
"9747",46,"[17]HcHsGnJHqKHqaIDFJ",307,1,17,306,0,306,0,0,0,0,0,155,155,151,151,98
"9748",47,"[17]HcHsGnJHqKHqaIDFJ",293,1,17,292,0,292,0,0,0,0,0,144,144,148,148,98
"9749",48,"[17]HcHsGnJHqKHqaIDFJ",294,1,17,293,0,293,0,0,0,0,0,144,144,149,149,98
"9750",49,"[17]HcHsGnJHqKHqaIDFJ",293,1,17,292,0,292,0,0,0,0,0,140,140,152,152,98
"9751",50,"[17]HcHsGnJHqKHqaIDFJ",304,1,17,303,0,303,0,0,0,0,0,165,165,138,138,98
"9752",51,"[17]HcHsGnJHqKHqaIDFJ",299,1,17,298,0,298,0,0,0,0,0,138,138,160,160,98
"9753",52,"[17]HcHsGnJHqKHqaIDFJ",291,0.983333,17,300,5,295,5,5,0,5,5,159,159,141,136,98
"9754",53,"[17]HcHsGnJHqKHqaIDFJ",294,1,17,293,0,293,0,0,0,0,0,126,126,167,167,98
"9755",54,"[17]HcHsGnJHqKHqaIDFJ",298,1,17,297,0,297,0,0,0,0,0,144,144,153,153,98
"9756",55,"[17]HcHsGnJHqKHqaIDFJ",280,0.972881,17,295,8,287,8,8,0,8,8,151,151,144,136,98
"9757",56,"[17]HcHsGnJHqKHqaIDFJ",289,1,17,288,0,288,0,0,0,0,0,125,125,163,163,98
"9758",57,"[17]HcHsGnJHqKHqaIDFJ",309,1,17,308,0,308,0,0,0,0,0,153,153,155,155,98
"9759",58,"[17]HcHsGnJHqKHqaIDFJ",303,1,17,302,0,302,0,0,0,0,0,155,155,147,147,98
"9760",59,"[17]HcHsGnJHqKHqaIDFJ",293,0.993243,17,296,2,294,2,2,0,2,2,147,147,149,147,98
"9761",60,"[17]HcHsGnJHqKHqaIDFJ",298,1,17,297,0,297,0,0,0,0,0,136,136,161,161,98
"9762",61,"[17]HcHsGnJHqKHqaIDFJ",305,1,17,304,0,304,0,0,0,0,0,162,162,142,142,98
"9763",62,"[17]HcHsGnJHqKHqaIDFJ",299,1,17,298,0,298,0,0,0,0,0,162,162,136,136,98
"9764",63,"[17]HcHsGnJHqKHqaIDFJ",295,1,17,294,0,294,0,0,0,0,0,145,145,149,149,98
"9765",64,"[17]HcHsGnJHqKHqaIDFJ",306,0.996743,17,307,1,306,1,1,0,1,1,170,170,137,136,98
"9766",65,"[17]HcHsGnJHqKHqaIDFJ",298,0.986885,17,305,4,301,4,4,0,4,4,161,161,144,140,98
"9767",66,"[17]HcHsGnJHqKHqaIDFJ",289,1,17,288,0,288,0,0,0,0,0,134,134,154,154,98
"9768",67,"[17]HcHsGnJHqKHqaIDFJ",309,1,17,308,0,308,0,0,0,0,0,164,164,144,144,98
"9769",68,"[17]HcHsGnJHqKHqaIDFJ",306,1,17,305,0,305,0,0,0,0,0,146,146,159,159,98
"9770",69,"[17]HcHsGnJHqKHqaIDFJ",294,1,17,293,0,293,0,0,0,0,0,144,144,149,149,98
"9771",70,"[17]HcHsGnJHqKHqaIDFJ",289,0.976821,17,302,7,295,7,7,0,7,7,170,170,132,125,98
"9772",71,"[17]HcHsGnJHqKHqaIDFJ",293,0.993243,17,296,2,294,2,2,0,2,2,148,148,148,146,98
"9773",72,"[17]HcHsGnJHqKHqaIDFJ",302,1,17,301,0,301,0,0,0,0,0,150,150,151,151,98
"9774",73,"[17]HcHsGnJHqKHqaIDFJ",295,0.993289,17,298,2,296,2,2,0,2,2,147,147,151,149,98
"9775",74,"[17]HcHsGnJHqKHqaIDFJ",299,0.996667,17,300,1,299,1,1,0,1,1,156,156,144,143,98
"9776",75,"[17]HcHsGnJHqKHqaIDFJ",295,1,17,294,0,294,0,0,0,0,0,140,140,154,154,98
"9777",76,"[17]HcHsGnJHqKHqaIDFJ",295,0.996622,17,296,1,295,1,1,0,1,1,142,142,154,153,98
"9778",77,"[17]HcHsGnJHqKHqaIDFJ",283,0.993007,17,286,2,284,2,2,0,2,2,125,125,161,159,98
"9779",78,"[17]HcHsGnJHqKHqaIDFJ",292,0.99322,17,295,2,293,2,2,0,2,2,145,145,150,148,98
"9780",79,"[17]HcHsGnJHqKHqaIDFJ",310,1,17,309,0,309,0,0,0,0,0,170,170,139,139,98
"9781",80,"[17]HcHsGnJHqKHqaIDFJ",301,0.996689,17,302,1,301,1,1,0,1,1,161,161,141,140,98
"9782",81,"[17]HcHsGnJHqKHqaIDFJ",300,1,17,299,0,299,0,0,0,0,0,129,129,170,170,98
"9783",82,"[17]HcHsGnJHqKHqaIDFJ",295,1,17,294,0,294,0,0,0,0,0,143,143,151,151,98
"9784",83,"[17]HcHsGnJHqKHqaIDFJ",302,1,17,301,0,301,0,0,0,0,0,147,147,154,154,98
"9785",84,"[17]HcHsGnJHqKHqaIDFJ",300,1,17,299,0,299,0,0,0,0,0,154,154,145,145,98
"9786",85,"[17]HcHsGnJHqKHqaIDFJ",304,1,17,303,0,303,0,0,0,0,0,151,151,152,152,98
"9787",86,"[17]HcHsGnJHqKHqaIDFJ",300,0.996678,17,301,1,300,1,1,0,1,1,159,159,142,141,98
"9788",87,"[17]HcHsGnJHqKHqaIDFJ",294,1,17,293,0,293,0,0,0,0,0,137,137,156,156,98
"9789",88,"[17]HcHsGnJHqKHqaIDFJ",291,1,17,290,0,290,0,0,0,0,0,130,130,160,160,98
"9790",89,"[17]HcHsGnJHqKHqaIDFJ",297,0.996644,17,298,1,297,1,1,0,1,1,147,147,151,150,98
"9791",90,"[17]HcHsGnJHqKHqaIDFJ",295,1,17,294,0,294,0,0,0,0,0,129,129,165,165,98
"9792",91,"[17]HcHsGnJHqKHqaIDFJ",304,1,17,303,0,303,0,0,0,0,0,156,156,147,147,98
"9793",92,"[17]HcHsGnJHqKHqaIDFJ",303,0.996711,17,304,1,303,1,1,0,1,1,161,161,143,142,98
"9794",93,"[17]HcHsGnJHqKHqaIDFJ",304,0.996721,17,305,1,304,1,1,0,1,1,153,153,152,151,98
"9795",94,"[17]HcHsGnJHqKHqaIDFJ",297,1,17,296,0,296,0,0,0,0,0,138,138,158,158,98
"9796",95,"[17]HcHsGnJHqKHqaIDFJ",289,0.993151,17,292,2,290,2,2,0,2,2,135,135,157,155,98
"9797",96,"[17]HcHsGnJHqKHqaIDFJ",292,0.99322,17,295,2,293,2,2,0,2,2,147,147,148,146,98
"9798",97,"[17]HcHsGnJHqKHqaIDFJ",295,1,17,294,0,294,0,0,0,0,0,141,141,153,153,98
"9799",98,"[17]HcHsGnJHqKHqaIDFJ",295,1,17,294,0,294,0,0,0,0,0,133,133,161,161,98
"9800",99,"[17]HcHsGnJHqKHqaIDFJ",292,1,17,291,0,291,0,0,0,0,0,129,129,162,162,98
"9801",0,"[18]rsHcHvGnJHqKHqaIAJ",289,0.993151,18,292,2,290,2,2,0,2,2,129,129,163,161,99
"9802",1,"[18]rsHcHvGnJHqKHqaIAJ",297,1,18,296,0,296,0,0,0,0,0,149,149,147,147,99
"9803",2,"[18]rsHcHvGnJHqKHqaIAJ",294,0.99661,18,295,1,294,1,1,0,1,1,146,146,149,148,99
"9804",3,"[18]rsHcHvGnJHqKHqaIAJ",294,0.99661,18,295,1,294,1,1,0,1,1,144,144,151,150,99
"9805",4,"[18]rsHcHvGnJHqKHqaIAJ",302,1,18,301,0,301,0,0,0,0,0,151,151,150,150,99
"9806",5,"[18]rsHcHvGnJHqKHqaIAJ",297,1,18,296,0,296,0,0,0,0,0,143,143,153,153,99
"9807",6,"[18]rsHcHvGnJHqKHqaIAJ",305,1,18,304,0,304,0,0,0,0,0,157,157,147,147,99
"9808",7,"[18]rsHcHvGnJHqKHqaIAJ",308,1,18,307,0,307,0,0,0,0,0,165,165,142,142,99
"9809",8,"[18]rsHcHvGnJHqKHqaIAJ",299,1,18,298,0,298,0,0,0,0,0,145,145,153,153,99
"9810",9,"[18]rsHcHvGnJHqKHqaIAJ",300,1,18,299,0,299,0,0,0,0,0,145,145,154,154,99
"9811",10,"[18]rsHcHvGnJHqKHqaIAJ",301,1,18,300,0,300,0,0,0,0,0,152,152,148,148,99
"9812",11,"[18]rsHcHvGnJHqKHqaIAJ",308,1,18,307,0,307,0,0,0,0,0,163,163,144,144,99
"9813",12,"[18]rsHcHvGnJHqKHqaIAJ",304,1,18,303,0,303,0,0,0,0,0,149,149,154,154,99
"9814",13,"[18]rsHcHvGnJHqKHqaIAJ",295,0.996622,18,296,1,295,1,1,0,1,1,149,149,147,146,99
"9815",14,"[18]rsHcHvGnJHqKHqaIAJ",296,0.993311,18,299,2,297,2,2,0,2,2,150,150,149,147,99
"9816",15,"[18]rsHcHvGnJHqKHqaIAJ",299,1,18,298,0,298,0,0,0,0,0,152,152,146,146,99
"9817",16,"[18]rsHcHvGnJHqKHqaIAJ",303,1,18,302,0,302,0,0,0,0,0,148,148,154,154,99
"9818",17,"[18]rsHcHvGnJHqKHqaIAJ",304,1,18,303,0,303,0,0,0,0,0,155,155,148,148,99
"9819",18,"[18]rsHcHvGnJHqKHqaIAJ",281,0.982759,18,290,5,285,5,5,0,5,5,142,142,148,143,99
"9820",19,"[18]rsHcHvGnJHqKHqaIAJ",299,0.993377,18,302,2,300,2,2,0,2,2,157,157,145,143,99
"9821",20,"[18]rsHcHvGnJHqKHqaIAJ",282,0.989547,18,287,3,284,3,3,0,3,3,131,131,156,153,99
"9822",21,"[18]rsHcHvGnJHqKHqaIAJ",293,0.993243,18,296,2,294,2,2,0,2,2,140,140,156,154,99
"9823",22,"[18]rsHcHvGnJHqKHqaIAJ",296,0.996633,18,297,1,296,1,1,0,1,1,144,144,153,152,99
"9824",23,"[18]rsHcHvGnJHqKHqaIAJ",305,1,18,304,0,304,0,0,0,0,0,157,157,147,147,99
"9825",24,"[18]rsHcHvGnJHqKHqaIAJ",299,0.996667,18,300,1,299,1,1,0,1,1,151,151,149,148,99
"9826",25,"[18]rsHcHvGnJHqKHqaIAJ",301,1,18,300,0,300,0,0,0,0,0,148,148,152,152,99
"9827",26,"[18]rsHcHvGnJHqKHqaIAJ",297,0.996644,18,298,1,297,1,1,0,1,1,154,154,144,143,99
"9828",27,"[18]rsHcHvGnJHqKHqaIAJ",289,0.989796,18,294,3,291,3,3,0,3,3,142,142,152,149,99
"9829",28,"[18]rsHcHvGnJHqKHqaIAJ",293,1,18,292,0,292,0,0,0,0,0,137,137,155,155,99
"9830",29,"[18]rsHcHvGnJHqKHqaIAJ",292,0.989899,18,297,3,294,3,3,0,3,3,160,160,137,134,99
"9831",30,"[18]rsHcHvGnJHqKHqaIAJ",301,1,18,300,0,300,0,0,0,0,0,157,157,143,143,99
"9832",31,"[18]rsHcHvGnJHqKHqaIAJ",283,0.993007,18,286,2,284,2,2,0,2,2,132,132,154,152,99
"9833",32,"[18]rsHcHvGnJHqKHqaIAJ",299,1,18,298,0,298,0,0,0,0,0,136,136,162,162,99
"9834",33,"[18]rsHcHvGnJHqKHqaIAJ",295,1,18,294,0,294,0,0,0,0,0,132,132,162,162,99
"9835",34,"[18]rsHcHvGnJHqKHqaIAJ",308,0.996764,18,309,1,308,1,1,0,1,1,167,167,142,141,99
"9836",35,"[18]rsHcHvGnJHqKHqaIAJ",303,1,18,302,0,302,0,0,0,0,0,154,154,148,148,99
"9837",36,"[18]rsHcHvGnJHqKHqaIAJ",302,1,18,301,0,301,0,0,0,0,0,152,152,149,149,99
"9838",37,"[18]rsHcHvGnJHqKHqaIAJ",299,1,18,298,0,298,0,0,0,0,0,145,145,153,153,99
"9839",38,"[18]rsHcHvGnJHqKHqaIAJ",297,1,18,296,0,296,0,0,0,0,0,150,150,146,146,99
"9840",39,"[18]rsHcHvGnJHqKHqaIAJ",293,0.989933,18,298,3,295,3,3,0,3,3,150,150,148,145,99
"9841",40,"[18]rsHcHvGnJHqKHqaIAJ",279,0.982639,18,288,5,283,5,5,0,5,5,139,139,149,144,99
"9842",41,"[18]rsHcHvGnJHqKHqaIAJ",293,1,18,292,0,292,0,0,0,0,0,151,151,141,141,99
"9843",42,"[18]rsHcHvGnJHqKHqaIAJ",297,1,18,296,0,296,0,0,0,0,0,137,137,159,159,99
"9844",43,"[18]rsHcHvGnJHqKHqaIAJ",293,0.989933,18,298,3,295,3,3,0,3,3,151,151,147,144,99
"9845",44,"[18]rsHcHvGnJHqKHqaIAJ",299,1,18,298,0,298,0,0,0,0,0,145,145,153,153,99
"9846",45,"[18]rsHcHvGnJHqKHqaIAJ",292,0.989899,18,297,3,294,3,3,0,3,3,155,155,142,139,99
"9847",46,"[18]rsHcHvGnJHqKHqaIAJ",292,0.99322,18,295,2,293,2,2,0,2,2,154,154,141,139,99
"9848",47,"[18]rsHcHvGnJHqKHqaIAJ",296,1,18,295,0,295,0,0,0,0,0,130,130,165,165,99
"9849",48,"[18]rsHcHvGnJHqKHqaIAJ",303,1,18,302,0,302,0,0,0,0,0,160,160,142,142,99
"9850",49,"[18]rsHcHvGnJHqKHqaIAJ",301,1,18,300,0,300,0,0,0,0,0,153,153,147,147,99
"9851",50,"[18]rsHcHvGnJHqKHqaIAJ",296,1,18,295,0,295,0,0,0,0,0,143,143,152,152,99
"9852",51,"[18]rsHcHvGnJHqKHqaIAJ",304,1,18,303,0,303,0,0,0,0,0,159,159,144,144,99
"9853",52,"[18]rsHcHvGnJHqKHqaIAJ",290,0.989831,18,295,3,292,3,3,0,3,3,151,151,144,141,99
"9854",53,"[18]rsHcHvGnJHqKHqaIAJ",290,0.996564,18,291,1,290,1,1,0,1,1,147,147,144,143,99
"9855",54,"[18]rsHcHvGnJHqKHqaIAJ",299,0.996667,18,300,1,299,1,1,0,1,1,147,147,153,152,99
"9856",55,"[18]rsHcHvGnJHqKHqaIAJ",284,1,18,283,0,283,0,0,0,0,0,122,122,161,161,99
"9857",56,"[18]rsHcHvGnJHqKHqaIAJ",283,0.989583,18,288,3,285,3,3,0,3,3,136,136,152,149,99
"9858",57,"[18]rsHcHvGnJHqKHqaIAJ",282,0.996466,18,283,1,282,1,1,0,1,1,134,134,149,148,99
"9859",58,"[18]rsHcHvGnJHqKHqaIAJ",301,1,18,300,0,300,0,0,0,0,0,157,157,143,143,99
"9860",59,"[18]rsHcHvGnJHqKHqaIAJ",293,0.996599,18,294,1,293,1,1,0,1,1,136,136,158,157,99
"9861",60,"[18]rsHcHvGnJHqKHqaIAJ",288,0.99654,18,289,1,288,1,1,0,1,1,133,133,156,155,99
"9862",61,"[18]rsHcHvGnJHqKHqaIAJ",297,0.996644,18,298,1,297,1,1,0,1,1,144,144,154,153,99
"9863",62,"[18]rsHcHvGnJHqKHqaIAJ",294,0.989967,18,299,3,296,3,3,0,3,3,160,160,139,136,99
"9864",63,"[18]rsHcHvGnJHqKHqaIAJ",284,0.979661,18,295,6,289,6,6,0,6,6,160,160,135,129,99
"9865",64,"[18]rsHcHvGnJHqKHqaIAJ",291,0.993197,18,294,2,292,2,2,0,2,2,152,152,142,140,99
"9866",65,"[18]rsHcHvGnJHqKHqaIAJ",297,1,18,296,0,296,0,0,0,0,0,153,153,143,143,99
"9867",66,"[18]rsHcHvGnJHqKHqaIAJ",278,0.979239,18,289,6,283,6,6,0,6,6,142,142,147,141,99
"9868",67,"[18]rsHcHvGnJHqKHqaIAJ",289,1,18,288,0,288,0,0,0,0,0,120,120,168,168,99
"9869",68,"[18]rsHcHvGnJHqKHqaIAJ",297,1,18,296,0,296,0,0,0,0,0,140,140,156,156,99
"9870",69,"[18]rsHcHvGnJHqKHqaIAJ",298,1,18,297,0,297,0,0,0,0,0,143,143,154,154,99
"9871",70,"[18]rsHcHvGnJHqKHqaIAJ",305,1,18,304,0,304,0,0,0,0,0,147,147,157,157,99
"9872",71,"[18]rsHcHvGnJHqKHqaIAJ",295,0.996622,18,296,1,295,1,1,0,1,1,141,141,155,154,99
"9873",72,"[18]rsHcHvGnJHqKHqaIAJ",290,0.996564,18,291,1,290,1,1,0,1,1,137,137,154,153,99
"9874",73,"[18]rsHcHvGnJHqKHqaIAJ",269,0.971831,18,284,8,276,8,8,0,8,8,147,147,137,129,99
"9875",74,"[18]rsHcHvGnJHqKHqaIAJ",298,0.996656,18,299,1,298,1,1,0,1,1,146,146,153,152,99
"9876",75,"[18]rsHcHvGnJHqKHqaIAJ",291,0.993197,18,294,2,292,2,2,0,2,2,145,145,149,147,99
"9877",76,"[18]rsHcHvGnJHqKHqaIAJ",294,1,18,293,0,293,0,0,0,0,0,145,145,148,148,99
"9878",77,"[18]rsHcHvGnJHqKHqaIAJ",296,0.993311,18,299,2,297,2,2,0,2,2,162,162,137,135,99
"9879",78,"[18]rsHcHvGnJHqKHqaIAJ",304,0.996721,18,305,1,304,1,1,0,1,1,164,164,141,140,99
"9880",79,"[18]rsHcHvGnJHqKHqaIAJ",288,0.989761,18,293,3,290,3,3,0,3,3,143,143,150,147,99
"9881",80,"[18]rsHcHvGnJHqKHqaIAJ",298,0.996656,18,299,1,298,1,1,0,1,1,153,153,146,145,99
"9882",81,"[18]rsHcHvGnJHqKHqaIAJ",298,0.996656,18,299,1,298,1,1,0,1,1,164,164,135,134,99
"9883",82,"[18]rsHcHvGnJHqKHqaIAJ",301,0.996689,18,302,1,301,1,1,0,1,1,154,154,148,147,99
"9884",83,"[18]rsHcHvGnJHqKHqaIAJ",304,1,18,303,0,303,0,0,0,0,0,156,156,147,147,99
"9885",84,"[18]rsHcHvGnJHqKHqaIAJ",299,1,18,298,0,298,0,0,0,0,0,142,142,156,156,99
"9886",85,"[18]rsHcHvGnJHqKHqaIAJ",298,0.996656,18,299,1,298,1,1,0,1,1,148,148,151,150,99
"9887",86,"[18]rsHcHvGnJHqKHqaIAJ",299,0.993377,18,302,2,300,2,2,0,2,2,157,157,145,143,99
"9888",87,"[18]rsHcHvGnJHqKHqaIAJ",305,1,18,304,0,304,0,0,0,0,0,158,158,146,146,99
"9889",88,"[18]rsHcHvGnJHqKHqaIAJ",292,0.99322,18,295,2,293,2,2,0,2,2,140,140,155,153,99
"9890",89,"[18]rsHcHvGnJHqKHqaIAJ",294,1,18,293,0,293,0,0,0,0,0,139,139,154,154,99
"9891",90,"[18]rsHcHvGnJHqKHqaIAJ",295,1,18,294,0,294,0,0,0,0,0,134,134,160,160,99
"9892",91,"[18]rsHcHvGnJHqKHqaIAJ",289,0.996552,18,290,1,289,1,1,0,1,1,129,129,161,160,99
"9893",92,"[18]rsHcHvGnJHqKHqaIAJ",294,0.99661,18,295,1,294,1,1,0,1,1,142,142,153,152,99
"9894",93,"[18]rsHcHvGnJHqKHqaIAJ",295,0.993289,18,298,2,296,2,2,0,2,2,153,153,145,143,99
"9895",94,"[18]rsHcHvGnJHqKHqaIAJ",300,1,18,299,0,299,0,0,0,0,0,146,146,153,153,99
"9896",95,"[18]rsHcHvGnJHqKHqaIAJ",299,1,18,298,0,298,0,0,0,0,0,143,143,155,155,99
"9897",96,"[18]rsHcHvGnJHqKHqaIAJ",293,0.996599,18,294,1,293,1,1,0,1,1,144,144,150,149,99
"9898",97,"[18]rsHcHvGnJHqKHqaIAJ",302,1,18,301,0,301,0,0,0,0,0,154,154,147,147,99
"9899",98,"[18]rsHcHvGnJHqKHqaIAJ",297,1,18,296,0,296,0,0,0,0,0,151,151,145,145,99
"9900",99,"[18]rsHcHvGnJHqKHqaIAJ",299,1,18,298,0,298,0,0,0,0,0,140,140,158,158,99
"9901",0,"[17]HccHtGnJHqKHqaIJc",303,1,17,302,0,302,0,0,0,0,0,152,152,150,150,100
"9902",1,"[17]HccHtGnJHqKHqaIJc",294,0.993266,17,297,2,295,2,2,0,2,2,147,147,150,148,100
"9903",2,"[17]HccHtGnJHqKHqaIJc",293,0.993243,17,296,2,294,2,2,0,2,2,160,160,136,134,100
"9904",3,"[17]HccHtGnJHqKHqaIJc",291,0.993197,17,294,2,292,2,2,0,2,2,153,153,141,139,100
"9905",4,"[17]HccHtGnJHqKHqaIJc",289,0.996552,17,290,1,289,1,1,0,1,1,129,129,161,160,100
"9906",5,"[17]HccHtGnJHqKHqaIJc",298,0.996656,17,299,1,298,1,1,0,1,1,147,147,152,151,100
"9907",6,"[17]HccHtGnJHqKHqaIJc",274,0.97561,17,287,7,280,7,7,0,7,7,139,139,148,141,100
"9908",7,"[17]HccHtGnJHqKHqaIJc",306,0.996743,17,307,1,306,1,1,0,1,1,161,161,146,145,100
"9909",8,"[17]HccHtGnJHqKHqaIJc",290,0.989831,17,295,3,292,3,3,0,3,3,147,147,148,145,100
"9910",9,"[17]HccHtGnJHqKHqaIJc",290,0.989831,17,295,3,292,3,3,0,3,3,139,139,156,153,100
"9911",10,"[17]HccHtGnJHqKHqaIJc",306,1,17,305,0,305,0,0,0,0,0,168,168,137,137,100
"9912",11,"[17]HccHtGnJHqKHqaIJc",299,1,17,298,0,298,0,0,0,0,0,149,149,149,149,100
"9913",12,"[17]HccHtGnJHqKHqaIJc",287,0.993103,17,290,2,288,2,2,0,2,2,137,137,153,151,100
"9914",13,"[17]HccHtGnJHqKHqaIJc",301,1,17,300,0,300,0,0,0,0,0,148,148,152,152,100
"9915",14,"[17]HccHtGnJHqKHqaIJc",300,1,17,299,0,299,0,0,0,0,0,155,155,144,144,100
"9916",15,"[17]HccHtGnJHqKHqaIJc",298,0.996656,17,299,1,298,1,1,0,1,1,140,140,159,158,100
"9917",16,"[17]HccHtGnJHqKHqaIJc",287,0.986395,17,294,4,290,4,4,0,4,4,151,151,143,139,100
"9918",17,"[17]HccHtGnJHqKHqaIJc",300,1,17,299,0,299,0,0,0,0,0,147,147,152,152,100
"9919",18,"[17]HccHtGnJHqKHqaIJc",301,0.996689,17,302,1,301,1,1,0,1,1,150,150,152,151,100
"9920",19,"[17]HccHtGnJHqKHqaIJc",283,0.986207,17,290,4,286,4,4,0,4,4,147,147,143,139,100
"9921",20,"[17]HccHtGnJHqKHqaIJc",298,1,17,297,0,297,0,0,0,0,0,149,149,148,148,100
"9922",21,"[17]HccHtGnJHqKHqaIJc",290,0.993174,17,293,2,291,2,2,0,2,2,146,146,147,145,100
"9923",22,"[17]HccHtGnJHqKHqaIJc",294,0.99661,17,295,1,294,1,1,0,1,1,144,144,151,150,100
"9924",23,"[17]HccHtGnJHqKHqaIJc",299,1,17,298,0,298,0,0,0,0,0,146,146,152,152,100
"9925",24,"[17]HccHtGnJHqKHqaIJc",298,0.996656,17,299,1,298,1,1,0,1,1,152,152,147,146,100
"9926",25,"[17]HccHtGnJHqKHqaIJc",301,1,17,300,0,300,0,0,0,0,0,153,153,147,147,100
"9927",26,"[17]HccHtGnJHqKHqaIJc",299,1,17,298,0,298,0,0,0,0,0,152,152,146,146,100
"9928",27,"[17]HccHtGnJHqKHqaIJc",297,1,17,296,0,296,0,0,0,0,0,146,146,150,150,100
"9929",28,"[17]HccHtGnJHqKHqaIJc",300,1,17,299,0,299,0,0,0,0,0,154,154,145,145,100
"9930",29,"[17]HccHtGnJHqKHqaIJc",298,0.996656,17,299,1,298,1,1,0,1,1,155,155,144,143,100
"9931",30,"[17]HccHtGnJHqKHqaIJc",298,1,17,297,0,297,0,0,0,0,0,149,149,148,148,100
"9932",31,"[17]HccHtGnJHqKHqaIJc",287,0.996528,17,288,1,287,1,1,0,1,1,130,130,158,157,100
"9933",32,"[17]HccHtGnJHqKHqaIJc",283,0.989583,17,288,3,285,3,3,0,3,3,134,134,154,151,100
"9934",33,"[17]HccHtGnJHqKHqaIJc",301,0.996689,17,302,1,301,1,1,0,1,1,161,161,141,140,100
"9935",34,"[17]HccHtGnJHqKHqaIJc",299,0.993377,17,302,2,300,2,2,0,2,2,152,152,150,148,100
"9936",35,"[17]HccHtGnJHqKHqaIJc",304,1,17,303,0,303,0,0,0,0,0,169,169,134,134,100
"9937",36,"[17]HccHtGnJHqKHqaIJc",300,0.993399,17,303,2,301,2,2,0,2,2,150,150,153,151,100
"9938",37,"[17]HccHtGnJHqKHqaIJc",294,0.993266,17,297,2,295,2,2,0,2,2,146,146,151,149,100
"9939",38,"[17]HccHtGnJHqKHqaIJc",294,1,17,293,0,293,0,0,0,0,0,142,142,151,151,100
"9940",39,"[17]HccHtGnJHqKHqaIJc",303,1,17,302,0,302,0,0,0,0,0,159,159,143,143,100
"9941",40,"[17]HccHtGnJHqKHqaIJc",304,0.996721,17,305,1,304,1,1,0,1,1,146,146,159,158,100
"9942",41,"[17]HccHtGnJHqKHqaIJc",287,0.983108,17,296,5,291,5,5,0,5,5,162,162,134,129,100
"9943",42,"[17]HccHtGnJHqKHqaIJc",300,1,17,299,0,299,0,0,0,0,0,143,143,156,156,100
"9944",43,"[17]HccHtGnJHqKHqaIJc",295,1,17,294,0,294,0,0,0,0,0,141,141,153,153,100
"9945",44,"[17]HccHtGnJHqKHqaIJc",299,0.996667,17,300,1,299,1,1,0,1,1,143,143,157,156,100
"9946",45,"[17]HccHtGnJHqKHqaIJc",295,1,17,294,0,294,0,0,0,0,0,145,145,149,149,100
"9947",46,"[17]HccHtGnJHqKHqaIJc",295,1,17,294,0,294,0,0,0,0,0,130,130,164,164,100
"9948",47,"[17]HccHtGnJHqKHqaIJc",301,1,17,300,0,300,0,0,0,0,0,152,152,148,148,100
"9949",48,"[17]HccHtGnJHqKHqaIJc",295,0.996622,17,296,1,295,1,1,0,1,1,148,148,148,147,100
"9950",49,"[17]HccHtGnJHqKHqaIJc",300,0.996678,17,301,1,300,1,1,0,1,1,154,154,147,146,100
"9951",50,"[17]HccHtGnJHqKHqaIJc",295,0.996622,17,296,1,295,1,1,0,1,1,150,150,146,145,100
"9952",51,"[17]HccHtGnJHqKHqaIJc",310,1,17,309,0,309,0,0,0,0,0,163,163,146,146,100
"9953",52,"[17]HccHtGnJHqKHqaIJc",297,0.996644,17,298,1,297,1,1,0,1,1,134,134,164,163,100
"9954",53,"[17]HccHtGnJHqKHqaIJc",289,0.993151,17,292,2,290,2,2,0,2,2,126,126,166,164,100
"9955",54,"[17]HccHtGnJHqKHqaIJc",297,0.993333,17,300,2,298,2,2,0,2,2,153,153,147,145,100
"9956",55,"[17]HccHtGnJHqKHqaIJc",289,0.993151,17,292,2,290,2,2,0,2,2,130,130,162,160,100
"9957",56,"[17]HccHtGnJHqKHqaIJc",304,0.996721,17,305,1,304,1,1,0,1,1,175,175,130,129,100
"9958",57,"[17]HccHtGnJHqKHqaIJc",301,1,17,300,0,300,0,0,0,0,0,150,150,150,150,100
"9959",58,"[17]HccHtGnJHqKHqaIJc",303,0.996711,17,304,1,303,1,1,0,1,1,164,164,140,139,100
"9960",59,"[17]HccHtGnJHqKHqaIJc",302,0.9967,17,303,1,302,1,1,0,1,1,156,156,147,146,100
"9961",60,"[17]HccHtGnJHqKHqaIJc",301,1,17,300,0,300,0,0,0,0,0,150,150,150,150,100
"9962",61,"[17]HccHtGnJHqKHqaIJc",288,1,17,287,0,287,0,0,0,0,0,131,131,156,156,100
"9963",62,"[17]HccHtGnJHqKHqaIJc",297,0.996644,17,298,1,297,1,1,0,1,1,155,155,143,142,100
"9964",63,"[17]HccHtGnJHqKHqaIJc",296,1,17,295,0,295,0,0,0,0,0,137,137,158,158,100
"9965",64,"[17]HccHtGnJHqKHqaIJc",305,1,17,304,0,304,0,0,0,0,0,157,157,147,147,100
"9966",65,"[17]HccHtGnJHqKHqaIJc",289,0.993151,17,292,2,290,2,2,0,2,2,154,154,138,136,100
"9967",66,"[17]HccHtGnJHqKHqaIJc",302,1,17,301,0,301,0,0,0,0,0,160,160,141,141,100
"9968",67,"[17]HccHtGnJHqKHqaIJc",293,0.993243,17,296,2,294,2,2,0,2,2,144,144,152,150,100
"9969",68,"[17]HccHtGnJHqKHqaIJc",301,1,17,300,0,300,0,0,0,0,0,146,146,154,154,100
"9970",69,"[17]HccHtGnJHqKHqaIJc",293,0.993243,17,296,2,294,2,2,0,2,2,146,146,150,148,100
"9971",70,"[17]HccHtGnJHqKHqaIJc",286,0.99308,17,289,2,287,2,2,0,2,2,137,137,152,150,100
"9972",71,"[17]HccHtGnJHqKHqaIJc",292,1,17,291,0,291,0,0,0,0,0,144,144,147,147,100
"9973",72,"[17]HccHtGnJHqKHqaIJc",309,1,17,308,0,308,0,0,0,0,0,163,163,145,145,100
"9974",73,"[17]HccHtGnJHqKHqaIJc",294,0.993266,17,297,2,295,2,2,0,2,2,138,138,159,157,100
"9975",74,"[17]HccHtGnJHqKHqaIJc",296,0.990033,17,301,3,298,3,3,0,3,3,157,157,144,141,100
"9976",75,"[17]HccHtGnJHqKHqaIJc",310,1,17,309,0,309,0,0,0,0,0,153,153,156,156,100
"9977",76,"[17]HccHtGnJHqKHqaIJc",301,1,17,300,0,300,0,0,0,0,0,154,154,146,146,100
"9978",77,"[17]HccHtGnJHqKHqaIJc",288,0.993127,17,291,2,289,2,2,0,2,2,148,148,143,141,100
"9979",78,"[17]HccHtGnJHqKHqaIJc",302,1,17,301,0,301,0,0,0,0,0,144,144,157,157,100
"9980",79,"[17]HccHtGnJHqKHqaIJc",295,1,17,294,0,294,0,0,0,0,0,137,137,157,157,100
"9981",80,"[17]HccHtGnJHqKHqaIJc",293,0.986667,17,300,4,296,4,4,0,4,4,167,167,133,129,100
"9982",81,"[17]HccHtGnJHqKHqaIJc",301,1,17,300,0,300,0,0,0,0,0,151,151,149,149,100
"9983",82,"[17]HccHtGnJHqKHqaIJc",301,1,17,300,0,300,0,0,0,0,0,153,153,147,147,100
"9984",83,"[17]HccHtGnJHqKHqaIJc",298,1,17,297,0,297,0,0,0,0,0,145,145,152,152,100
"9985",84,"[17]HccHtGnJHqKHqaIJc",300,1,17,299,0,299,0,0,0,0,0,165,165,134,134,100
"9986",85,"[17]HccHtGnJHqKHqaIJc",294,0.99661,17,295,1,294,1,1,0,1,1,141,141,154,153,100
"9987",86,"[17]HccHtGnJHqKHqaIJc",297,0.996644,17,298,1,297,1,1,0,1,1,139,139,159,158,100
"9988",87,"[17]HccHtGnJHqKHqaIJc",296,1,17,295,0,295,0,0,0,0,0,150,150,145,145,100
"9989",88,"[17]HccHtGnJHqKHqaIJc",299,0.993377,17,302,2,300,2,2,0,2,2,162,162,140,138,100
"9990",89,"[17]HccHtGnJHqKHqaIJc",295,0.993289,17,298,2,296,2,2,0,2,2,144,144,154,152,100
"9991",90,"[17]HccHtGnJHqKHqaIJc",290,0.983278,17,299,5,294,5,5,0,5,5,165,165,134,129,100
"9992",91,"[17]HccHtGnJHqKHqaIJc",300,1,17,299,0,299,0,0,0,0,0,163,163,136,136,100
"9993",92,"[17]HccHtGnJHqKHqaIJc",291,0.996575,17,292,1,291,1,1,0,1,1,141,141,151,150,100
"9994",93,"[17]HccHtGnJHqKHqaIJc",292,0.989899,17,297,3,294,3,3,0,3,3,152,152,145,142,100
"9995",94,"[17]HccHtGnJHqKHqaIJc",295,1,17,294,0,294,0,0,0,0,0,141,141,153,153,100
"9996",95,"[17]HccHtGnJHqKHqaIJc",291,0.996575,17,292,1,291,1,1,0,1,1,140,140,152,151,100
"9997",96,"[17]HccHtGnJHqKHqaIJc",284,0.986254,17,291,4,287,4,4,0,4,4,138,138,153,149,100
"9998",97,"[17]HccHtGnJHqKHqaIJc",299,1,17,298,0,298,0,0,0,0,0,149,149,149,149,100
"9999",98,"[17]HccHtGnJHqKHqaIJc",292,1,17,291,0,291,0,0,0,0,0,129,129,162,162,100
"10000",99,"[17]HccHtGnJHqKHqaIJc",299,1,17,298,0,298,0,0,0,0,0,145,145,153,153,100
