"","trial_number","genome","merit","accuracy","genome_length","door_rooms","exit_rooms","correct_doors","incorrect_doors","correct_exits","incorrect_exits","doors_taken_0","doors_correct_0","doors_taken_1","doors_correct_1","doors_taken_2","doors_correct_2","doors_taken_3","doors_correct_3","seed"
"1",0,"[84]GvfeHdwaCCinfxlysbrnFwafndbCLCebLwafofCJBdHdweEndaqIKChbAgDeBeaCabsafwendaCJCabGzmeK",111,0.991071,84,112,1,111,1,1,0,1,1,24,23,42,42,46,46,1
"2",1,"[84]GvfeHdwaCCinfxlysbrnFwafndbCLCebLwafofCJBdHdweEndaqIKChbAgDeBeaCabsafwendaCJCabGzmeK",107,1,84,106,0,106,0,0,0,0,0,33,33,40,40,33,33,1
"3",2,"[84]GvfeHdwaCCinfxlysbrnFwafndbCLCebLwafofCJBdHdweEndaqIKChbAgDeBeaCabsafwendaCJCabGzmeK",110,0.990991,84,111,1,110,1,1,0,1,1,39,38,30,30,42,42,1
"4",3,"[84]GvfeHdwaCCinfxlysbrnFwafndbCLCebLwafofCJBdHdweEndaqIKChbAgDeBeaCabsafwendaCJCabGzmeK",109,1,84,108,0,108,0,0,0,0,0,34,34,37,37,37,37,1
"5",4,"[84]GvfeHdwaCCinfxlysbrnFwafndbCLCebLwafofCJBdHdweEndaqIKChbAgDeBeaCabsafwendaCJCabGzmeK",107,1,84,106,0,106,0,0,0,0,0,44,44,31,31,31,31,1
"6",5,"[84]GvfeHdwaCCinfxlysbrnFwafndbCLCebLwafofCJBdHdweEndaqIKChbAgDeBeaCabsafwendaCJCabGzmeK",110,0.982301,84,113,2,111,2,2,0,2,2,37,35,30,30,46,46,1
"7",6,"[84]GvfeHdwaCCinfxlysbrnFwafndbCLCebLwafofCJBdHdweEndaqIKChbAgDeBeaCabsafwendaCJCabGzmeK",109,1,84,108,0,108,0,0,0,0,0,42,42,29,29,37,37,1
"8",7,"[84]GvfeHdwaCCinfxlysbrnFwafndbCLCebLwafofCJBdHdweEndaqIKChbAgDeBeaCabsafwendaCJCabGzmeK",103,1,84,102,0,102,0,0,0,0,0,38,38,40,40,24,24,1
"9",8,"[84]GvfeHdwaCCinfxlysbrnFwafndbCLCebLwafofCJBdHdweEndaqIKChbAgDeBeaCabsafwendaCJCabGzmeK",106,1,84,105,0,105,0,0,0,0,0,36,36,38,38,31,31,1
"10",9,"[84]GvfeHdwaCCinfxlysbrnFwafndbCLCebLwafofCJBdHdweEndaqIKChbAgDeBeaCabsafwendaCJCabGzmeK",111,0.991071,84,112,1,111,1,1,0,1,1,35,34,32,32,45,45,1
"11",10,"[84]GvfeHdwaCCinfxlysbrnFwafndbCLCebLwafofCJBdHdweEndaqIKChbAgDeBeaCabsafwendaCJCabGzmeK",103,0.963636,84,110,4,106,4,4,0,4,4,38,34,36,36,36,36,1
"12",11,"[84]GvfeHdwaCCinfxlysbrnFwafndbCLCebLwafofCJBdHdweEndaqIKChbAgDeBeaCabsafwendaCJCabGzmeK",112,0.99115,84,113,1,112,1,1,0,1,1,36,35,30,30,47,47,1
"13",12,"[84]GvfeHdwaCCinfxlysbrnFwafndbCLCebLwafofCJBdHdweEndaqIKChbAgDeBeaCabsafwendaCJCabGzmeK",100,0.962617,84,107,4,103,4,4,0,4,4,34,30,43,43,30,30,1
"14",13,"[84]GvfeHdwaCCinfxlysbrnFwafndbCLCebLwafofCJBdHdweEndaqIKChbAgDeBeaCabsafwendaCJCabGzmeK",108,0.990826,84,109,1,108,1,1,0,1,1,40,39,32,32,37,37,1
"15",14,"[84]GvfeHdwaCCinfxlysbrnFwafndbCLCebLwafofCJBdHdweEndaqIKChbAgDeBeaCabsafwendaCJCabGzmeK",102,1,84,101,0,101,0,0,0,0,0,35,35,43,43,23,23,1
"16",15,"[84]GvfeHdwaCCinfxlysbrnFwafndbCLCebLwafofCJBdHdweEndaqIKChbAgDeBeaCabsafwendaCJCabGzmeK",103,0.972222,84,108,3,105,3,3,0,3,3,31,28,44,44,33,33,1
"17",16,"[84]GvfeHdwaCCinfxlysbrnFwafndbCLCebLwafofCJBdHdweEndaqIKChbAgDeBeaCabsafwendaCJCabGzmeK",100,0.980583,84,103,2,101,2,2,0,2,2,31,29,47,47,25,25,1
"18",17,"[84]GvfeHdwaCCinfxlysbrnFwafndbCLCebLwafofCJBdHdweEndaqIKChbAgDeBeaCabsafwendaCJCabGzmeK",111,1,84,110,0,110,0,0,0,0,0,38,38,31,31,41,41,1
"19",18,"[84]GvfeHdwaCCinfxlysbrnFwafndbCLCebLwafofCJBdHdweEndaqIKChbAgDeBeaCabsafwendaCJCabGzmeK",106,0.990654,84,107,1,106,1,1,0,1,1,30,29,42,42,35,35,1
"20",19,"[84]GvfeHdwaCCinfxlysbrnFwafndbCLCebLwafofCJBdHdweEndaqIKChbAgDeBeaCabsafwendaCJCabGzmeK",110,1,84,109,0,109,0,0,0,0,0,30,30,39,39,40,40,1
"21",20,"[84]GvfeHdwaCCinfxlysbrnFwafndbCLCebLwafofCJBdHdweEndaqIKChbAgDeBeaCabsafwendaCJCabGzmeK",107,1,84,106,0,106,0,0,0,0,0,36,36,38,38,32,32,1
"22",21,"[84]GvfeHdwaCCinfxlysbrnFwafndbCLCebLwafofCJBdHdweEndaqIKChbAgDeBeaCabsafwendaCJCabGzmeK",107,0.990741,84,108,1,107,1,1,0,1,1,35,34,37,37,36,36,1
"23",22,"[84]GvfeHdwaCCinfxlysbrnFwafndbCLCebLwafofCJBdHdweEndaqIKChbAgDeBeaCabsafwendaCJCabGzmeK",110,1,84,109,0,109,0,0,0,0,0,28,28,41,41,40,40,1
"24",23,"[84]GvfeHdwaCCinfxlysbrnFwafndbCLCebLwafofCJBdHdweEndaqIKChbAgDeBeaCabsafwendaCJCabGzmeK",103,0.972222,84,108,3,105,3,3,0,3,3,38,35,38,38,32,32,1
"25",24,"[84]GvfeHdwaCCinfxlysbrnFwafndbCLCebLwafofCJBdHdweEndaqIKChbAgDeBeaCabsafwendaCJCabGzmeK",108,1,84,107,0,107,0,0,0,0,0,34,34,37,37,36,36,1
"26",25,"[84]GvfeHdwaCCinfxlysbrnFwafndbCLCebLwafofCJBdHdweEndaqIKChbAgDeBeaCabsafwendaCJCabGzmeK",106,1,84,105,0,105,0,0,0,0,0,41,41,33,33,31,31,1
"27",26,"[84]GvfeHdwaCCinfxlysbrnFwafndbCLCebLwafofCJBdHdweEndaqIKChbAgDeBeaCabsafwendaCJCabGzmeK",109,0.990909,84,110,1,109,1,1,0,1,1,36,35,35,35,39,39,1
"28",27,"[84]GvfeHdwaCCinfxlysbrnFwafndbCLCebLwafofCJBdHdweEndaqIKChbAgDeBeaCabsafwendaCJCabGzmeK",102,0.980952,84,105,2,103,2,2,0,2,2,40,38,37,37,28,28,1
"29",28,"[84]GvfeHdwaCCinfxlysbrnFwafndbCLCebLwafofCJBdHdweEndaqIKChbAgDeBeaCabsafwendaCJCabGzmeK",106,1,84,105,0,105,0,0,0,0,0,39,39,36,36,30,30,1
"30",29,"[84]GvfeHdwaCCinfxlysbrnFwafndbCLCebLwafofCJBdHdweEndaqIKChbAgDeBeaCabsafwendaCJCabGzmeK",105,0.990566,84,106,1,105,1,1,0,1,1,31,30,42,42,33,33,1
"31",30,"[84]GvfeHdwaCCinfxlysbrnFwafndbCLCebLwafofCJBdHdweEndaqIKChbAgDeBeaCabsafwendaCJCabGzmeK",109,0.990909,84,110,1,109,1,1,0,1,1,38,37,33,33,39,39,1
"32",31,"[84]GvfeHdwaCCinfxlysbrnFwafndbCLCebLwafofCJBdHdweEndaqIKChbAgDeBeaCabsafwendaCJCabGzmeK",103,0.990385,84,104,1,103,1,1,0,1,1,41,40,37,37,26,26,1
"33",32,"[84]GvfeHdwaCCinfxlysbrnFwafndbCLCebLwafofCJBdHdweEndaqIKChbAgDeBeaCabsafwendaCJCabGzmeK",107,1,84,106,0,106,0,0,0,0,0,42,42,32,32,32,32,1
"34",33,"[84]GvfeHdwaCCinfxlysbrnFwafndbCLCebLwafofCJBdHdweEndaqIKChbAgDeBeaCabsafwendaCJCabGzmeK",111,0.991071,84,112,1,111,1,1,0,1,1,37,36,31,31,44,44,1
"35",34,"[84]GvfeHdwaCCinfxlysbrnFwafndbCLCebLwafofCJBdHdweEndaqIKChbAgDeBeaCabsafwendaCJCabGzmeK",112,1,84,111,0,111,0,0,0,0,0,31,31,35,35,45,45,1
"36",35,"[84]GvfeHdwaCCinfxlysbrnFwafndbCLCebLwafofCJBdHdweEndaqIKChbAgDeBeaCabsafwendaCJCabGzmeK",108,1,84,107,0,107,0,0,0,0,0,34,34,37,37,36,36,1
"37",36,"[84]GvfeHdwaCCinfxlysbrnFwafndbCLCebLwafofCJBdHdweEndaqIKChbAgDeBeaCabsafwendaCJCabGzmeK",108,0.957265,84,117,5,112,5,5,0,5,5,36,31,32,32,49,49,1
"38",37,"[84]GvfeHdwaCCinfxlysbrnFwafndbCLCebLwafofCJBdHdweEndaqIKChbAgDeBeaCabsafwendaCJCabGzmeK",107,1,84,106,0,106,0,0,0,0,0,38,38,36,36,32,32,1
"39",38,"[84]GvfeHdwaCCinfxlysbrnFwafndbCLCebLwafofCJBdHdweEndaqIKChbAgDeBeaCabsafwendaCJCabGzmeK",107,1,84,106,0,106,0,0,0,0,0,34,34,40,40,32,32,1
"40",39,"[84]GvfeHdwaCCinfxlysbrnFwafndbCLCebLwafofCJBdHdweEndaqIKChbAgDeBeaCabsafwendaCJCabGzmeK",106,0.981651,84,109,2,107,2,2,0,2,2,33,31,40,40,36,36,1
"41",40,"[84]GvfeHdwaCCinfxlysbrnFwafndbCLCebLwafofCJBdHdweEndaqIKChbAgDeBeaCabsafwendaCJCabGzmeK",111,1,84,110,0,110,0,0,0,0,0,37,37,31,31,42,42,1
"42",41,"[84]GvfeHdwaCCinfxlysbrnFwafndbCLCebLwafofCJBdHdweEndaqIKChbAgDeBeaCabsafwendaCJCabGzmeK",109,1,84,108,0,108,0,0,0,0,0,44,44,28,28,36,36,1
"43",42,"[84]GvfeHdwaCCinfxlysbrnFwafndbCLCebLwafofCJBdHdweEndaqIKChbAgDeBeaCabsafwendaCJCabGzmeK",106,1,84,105,0,105,0,0,0,0,0,40,40,34,34,31,31,1
"44",43,"[84]GvfeHdwaCCinfxlysbrnFwafndbCLCebLwafofCJBdHdweEndaqIKChbAgDeBeaCabsafwendaCJCabGzmeK",104,0.990476,84,105,1,104,1,1,0,1,1,34,33,42,42,29,29,1
"45",44,"[84]GvfeHdwaCCinfxlysbrnFwafndbCLCebLwafofCJBdHdweEndaqIKChbAgDeBeaCabsafwendaCJCabGzmeK",108,1,84,107,0,107,0,0,0,0,0,35,35,37,37,35,35,1
"46",45,"[84]GvfeHdwaCCinfxlysbrnFwafndbCLCebLwafofCJBdHdweEndaqIKChbAgDeBeaCabsafwendaCJCabGzmeK",112,1,84,111,0,111,0,0,0,0,0,44,44,25,25,42,42,1
"47",46,"[84]GvfeHdwaCCinfxlysbrnFwafndbCLCebLwafofCJBdHdweEndaqIKChbAgDeBeaCabsafwendaCJCabGzmeK",107,1,84,106,0,106,0,0,0,0,0,32,32,40,40,34,34,1
"48",47,"[84]GvfeHdwaCCinfxlysbrnFwafndbCLCebLwafofCJBdHdweEndaqIKChbAgDeBeaCabsafwendaCJCabGzmeK",109,1,84,108,0,108,0,0,0,0,0,36,36,35,35,37,37,1
"49",48,"[84]GvfeHdwaCCinfxlysbrnFwafndbCLCebLwafofCJBdHdweEndaqIKChbAgDeBeaCabsafwendaCJCabGzmeK",101,0.980769,84,104,2,102,2,2,0,2,2,38,36,40,40,26,26,1
"50",49,"[84]GvfeHdwaCCinfxlysbrnFwafndbCLCebLwafofCJBdHdweEndaqIKChbAgDeBeaCabsafwendaCJCabGzmeK",109,1,84,108,0,108,0,0,0,0,0,36,36,34,34,38,38,1
"51",50,"[84]GvfeHdwaCCinfxlysbrnFwafndbCLCebLwafofCJBdHdweEndaqIKChbAgDeBeaCabsafwendaCJCabGzmeK",105,1,84,104,0,104,0,0,0,0,0,32,32,42,42,30,30,1
"52",51,"[84]GvfeHdwaCCinfxlysbrnFwafndbCLCebLwafofCJBdHdweEndaqIKChbAgDeBeaCabsafwendaCJCabGzmeK",113,1,84,112,0,112,0,0,0,0,0,27,27,38,38,47,47,1
"53",52,"[84]GvfeHdwaCCinfxlysbrnFwafndbCLCebLwafofCJBdHdweEndaqIKChbAgDeBeaCabsafwendaCJCabGzmeK",113,1,84,112,0,112,0,0,0,0,0,33,33,33,33,46,46,1
"54",53,"[84]GvfeHdwaCCinfxlysbrnFwafndbCLCebLwafofCJBdHdweEndaqIKChbAgDeBeaCabsafwendaCJCabGzmeK",101,0.980769,84,104,2,102,2,2,0,2,2,41,39,37,37,26,26,1
"55",54,"[84]GvfeHdwaCCinfxlysbrnFwafndbCLCebLwafofCJBdHdweEndaqIKChbAgDeBeaCabsafwendaCJCabGzmeK",104,0.972477,84,109,3,106,3,3,0,3,3,38,35,35,35,36,36,1
"56",55,"[84]GvfeHdwaCCinfxlysbrnFwafndbCLCebLwafofCJBdHdweEndaqIKChbAgDeBeaCabsafwendaCJCabGzmeK",105,1,84,104,0,104,0,0,0,0,0,29,29,45,45,30,30,1
"57",56,"[84]GvfeHdwaCCinfxlysbrnFwafndbCLCebLwafofCJBdHdweEndaqIKChbAgDeBeaCabsafwendaCJCabGzmeK",106,0.990654,84,107,1,106,1,1,0,1,1,38,37,36,36,33,33,1
"58",57,"[84]GvfeHdwaCCinfxlysbrnFwafndbCLCebLwafofCJBdHdweEndaqIKChbAgDeBeaCabsafwendaCJCabGzmeK",105,1,84,104,0,104,0,0,0,0,0,35,35,40,40,29,29,1
"59",58,"[84]GvfeHdwaCCinfxlysbrnFwafndbCLCebLwafofCJBdHdweEndaqIKChbAgDeBeaCabsafwendaCJCabGzmeK",108,0.990826,84,109,1,108,1,1,0,1,1,45,44,28,28,36,36,1
"60",59,"[84]GvfeHdwaCCinfxlysbrnFwafndbCLCebLwafofCJBdHdweEndaqIKChbAgDeBeaCabsafwendaCJCabGzmeK",106,1,84,105,0,105,0,0,0,0,0,40,40,34,34,31,31,1
"61",60,"[84]GvfeHdwaCCinfxlysbrnFwafndbCLCebLwafofCJBdHdweEndaqIKChbAgDeBeaCabsafwendaCJCabGzmeK",112,1,84,111,0,111,0,0,0,0,0,37,37,31,31,43,43,1
"62",61,"[84]GvfeHdwaCCinfxlysbrnFwafndbCLCebLwafofCJBdHdweEndaqIKChbAgDeBeaCabsafwendaCJCabGzmeK",111,0.991071,84,112,1,111,1,1,0,1,1,48,47,21,21,43,43,1
"63",62,"[84]GvfeHdwaCCinfxlysbrnFwafndbCLCebLwafofCJBdHdweEndaqIKChbAgDeBeaCabsafwendaCJCabGzmeK",105,0.990566,84,106,1,105,1,1,0,1,1,35,34,39,39,32,32,1
"64",63,"[84]GvfeHdwaCCinfxlysbrnFwafndbCLCebLwafofCJBdHdweEndaqIKChbAgDeBeaCabsafwendaCJCabGzmeK",108,1,84,107,0,107,0,0,0,0,0,35,35,36,36,36,36,1
"65",64,"[84]GvfeHdwaCCinfxlysbrnFwafndbCLCebLwafofCJBdHdweEndaqIKChbAgDeBeaCabsafwendaCJCabGzmeK",109,1,84,108,0,108,0,0,0,0,0,33,33,38,38,37,37,1
"66",65,"[84]GvfeHdwaCCinfxlysbrnFwafndbCLCebLwafofCJBdHdweEndaqIKChbAgDeBeaCabsafwendaCJCabGzmeK",109,1,84,108,0,108,0,0,0,0,0,42,42,30,30,36,36,1
"67",66,"[84]GvfeHdwaCCinfxlysbrnFwafndbCLCebLwafofCJBdHdweEndaqIKChbAgDeBeaCabsafwendaCJCabGzmeK",108,0.981982,84,111,2,109,2,2,0,2,2,27,25,42,42,42,42,1
"68",67,"[84]GvfeHdwaCCinfxlysbrnFwafndbCLCebLwafofCJBdHdweEndaqIKChbAgDeBeaCabsafwendaCJCabGzmeK",107,1,84,106,0,106,0,0,0,0,0,40,40,33,33,33,33,1
"69",68,"[84]GvfeHdwaCCinfxlysbrnFwafndbCLCebLwafofCJBdHdweEndaqIKChbAgDeBeaCabsafwendaCJCabGzmeK",110,1,84,109,0,109,0,0,0,0,0,37,37,32,32,40,40,1
"70",69,"[84]GvfeHdwaCCinfxlysbrnFwafndbCLCebLwafofCJBdHdweEndaqIKChbAgDeBeaCabsafwendaCJCabGzmeK",105,0.972727,84,110,3,107,3,3,0,3,3,35,32,37,37,38,38,1
"71",70,"[84]GvfeHdwaCCinfxlysbrnFwafndbCLCebLwafofCJBdHdweEndaqIKChbAgDeBeaCabsafwendaCJCabGzmeK",108,0.981982,84,111,2,109,2,2,0,2,2,35,33,35,35,41,41,1
"72",71,"[84]GvfeHdwaCCinfxlysbrnFwafndbCLCebLwafofCJBdHdweEndaqIKChbAgDeBeaCabsafwendaCJCabGzmeK",106,0.990654,84,107,1,106,1,1,0,1,1,42,41,32,32,33,33,1
"73",72,"[84]GvfeHdwaCCinfxlysbrnFwafndbCLCebLwafofCJBdHdweEndaqIKChbAgDeBeaCabsafwendaCJCabGzmeK",106,1,84,105,0,105,0,0,0,0,0,38,38,36,36,31,31,1
"74",73,"[84]GvfeHdwaCCinfxlysbrnFwafndbCLCebLwafofCJBdHdweEndaqIKChbAgDeBeaCabsafwendaCJCabGzmeK",105,0.981481,84,108,2,106,2,2,0,2,2,37,35,36,36,35,35,1
"75",74,"[84]GvfeHdwaCCinfxlysbrnFwafndbCLCebLwafofCJBdHdweEndaqIKChbAgDeBeaCabsafwendaCJCabGzmeK",108,0.981982,84,111,2,109,2,2,0,2,2,37,35,33,33,41,41,1
"76",75,"[84]GvfeHdwaCCinfxlysbrnFwafndbCLCebLwafofCJBdHdweEndaqIKChbAgDeBeaCabsafwendaCJCabGzmeK",111,1,84,110,0,110,0,0,0,0,0,46,46,24,24,40,40,1
"77",76,"[84]GvfeHdwaCCinfxlysbrnFwafndbCLCebLwafofCJBdHdweEndaqIKChbAgDeBeaCabsafwendaCJCabGzmeK",104,0.990476,84,105,1,104,1,1,0,1,1,39,38,37,37,29,29,1
"78",77,"[84]GvfeHdwaCCinfxlysbrnFwafndbCLCebLwafofCJBdHdweEndaqIKChbAgDeBeaCabsafwendaCJCabGzmeK",105,1,84,104,0,104,0,0,0,0,0,35,35,41,41,28,28,1
"79",78,"[84]GvfeHdwaCCinfxlysbrnFwafndbCLCebLwafofCJBdHdweEndaqIKChbAgDeBeaCabsafwendaCJCabGzmeK",103,0.972222,84,108,3,105,3,3,0,3,3,41,38,34,34,33,33,1
"80",79,"[84]GvfeHdwaCCinfxlysbrnFwafndbCLCebLwafofCJBdHdweEndaqIKChbAgDeBeaCabsafwendaCJCabGzmeK",111,1,84,110,0,110,0,0,0,0,0,29,29,38,38,43,43,1
"81",80,"[84]GvfeHdwaCCinfxlysbrnFwafndbCLCebLwafofCJBdHdweEndaqIKChbAgDeBeaCabsafwendaCJCabGzmeK",103,0.972222,84,108,3,105,3,3,0,3,3,40,37,35,35,33,33,1
"82",81,"[84]GvfeHdwaCCinfxlysbrnFwafndbCLCebLwafofCJBdHdweEndaqIKChbAgDeBeaCabsafwendaCJCabGzmeK",104,1,84,103,0,103,0,0,0,0,0,48,48,30,30,25,25,1
"83",82,"[84]GvfeHdwaCCinfxlysbrnFwafndbCLCebLwafofCJBdHdweEndaqIKChbAgDeBeaCabsafwendaCJCabGzmeK",96,0.943925,84,107,6,101,6,6,0,6,6,42,36,39,39,26,26,1
"84",83,"[84]GvfeHdwaCCinfxlysbrnFwafndbCLCebLwafofCJBdHdweEndaqIKChbAgDeBeaCabsafwendaCJCabGzmeK",104,0.972477,84,109,3,106,3,3,0,3,3,36,33,37,37,36,36,1
"85",84,"[84]GvfeHdwaCCinfxlysbrnFwafndbCLCebLwafofCJBdHdweEndaqIKChbAgDeBeaCabsafwendaCJCabGzmeK",105,0.981481,84,108,2,106,2,2,0,2,2,33,31,40,40,35,35,1
"86",85,"[84]GvfeHdwaCCinfxlysbrnFwafndbCLCebLwafofCJBdHdweEndaqIKChbAgDeBeaCabsafwendaCJCabGzmeK",104,0.981308,84,107,2,105,2,2,0,2,2,39,37,35,35,33,33,1
"87",86,"[84]GvfeHdwaCCinfxlysbrnFwafndbCLCebLwafofCJBdHdweEndaqIKChbAgDeBeaCabsafwendaCJCabGzmeK",108,1,84,107,0,107,0,0,0,0,0,41,41,31,31,35,35,1
"88",87,"[84]GvfeHdwaCCinfxlysbrnFwafndbCLCebLwafofCJBdHdweEndaqIKChbAgDeBeaCabsafwendaCJCabGzmeK",106,1,84,105,0,105,0,0,0,0,0,37,37,38,38,30,30,1
"89",88,"[84]GvfeHdwaCCinfxlysbrnFwafndbCLCebLwafofCJBdHdweEndaqIKChbAgDeBeaCabsafwendaCJCabGzmeK",107,0.990741,84,108,1,107,1,1,0,1,1,33,32,38,38,37,37,1
"90",89,"[84]GvfeHdwaCCinfxlysbrnFwafndbCLCebLwafofCJBdHdweEndaqIKChbAgDeBeaCabsafwendaCJCabGzmeK",107,1,84,106,0,106,0,0,0,0,0,37,37,37,37,32,32,1
"91",90,"[84]GvfeHdwaCCinfxlysbrnFwafndbCLCebLwafofCJBdHdweEndaqIKChbAgDeBeaCabsafwendaCJCabGzmeK",111,1,84,110,0,110,0,0,0,0,0,32,32,36,36,42,42,1
"92",91,"[84]GvfeHdwaCCinfxlysbrnFwafndbCLCebLwafofCJBdHdweEndaqIKChbAgDeBeaCabsafwendaCJCabGzmeK",109,1,84,108,0,108,0,0,0,0,0,44,44,27,27,37,37,1
"93",92,"[84]GvfeHdwaCCinfxlysbrnFwafndbCLCebLwafofCJBdHdweEndaqIKChbAgDeBeaCabsafwendaCJCabGzmeK",107,1,84,106,0,106,0,0,0,0,0,34,34,38,38,34,34,1
"94",93,"[84]GvfeHdwaCCinfxlysbrnFwafndbCLCebLwafofCJBdHdweEndaqIKChbAgDeBeaCabsafwendaCJCabGzmeK",106,1,84,105,0,105,0,0,0,0,0,41,41,34,34,30,30,1
"95",94,"[84]GvfeHdwaCCinfxlysbrnFwafndbCLCebLwafofCJBdHdweEndaqIKChbAgDeBeaCabsafwendaCJCabGzmeK",113,0.991228,84,114,1,113,1,1,0,1,1,36,35,30,30,48,48,1
"96",95,"[84]GvfeHdwaCCinfxlysbrnFwafndbCLCebLwafofCJBdHdweEndaqIKChbAgDeBeaCabsafwendaCJCabGzmeK",111,1,84,110,0,110,0,0,0,0,0,39,39,30,30,41,41,1
"97",96,"[84]GvfeHdwaCCinfxlysbrnFwafndbCLCebLwafofCJBdHdweEndaqIKChbAgDeBeaCabsafwendaCJCabGzmeK",105,0.981481,84,108,2,106,2,2,0,2,2,36,34,37,37,35,35,1
"98",97,"[84]GvfeHdwaCCinfxlysbrnFwafndbCLCebLwafofCJBdHdweEndaqIKChbAgDeBeaCabsafwendaCJCabGzmeK",105,1,84,104,0,104,0,0,0,0,0,43,43,34,34,27,27,1
"99",98,"[84]GvfeHdwaCCinfxlysbrnFwafndbCLCebLwafofCJBdHdweEndaqIKChbAgDeBeaCabsafwendaCJCabGzmeK",105,1,84,104,0,104,0,0,0,0,0,37,37,38,38,29,29,1
"100",99,"[84]GvfeHdwaCCinfxlysbrnFwafndbCLCebLwafofCJBdHdweEndaqIKChbAgDeBeaCabsafwendaCJCabGzmeK",107,0.990741,84,108,1,107,1,1,0,1,1,40,39,32,32,36,36,1
"101",0,"[89]GjfffHdwaCizhEgpKpjtLBCJvwafndbCLCabsKwafrofCJBdzyHdwandfqIKCabDfBeaCaiafwendaCJCafnGxHeK",110,1,89,109,0,109,0,0,0,0,0,27,27,41,41,41,41,2
"102",1,"[89]GjfffHdwaCizhEgpKpjtLBCJvwafndbCLCabsKwafrofCJBdzyHdwandfqIKCabDfBeaCaiafwendaCJCafnGxHeK",110,1,89,109,0,109,0,0,0,0,0,33,33,38,38,38,38,2
"103",2,"[89]GjfffHdwaCizhEgpKpjtLBCJvwafndbCLCabsKwafrofCJBdzyHdwandfqIKCabDfBeaCaiafwendaCJCafnGxHeK",100,0.962617,89,107,4,103,4,4,0,4,4,31,27,45,45,31,31,2
"104",3,"[89]GjfffHdwaCizhEgpKpjtLBCJvwafndbCLCabsKwafrofCJBdzyHdwandfqIKCabDfBeaCaiafwendaCJCafnGxHeK",107,1,89,106,0,106,0,0,0,0,0,33,33,39,39,34,34,2
"105",4,"[89]GjfffHdwaCizhEgpKpjtLBCJvwafndbCLCabsKwafrofCJBdzyHdwandfqIKCabDfBeaCaiafwendaCJCafnGxHeK",109,0.982143,89,112,2,110,2,2,0,2,2,40,38,36,36,36,36,2
"106",5,"[89]GjfffHdwaCizhEgpKpjtLBCJvwafndbCLCabsKwafrofCJBdzyHdwandfqIKCabDfBeaCaiafwendaCJCafnGxHeK",103,0.990385,89,104,1,103,1,1,0,1,1,41,40,35,35,28,28,2
"107",6,"[89]GjfffHdwaCizhEgpKpjtLBCJvwafndbCLCabsKwafrofCJBdzyHdwandfqIKCabDfBeaCaiafwendaCJCafnGxHeK",105,1,89,104,0,104,0,0,0,0,0,40,40,35,35,29,29,2
"108",7,"[89]GjfffHdwaCizhEgpKpjtLBCJvwafndbCLCabsKwafrofCJBdzyHdwandfqIKCabDfBeaCaiafwendaCJCafnGxHeK",120,1,89,119,0,119,0,0,0,0,0,32,32,35,35,52,52,2
"109",8,"[89]GjfffHdwaCizhEgpKpjtLBCJvwafndbCLCabsKwafrofCJBdzyHdwandfqIKCabDfBeaCaiafwendaCJCafnGxHeK",111,1,89,110,0,110,0,0,0,0,0,37,37,32,32,41,41,2
"110",9,"[89]GjfffHdwaCizhEgpKpjtLBCJvwafndbCLCabsKwafrofCJBdzyHdwandfqIKCabDfBeaCaiafwendaCJCafnGxHeK",107,0.964912,89,114,4,110,4,4,0,4,4,36,32,35,35,43,43,2
"111",10,"[89]GjfffHdwaCizhEgpKpjtLBCJvwafndbCLCabsKwafrofCJBdzyHdwandfqIKCabDfBeaCaiafwendaCJCafnGxHeK",105,1,89,104,0,104,0,0,0,0,0,29,29,43,43,32,32,2
"112",11,"[89]GjfffHdwaCizhEgpKpjtLBCJvwafndbCLCabsKwafrofCJBdzyHdwandfqIKCabDfBeaCaiafwendaCJCafnGxHeK",112,1,89,111,0,111,0,0,0,0,0,37,37,33,33,41,41,2
"113",12,"[89]GjfffHdwaCizhEgpKpjtLBCJvwafndbCLCabsKwafrofCJBdzyHdwandfqIKCabDfBeaCaiafwendaCJCafnGxHeK",114,0.982906,89,117,2,115,2,2,0,2,2,38,36,39,39,40,40,2
"114",13,"[89]GjfffHdwaCizhEgpKpjtLBCJvwafndbCLCabsKwafrofCJBdzyHdwandfqIKCabDfBeaCaiafwendaCJCafnGxHeK",111,0.974138,89,116,3,113,3,3,0,3,3,34,31,34,34,48,48,2
"115",14,"[89]GjfffHdwaCizhEgpKpjtLBCJvwafndbCLCabsKwafrofCJBdzyHdwandfqIKCabDfBeaCaiafwendaCJCafnGxHeK",106,0.990654,89,107,1,106,1,1,0,1,1,33,32,39,39,35,35,2
"116",15,"[89]GjfffHdwaCizhEgpKpjtLBCJvwafndbCLCabsKwafrofCJBdzyHdwandfqIKCabDfBeaCaiafwendaCJCafnGxHeK",109,1,89,108,0,108,0,0,0,0,0,37,37,38,38,33,33,2
"117",16,"[89]GjfffHdwaCizhEgpKpjtLBCJvwafndbCLCabsKwafrofCJBdzyHdwandfqIKCabDfBeaCaiafwendaCJCafnGxHeK",106,0.990654,89,107,1,106,1,1,0,1,1,44,43,30,30,33,33,2
"118",17,"[89]GjfffHdwaCizhEgpKpjtLBCJvwafndbCLCabsKwafrofCJBdzyHdwandfqIKCabDfBeaCaiafwendaCJCafnGxHeK",113,0.991228,89,114,1,113,1,1,0,1,1,39,38,35,35,40,40,2
"119",18,"[89]GjfffHdwaCizhEgpKpjtLBCJvwafndbCLCabsKwafrofCJBdzyHdwandfqIKCabDfBeaCaiafwendaCJCafnGxHeK",112,0.99115,89,113,1,112,1,1,0,1,1,41,40,30,30,42,42,2
"120",19,"[89]GjfffHdwaCizhEgpKpjtLBCJvwafndbCLCabsKwafrofCJBdzyHdwandfqIKCabDfBeaCaiafwendaCJCafnGxHeK",109,0.990909,89,110,1,109,1,1,0,1,1,30,29,40,40,40,40,2
"121",20,"[89]GjfffHdwaCizhEgpKpjtLBCJvwafndbCLCabsKwafrofCJBdzyHdwandfqIKCabDfBeaCaiafwendaCJCafnGxHeK",106,0.990654,89,107,1,106,1,1,0,1,1,33,32,39,39,35,35,2
"122",21,"[89]GjfffHdwaCizhEgpKpjtLBCJvwafndbCLCabsKwafrofCJBdzyHdwandfqIKCabDfBeaCaiafwendaCJCafnGxHeK",109,0.990909,89,110,1,109,1,1,0,1,1,35,34,36,36,39,39,2
"123",22,"[89]GjfffHdwaCizhEgpKpjtLBCJvwafndbCLCabsKwafrofCJBdzyHdwandfqIKCabDfBeaCaiafwendaCJCafnGxHeK",109,1,89,108,0,108,0,0,0,0,0,36,36,36,36,36,36,2
"124",23,"[89]GjfffHdwaCizhEgpKpjtLBCJvwafndbCLCabsKwafrofCJBdzyHdwandfqIKCabDfBeaCaiafwendaCJCafnGxHeK",106,0.981651,89,109,2,107,2,2,0,2,2,40,38,36,36,33,33,2
"125",24,"[89]GjfffHdwaCizhEgpKpjtLBCJvwafndbCLCabsKwafrofCJBdzyHdwandfqIKCabDfBeaCaiafwendaCJCafnGxHeK",110,0.957983,89,119,5,114,5,5,0,5,5,38,33,34,34,47,47,2
"126",25,"[89]GjfffHdwaCizhEgpKpjtLBCJvwafndbCLCabsKwafrofCJBdzyHdwandfqIKCabDfBeaCaiafwendaCJCafnGxHeK",106,0.990654,89,107,1,106,1,1,0,1,1,35,34,37,37,35,35,2
"127",26,"[89]GjfffHdwaCizhEgpKpjtLBCJvwafndbCLCabsKwafrofCJBdzyHdwandfqIKCabDfBeaCaiafwendaCJCafnGxHeK",106,0.981651,89,109,2,107,2,2,0,2,2,40,38,38,38,31,31,2
"128",27,"[89]GjfffHdwaCizhEgpKpjtLBCJvwafndbCLCabsKwafrofCJBdzyHdwandfqIKCabDfBeaCaiafwendaCJCafnGxHeK",105,0.981481,89,108,2,106,2,2,0,2,2,42,40,34,34,32,32,2
"129",28,"[89]GjfffHdwaCizhEgpKpjtLBCJvwafndbCLCabsKwafrofCJBdzyHdwandfqIKCabDfBeaCaiafwendaCJCafnGxHeK",113,0.982759,89,116,2,114,2,2,0,2,2,37,35,35,35,44,44,2
"130",29,"[89]GjfffHdwaCizhEgpKpjtLBCJvwafndbCLCabsKwafrofCJBdzyHdwandfqIKCabDfBeaCaiafwendaCJCafnGxHeK",106,0.990654,89,107,1,106,1,1,0,1,1,39,38,36,36,32,32,2
"131",30,"[89]GjfffHdwaCizhEgpKpjtLBCJvwafndbCLCabsKwafrofCJBdzyHdwandfqIKCabDfBeaCaiafwendaCJCafnGxHeK",108,1,89,107,0,107,0,0,0,0,0,34,34,38,38,35,35,2
"132",31,"[89]GjfffHdwaCizhEgpKpjtLBCJvwafndbCLCabsKwafrofCJBdzyHdwandfqIKCabDfBeaCaiafwendaCJCafnGxHeK",107,0.964912,89,114,4,110,4,4,0,4,4,44,40,31,31,39,39,2
"133",32,"[89]GjfffHdwaCizhEgpKpjtLBCJvwafndbCLCabsKwafrofCJBdzyHdwandfqIKCabDfBeaCaiafwendaCJCafnGxHeK",106,1,89,105,0,105,0,0,0,0,0,32,32,40,40,33,33,2
"134",33,"[89]GjfffHdwaCizhEgpKpjtLBCJvwafndbCLCabsKwafrofCJBdzyHdwandfqIKCabDfBeaCaiafwendaCJCafnGxHeK",115,0.991379,89,116,1,115,1,1,0,1,1,34,33,35,35,47,47,2
"135",34,"[89]GjfffHdwaCizhEgpKpjtLBCJvwafndbCLCabsKwafrofCJBdzyHdwandfqIKCabDfBeaCaiafwendaCJCafnGxHeK",114,0.991304,89,115,1,114,1,1,0,1,1,44,43,32,32,39,39,2
"136",35,"[89]GjfffHdwaCizhEgpKpjtLBCJvwafndbCLCabsKwafrofCJBdzyHdwandfqIKCabDfBeaCaiafwendaCJCafnGxHeK",115,0.991379,89,116,1,115,1,1,0,1,1,31,30,37,37,48,48,2
"137",36,"[89]GjfffHdwaCizhEgpKpjtLBCJvwafndbCLCabsKwafrofCJBdzyHdwandfqIKCabDfBeaCaiafwendaCJCafnGxHeK",110,1,89,109,0,109,0,0,0,0,0,46,46,31,31,32,32,2
"138",37,"[89]GjfffHdwaCizhEgpKpjtLBCJvwafndbCLCabsKwafrofCJBdzyHdwandfqIKCabDfBeaCaiafwendaCJCafnGxHeK",110,1,89,109,0,109,0,0,0,0,0,28,28,40,40,41,41,2
"139",38,"[89]GjfffHdwaCizhEgpKpjtLBCJvwafndbCLCabsKwafrofCJBdzyHdwandfqIKCabDfBeaCaiafwendaCJCafnGxHeK",103,0.990385,89,104,1,103,1,1,0,1,1,46,45,31,31,27,27,2
"140",39,"[89]GjfffHdwaCizhEgpKpjtLBCJvwafndbCLCabsKwafrofCJBdzyHdwandfqIKCabDfBeaCaiafwendaCJCafnGxHeK",111,0.982456,89,114,2,112,2,2,0,2,2,30,28,44,44,40,40,2
"141",40,"[89]GjfffHdwaCizhEgpKpjtLBCJvwafndbCLCabsKwafrofCJBdzyHdwandfqIKCabDfBeaCaiafwendaCJCafnGxHeK",105,1,89,104,0,104,0,0,0,0,0,35,35,38,38,31,31,2
"142",41,"[89]GjfffHdwaCizhEgpKpjtLBCJvwafndbCLCabsKwafrofCJBdzyHdwandfqIKCabDfBeaCaiafwendaCJCafnGxHeK",107,0.981818,89,110,2,108,2,2,0,2,2,35,33,38,38,37,37,2
"143",42,"[89]GjfffHdwaCizhEgpKpjtLBCJvwafndbCLCabsKwafrofCJBdzyHdwandfqIKCabDfBeaCaiafwendaCJCafnGxHeK",107,1,89,106,0,106,0,0,0,0,0,36,36,39,39,31,31,2
"144",43,"[89]GjfffHdwaCizhEgpKpjtLBCJvwafndbCLCabsKwafrofCJBdzyHdwandfqIKCabDfBeaCaiafwendaCJCafnGxHeK",105,0.990566,89,106,1,105,1,1,0,1,1,40,39,34,34,32,32,2
"145",44,"[89]GjfffHdwaCizhEgpKpjtLBCJvwafndbCLCabsKwafrofCJBdzyHdwandfqIKCabDfBeaCaiafwendaCJCafnGxHeK",106,1,89,105,0,105,0,0,0,0,0,39,39,35,35,31,31,2
"146",45,"[89]GjfffHdwaCizhEgpKpjtLBCJvwafndbCLCabsKwafrofCJBdzyHdwandfqIKCabDfBeaCaiafwendaCJCafnGxHeK",107,0.990741,89,108,1,107,1,1,0,1,1,40,39,34,34,34,34,2
"147",46,"[89]GjfffHdwaCizhEgpKpjtLBCJvwafndbCLCabsKwafrofCJBdzyHdwandfqIKCabDfBeaCaiafwendaCJCafnGxHeK",111,0.991071,89,112,1,111,1,1,0,1,1,39,38,32,32,41,41,2
"148",47,"[89]GjfffHdwaCizhEgpKpjtLBCJvwafndbCLCabsKwafrofCJBdzyHdwandfqIKCabDfBeaCaiafwendaCJCafnGxHeK",108,1,89,107,0,107,0,0,0,0,0,38,38,34,34,35,35,2
"149",48,"[89]GjfffHdwaCizhEgpKpjtLBCJvwafndbCLCabsKwafrofCJBdzyHdwandfqIKCabDfBeaCaiafwendaCJCafnGxHeK",106,1,89,105,0,105,0,0,0,0,0,33,33,40,40,32,32,2
"150",49,"[89]GjfffHdwaCizhEgpKpjtLBCJvwafndbCLCabsKwafrofCJBdzyHdwandfqIKCabDfBeaCaiafwendaCJCafnGxHeK",109,1,89,108,0,108,0,0,0,0,0,35,35,40,40,33,33,2
"151",50,"[89]GjfffHdwaCizhEgpKpjtLBCJvwafndbCLCabsKwafrofCJBdzyHdwandfqIKCabDfBeaCaiafwendaCJCafnGxHeK",107,0.981818,89,110,2,108,2,2,0,2,2,38,36,36,36,36,36,2
"152",51,"[89]GjfffHdwaCizhEgpKpjtLBCJvwafndbCLCabsKwafrofCJBdzyHdwandfqIKCabDfBeaCaiafwendaCJCafnGxHeK",106,0.964602,89,113,4,109,4,4,0,4,4,34,30,39,39,40,40,2
"153",52,"[89]GjfffHdwaCizhEgpKpjtLBCJvwafndbCLCabsKwafrofCJBdzyHdwandfqIKCabDfBeaCaiafwendaCJCafnGxHeK",113,0.991228,89,114,1,113,1,1,0,1,1,44,43,29,29,41,41,2
"154",53,"[89]GjfffHdwaCizhEgpKpjtLBCJvwafndbCLCabsKwafrofCJBdzyHdwandfqIKCabDfBeaCaiafwendaCJCafnGxHeK",105,0.990566,89,106,1,105,1,1,0,1,1,43,42,32,32,31,31,2
"155",54,"[89]GjfffHdwaCizhEgpKpjtLBCJvwafndbCLCabsKwafrofCJBdzyHdwandfqIKCabDfBeaCaiafwendaCJCafnGxHeK",99,0.9375,89,112,7,105,7,7,0,7,7,49,42,35,35,28,28,2
"156",55,"[89]GjfffHdwaCizhEgpKpjtLBCJvwafndbCLCabsKwafrofCJBdzyHdwandfqIKCabDfBeaCaiafwendaCJCafnGxHeK",109,1,89,108,0,108,0,0,0,0,0,36,36,36,36,36,36,2
"157",56,"[89]GjfffHdwaCizhEgpKpjtLBCJvwafndbCLCabsKwafrofCJBdzyHdwandfqIKCabDfBeaCaiafwendaCJCafnGxHeK",108,0.981982,89,111,2,109,2,2,0,2,2,34,32,37,37,40,40,2
"158",57,"[89]GjfffHdwaCizhEgpKpjtLBCJvwafndbCLCabsKwafrofCJBdzyHdwandfqIKCabDfBeaCaiafwendaCJCafnGxHeK",103,0.990385,89,104,1,103,1,1,0,1,1,37,36,39,39,28,28,2
"159",58,"[89]GjfffHdwaCizhEgpKpjtLBCJvwafndbCLCabsKwafrofCJBdzyHdwandfqIKCabDfBeaCaiafwendaCJCafnGxHeK",107,1,89,106,0,106,0,0,0,0,0,42,42,33,33,31,31,2
"160",59,"[89]GjfffHdwaCizhEgpKpjtLBCJvwafndbCLCabsKwafrofCJBdzyHdwandfqIKCabDfBeaCaiafwendaCJCafnGxHeK",109,1,89,108,0,108,0,0,0,0,0,35,35,37,37,36,36,2
"161",60,"[89]GjfffHdwaCizhEgpKpjtLBCJvwafndbCLCabsKwafrofCJBdzyHdwandfqIKCabDfBeaCaiafwendaCJCafnGxHeK",109,1,89,108,0,108,0,0,0,0,0,34,34,37,37,37,37,2
"162",61,"[89]GjfffHdwaCizhEgpKpjtLBCJvwafndbCLCabsKwafrofCJBdzyHdwandfqIKCabDfBeaCaiafwendaCJCafnGxHeK",105,0.990566,89,106,1,105,1,1,0,1,1,37,36,38,38,31,31,2
"163",62,"[89]GjfffHdwaCizhEgpKpjtLBCJvwafndbCLCabsKwafrofCJBdzyHdwandfqIKCabDfBeaCaiafwendaCJCafnGxHeK",109,1,89,108,0,108,0,0,0,0,0,28,28,41,41,39,39,2
"164",63,"[89]GjfffHdwaCizhEgpKpjtLBCJvwafndbCLCabsKwafrofCJBdzyHdwandfqIKCabDfBeaCaiafwendaCJCafnGxHeK",117,1,89,116,0,116,0,0,0,0,0,36,36,34,34,46,46,2
"165",64,"[89]GjfffHdwaCizhEgpKpjtLBCJvwafndbCLCabsKwafrofCJBdzyHdwandfqIKCabDfBeaCaiafwendaCJCafnGxHeK",109,1,89,108,0,108,0,0,0,0,0,32,32,38,38,38,38,2
"166",65,"[89]GjfffHdwaCizhEgpKpjtLBCJvwafndbCLCabsKwafrofCJBdzyHdwandfqIKCabDfBeaCaiafwendaCJCafnGxHeK",107,1,89,106,0,106,0,0,0,0,0,38,38,35,35,33,33,2
"167",66,"[89]GjfffHdwaCizhEgpKpjtLBCJvwafndbCLCabsKwafrofCJBdzyHdwandfqIKCabDfBeaCaiafwendaCJCafnGxHeK",100,0.990099,89,101,1,100,1,1,0,1,1,42,41,38,38,21,21,2
"168",67,"[89]GjfffHdwaCizhEgpKpjtLBCJvwafndbCLCabsKwafrofCJBdzyHdwandfqIKCabDfBeaCaiafwendaCJCafnGxHeK",106,0.964602,89,113,4,109,4,4,0,4,4,42,38,36,36,35,35,2
"169",68,"[89]GjfffHdwaCizhEgpKpjtLBCJvwafndbCLCabsKwafrofCJBdzyHdwandfqIKCabDfBeaCaiafwendaCJCafnGxHeK",113,0.991228,89,114,1,113,1,1,0,1,1,34,33,39,39,41,41,2
"170",69,"[89]GjfffHdwaCizhEgpKpjtLBCJvwafndbCLCabsKwafrofCJBdzyHdwandfqIKCabDfBeaCaiafwendaCJCafnGxHeK",110,1,89,109,0,109,0,0,0,0,0,40,40,36,36,33,33,2
"171",70,"[89]GjfffHdwaCizhEgpKpjtLBCJvwafndbCLCabsKwafrofCJBdzyHdwandfqIKCabDfBeaCaiafwendaCJCafnGxHeK",104,0.981308,89,107,2,105,2,2,0,2,2,42,40,36,36,29,29,2
"172",71,"[89]GjfffHdwaCizhEgpKpjtLBCJvwafndbCLCabsKwafrofCJBdzyHdwandfqIKCabDfBeaCaiafwendaCJCafnGxHeK",110,1,89,109,0,109,0,0,0,0,0,36,36,36,36,37,37,2
"173",72,"[89]GjfffHdwaCizhEgpKpjtLBCJvwafndbCLCabsKwafrofCJBdzyHdwandfqIKCabDfBeaCaiafwendaCJCafnGxHeK",108,0.981982,89,111,2,109,2,2,0,2,2,35,33,36,36,40,40,2
"174",73,"[89]GjfffHdwaCizhEgpKpjtLBCJvwafndbCLCabsKwafrofCJBdzyHdwandfqIKCabDfBeaCaiafwendaCJCafnGxHeK",109,0.982143,89,112,2,110,2,2,0,2,2,39,37,34,34,39,39,2
"175",74,"[89]GjfffHdwaCizhEgpKpjtLBCJvwafndbCLCabsKwafrofCJBdzyHdwandfqIKCabDfBeaCaiafwendaCJCafnGxHeK",115,1,89,114,0,114,0,0,0,0,0,38,38,36,36,40,40,2
"176",75,"[89]GjfffHdwaCizhEgpKpjtLBCJvwafndbCLCabsKwafrofCJBdzyHdwandfqIKCabDfBeaCaiafwendaCJCafnGxHeK",106,0.990654,89,107,1,106,1,1,0,1,1,31,30,45,45,31,31,2
"177",76,"[89]GjfffHdwaCizhEgpKpjtLBCJvwafndbCLCabsKwafrofCJBdzyHdwandfqIKCabDfBeaCaiafwendaCJCafnGxHeK",106,1,89,105,0,105,0,0,0,0,0,35,35,41,41,29,29,2
"178",77,"[89]GjfffHdwaCizhEgpKpjtLBCJvwafndbCLCabsKwafrofCJBdzyHdwandfqIKCabDfBeaCaiafwendaCJCafnGxHeK",112,0.982609,89,115,2,113,2,2,0,2,2,38,36,33,33,44,44,2
"179",78,"[89]GjfffHdwaCizhEgpKpjtLBCJvwafndbCLCabsKwafrofCJBdzyHdwandfqIKCabDfBeaCaiafwendaCJCafnGxHeK",113,1,89,112,0,112,0,0,0,0,0,45,45,27,27,40,40,2
"180",79,"[89]GjfffHdwaCizhEgpKpjtLBCJvwafndbCLCabsKwafrofCJBdzyHdwandfqIKCabDfBeaCaiafwendaCJCafnGxHeK",105,1,89,104,0,104,0,0,0,0,0,40,40,35,35,29,29,2
"181",80,"[89]GjfffHdwaCizhEgpKpjtLBCJvwafndbCLCabsKwafrofCJBdzyHdwandfqIKCabDfBeaCaiafwendaCJCafnGxHeK",114,1,89,113,0,113,0,0,0,0,0,31,31,38,38,44,44,2
"182",81,"[89]GjfffHdwaCizhEgpKpjtLBCJvwafndbCLCabsKwafrofCJBdzyHdwandfqIKCabDfBeaCaiafwendaCJCafnGxHeK",112,1,89,111,0,111,0,0,0,0,0,39,39,34,34,38,38,2
"183",82,"[89]GjfffHdwaCizhEgpKpjtLBCJvwafndbCLCabsKwafrofCJBdzyHdwandfqIKCabDfBeaCaiafwendaCJCafnGxHeK",107,0.990741,89,108,1,107,1,1,0,1,1,39,38,33,33,36,36,2
"184",83,"[89]GjfffHdwaCizhEgpKpjtLBCJvwafndbCLCabsKwafrofCJBdzyHdwandfqIKCabDfBeaCaiafwendaCJCafnGxHeK",105,0.990566,89,106,1,105,1,1,0,1,1,35,34,39,39,32,32,2
"185",84,"[89]GjfffHdwaCizhEgpKpjtLBCJvwafndbCLCabsKwafrofCJBdzyHdwandfqIKCabDfBeaCaiafwendaCJCafnGxHeK",105,0.981481,89,108,2,106,2,2,0,2,2,38,36,36,36,34,34,2
"186",85,"[89]GjfffHdwaCizhEgpKpjtLBCJvwafndbCLCabsKwafrofCJBdzyHdwandfqIKCabDfBeaCaiafwendaCJCafnGxHeK",103,0.972222,89,108,3,105,3,3,0,3,3,35,32,40,40,33,33,2
"187",86,"[89]GjfffHdwaCizhEgpKpjtLBCJvwafndbCLCabsKwafrofCJBdzyHdwandfqIKCabDfBeaCaiafwendaCJCafnGxHeK",106,0.990654,89,107,1,106,1,1,0,1,1,41,40,35,35,31,31,2
"188",87,"[89]GjfffHdwaCizhEgpKpjtLBCJvwafndbCLCabsKwafrofCJBdzyHdwandfqIKCabDfBeaCaiafwendaCJCafnGxHeK",105,0.964286,89,112,4,108,4,4,0,4,4,39,35,36,36,37,37,2
"189",88,"[89]GjfffHdwaCizhEgpKpjtLBCJvwafndbCLCabsKwafrofCJBdzyHdwandfqIKCabDfBeaCaiafwendaCJCafnGxHeK",111,0.966102,89,118,4,114,4,4,0,4,4,40,36,32,32,46,46,2
"190",89,"[89]GjfffHdwaCizhEgpKpjtLBCJvwafndbCLCabsKwafrofCJBdzyHdwandfqIKCabDfBeaCaiafwendaCJCafnGxHeK",105,1,89,104,0,104,0,0,0,0,0,45,45,32,32,27,27,2
"191",90,"[89]GjfffHdwaCizhEgpKpjtLBCJvwafndbCLCabsKwafrofCJBdzyHdwandfqIKCabDfBeaCaiafwendaCJCafnGxHeK",106,1,89,105,0,105,0,0,0,0,0,37,37,37,37,31,31,2
"192",91,"[89]GjfffHdwaCizhEgpKpjtLBCJvwafndbCLCabsKwafrofCJBdzyHdwandfqIKCabDfBeaCaiafwendaCJCafnGxHeK",104,0.990476,89,105,1,104,1,1,0,1,1,43,42,35,35,27,27,2
"193",92,"[89]GjfffHdwaCizhEgpKpjtLBCJvwafndbCLCabsKwafrofCJBdzyHdwandfqIKCabDfBeaCaiafwendaCJCafnGxHeK",108,1,89,107,0,107,0,0,0,0,0,42,42,34,34,31,31,2
"194",93,"[89]GjfffHdwaCizhEgpKpjtLBCJvwafndbCLCabsKwafrofCJBdzyHdwandfqIKCabDfBeaCaiafwendaCJCafnGxHeK",111,0.974138,89,116,3,113,3,3,0,3,3,38,35,36,36,42,42,2
"195",94,"[89]GjfffHdwaCizhEgpKpjtLBCJvwafndbCLCabsKwafrofCJBdzyHdwandfqIKCabDfBeaCaiafwendaCJCafnGxHeK",120,1,89,119,0,119,0,0,0,0,0,37,37,33,33,49,49,2
"196",95,"[89]GjfffHdwaCizhEgpKpjtLBCJvwafndbCLCabsKwafrofCJBdzyHdwandfqIKCabDfBeaCaiafwendaCJCafnGxHeK",103,0.981132,89,106,2,104,2,2,0,2,2,34,32,40,40,32,32,2
"197",96,"[89]GjfffHdwaCizhEgpKpjtLBCJvwafndbCLCabsKwafrofCJBdzyHdwandfqIKCabDfBeaCaiafwendaCJCafnGxHeK",108,1,89,107,0,107,0,0,0,0,0,35,35,39,39,33,33,2
"198",97,"[89]GjfffHdwaCizhEgpKpjtLBCJvwafndbCLCabsKwafrofCJBdzyHdwandfqIKCabDfBeaCaiafwendaCJCafnGxHeK",115,1,89,114,0,114,0,0,0,0,0,41,41,34,34,39,39,2
"199",98,"[89]GjfffHdwaCizhEgpKpjtLBCJvwafndbCLCabsKwafrofCJBdzyHdwandfqIKCabDfBeaCaiafwendaCJCafnGxHeK",110,1,89,109,0,109,0,0,0,0,0,40,40,35,35,34,34,2
"200",99,"[89]GjfffHdwaCizhEgpKpjtLBCJvwafndbCLCabsKwafrofCJBdzyHdwandfqIKCabDfBeaCaiafwendaCJCafnGxHeK",103,0.972222,89,108,3,105,3,3,0,3,3,35,32,40,40,33,33,2
"201",0,"[88]GjfffHdwaCyckGqskpwmcLKHmlwafndbCLCacjKnwafnfCJBdFAnHanfqIKCLopktyDdEjnlFkafwandqJCeckaK",101,0.946429,88,112,6,106,6,6,0,6,6,46,40,31,31,35,35,3
"202",1,"[88]GjfffHdwaCyckGqskpwmcLKHmlwafndbCLCacjKnwafnfCJBdFAnHanfqIKCLopktyDdEjnlFkafwandqJCeckaK",105,0.990566,88,106,1,105,1,1,0,1,1,42,41,33,33,31,31,3
"203",2,"[88]GjfffHdwaCyckGqskpwmcLKHmlwafndbCLCacjKnwafnfCJBdFAnHanfqIKCLopktyDdEjnlFkafwandqJCeckaK",107,1,88,106,0,106,0,0,0,0,0,41,41,33,33,32,32,3
"204",3,"[88]GjfffHdwaCyckGqskpwmcLKHmlwafndbCLCacjKnwafnfCJBdFAnHanfqIKCLopktyDdEjnlFkafwandqJCeckaK",105,0.981481,88,108,2,106,2,2,0,2,2,39,37,35,35,34,34,3
"205",4,"[88]GjfffHdwaCyckGqskpwmcLKHmlwafndbCLCacjKnwafnfCJBdFAnHanfqIKCLopktyDdEjnlFkafwandqJCeckaK",111,1,88,110,0,110,0,0,0,0,0,33,33,36,36,41,41,3
"206",5,"[88]GjfffHdwaCyckGqskpwmcLKHmlwafndbCLCacjKnwafnfCJBdFAnHanfqIKCLopktyDdEjnlFkafwandqJCeckaK",105,0.990566,88,106,1,105,1,1,0,1,1,34,33,41,41,31,31,3
"207",6,"[88]GjfffHdwaCyckGqskpwmcLKHmlwafndbCLCacjKnwafnfCJBdFAnHanfqIKCLopktyDdEjnlFkafwandqJCeckaK",104,1,88,103,0,103,0,0,0,0,0,34,34,42,42,27,27,3
"208",7,"[88]GjfffHdwaCyckGqskpwmcLKHmlwafndbCLCacjKnwafnfCJBdFAnHanfqIKCLopktyDdEjnlFkafwandqJCeckaK",109,0.990909,88,110,1,109,1,1,0,1,1,33,32,37,37,40,40,3
"209",8,"[88]GjfffHdwaCyckGqskpwmcLKHmlwafndbCLCacjKnwafnfCJBdFAnHanfqIKCLopktyDdEjnlFkafwandqJCeckaK",107,1,88,106,0,106,0,0,0,0,0,45,45,29,29,32,32,3
"210",9,"[88]GjfffHdwaCyckGqskpwmcLKHmlwafndbCLCacjKnwafnfCJBdFAnHanfqIKCLopktyDdEjnlFkafwandqJCeckaK",112,0.99115,88,113,1,112,1,1,0,1,1,36,35,31,31,46,46,3
"211",10,"[88]GjfffHdwaCyckGqskpwmcLKHmlwafndbCLCacjKnwafnfCJBdFAnHanfqIKCLopktyDdEjnlFkafwandqJCeckaK",108,0.973451,88,113,3,110,3,3,0,3,3,34,31,35,35,44,44,3
"212",11,"[88]GjfffHdwaCyckGqskpwmcLKHmlwafndbCLCacjKnwafnfCJBdFAnHanfqIKCLopktyDdEjnlFkafwandqJCeckaK",110,1,88,109,0,109,0,0,0,0,0,38,38,32,32,39,39,3
"213",12,"[88]GjfffHdwaCyckGqskpwmcLKHmlwafndbCLCacjKnwafnfCJBdFAnHanfqIKCLopktyDdEjnlFkafwandqJCeckaK",105,0.990566,88,106,1,105,1,1,0,1,1,38,37,37,37,31,31,3
"214",13,"[88]GjfffHdwaCyckGqskpwmcLKHmlwafndbCLCacjKnwafnfCJBdFAnHanfqIKCLopktyDdEjnlFkafwandqJCeckaK",102,0.980952,88,105,2,103,2,2,0,2,2,38,36,39,39,28,28,3
"215",14,"[88]GjfffHdwaCyckGqskpwmcLKHmlwafndbCLCacjKnwafnfCJBdFAnHanfqIKCLopktyDdEjnlFkafwandqJCeckaK",109,1,88,108,0,108,0,0,0,0,0,35,35,36,36,37,37,3
"216",15,"[88]GjfffHdwaCyckGqskpwmcLKHmlwafndbCLCacjKnwafnfCJBdFAnHanfqIKCLopktyDdEjnlFkafwandqJCeckaK",112,1,88,111,0,111,0,0,0,0,0,29,29,38,38,44,44,3
"217",16,"[88]GjfffHdwaCyckGqskpwmcLKHmlwafndbCLCacjKnwafnfCJBdFAnHanfqIKCLopktyDdEjnlFkafwandqJCeckaK",112,1,88,111,0,111,0,0,0,0,0,28,28,38,38,45,45,3
"218",17,"[88]GjfffHdwaCyckGqskpwmcLKHmlwafndbCLCacjKnwafnfCJBdFAnHanfqIKCLopktyDdEjnlFkafwandqJCeckaK",112,0.99115,88,113,1,112,1,1,0,1,1,31,30,35,35,47,47,3
"219",18,"[88]GjfffHdwaCyckGqskpwmcLKHmlwafndbCLCacjKnwafnfCJBdFAnHanfqIKCLopktyDdEjnlFkafwandqJCeckaK",106,0.981651,88,109,2,107,2,2,0,2,2,33,31,40,40,36,36,3
"220",19,"[88]GjfffHdwaCyckGqskpwmcLKHmlwafndbCLCacjKnwafnfCJBdFAnHanfqIKCLopktyDdEjnlFkafwandqJCeckaK",109,1,88,108,0,108,0,0,0,0,0,46,46,27,27,35,35,3
"221",20,"[88]GjfffHdwaCyckGqskpwmcLKHmlwafndbCLCacjKnwafnfCJBdFAnHanfqIKCLopktyDdEjnlFkafwandqJCeckaK",110,0.990991,88,111,1,110,1,1,0,1,1,40,39,29,29,42,42,3
"222",21,"[88]GjfffHdwaCyckGqskpwmcLKHmlwafndbCLCacjKnwafnfCJBdFAnHanfqIKCLopktyDdEjnlFkafwandqJCeckaK",103,0.963636,88,110,4,106,4,4,0,4,4,34,30,40,40,36,36,3
"223",22,"[88]GjfffHdwaCyckGqskpwmcLKHmlwafndbCLCacjKnwafnfCJBdFAnHanfqIKCLopktyDdEjnlFkafwandqJCeckaK",107,0.981818,88,110,2,108,2,2,0,2,2,33,31,39,39,38,38,3
"224",23,"[88]GjfffHdwaCyckGqskpwmcLKHmlwafndbCLCacjKnwafnfCJBdFAnHanfqIKCLopktyDdEjnlFkafwandqJCeckaK",106,0.981651,88,109,2,107,2,2,0,2,2,46,44,28,28,35,35,3
"225",24,"[88]GjfffHdwaCyckGqskpwmcLKHmlwafndbCLCacjKnwafnfCJBdFAnHanfqIKCLopktyDdEjnlFkafwandqJCeckaK",113,1,88,112,0,112,0,0,0,0,0,41,41,27,27,44,44,3
"226",25,"[88]GjfffHdwaCyckGqskpwmcLKHmlwafndbCLCacjKnwafnfCJBdFAnHanfqIKCLopktyDdEjnlFkafwandqJCeckaK",112,1,88,111,0,111,0,0,0,0,0,34,34,33,33,44,44,3
"227",26,"[88]GjfffHdwaCyckGqskpwmcLKHmlwafndbCLCacjKnwafnfCJBdFAnHanfqIKCLopktyDdEjnlFkafwandqJCeckaK",109,1,88,108,0,108,0,0,0,0,0,43,43,29,29,36,36,3
"228",27,"[88]GjfffHdwaCyckGqskpwmcLKHmlwafndbCLCacjKnwafnfCJBdFAnHanfqIKCLopktyDdEjnlFkafwandqJCeckaK",106,1,88,105,0,105,0,0,0,0,0,36,36,39,39,30,30,3
"229",28,"[88]GjfffHdwaCyckGqskpwmcLKHmlwafndbCLCacjKnwafnfCJBdFAnHanfqIKCLopktyDdEjnlFkafwandqJCeckaK",109,0.982143,88,112,2,110,2,2,0,2,2,37,35,32,32,43,43,3
"230",29,"[88]GjfffHdwaCyckGqskpwmcLKHmlwafndbCLCacjKnwafnfCJBdFAnHanfqIKCLopktyDdEjnlFkafwandqJCeckaK",108,0.973451,88,113,3,110,3,3,0,3,3,32,29,37,37,44,44,3
"231",30,"[88]GjfffHdwaCyckGqskpwmcLKHmlwafndbCLCacjKnwafnfCJBdFAnHanfqIKCLopktyDdEjnlFkafwandqJCeckaK",106,0.956522,88,115,5,110,5,5,0,5,5,31,26,40,40,44,44,3
"232",31,"[88]GjfffHdwaCyckGqskpwmcLKHmlwafndbCLCacjKnwafnfCJBdFAnHanfqIKCLopktyDdEjnlFkafwandqJCeckaK",109,1,88,108,0,108,0,0,0,0,0,34,34,36,36,38,38,3
"233",32,"[88]GjfffHdwaCyckGqskpwmcLKHmlwafndbCLCacjKnwafnfCJBdFAnHanfqIKCLopktyDdEjnlFkafwandqJCeckaK",111,1,88,110,0,110,0,0,0,0,0,34,34,34,34,42,42,3
"234",33,"[88]GjfffHdwaCyckGqskpwmcLKHmlwafndbCLCacjKnwafnfCJBdFAnHanfqIKCLopktyDdEjnlFkafwandqJCeckaK",110,1,88,109,0,109,0,0,0,0,0,31,31,39,39,39,39,3
"235",34,"[88]GjfffHdwaCyckGqskpwmcLKHmlwafndbCLCacjKnwafnfCJBdFAnHanfqIKCLopktyDdEjnlFkafwandqJCeckaK",108,1,88,107,0,107,0,0,0,0,0,31,31,40,40,36,36,3
"236",35,"[88]GjfffHdwaCyckGqskpwmcLKHmlwafndbCLCacjKnwafnfCJBdFAnHanfqIKCLopktyDdEjnlFkafwandqJCeckaK",107,0.990741,88,108,1,107,1,1,0,1,1,38,37,35,35,35,35,3
"237",36,"[88]GjfffHdwaCyckGqskpwmcLKHmlwafndbCLCacjKnwafnfCJBdFAnHanfqIKCLopktyDdEjnlFkafwandqJCeckaK",113,1,88,112,0,112,0,0,0,0,0,34,34,32,32,46,46,3
"238",37,"[88]GjfffHdwaCyckGqskpwmcLKHmlwafndbCLCacjKnwafnfCJBdFAnHanfqIKCLopktyDdEjnlFkafwandqJCeckaK",108,0.990826,88,109,1,108,1,1,0,1,1,44,43,28,28,37,37,3
"239",38,"[88]GjfffHdwaCyckGqskpwmcLKHmlwafndbCLCacjKnwafnfCJBdFAnHanfqIKCLopktyDdEjnlFkafwandqJCeckaK",111,1,88,110,0,110,0,0,0,0,0,32,32,36,36,42,42,3
"240",39,"[88]GjfffHdwaCyckGqskpwmcLKHmlwafndbCLCacjKnwafnfCJBdFAnHanfqIKCLopktyDdEjnlFkafwandqJCeckaK",106,0.990654,88,107,1,106,1,1,0,1,1,29,28,43,43,35,35,3
"241",40,"[88]GjfffHdwaCyckGqskpwmcLKHmlwafndbCLCacjKnwafnfCJBdFAnHanfqIKCLopktyDdEjnlFkafwandqJCeckaK",114,1,88,113,0,113,0,0,0,0,0,37,37,28,28,48,48,3
"242",41,"[88]GjfffHdwaCyckGqskpwmcLKHmlwafndbCLCacjKnwafnfCJBdFAnHanfqIKCLopktyDdEjnlFkafwandqJCeckaK",110,1,88,109,0,109,0,0,0,0,0,29,29,40,40,40,40,3
"243",42,"[88]GjfffHdwaCyckGqskpwmcLKHmlwafndbCLCacjKnwafnfCJBdFAnHanfqIKCLopktyDdEjnlFkafwandqJCeckaK",105,0.981481,88,108,2,106,2,2,0,2,2,32,30,41,41,35,35,3
"244",43,"[88]GjfffHdwaCyckGqskpwmcLKHmlwafndbCLCacjKnwafnfCJBdFAnHanfqIKCLopktyDdEjnlFkafwandqJCeckaK",115,1,88,114,0,114,0,0,0,0,0,38,38,27,27,49,49,3
"245",44,"[88]GjfffHdwaCyckGqskpwmcLKHmlwafndbCLCacjKnwafnfCJBdFAnHanfqIKCLopktyDdEjnlFkafwandqJCeckaK",105,1,88,104,0,104,0,0,0,0,0,34,34,41,41,29,29,3
"246",45,"[88]GjfffHdwaCyckGqskpwmcLKHmlwafndbCLCacjKnwafnfCJBdFAnHanfqIKCLopktyDdEjnlFkafwandqJCeckaK",110,1,88,109,0,109,0,0,0,0,0,39,39,32,32,38,38,3
"247",46,"[88]GjfffHdwaCyckGqskpwmcLKHmlwafndbCLCacjKnwafnfCJBdFAnHanfqIKCLopktyDdEjnlFkafwandqJCeckaK",104,0.990476,88,105,1,104,1,1,0,1,1,42,41,35,35,28,28,3
"248",47,"[88]GjfffHdwaCyckGqskpwmcLKHmlwafndbCLCacjKnwafnfCJBdFAnHanfqIKCLopktyDdEjnlFkafwandqJCeckaK",108,0.990826,88,109,1,108,1,1,0,1,1,39,38,34,34,36,36,3
"249",48,"[88]GjfffHdwaCyckGqskpwmcLKHmlwafndbCLCacjKnwafnfCJBdFAnHanfqIKCLopktyDdEjnlFkafwandqJCeckaK",107,1,88,106,0,106,0,0,0,0,0,37,37,37,37,32,32,3
"250",49,"[88]GjfffHdwaCyckGqskpwmcLKHmlwafndbCLCacjKnwafnfCJBdFAnHanfqIKCLopktyDdEjnlFkafwandqJCeckaK",106,1,88,105,0,105,0,0,0,0,0,42,42,33,33,30,30,3
"251",50,"[88]GjfffHdwaCyckGqskpwmcLKHmlwafndbCLCacjKnwafnfCJBdFAnHanfqIKCLopktyDdEjnlFkafwandqJCeckaK",109,0.990909,88,110,1,109,1,1,0,1,1,31,30,39,39,40,40,3
"252",51,"[88]GjfffHdwaCyckGqskpwmcLKHmlwafndbCLCacjKnwafnfCJBdFAnHanfqIKCLopktyDdEjnlFkafwandqJCeckaK",108,1,88,107,0,107,0,0,0,0,0,43,43,31,31,33,33,3
"253",52,"[88]GjfffHdwaCyckGqskpwmcLKHmlwafndbCLCacjKnwafnfCJBdFAnHanfqIKCLopktyDdEjnlFkafwandqJCeckaK",105,0.972727,88,110,3,107,3,3,0,3,3,38,35,35,35,37,37,3
"254",53,"[88]GjfffHdwaCyckGqskpwmcLKHmlwafndbCLCacjKnwafnfCJBdFAnHanfqIKCLopktyDdEjnlFkafwandqJCeckaK",103,0.981132,88,106,2,104,2,2,0,2,2,36,34,41,41,29,29,3
"255",54,"[88]GjfffHdwaCyckGqskpwmcLKHmlwafndbCLCacjKnwafnfCJBdFAnHanfqIKCLopktyDdEjnlFkafwandqJCeckaK",108,1,88,107,0,107,0,0,0,0,0,47,47,27,27,33,33,3
"256",55,"[88]GjfffHdwaCyckGqskpwmcLKHmlwafndbCLCacjKnwafnfCJBdFAnHanfqIKCLopktyDdEjnlFkafwandqJCeckaK",115,0.991379,88,116,1,115,1,1,0,1,1,35,34,28,28,53,53,3
"257",56,"[88]GjfffHdwaCyckGqskpwmcLKHmlwafndbCLCacjKnwafnfCJBdFAnHanfqIKCLopktyDdEjnlFkafwandqJCeckaK",105,0.990566,88,106,1,105,1,1,0,1,1,39,38,36,36,31,31,3
"258",57,"[88]GjfffHdwaCyckGqskpwmcLKHmlwafndbCLCacjKnwafnfCJBdFAnHanfqIKCLopktyDdEjnlFkafwandqJCeckaK",105,0.990566,88,106,1,105,1,1,0,1,1,32,31,42,42,32,32,3
"259",58,"[88]GjfffHdwaCyckGqskpwmcLKHmlwafndbCLCacjKnwafnfCJBdFAnHanfqIKCLopktyDdEjnlFkafwandqJCeckaK",108,0.990826,88,109,1,108,1,1,0,1,1,37,36,34,34,38,38,3
"260",59,"[88]GjfffHdwaCyckGqskpwmcLKHmlwafndbCLCacjKnwafnfCJBdFAnHanfqIKCLopktyDdEjnlFkafwandqJCeckaK",104,1,88,103,0,103,0,0,0,0,0,35,35,41,41,27,27,3
"261",60,"[88]GjfffHdwaCyckGqskpwmcLKHmlwafndbCLCacjKnwafnfCJBdFAnHanfqIKCLopktyDdEjnlFkafwandqJCeckaK",111,1,88,110,0,110,0,0,0,0,0,36,36,34,34,40,40,3
"262",61,"[88]GjfffHdwaCyckGqskpwmcLKHmlwafndbCLCacjKnwafnfCJBdFAnHanfqIKCLopktyDdEjnlFkafwandqJCeckaK",106,0.972973,88,111,3,108,3,3,0,3,3,39,36,33,33,39,39,3
"263",62,"[88]GjfffHdwaCyckGqskpwmcLKHmlwafndbCLCacjKnwafnfCJBdFAnHanfqIKCLopktyDdEjnlFkafwandqJCeckaK",108,1,88,107,0,107,0,0,0,0,0,35,35,37,37,35,35,3
"264",63,"[88]GjfffHdwaCyckGqskpwmcLKHmlwafndbCLCacjKnwafnfCJBdFAnHanfqIKCLopktyDdEjnlFkafwandqJCeckaK",106,0.981651,88,109,2,107,2,2,0,2,2,39,37,34,34,36,36,3
"265",64,"[88]GjfffHdwaCyckGqskpwmcLKHmlwafndbCLCacjKnwafnfCJBdFAnHanfqIKCLopktyDdEjnlFkafwandqJCeckaK",110,0.990991,88,111,1,110,1,1,0,1,1,36,35,34,34,41,41,3
"266",65,"[88]GjfffHdwaCyckGqskpwmcLKHmlwafndbCLCacjKnwafnfCJBdFAnHanfqIKCLopktyDdEjnlFkafwandqJCeckaK",106,0.972973,88,111,3,108,3,3,0,3,3,40,37,32,32,39,39,3
"267",66,"[88]GjfffHdwaCyckGqskpwmcLKHmlwafndbCLCacjKnwafnfCJBdFAnHanfqIKCLopktyDdEjnlFkafwandqJCeckaK",108,1,88,107,0,107,0,0,0,0,0,40,40,32,32,35,35,3
"268",67,"[88]GjfffHdwaCyckGqskpwmcLKHmlwafndbCLCacjKnwafnfCJBdFAnHanfqIKCLopktyDdEjnlFkafwandqJCeckaK",108,0.990826,88,109,1,108,1,1,0,1,1,39,38,33,33,37,37,3
"269",68,"[88]GjfffHdwaCyckGqskpwmcLKHmlwafndbCLCacjKnwafnfCJBdFAnHanfqIKCLopktyDdEjnlFkafwandqJCeckaK",112,1,88,111,0,111,0,0,0,0,0,39,39,29,29,43,43,3
"270",69,"[88]GjfffHdwaCyckGqskpwmcLKHmlwafndbCLCacjKnwafnfCJBdFAnHanfqIKCLopktyDdEjnlFkafwandqJCeckaK",103,1,88,102,0,102,0,0,0,0,0,41,41,37,37,24,24,3
"271",70,"[88]GjfffHdwaCyckGqskpwmcLKHmlwafndbCLCacjKnwafnfCJBdFAnHanfqIKCLopktyDdEjnlFkafwandqJCeckaK",109,0.990909,88,110,1,109,1,1,0,1,1,34,33,37,37,39,39,3
"272",71,"[88]GjfffHdwaCyckGqskpwmcLKHmlwafndbCLCacjKnwafnfCJBdFAnHanfqIKCLopktyDdEjnlFkafwandqJCeckaK",108,0.990826,88,109,1,108,1,1,0,1,1,40,39,32,32,37,37,3
"273",72,"[88]GjfffHdwaCyckGqskpwmcLKHmlwafndbCLCacjKnwafnfCJBdFAnHanfqIKCLopktyDdEjnlFkafwandqJCeckaK",111,0.991071,88,112,1,111,1,1,0,1,1,42,41,26,26,44,44,3
"274",73,"[88]GjfffHdwaCyckGqskpwmcLKHmlwafndbCLCacjKnwafnfCJBdFAnHanfqIKCLopktyDdEjnlFkafwandqJCeckaK",110,0.990991,88,111,1,110,1,1,0,1,1,36,35,33,33,42,42,3
"275",74,"[88]GjfffHdwaCyckGqskpwmcLKHmlwafndbCLCacjKnwafnfCJBdFAnHanfqIKCLopktyDdEjnlFkafwandqJCeckaK",107,1,88,106,0,106,0,0,0,0,0,38,38,35,35,33,33,3
"276",75,"[88]GjfffHdwaCyckGqskpwmcLKHmlwafndbCLCacjKnwafnfCJBdFAnHanfqIKCLopktyDdEjnlFkafwandqJCeckaK",102,0.980952,88,105,2,103,2,2,0,2,2,37,35,40,40,28,28,3
"277",76,"[88]GjfffHdwaCyckGqskpwmcLKHmlwafndbCLCacjKnwafnfCJBdFAnHanfqIKCLopktyDdEjnlFkafwandqJCeckaK",109,1,88,108,0,108,0,0,0,0,0,27,27,43,43,38,38,3
"278",77,"[88]GjfffHdwaCyckGqskpwmcLKHmlwafndbCLCacjKnwafnfCJBdFAnHanfqIKCLopktyDdEjnlFkafwandqJCeckaK",107,0.990741,88,108,1,107,1,1,0,1,1,32,31,40,40,36,36,3
"279",78,"[88]GjfffHdwaCyckGqskpwmcLKHmlwafndbCLCacjKnwafnfCJBdFAnHanfqIKCLopktyDdEjnlFkafwandqJCeckaK",105,1,88,104,0,104,0,0,0,0,0,42,42,34,34,28,28,3
"280",79,"[88]GjfffHdwaCyckGqskpwmcLKHmlwafndbCLCacjKnwafnfCJBdFAnHanfqIKCLopktyDdEjnlFkafwandqJCeckaK",106,1,88,105,0,105,0,0,0,0,0,36,36,38,38,31,31,3
"281",80,"[88]GjfffHdwaCyckGqskpwmcLKHmlwafndbCLCacjKnwafnfCJBdFAnHanfqIKCLopktyDdEjnlFkafwandqJCeckaK",109,1,88,108,0,108,0,0,0,0,0,33,33,38,38,37,37,3
"282",81,"[88]GjfffHdwaCyckGqskpwmcLKHmlwafndbCLCacjKnwafnfCJBdFAnHanfqIKCLopktyDdEjnlFkafwandqJCeckaK",108,1,88,107,0,107,0,0,0,0,0,24,24,47,47,36,36,3
"283",82,"[88]GjfffHdwaCyckGqskpwmcLKHmlwafndbCLCacjKnwafnfCJBdFAnHanfqIKCLopktyDdEjnlFkafwandqJCeckaK",100,0.945946,88,111,6,105,6,6,0,6,6,42,36,35,35,34,34,3
"284",83,"[88]GjfffHdwaCyckGqskpwmcLKHmlwafndbCLCacjKnwafnfCJBdFAnHanfqIKCLopktyDdEjnlFkafwandqJCeckaK",99,0.980392,88,102,2,100,2,2,0,2,2,42,40,39,39,21,21,3
"285",84,"[88]GjfffHdwaCyckGqskpwmcLKHmlwafndbCLCacjKnwafnfCJBdFAnHanfqIKCLopktyDdEjnlFkafwandqJCeckaK",107,1,88,106,0,106,0,0,0,0,0,31,31,41,41,34,34,3
"286",85,"[88]GjfffHdwaCyckGqskpwmcLKHmlwafndbCLCacjKnwafnfCJBdFAnHanfqIKCLopktyDdEjnlFkafwandqJCeckaK",108,1,88,107,0,107,0,0,0,0,0,39,39,34,34,34,34,3
"287",86,"[88]GjfffHdwaCyckGqskpwmcLKHmlwafndbCLCacjKnwafnfCJBdFAnHanfqIKCLopktyDdEjnlFkafwandqJCeckaK",107,0.990741,88,108,1,107,1,1,0,1,1,38,37,34,34,36,36,3
"288",87,"[88]GjfffHdwaCyckGqskpwmcLKHmlwafndbCLCacjKnwafnfCJBdFAnHanfqIKCLopktyDdEjnlFkafwandqJCeckaK",109,1,88,108,0,108,0,0,0,0,0,38,38,33,33,37,37,3
"289",88,"[88]GjfffHdwaCyckGqskpwmcLKHmlwafndbCLCacjKnwafnfCJBdFAnHanfqIKCLopktyDdEjnlFkafwandqJCeckaK",104,0.972477,88,109,3,106,3,3,0,3,3,43,40,32,32,34,34,3
"290",89,"[88]GjfffHdwaCyckGqskpwmcLKHmlwafndbCLCacjKnwafnfCJBdFAnHanfqIKCLopktyDdEjnlFkafwandqJCeckaK",108,0.981982,88,111,2,109,2,2,0,2,2,36,34,34,34,41,41,3
"291",90,"[88]GjfffHdwaCyckGqskpwmcLKHmlwafndbCLCacjKnwafnfCJBdFAnHanfqIKCLopktyDdEjnlFkafwandqJCeckaK",109,0.990909,88,110,1,109,1,1,0,1,1,31,30,38,38,41,41,3
"292",91,"[88]GjfffHdwaCyckGqskpwmcLKHmlwafndbCLCacjKnwafnfCJBdFAnHanfqIKCLopktyDdEjnlFkafwandqJCeckaK",107,1,88,106,0,106,0,0,0,0,0,27,27,45,45,34,34,3
"293",92,"[88]GjfffHdwaCyckGqskpwmcLKHmlwafndbCLCacjKnwafnfCJBdFAnHanfqIKCLopktyDdEjnlFkafwandqJCeckaK",106,0.990654,88,107,1,106,1,1,0,1,1,41,40,34,34,32,32,3
"294",93,"[88]GjfffHdwaCyckGqskpwmcLKHmlwafndbCLCacjKnwafnfCJBdFAnHanfqIKCLopktyDdEjnlFkafwandqJCeckaK",108,1,88,107,0,107,0,0,0,0,0,35,35,38,38,34,34,3
"295",94,"[88]GjfffHdwaCyckGqskpwmcLKHmlwafndbCLCacjKnwafnfCJBdFAnHanfqIKCLopktyDdEjnlFkafwandqJCeckaK",103,0.990385,88,104,1,103,1,1,0,1,1,44,43,34,34,26,26,3
"296",95,"[88]GjfffHdwaCyckGqskpwmcLKHmlwafndbCLCacjKnwafnfCJBdFAnHanfqIKCLopktyDdEjnlFkafwandqJCeckaK",110,1,88,109,0,109,0,0,0,0,0,37,37,34,34,38,38,3
"297",96,"[88]GjfffHdwaCyckGqskpwmcLKHmlwafndbCLCacjKnwafnfCJBdFAnHanfqIKCLopktyDdEjnlFkafwandqJCeckaK",107,1,88,106,0,106,0,0,0,0,0,37,37,36,36,33,33,3
"298",97,"[88]GjfffHdwaCyckGqskpwmcLKHmlwafndbCLCacjKnwafnfCJBdFAnHanfqIKCLopktyDdEjnlFkafwandqJCeckaK",106,1,88,105,0,105,0,0,0,0,0,35,35,39,39,31,31,3
"299",98,"[88]GjfffHdwaCyckGqskpwmcLKHmlwafndbCLCacjKnwafnfCJBdFAnHanfqIKCLopktyDdEjnlFkafwandqJCeckaK",110,1,88,109,0,109,0,0,0,0,0,37,37,34,34,38,38,3
"300",99,"[88]GjfffHdwaCyckGqskpwmcLKHmlwafndbCLCacjKnwafnfCJBdFAnHanfqIKCLopktyDdEjnlFkafwandqJCeckaK",107,0.981818,88,110,2,108,2,2,0,2,2,44,42,28,28,38,38,3
"301",0,"[81]GHdwaCCFqhqjsidKbFAhvIwafndbCLCacAnjjCbrIsLvafJHdndaCIKCebninuuefhyFpjIcmJbqFGJIi",99,0.742574,81,202,52,150,52,52,0,52,52,109,57,52,52,41,41,4
"302",1,"[81]GHdwaCCFqhqjsidKbFAhvIwafndbCLCacAnjjCbrIsLvafJHdndaCIKCebninuuefhyFpjIcmJbqFGJIi",101,0.747525,81,202,51,151,51,51,0,51,51,93,42,51,51,58,58,4
"303",2,"[81]GHdwaCCFqhqjsidKbFAhvIwafndbCLCacAnjjCbrIsLvafJHdndaCIKCebninuuefhyFpjIcmJbqFGJIi",107,0.762376,81,202,48,154,48,48,0,48,48,104,56,48,48,50,50,4
"304",3,"[81]GHdwaCCFqhqjsidKbFAhvIwafndbCLCacAnjjCbrIsLvafJHdndaCIKCebninuuefhyFpjIcmJbqFGJIi",103,0.755,81,200,49,151,49,49,0,49,49,108,59,49,49,43,43,4
"305",4,"[81]GHdwaCCFqhqjsidKbFAhvIwafndbCLCacAnjjCbrIsLvafJHdndaCIKCebninuuefhyFpjIcmJbqFGJIi",109,0.77,81,200,46,154,46,46,0,46,46,98,52,46,46,56,56,4
"306",5,"[81]GHdwaCCFqhqjsidKbFAhvIwafndbCLCacAnjjCbrIsLvafJHdndaCIKCebninuuefhyFpjIcmJbqFGJIi",120,0.79602,81,201,41,160,41,41,0,41,41,105,64,41,41,55,55,4
"307",6,"[81]GHdwaCCFqhqjsidKbFAhvIwafndbCLCacAnjjCbrIsLvafJHdndaCIKCebninuuefhyFpjIcmJbqFGJIi",97,0.737624,81,202,53,149,53,53,0,53,53,108,55,53,53,41,41,4
"308",7,"[81]GHdwaCCFqhqjsidKbFAhvIwafndbCLCacAnjjCbrIsLvafJHdndaCIKCebninuuefhyFpjIcmJbqFGJIi",98,0.741294,81,201,52,149,52,52,0,52,52,99,47,52,52,50,50,4
"309",8,"[81]GHdwaCCFqhqjsidKbFAhvIwafndbCLCacAnjjCbrIsLvafJHdndaCIKCebninuuefhyFpjIcmJbqFGJIi",103,0.755,81,200,49,151,49,49,0,49,49,102,53,49,49,49,49,4
"310",9,"[81]GHdwaCCFqhqjsidKbFAhvIwafndbCLCacAnjjCbrIsLvafJHdndaCIKCebninuuefhyFpjIcmJbqFGJIi",100,0.743842,81,203,52,151,52,52,0,52,52,97,45,52,52,54,54,4
"311",10,"[81]GHdwaCCFqhqjsidKbFAhvIwafndbCLCacAnjjCbrIsLvafJHdndaCIKCebninuuefhyFpjIcmJbqFGJIi",104,0.756219,81,201,49,152,49,49,0,49,49,91,42,49,49,61,61,4
"312",11,"[81]GHdwaCCFqhqjsidKbFAhvIwafndbCLCacAnjjCbrIsLvafJHdndaCIKCebninuuefhyFpjIcmJbqFGJIi",91,0.720588,81,204,57,147,57,57,0,57,57,98,41,57,57,49,49,4
"313",12,"[81]GHdwaCCFqhqjsidKbFAhvIwafndbCLCacAnjjCbrIsLvafJHdndaCIKCebninuuefhyFpjIcmJbqFGJIi",106,0.758621,81,203,49,154,49,49,0,49,49,99,50,49,49,55,55,4
"314",13,"[81]GHdwaCCFqhqjsidKbFAhvIwafndbCLCacAnjjCbrIsLvafJHdndaCIKCebninuuefhyFpjIcmJbqFGJIi",97,0.737624,81,202,53,149,53,53,0,53,53,99,46,53,53,50,50,4
"315",14,"[81]GHdwaCCFqhqjsidKbFAhvIwafndbCLCacAnjjCbrIsLvafJHdndaCIKCebninuuefhyFpjIcmJbqFGJIi",86,0.70936,81,203,59,144,59,59,0,59,59,101,42,59,59,43,43,4
"316",15,"[81]GHdwaCCFqhqjsidKbFAhvIwafndbCLCacAnjjCbrIsLvafJHdndaCIKCebninuuefhyFpjIcmJbqFGJIi",108,0.766169,81,201,47,154,47,47,0,47,47,100,53,47,47,54,54,4
"317",16,"[81]GHdwaCCFqhqjsidKbFAhvIwafndbCLCacAnjjCbrIsLvafJHdndaCIKCebninuuefhyFpjIcmJbqFGJIi",97,0.737624,81,202,53,149,53,53,0,53,53,97,44,53,53,52,52,4
"318",17,"[81]GHdwaCCFqhqjsidKbFAhvIwafndbCLCacAnjjCbrIsLvafJHdndaCIKCebninuuefhyFpjIcmJbqFGJIi",97,0.737624,81,202,53,149,53,53,0,53,53,93,40,53,53,56,56,4
"319",18,"[81]GHdwaCCFqhqjsidKbFAhvIwafndbCLCacAnjjCbrIsLvafJHdndaCIKCebninuuefhyFpjIcmJbqFGJIi",121,0.80303,81,198,39,159,39,39,0,39,39,97,58,39,39,62,62,4
"320",19,"[81]GHdwaCCFqhqjsidKbFAhvIwafndbCLCacAnjjCbrIsLvafJHdndaCIKCebninuuefhyFpjIcmJbqFGJIi",89,0.717822,81,202,57,145,57,57,0,57,57,102,45,57,57,43,43,4
"321",20,"[81]GHdwaCCFqhqjsidKbFAhvIwafndbCLCacAnjjCbrIsLvafJHdndaCIKCebninuuefhyFpjIcmJbqFGJIi",99,0.742574,81,202,52,150,52,52,0,52,52,105,53,52,52,45,45,4
"322",21,"[81]GHdwaCCFqhqjsidKbFAhvIwafndbCLCacAnjjCbrIsLvafJHdndaCIKCebninuuefhyFpjIcmJbqFGJIi",103,0.752475,81,202,50,152,50,50,0,50,50,91,41,50,50,61,61,4
"323",22,"[81]GHdwaCCFqhqjsidKbFAhvIwafndbCLCacAnjjCbrIsLvafJHdndaCIKCebninuuefhyFpjIcmJbqFGJIi",97,0.737624,81,202,53,149,53,53,0,53,53,103,50,53,53,46,46,4
"324",23,"[81]GHdwaCCFqhqjsidKbFAhvIwafndbCLCacAnjjCbrIsLvafJHdndaCIKCebninuuefhyFpjIcmJbqFGJIi",119,0.789216,81,204,43,161,43,43,0,43,43,100,57,43,43,61,61,4
"325",24,"[81]GHdwaCCFqhqjsidKbFAhvIwafndbCLCacAnjjCbrIsLvafJHdndaCIKCebninuuefhyFpjIcmJbqFGJIi",95,0.732673,81,202,54,148,54,54,0,54,54,97,43,54,54,51,51,4
"326",25,"[81]GHdwaCCFqhqjsidKbFAhvIwafndbCLCacAnjjCbrIsLvafJHdndaCIKCebninuuefhyFpjIcmJbqFGJIi",96,0.736318,81,201,53,148,53,53,0,53,53,92,39,53,53,56,56,4
"327",26,"[81]GHdwaCCFqhqjsidKbFAhvIwafndbCLCacAnjjCbrIsLvafJHdndaCIKCebninuuefhyFpjIcmJbqFGJIi",117,0.79,81,200,42,158,42,42,0,42,42,103,61,42,42,55,55,4
"328",27,"[81]GHdwaCCFqhqjsidKbFAhvIwafndbCLCacAnjjCbrIsLvafJHdndaCIKCebninuuefhyFpjIcmJbqFGJIi",94,0.731343,81,201,54,147,54,54,0,54,54,100,46,54,54,47,47,4
"329",28,"[81]GHdwaCCFqhqjsidKbFAhvIwafndbCLCacAnjjCbrIsLvafJHdndaCIKCebninuuefhyFpjIcmJbqFGJIi",105,0.757426,81,202,49,153,49,49,0,49,49,106,57,49,49,47,47,4
"330",29,"[81]GHdwaCCFqhqjsidKbFAhvIwafndbCLCacAnjjCbrIsLvafJHdndaCIKCebninuuefhyFpjIcmJbqFGJIi",111,0.775,81,200,45,155,45,45,0,45,45,102,57,45,45,53,53,4
"331",30,"[81]GHdwaCCFqhqjsidKbFAhvIwafndbCLCacAnjjCbrIsLvafJHdndaCIKCebninuuefhyFpjIcmJbqFGJIi",112,0.778894,81,199,44,155,44,44,0,44,44,99,55,44,44,56,56,4
"332",31,"[81]GHdwaCCFqhqjsidKbFAhvIwafndbCLCacAnjjCbrIsLvafJHdndaCIKCebninuuefhyFpjIcmJbqFGJIi",103,0.755,81,200,49,151,49,49,0,49,49,100,51,49,49,51,51,4
"333",32,"[81]GHdwaCCFqhqjsidKbFAhvIwafndbCLCacAnjjCbrIsLvafJHdndaCIKCebninuuefhyFpjIcmJbqFGJIi",98,0.738916,81,203,53,150,53,53,0,53,53,108,55,53,53,42,42,4
"334",33,"[81]GHdwaCCFqhqjsidKbFAhvIwafndbCLCacAnjjCbrIsLvafJHdndaCIKCebninuuefhyFpjIcmJbqFGJIi",101,0.75,81,200,50,150,50,50,0,50,50,107,57,50,50,43,43,4
"335",34,"[81]GHdwaCCFqhqjsidKbFAhvIwafndbCLCacAnjjCbrIsLvafJHdndaCIKCebninuuefhyFpjIcmJbqFGJIi",101,0.75,81,200,50,150,50,50,0,50,50,96,46,50,50,54,54,4
"336",35,"[81]GHdwaCCFqhqjsidKbFAhvIwafndbCLCacAnjjCbrIsLvafJHdndaCIKCebninuuefhyFpjIcmJbqFGJIi",102,0.751244,81,201,50,151,50,50,0,50,50,96,46,50,50,55,55,4
"337",36,"[81]GHdwaCCFqhqjsidKbFAhvIwafndbCLCacAnjjCbrIsLvafJHdndaCIKCebninuuefhyFpjIcmJbqFGJIi",98,0.741294,81,201,52,149,52,52,0,52,52,101,49,52,52,48,48,4
"338",37,"[81]GHdwaCCFqhqjsidKbFAhvIwafndbCLCacAnjjCbrIsLvafJHdndaCIKCebninuuefhyFpjIcmJbqFGJIi",108,0.760976,81,205,49,156,49,49,0,49,49,101,52,49,49,55,55,4
"339",38,"[81]GHdwaCCFqhqjsidKbFAhvIwafndbCLCacAnjjCbrIsLvafJHdndaCIKCebninuuefhyFpjIcmJbqFGJIi",90,0.719212,81,203,57,146,57,57,0,57,57,101,44,57,57,45,45,4
"340",39,"[81]GHdwaCCFqhqjsidKbFAhvIwafndbCLCacAnjjCbrIsLvafJHdndaCIKCebninuuefhyFpjIcmJbqFGJIi",104,0.753695,81,203,50,153,50,50,0,50,50,112,62,50,50,41,41,4
"341",40,"[81]GHdwaCCFqhqjsidKbFAhvIwafndbCLCacAnjjCbrIsLvafJHdndaCIKCebninuuefhyFpjIcmJbqFGJIi",106,0.761194,81,201,48,153,48,48,0,48,48,111,63,48,48,42,42,4
"342",41,"[81]GHdwaCCFqhqjsidKbFAhvIwafndbCLCacAnjjCbrIsLvafJHdndaCIKCebninuuefhyFpjIcmJbqFGJIi",93,0.72549,81,204,56,148,56,56,0,56,56,99,43,56,56,49,49,4
"343",42,"[81]GHdwaCCFqhqjsidKbFAhvIwafndbCLCacAnjjCbrIsLvafJHdndaCIKCebninuuefhyFpjIcmJbqFGJIi",99,0.742574,81,202,52,150,52,52,0,52,52,94,42,52,52,56,56,4
"344",43,"[81]GHdwaCCFqhqjsidKbFAhvIwafndbCLCacAnjjCbrIsLvafJHdndaCIKCebninuuefhyFpjIcmJbqFGJIi",105,0.76,81,200,48,152,48,48,0,48,48,103,55,48,48,49,49,4
"345",44,"[81]GHdwaCCFqhqjsidKbFAhvIwafndbCLCacAnjjCbrIsLvafJHdndaCIKCebninuuefhyFpjIcmJbqFGJIi",108,0.768844,81,199,46,153,46,46,0,46,46,101,55,46,46,52,52,4
"346",45,"[81]GHdwaCCFqhqjsidKbFAhvIwafndbCLCacAnjjCbrIsLvafJHdndaCIKCebninuuefhyFpjIcmJbqFGJIi",103,0.75,81,204,51,153,51,51,0,51,51,104,53,51,51,49,49,4
"347",46,"[81]GHdwaCCFqhqjsidKbFAhvIwafndbCLCacAnjjCbrIsLvafJHdndaCIKCebninuuefhyFpjIcmJbqFGJIi",107,0.765,81,200,47,153,47,47,0,47,47,97,50,47,47,56,56,4
"348",47,"[81]GHdwaCCFqhqjsidKbFAhvIwafndbCLCacAnjjCbrIsLvafJHdndaCIKCebninuuefhyFpjIcmJbqFGJIi",94,0.731343,81,201,54,147,54,54,0,54,54,104,50,54,54,43,43,4
"349",48,"[81]GHdwaCCFqhqjsidKbFAhvIwafndbCLCacAnjjCbrIsLvafJHdndaCIKCebninuuefhyFpjIcmJbqFGJIi",106,0.761194,81,201,48,153,48,48,0,48,48,103,55,48,48,50,50,4
"350",49,"[81]GHdwaCCFqhqjsidKbFAhvIwafndbCLCacAnjjCbrIsLvafJHdndaCIKCebninuuefhyFpjIcmJbqFGJIi",107,0.762376,81,202,48,154,48,48,0,48,48,108,60,48,48,46,46,4
"351",50,"[81]GHdwaCCFqhqjsidKbFAhvIwafndbCLCacAnjjCbrIsLvafJHdndaCIKCebninuuefhyFpjIcmJbqFGJIi",99,0.742574,81,202,52,150,52,52,0,52,52,94,42,52,52,56,56,4
"352",51,"[81]GHdwaCCFqhqjsidKbFAhvIwafndbCLCacAnjjCbrIsLvafJHdndaCIKCebninuuefhyFpjIcmJbqFGJIi",94,0.731343,81,201,54,147,54,54,0,54,54,97,43,54,54,50,50,4
"353",52,"[81]GHdwaCCFqhqjsidKbFAhvIwafndbCLCacAnjjCbrIsLvafJHdndaCIKCebninuuefhyFpjIcmJbqFGJIi",118,0.79397,81,199,41,158,41,41,0,41,41,94,53,41,41,64,64,4
"354",53,"[81]GHdwaCCFqhqjsidKbFAhvIwafndbCLCacAnjjCbrIsLvafJHdndaCIKCebninuuefhyFpjIcmJbqFGJIi",102,0.751244,81,201,50,151,50,50,0,50,50,108,58,50,50,43,43,4
"355",54,"[81]GHdwaCCFqhqjsidKbFAhvIwafndbCLCacAnjjCbrIsLvafJHdndaCIKCebninuuefhyFpjIcmJbqFGJIi",97,0.737624,81,202,53,149,53,53,0,53,53,99,46,53,53,50,50,4
"356",55,"[81]GHdwaCCFqhqjsidKbFAhvIwafndbCLCacAnjjCbrIsLvafJHdndaCIKCebninuuefhyFpjIcmJbqFGJIi",94,0.731343,81,201,54,147,54,54,0,54,54,100,46,54,54,47,47,4
"357",56,"[81]GHdwaCCFqhqjsidKbFAhvIwafndbCLCacAnjjCbrIsLvafJHdndaCIKCebninuuefhyFpjIcmJbqFGJIi",101,0.75,81,200,50,150,50,50,0,50,50,94,44,50,50,56,56,4
"358",57,"[81]GHdwaCCFqhqjsidKbFAhvIwafndbCLCacAnjjCbrIsLvafJHdndaCIKCebninuuefhyFpjIcmJbqFGJIi",106,0.761194,81,201,48,153,48,48,0,48,48,108,60,48,48,45,45,4
"359",58,"[81]GHdwaCCFqhqjsidKbFAhvIwafndbCLCacAnjjCbrIsLvafJHdndaCIKCebninuuefhyFpjIcmJbqFGJIi",101,0.75,81,200,50,150,50,50,0,50,50,101,51,50,50,49,49,4
"360",59,"[81]GHdwaCCFqhqjsidKbFAhvIwafndbCLCacAnjjCbrIsLvafJHdndaCIKCebninuuefhyFpjIcmJbqFGJIi",99,0.742574,81,202,52,150,52,52,0,52,52,97,45,52,52,53,53,4
"361",60,"[81]GHdwaCCFqhqjsidKbFAhvIwafndbCLCacAnjjCbrIsLvafJHdndaCIKCebninuuefhyFpjIcmJbqFGJIi",122,0.807107,81,197,38,159,38,38,0,38,38,108,70,38,38,51,51,4
"362",61,"[81]GHdwaCCFqhqjsidKbFAhvIwafndbCLCacAnjjCbrIsLvafJHdndaCIKCebninuuefhyFpjIcmJbqFGJIi",108,0.768844,81,199,46,153,46,46,0,46,46,94,48,46,46,59,59,4
"363",62,"[81]GHdwaCCFqhqjsidKbFAhvIwafndbCLCacAnjjCbrIsLvafJHdndaCIKCebninuuefhyFpjIcmJbqFGJIi",105,0.76,81,200,48,152,48,48,0,48,48,107,59,48,48,45,45,4
"364",63,"[81]GHdwaCCFqhqjsidKbFAhvIwafndbCLCacAnjjCbrIsLvafJHdndaCIKCebninuuefhyFpjIcmJbqFGJIi",87,0.708738,81,206,60,146,60,60,0,60,60,104,44,60,60,42,42,4
"365",64,"[81]GHdwaCCFqhqjsidKbFAhvIwafndbCLCacAnjjCbrIsLvafJHdndaCIKCebninuuefhyFpjIcmJbqFGJIi",112,0.778894,81,199,44,155,44,44,0,44,44,99,55,44,44,56,56,4
"366",65,"[81]GHdwaCCFqhqjsidKbFAhvIwafndbCLCacAnjjCbrIsLvafJHdndaCIKCebninuuefhyFpjIcmJbqFGJIi",103,0.755,81,200,49,151,49,49,0,49,49,110,61,49,49,41,41,4
"367",66,"[81]GHdwaCCFqhqjsidKbFAhvIwafndbCLCacAnjjCbrIsLvafJHdndaCIKCebninuuefhyFpjIcmJbqFGJIi",107,0.765,81,200,47,153,47,47,0,47,47,96,49,47,47,57,57,4
"368",67,"[81]GHdwaCCFqhqjsidKbFAhvIwafndbCLCacAnjjCbrIsLvafJHdndaCIKCebninuuefhyFpjIcmJbqFGJIi",105,0.76,81,200,48,152,48,48,0,48,48,97,49,48,48,55,55,4
"369",68,"[81]GHdwaCCFqhqjsidKbFAhvIwafndbCLCacAnjjCbrIsLvafJHdndaCIKCebninuuefhyFpjIcmJbqFGJIi",106,0.761194,81,201,48,153,48,48,0,48,48,97,49,48,48,56,56,4
"370",69,"[81]GHdwaCCFqhqjsidKbFAhvIwafndbCLCacAnjjCbrIsLvafJHdndaCIKCebninuuefhyFpjIcmJbqFGJIi",103,0.755,81,200,49,151,49,49,0,49,49,97,48,49,49,54,54,4
"371",70,"[81]GHdwaCCFqhqjsidKbFAhvIwafndbCLCacAnjjCbrIsLvafJHdndaCIKCebninuuefhyFpjIcmJbqFGJIi",90,0.719212,81,203,57,146,57,57,0,57,57,104,47,57,57,42,42,4
"372",71,"[81]GHdwaCCFqhqjsidKbFAhvIwafndbCLCacAnjjCbrIsLvafJHdndaCIKCebninuuefhyFpjIcmJbqFGJIi",113,0.78,81,200,44,156,44,44,0,44,44,110,66,44,44,46,46,4
"373",72,"[81]GHdwaCCFqhqjsidKbFAhvIwafndbCLCacAnjjCbrIsLvafJHdndaCIKCebninuuefhyFpjIcmJbqFGJIi",98,0.741294,81,201,52,149,52,52,0,52,52,101,49,52,52,48,48,4
"374",73,"[81]GHdwaCCFqhqjsidKbFAhvIwafndbCLCacAnjjCbrIsLvafJHdndaCIKCebninuuefhyFpjIcmJbqFGJIi",105,0.76,81,200,48,152,48,48,0,48,48,107,59,48,48,45,45,4
"375",74,"[81]GHdwaCCFqhqjsidKbFAhvIwafndbCLCacAnjjCbrIsLvafJHdndaCIKCebninuuefhyFpjIcmJbqFGJIi",93,0.72549,81,204,56,148,56,56,0,56,56,103,47,56,56,45,45,4
"376",75,"[81]GHdwaCCFqhqjsidKbFAhvIwafndbCLCacAnjjCbrIsLvafJHdndaCIKCebninuuefhyFpjIcmJbqFGJIi",98,0.741294,81,201,52,149,52,52,0,52,52,107,55,52,52,42,42,4
"377",76,"[81]GHdwaCCFqhqjsidKbFAhvIwafndbCLCacAnjjCbrIsLvafJHdndaCIKCebninuuefhyFpjIcmJbqFGJIi",101,0.75,81,200,50,150,50,50,0,50,50,100,50,50,50,50,50,4
"378",77,"[81]GHdwaCCFqhqjsidKbFAhvIwafndbCLCacAnjjCbrIsLvafJHdndaCIKCebninuuefhyFpjIcmJbqFGJIi",101,0.747525,81,202,51,151,51,51,0,51,51,100,49,51,51,51,51,4
"379",78,"[81]GHdwaCCFqhqjsidKbFAhvIwafndbCLCacAnjjCbrIsLvafJHdndaCIKCebninuuefhyFpjIcmJbqFGJIi",109,0.767327,81,202,47,155,47,47,0,47,47,106,59,47,47,49,49,4
"380",79,"[81]GHdwaCCFqhqjsidKbFAhvIwafndbCLCacAnjjCbrIsLvafJHdndaCIKCebninuuefhyFpjIcmJbqFGJIi",104,0.756219,81,201,49,152,49,49,0,49,49,108,59,49,49,44,44,4
"381",80,"[81]GHdwaCCFqhqjsidKbFAhvIwafndbCLCacAnjjCbrIsLvafJHdndaCIKCebninuuefhyFpjIcmJbqFGJIi",130,0.824121,81,199,35,164,35,35,0,35,35,104,69,35,35,60,60,4
"382",81,"[81]GHdwaCCFqhqjsidKbFAhvIwafndbCLCacAnjjCbrIsLvafJHdndaCIKCebninuuefhyFpjIcmJbqFGJIi",101,0.75,81,200,50,150,50,50,0,50,50,97,47,50,50,53,53,4
"383",82,"[81]GHdwaCCFqhqjsidKbFAhvIwafndbCLCacAnjjCbrIsLvafJHdndaCIKCebninuuefhyFpjIcmJbqFGJIi",92,0.724138,81,203,56,147,56,56,0,56,56,107,51,56,56,40,40,4
"384",83,"[81]GHdwaCCFqhqjsidKbFAhvIwafndbCLCacAnjjCbrIsLvafJHdndaCIKCebninuuefhyFpjIcmJbqFGJIi",93,0.72549,81,204,56,148,56,56,0,56,56,109,53,56,56,39,39,4
"385",84,"[81]GHdwaCCFqhqjsidKbFAhvIwafndbCLCacAnjjCbrIsLvafJHdndaCIKCebninuuefhyFpjIcmJbqFGJIi",112,0.778894,81,199,44,155,44,44,0,44,44,99,55,44,44,56,56,4
"386",85,"[81]GHdwaCCFqhqjsidKbFAhvIwafndbCLCacAnjjCbrIsLvafJHdndaCIKCebninuuefhyFpjIcmJbqFGJIi",96,0.736318,81,201,53,148,53,53,0,53,53,96,43,53,53,52,52,4
"387",86,"[81]GHdwaCCFqhqjsidKbFAhvIwafndbCLCacAnjjCbrIsLvafJHdndaCIKCebninuuefhyFpjIcmJbqFGJIi",101,0.75,81,200,50,150,50,50,0,50,50,96,46,50,50,54,54,4
"388",87,"[81]GHdwaCCFqhqjsidKbFAhvIwafndbCLCacAnjjCbrIsLvafJHdndaCIKCebninuuefhyFpjIcmJbqFGJIi",91,0.720588,81,204,57,147,57,57,0,57,57,99,42,57,57,48,48,4
"389",88,"[81]GHdwaCCFqhqjsidKbFAhvIwafndbCLCacAnjjCbrIsLvafJHdndaCIKCebninuuefhyFpjIcmJbqFGJIi",116,0.788945,81,199,42,157,42,42,0,42,42,95,53,42,42,62,62,4
"390",89,"[81]GHdwaCCFqhqjsidKbFAhvIwafndbCLCacAnjjCbrIsLvafJHdndaCIKCebninuuefhyFpjIcmJbqFGJIi",112,0.778894,81,199,44,155,44,44,0,44,44,110,66,44,44,45,45,4
"391",90,"[81]GHdwaCCFqhqjsidKbFAhvIwafndbCLCacAnjjCbrIsLvafJHdndaCIKCebninuuefhyFpjIcmJbqFGJIi",97,0.737624,81,202,53,149,53,53,0,53,53,90,37,53,53,59,59,4
"392",91,"[81]GHdwaCCFqhqjsidKbFAhvIwafndbCLCacAnjjCbrIsLvafJHdndaCIKCebninuuefhyFpjIcmJbqFGJIi",114,0.78392,81,199,43,156,43,43,0,43,43,99,56,43,43,57,57,4
"393",92,"[81]GHdwaCCFqhqjsidKbFAhvIwafndbCLCacAnjjCbrIsLvafJHdndaCIKCebninuuefhyFpjIcmJbqFGJIi",110,0.773869,81,199,45,154,45,45,0,45,45,101,56,45,45,53,53,4
"394",93,"[81]GHdwaCCFqhqjsidKbFAhvIwafndbCLCacAnjjCbrIsLvafJHdndaCIKCebninuuefhyFpjIcmJbqFGJIi",105,0.76,81,200,48,152,48,48,0,48,48,91,43,48,48,61,61,4
"395",94,"[81]GHdwaCCFqhqjsidKbFAhvIwafndbCLCacAnjjCbrIsLvafJHdndaCIKCebninuuefhyFpjIcmJbqFGJIi",105,0.76,81,200,48,152,48,48,0,48,48,103,55,48,48,49,49,4
"396",95,"[81]GHdwaCCFqhqjsidKbFAhvIwafndbCLCacAnjjCbrIsLvafJHdndaCIKCebninuuefhyFpjIcmJbqFGJIi",113,0.777228,81,202,45,157,45,45,0,45,45,99,54,45,45,58,58,4
"397",96,"[81]GHdwaCCFqhqjsidKbFAhvIwafndbCLCacAnjjCbrIsLvafJHdndaCIKCebninuuefhyFpjIcmJbqFGJIi",113,0.78,81,200,44,156,44,44,0,44,44,99,55,44,44,57,57,4
"398",97,"[81]GHdwaCCFqhqjsidKbFAhvIwafndbCLCacAnjjCbrIsLvafJHdndaCIKCebninuuefhyFpjIcmJbqFGJIi",93,0.727723,81,202,55,147,55,55,0,55,55,98,43,55,55,49,49,4
"399",98,"[81]GHdwaCCFqhqjsidKbFAhvIwafndbCLCacAnjjCbrIsLvafJHdndaCIKCebninuuefhyFpjIcmJbqFGJIi",97,0.737624,81,202,53,149,53,53,0,53,53,108,55,53,53,41,41,4
"400",99,"[81]GHdwaCCFqhqjsidKbFAhvIwafndbCLCacAnjjCbrIsLvafJHdndaCIKCebninuuefhyFpjIcmJbqFGJIi",103,0.755,81,200,49,151,49,49,0,49,49,95,46,49,49,56,56,4
"401",0,"[79]GjfffHdwaCHBHuxgtrywandbCLCecLGwafofCJBdHdwendfCIKqoonBeaCecxafwendaCJCafqjrleK",106,1,79,105,0,105,0,0,0,0,0,30,30,43,43,32,32,5
"402",1,"[79]GjfffHdwaCHBHuxgtrywandbCLCecLGwafofCJBdHdwendfCIKqoonBeaCecxafwendaCJCafqjrleK",107,0.990741,79,108,1,107,1,1,0,1,1,33,32,40,40,35,35,5
"403",2,"[79]GjfffHdwaCHBHuxgtrywandbCLCecLGwafofCJBdHdwendfCIKqoonBeaCecxafwendaCJCafqjrleK",102,0.980952,79,105,2,103,2,2,0,2,2,43,41,35,35,27,27,5
"404",3,"[79]GjfffHdwaCHBHuxgtrywandbCLCecLGwafofCJBdHdwendfCIKqoonBeaCecxafwendaCJCafqjrleK",110,1,79,109,0,109,0,0,0,0,0,30,30,39,39,40,40,5
"405",4,"[79]GjfffHdwaCHBHuxgtrywandbCLCecLGwafofCJBdHdwendfCIKqoonBeaCecxafwendaCJCafqjrleK",111,0.991071,79,112,1,111,1,1,0,1,1,40,39,28,28,44,44,5
"406",5,"[79]GjfffHdwaCHBHuxgtrywandbCLCecLGwafofCJBdHdwendfCIKqoonBeaCecxafwendaCJCafqjrleK",106,1,79,105,0,105,0,0,0,0,0,44,44,32,32,29,29,5
"407",6,"[79]GjfffHdwaCHBHuxgtrywandbCLCecLGwafofCJBdHdwendfCIKqoonBeaCecxafwendaCJCafqjrleK",107,1,79,106,0,106,0,0,0,0,0,34,34,39,39,33,33,5
"408",7,"[79]GjfffHdwaCHBHuxgtrywandbCLCecLGwafofCJBdHdwendfCIKqoonBeaCecxafwendaCJCafqjrleK",100,0.971429,79,105,3,102,3,3,0,3,3,43,40,37,37,25,25,5
"409",8,"[79]GjfffHdwaCHBHuxgtrywandbCLCecLGwafofCJBdHdwendfCIKqoonBeaCecxafwendaCJCafqjrleK",112,1,79,111,0,111,0,0,0,0,0,34,34,33,33,44,44,5
"410",9,"[79]GjfffHdwaCHBHuxgtrywandbCLCecLGwafofCJBdHdwendfCIKqoonBeaCecxafwendaCJCafqjrleK",108,1,79,107,0,107,0,0,0,0,0,38,38,34,34,35,35,5
"411",10,"[79]GjfffHdwaCHBHuxgtrywandbCLCecLGwafofCJBdHdwendfCIKqoonBeaCecxafwendaCJCafqjrleK",106,0.981651,79,109,2,107,2,2,0,2,2,37,35,36,36,36,36,5
"412",11,"[79]GjfffHdwaCHBHuxgtrywandbCLCecLGwafofCJBdHdwendfCIKqoonBeaCecxafwendaCJCafqjrleK",119,1,79,118,0,118,0,0,0,0,0,31,31,28,28,59,59,5
"413",12,"[79]GjfffHdwaCHBHuxgtrywandbCLCecLGwafofCJBdHdwendfCIKqoonBeaCecxafwendaCJCafqjrleK",110,0.982301,79,113,2,111,2,2,0,2,2,40,38,29,29,44,44,5
"414",13,"[79]GjfffHdwaCHBHuxgtrywandbCLCecLGwafofCJBdHdwendfCIKqoonBeaCecxafwendaCJCafqjrleK",107,1,79,106,0,106,0,0,0,0,0,35,35,39,39,32,32,5
"415",14,"[79]GjfffHdwaCHBHuxgtrywandbCLCecLGwafofCJBdHdwendfCIKqoonBeaCecxafwendaCJCafqjrleK",110,0.990991,79,111,1,110,1,1,0,1,1,38,37,32,32,41,41,5
"416",15,"[79]GjfffHdwaCHBHuxgtrywandbCLCecLGwafofCJBdHdwendfCIKqoonBeaCecxafwendaCJCafqjrleK",107,0.990741,79,108,1,107,1,1,0,1,1,29,28,42,42,37,37,5
"417",16,"[79]GjfffHdwaCHBHuxgtrywandbCLCecLGwafofCJBdHdwendfCIKqoonBeaCecxafwendaCJCafqjrleK",102,0.963303,79,109,4,105,4,4,0,4,4,41,37,36,36,32,32,5
"418",17,"[79]GjfffHdwaCHBHuxgtrywandbCLCecLGwafofCJBdHdwendfCIKqoonBeaCecxafwendaCJCafqjrleK",104,0.981308,79,107,2,105,2,2,0,2,2,42,40,35,35,30,30,5
"419",18,"[79]GjfffHdwaCHBHuxgtrywandbCLCecLGwafofCJBdHdwendfCIKqoonBeaCecxafwendaCJCafqjrleK",106,1,79,105,0,105,0,0,0,0,0,40,40,36,36,29,29,5
"420",19,"[79]GjfffHdwaCHBHuxgtrywandbCLCecLGwafofCJBdHdwendfCIKqoonBeaCecxafwendaCJCafqjrleK",111,1,79,110,0,110,0,0,0,0,0,36,36,34,34,40,40,5
"421",20,"[79]GjfffHdwaCHBHuxgtrywandbCLCecLGwafofCJBdHdwendfCIKqoonBeaCecxafwendaCJCafqjrleK",115,1,79,114,0,114,0,0,0,0,0,36,36,29,29,49,49,5
"422",21,"[79]GjfffHdwaCHBHuxgtrywandbCLCecLGwafofCJBdHdwendfCIKqoonBeaCecxafwendaCJCafqjrleK",107,0.990741,79,108,1,107,1,1,0,1,1,36,35,36,36,36,36,5
"423",22,"[79]GjfffHdwaCHBHuxgtrywandbCLCecLGwafofCJBdHdwendfCIKqoonBeaCecxafwendaCJCafqjrleK",108,0.990826,79,109,1,108,1,1,0,1,1,41,40,32,32,36,36,5
"424",23,"[79]GjfffHdwaCHBHuxgtrywandbCLCecLGwafofCJBdHdwendfCIKqoonBeaCecxafwendaCJCafqjrleK",110,1,79,109,0,109,0,0,0,0,0,36,36,34,34,39,39,5
"425",24,"[79]GjfffHdwaCHBHuxgtrywandbCLCecLGwafofCJBdHdwendfCIKqoonBeaCecxafwendaCJCafqjrleK",106,1,79,105,0,105,0,0,0,0,0,38,38,36,36,31,31,5
"426",25,"[79]GjfffHdwaCHBHuxgtrywandbCLCecLGwafofCJBdHdwendfCIKqoonBeaCecxafwendaCJCafqjrleK",105,0.972727,79,110,3,107,3,3,0,3,3,41,38,33,33,36,36,5
"427",26,"[79]GjfffHdwaCHBHuxgtrywandbCLCecLGwafofCJBdHdwendfCIKqoonBeaCecxafwendaCJCafqjrleK",97,0.961538,79,104,4,100,4,4,0,4,4,53,49,30,30,21,21,5
"428",27,"[79]GjfffHdwaCHBHuxgtrywandbCLCecLGwafofCJBdHdwendfCIKqoonBeaCecxafwendaCJCafqjrleK",100,0.930435,79,115,8,107,8,8,0,8,8,37,29,38,38,40,40,5
"429",28,"[79]GjfffHdwaCHBHuxgtrywandbCLCecLGwafofCJBdHdwendfCIKqoonBeaCecxafwendaCJCafqjrleK",104,1,79,103,0,103,0,0,0,0,0,37,37,39,39,27,27,5
"430",29,"[79]GjfffHdwaCHBHuxgtrywandbCLCecLGwafofCJBdHdwendfCIKqoonBeaCecxafwendaCJCafqjrleK",108,0.981982,79,111,2,109,2,2,0,2,2,35,33,35,35,41,41,5
"431",30,"[79]GjfffHdwaCHBHuxgtrywandbCLCecLGwafofCJBdHdwendfCIKqoonBeaCecxafwendaCJCafqjrleK",111,0.991071,79,112,1,111,1,1,0,1,1,42,41,27,27,43,43,5
"432",31,"[79]GjfffHdwaCHBHuxgtrywandbCLCecLGwafofCJBdHdwendfCIKqoonBeaCecxafwendaCJCafqjrleK",108,1,79,107,0,107,0,0,0,0,0,40,40,32,32,35,35,5
"433",32,"[79]GjfffHdwaCHBHuxgtrywandbCLCecLGwafofCJBdHdwendfCIKqoonBeaCecxafwendaCJCafqjrleK",110,1,79,109,0,109,0,0,0,0,0,23,23,46,46,40,40,5
"434",33,"[79]GjfffHdwaCHBHuxgtrywandbCLCecLGwafofCJBdHdwendfCIKqoonBeaCecxafwendaCJCafqjrleK",110,1,79,109,0,109,0,0,0,0,0,33,33,37,37,39,39,5
"435",34,"[79]GjfffHdwaCHBHuxgtrywandbCLCecLGwafofCJBdHdwendfCIKqoonBeaCecxafwendaCJCafqjrleK",105,0.972727,79,110,3,107,3,3,0,3,3,34,31,39,39,37,37,5
"436",35,"[79]GjfffHdwaCHBHuxgtrywandbCLCecLGwafofCJBdHdwendfCIKqoonBeaCecxafwendaCJCafqjrleK",112,0.99115,79,113,1,112,1,1,0,1,1,33,32,34,34,46,46,5
"437",36,"[79]GjfffHdwaCHBHuxgtrywandbCLCecLGwafofCJBdHdwendfCIKqoonBeaCecxafwendaCJCafqjrleK",106,1,79,105,0,105,0,0,0,0,0,37,37,37,37,31,31,5
"438",37,"[79]GjfffHdwaCHBHuxgtrywandbCLCecLGwafofCJBdHdwendfCIKqoonBeaCecxafwendaCJCafqjrleK",105,0.990566,79,106,1,105,1,1,0,1,1,28,27,46,46,32,32,5
"439",38,"[79]GjfffHdwaCHBHuxgtrywandbCLCecLGwafofCJBdHdwendfCIKqoonBeaCecxafwendaCJCafqjrleK",106,0.990654,79,107,1,106,1,1,0,1,1,37,36,38,38,32,32,5
"440",39,"[79]GjfffHdwaCHBHuxgtrywandbCLCecLGwafofCJBdHdwendfCIKqoonBeaCecxafwendaCJCafqjrleK",108,1,79,107,0,107,0,0,0,0,0,42,42,31,31,34,34,5
"441",40,"[79]GjfffHdwaCHBHuxgtrywandbCLCecLGwafofCJBdHdwendfCIKqoonBeaCecxafwendaCJCafqjrleK",109,1,79,108,0,108,0,0,0,0,0,36,36,35,35,37,37,5
"442",41,"[79]GjfffHdwaCHBHuxgtrywandbCLCecLGwafofCJBdHdwendfCIKqoonBeaCecxafwendaCJCafqjrleK",110,1,79,109,0,109,0,0,0,0,0,31,31,38,38,40,40,5
"443",42,"[79]GjfffHdwaCHBHuxgtrywandbCLCecLGwafofCJBdHdwendfCIKqoonBeaCecxafwendaCJCafqjrleK",101,0.980769,79,104,2,102,2,2,0,2,2,41,39,38,38,25,25,5
"444",43,"[79]GjfffHdwaCHBHuxgtrywandbCLCecLGwafofCJBdHdwendfCIKqoonBeaCecxafwendaCJCafqjrleK",103,0.972222,79,108,3,105,3,3,0,3,3,36,33,39,39,33,33,5
"445",44,"[79]GjfffHdwaCHBHuxgtrywandbCLCecLGwafofCJBdHdwendfCIKqoonBeaCecxafwendaCJCafqjrleK",109,1,79,108,0,108,0,0,0,0,0,35,35,36,36,37,37,5
"446",45,"[79]GjfffHdwaCHBHuxgtrywandbCLCecLGwafofCJBdHdwendfCIKqoonBeaCecxafwendaCJCafqjrleK",101,0.938596,79,114,7,107,7,7,0,7,7,44,37,32,32,38,38,5
"447",46,"[79]GjfffHdwaCHBHuxgtrywandbCLCecLGwafofCJBdHdwendfCIKqoonBeaCecxafwendaCJCafqjrleK",104,0.981308,79,107,2,105,2,2,0,2,2,41,39,34,34,32,32,5
"448",47,"[79]GjfffHdwaCHBHuxgtrywandbCLCecLGwafofCJBdHdwendfCIKqoonBeaCecxafwendaCJCafqjrleK",109,1,79,108,0,108,0,0,0,0,0,39,39,33,33,36,36,5
"449",48,"[79]GjfffHdwaCHBHuxgtrywandbCLCecLGwafofCJBdHdwendfCIKqoonBeaCecxafwendaCJCafqjrleK",106,1,79,105,0,105,0,0,0,0,0,30,30,43,43,32,32,5
"450",49,"[79]GjfffHdwaCHBHuxgtrywandbCLCecLGwafofCJBdHdwendfCIKqoonBeaCecxafwendaCJCafqjrleK",107,1,79,106,0,106,0,0,0,0,0,32,32,40,40,34,34,5
"451",50,"[79]GjfffHdwaCHBHuxgtrywandbCLCecLGwafofCJBdHdwendfCIKqoonBeaCecxafwendaCJCafqjrleK",104,0.990476,79,105,1,104,1,1,0,1,1,36,35,40,40,29,29,5
"452",51,"[79]GjfffHdwaCHBHuxgtrywandbCLCecLGwafofCJBdHdwendfCIKqoonBeaCecxafwendaCJCafqjrleK",98,0.953271,79,107,5,102,5,5,0,5,5,45,40,36,36,26,26,5
"453",52,"[79]GjfffHdwaCHBHuxgtrywandbCLCecLGwafofCJBdHdwendfCIKqoonBeaCecxafwendaCJCafqjrleK",109,1,79,108,0,108,0,0,0,0,0,37,37,34,34,37,37,5
"454",53,"[79]GjfffHdwaCHBHuxgtrywandbCLCecLGwafofCJBdHdwendfCIKqoonBeaCecxafwendaCJCafqjrleK",104,1,79,103,0,103,0,0,0,0,0,35,35,41,41,27,27,5
"455",54,"[79]GjfffHdwaCHBHuxgtrywandbCLCecLGwafofCJBdHdwendfCIKqoonBeaCecxafwendaCJCafqjrleK",107,0.973214,79,112,3,109,3,3,0,3,3,32,29,38,38,42,42,5
"456",55,"[79]GjfffHdwaCHBHuxgtrywandbCLCecLGwafofCJBdHdwendfCIKqoonBeaCecxafwendaCJCafqjrleK",106,1,79,105,0,105,0,0,0,0,0,41,41,35,35,29,29,5
"457",56,"[79]GjfffHdwaCHBHuxgtrywandbCLCecLGwafofCJBdHdwendfCIKqoonBeaCecxafwendaCJCafqjrleK",108,0.990826,79,109,1,108,1,1,0,1,1,32,31,40,40,37,37,5
"458",57,"[79]GjfffHdwaCHBHuxgtrywandbCLCecLGwafofCJBdHdwendfCIKqoonBeaCecxafwendaCJCafqjrleK",107,1,79,106,0,106,0,0,0,0,0,36,36,38,38,32,32,5
"459",58,"[79]GjfffHdwaCHBHuxgtrywandbCLCecLGwafofCJBdHdwendfCIKqoonBeaCecxafwendaCJCafqjrleK",106,0.990654,79,107,1,106,1,1,0,1,1,43,42,31,31,33,33,5
"460",59,"[79]GjfffHdwaCHBHuxgtrywandbCLCecLGwafofCJBdHdwendfCIKqoonBeaCecxafwendaCJCafqjrleK",107,0.990741,79,108,1,107,1,1,0,1,1,46,45,28,28,34,34,5
"461",60,"[79]GjfffHdwaCHBHuxgtrywandbCLCecLGwafofCJBdHdwendfCIKqoonBeaCecxafwendaCJCafqjrleK",109,1,79,108,0,108,0,0,0,0,0,26,26,44,44,38,38,5
"462",61,"[79]GjfffHdwaCHBHuxgtrywandbCLCecLGwafofCJBdHdwendfCIKqoonBeaCecxafwendaCJCafqjrleK",111,1,79,110,0,110,0,0,0,0,0,29,29,40,40,41,41,5
"463",62,"[79]GjfffHdwaCHBHuxgtrywandbCLCecLGwafofCJBdHdwendfCIKqoonBeaCecxafwendaCJCafqjrleK",109,0.990909,79,110,1,109,1,1,0,1,1,35,34,36,36,39,39,5
"464",63,"[79]GjfffHdwaCHBHuxgtrywandbCLCecLGwafofCJBdHdwendfCIKqoonBeaCecxafwendaCJCafqjrleK",107,1,79,106,0,106,0,0,0,0,0,28,28,45,45,33,33,5
"465",64,"[79]GjfffHdwaCHBHuxgtrywandbCLCecLGwafofCJBdHdwendfCIKqoonBeaCecxafwendaCJCafqjrleK",109,1,79,108,0,108,0,0,0,0,0,37,37,34,34,37,37,5
"466",65,"[79]GjfffHdwaCHBHuxgtrywandbCLCecLGwafofCJBdHdwendfCIKqoonBeaCecxafwendaCJCafqjrleK",106,0.990654,79,107,1,106,1,1,0,1,1,47,46,29,29,31,31,5
"467",66,"[79]GjfffHdwaCHBHuxgtrywandbCLCecLGwafofCJBdHdwendfCIKqoonBeaCecxafwendaCJCafqjrleK",105,0.981481,79,108,2,106,2,2,0,2,2,35,33,39,39,34,34,5
"468",67,"[79]GjfffHdwaCHBHuxgtrywandbCLCecLGwafofCJBdHdwendfCIKqoonBeaCecxafwendaCJCafqjrleK",106,1,79,105,0,105,0,0,0,0,0,37,37,38,38,30,30,5
"469",68,"[79]GjfffHdwaCHBHuxgtrywandbCLCecLGwafofCJBdHdwendfCIKqoonBeaCecxafwendaCJCafqjrleK",112,1,79,111,0,111,0,0,0,0,0,38,38,31,31,42,42,5
"470",69,"[79]GjfffHdwaCHBHuxgtrywandbCLCecLGwafofCJBdHdwendfCIKqoonBeaCecxafwendaCJCafqjrleK",108,0.990826,79,109,1,108,1,1,0,1,1,39,38,33,33,37,37,5
"471",70,"[79]GjfffHdwaCHBHuxgtrywandbCLCecLGwafofCJBdHdwendfCIKqoonBeaCecxafwendaCJCafqjrleK",105,1,79,104,0,104,0,0,0,0,0,36,36,39,39,29,29,5
"472",71,"[79]GjfffHdwaCHBHuxgtrywandbCLCecLGwafofCJBdHdwendfCIKqoonBeaCecxafwendaCJCafqjrleK",109,0.973684,79,114,3,111,3,3,0,3,3,37,34,33,33,44,44,5
"473",72,"[79]GjfffHdwaCHBHuxgtrywandbCLCecLGwafofCJBdHdwendfCIKqoonBeaCecxafwendaCJCafqjrleK",116,0.991453,79,117,1,116,1,1,0,1,1,36,35,27,27,54,54,5
"474",73,"[79]GjfffHdwaCHBHuxgtrywandbCLCecLGwafofCJBdHdwendfCIKqoonBeaCecxafwendaCJCafqjrleK",115,1,79,114,0,114,0,0,0,0,0,35,35,30,30,49,49,5
"475",74,"[79]GjfffHdwaCHBHuxgtrywandbCLCecLGwafofCJBdHdwendfCIKqoonBeaCecxafwendaCJCafqjrleK",104,0.947826,79,115,6,109,6,6,0,6,6,38,32,35,35,42,42,5
"476",75,"[79]GjfffHdwaCHBHuxgtrywandbCLCecLGwafofCJBdHdwendfCIKqoonBeaCecxafwendaCJCafqjrleK",106,1,79,105,0,105,0,0,0,0,0,35,35,39,39,31,31,5
"477",76,"[79]GjfffHdwaCHBHuxgtrywandbCLCecLGwafofCJBdHdwendfCIKqoonBeaCecxafwendaCJCafqjrleK",106,1,79,105,0,105,0,0,0,0,0,38,38,36,36,31,31,5
"478",77,"[79]GjfffHdwaCHBHuxgtrywandbCLCecLGwafofCJBdHdwendfCIKqoonBeaCecxafwendaCJCafqjrleK",112,1,79,111,0,111,0,0,0,0,0,35,35,33,33,43,43,5
"479",78,"[79]GjfffHdwaCHBHuxgtrywandbCLCecLGwafofCJBdHdwendfCIKqoonBeaCecxafwendaCJCafqjrleK",110,0.990991,79,111,1,110,1,1,0,1,1,39,38,31,31,41,41,5
"480",79,"[79]GjfffHdwaCHBHuxgtrywandbCLCecLGwafofCJBdHdwendfCIKqoonBeaCecxafwendaCJCafqjrleK",113,1,79,112,0,112,0,0,0,0,0,42,42,25,25,45,45,5
"481",80,"[79]GjfffHdwaCHBHuxgtrywandbCLCecLGwafofCJBdHdwendfCIKqoonBeaCecxafwendaCJCafqjrleK",107,0.990741,79,108,1,107,1,1,0,1,1,37,36,36,36,35,35,5
"482",81,"[79]GjfffHdwaCHBHuxgtrywandbCLCecLGwafofCJBdHdwendfCIKqoonBeaCecxafwendaCJCafqjrleK",104,0.972477,79,109,3,106,3,3,0,3,3,29,26,44,44,36,36,5
"483",82,"[79]GjfffHdwaCHBHuxgtrywandbCLCecLGwafofCJBdHdwendfCIKqoonBeaCecxafwendaCJCafqjrleK",107,0.990741,79,108,1,107,1,1,0,1,1,43,42,31,31,34,34,5
"484",83,"[79]GjfffHdwaCHBHuxgtrywandbCLCecLGwafofCJBdHdwendfCIKqoonBeaCecxafwendaCJCafqjrleK",114,1,79,113,0,113,0,0,0,0,0,36,36,29,29,48,48,5
"485",84,"[79]GjfffHdwaCHBHuxgtrywandbCLCecLGwafofCJBdHdwendfCIKqoonBeaCecxafwendaCJCafqjrleK",108,1,79,107,0,107,0,0,0,0,0,29,29,42,42,36,36,5
"486",85,"[79]GjfffHdwaCHBHuxgtrywandbCLCecLGwafofCJBdHdwendfCIKqoonBeaCecxafwendaCJCafqjrleK",113,1,79,112,0,112,0,0,0,0,0,39,39,28,28,45,45,5
"487",86,"[79]GjfffHdwaCHBHuxgtrywandbCLCecLGwafofCJBdHdwendfCIKqoonBeaCecxafwendaCJCafqjrleK",109,1,79,108,0,108,0,0,0,0,0,43,43,29,29,36,36,5
"488",87,"[79]GjfffHdwaCHBHuxgtrywandbCLCecLGwafofCJBdHdwendfCIKqoonBeaCecxafwendaCJCafqjrleK",102,0.980952,79,105,2,103,2,2,0,2,2,37,35,41,41,27,27,5
"489",88,"[79]GjfffHdwaCHBHuxgtrywandbCLCecLGwafofCJBdHdwendfCIKqoonBeaCecxafwendaCJCafqjrleK",109,0.990909,79,110,1,109,1,1,0,1,1,29,28,41,41,40,40,5
"490",89,"[79]GjfffHdwaCHBHuxgtrywandbCLCecLGwafofCJBdHdwendfCIKqoonBeaCecxafwendaCJCafqjrleK",107,0.964912,79,114,4,110,4,4,0,4,4,27,23,42,42,45,45,5
"491",90,"[79]GjfffHdwaCHBHuxgtrywandbCLCecLGwafofCJBdHdwendfCIKqoonBeaCecxafwendaCJCafqjrleK",110,0.982301,79,113,2,111,2,2,0,2,2,36,34,33,33,44,44,5
"492",91,"[79]GjfffHdwaCHBHuxgtrywandbCLCecLGwafofCJBdHdwendfCIKqoonBeaCecxafwendaCJCafqjrleK",108,1,79,107,0,107,0,0,0,0,0,36,36,37,37,34,34,5
"493",92,"[79]GjfffHdwaCHBHuxgtrywandbCLCecLGwafofCJBdHdwendfCIKqoonBeaCecxafwendaCJCafqjrleK",105,0.990566,79,106,1,105,1,1,0,1,1,28,27,45,45,33,33,5
"494",93,"[79]GjfffHdwaCHBHuxgtrywandbCLCecLGwafofCJBdHdwendfCIKqoonBeaCecxafwendaCJCafqjrleK",113,1,79,112,0,112,0,0,0,0,0,35,35,31,31,46,46,5
"495",94,"[79]GjfffHdwaCHBHuxgtrywandbCLCecLGwafofCJBdHdwendfCIKqoonBeaCecxafwendaCJCafqjrleK",107,0.990741,79,108,1,107,1,1,0,1,1,41,40,32,32,35,35,5
"496",95,"[79]GjfffHdwaCHBHuxgtrywandbCLCecLGwafofCJBdHdwendfCIKqoonBeaCecxafwendaCJCafqjrleK",111,1,79,110,0,110,0,0,0,0,0,40,40,29,29,41,41,5
"497",96,"[79]GjfffHdwaCHBHuxgtrywandbCLCecLGwafofCJBdHdwendfCIKqoonBeaCecxafwendaCJCafqjrleK",105,1,79,104,0,104,0,0,0,0,0,38,38,37,37,29,29,5
"498",97,"[79]GjfffHdwaCHBHuxgtrywandbCLCecLGwafofCJBdHdwendfCIKqoonBeaCecxafwendaCJCafqjrleK",107,1,79,106,0,106,0,0,0,0,0,33,33,40,40,33,33,5
"499",98,"[79]GjfffHdwaCHBHuxgtrywandbCLCecLGwafofCJBdHdwendfCIKqoonBeaCecxafwendaCJCafqjrleK",108,1,79,107,0,107,0,0,0,0,0,39,39,33,33,35,35,5
"500",99,"[79]GjfffHdwaCHBHuxgtrywandbCLCecLGwafofCJBdHdwendfCIKqoonBeaCecxafwendaCJCafqjrleK",109,0.990909,79,110,1,109,1,1,0,1,1,36,35,34,34,40,40,5
"501",0,"[84]GjfffHdwafndfCICabBhwafndbCLCabqgpwafnfCJBdHdndaCIKqLkrzrDihLovlgpDafwaendaCJCabjaeK",98,0.980198,84,101,2,99,2,2,0,2,2,35,33,37,37,29,29,6
"502",1,"[84]GjfffHdwafndfCICabBhwafndbCLCabqgpwafnfCJBdHdndaCIKqLkrzrDihLovlgpDafwaendaCJCabjaeK",101,1,84,100,0,100,0,0,0,0,0,37,37,33,33,30,30,6
"503",2,"[84]GjfffHdwafndfCICabBhwafndbCLCabqgpwafnfCJBdHdndaCIKqLkrzrDihLovlgpDafwaendaCJCabjaeK",102,0.990291,84,103,1,102,1,1,0,1,1,33,32,35,35,35,35,6
"504",3,"[84]GjfffHdwafndfCICabBhwafndbCLCabqgpwafnfCJBdHdndaCIKqLkrzrDihLovlgpDafwaendaCJCabjaeK",102,0.990291,84,103,1,102,1,1,0,1,1,37,37,29,28,37,37,6
"505",4,"[84]GjfffHdwafndfCICabBhwafndbCLCabqgpwafnfCJBdHdndaCIKqLkrzrDihLovlgpDafwaendaCJCabjaeK",99,0.99,84,100,1,99,1,1,0,1,1,36,36,33,32,31,31,6
"506",5,"[84]GjfffHdwafndfCICabBhwafndbCLCabqgpwafnfCJBdHdndaCIKqLkrzrDihLovlgpDafwaendaCJCabjaeK",99,0.99,84,100,1,99,1,1,0,1,1,35,34,37,37,28,28,6
"507",6,"[84]GjfffHdwafndfCICabBhwafndbCLCabqgpwafnfCJBdHdndaCIKqLkrzrDihLovlgpDafwaendaCJCabjaeK",88,0.899083,84,109,11,98,11,11,0,11,11,34,24,36,35,39,39,6
"508",7,"[84]GjfffHdwafndfCICabBhwafndbCLCabqgpwafnfCJBdHdndaCIKqLkrzrDihLovlgpDafwaendaCJCabjaeK",102,0.990291,84,103,1,102,1,1,0,1,1,43,42,27,27,33,33,6
"509",8,"[84]GjfffHdwafndfCICabBhwafndbCLCabqgpwafnfCJBdHdndaCIKqLkrzrDihLovlgpDafwaendaCJCabjaeK",97,0.95283,84,106,5,101,5,5,0,5,5,34,30,33,32,39,39,6
"510",9,"[84]GjfffHdwafndfCICabBhwafndbCLCabqgpwafnfCJBdHdndaCIKqLkrzrDihLovlgpDafwaendaCJCabjaeK",100,0.990099,84,101,1,100,1,1,0,1,1,40,40,27,26,34,34,6
"511",10,"[84]GjfffHdwafndfCICabBhwafndbCLCabqgpwafnfCJBdHdndaCIKqLkrzrDihLovlgpDafwaendaCJCabjaeK",99,0.99,84,100,1,99,1,1,0,1,1,31,31,37,36,32,32,6
"512",11,"[84]GjfffHdwafndfCICabBhwafndbCLCabqgpwafnfCJBdHdndaCIKqLkrzrDihLovlgpDafwaendaCJCabjaeK",102,0.990291,84,103,1,102,1,1,0,1,1,35,34,34,34,34,34,6
"513",12,"[84]GjfffHdwafndfCICabBhwafndbCLCabqgpwafnfCJBdHdndaCIKqLkrzrDihLovlgpDafwaendaCJCabjaeK",101,0.990196,84,102,1,101,1,1,0,1,1,30,30,36,35,36,36,6
"514",13,"[84]GjfffHdwafndfCICabBhwafndbCLCabqgpwafnfCJBdHdndaCIKqLkrzrDihLovlgpDafwaendaCJCabjaeK",102,0.990291,84,103,1,102,1,1,0,1,1,32,32,33,32,38,38,6
"515",14,"[84]GjfffHdwafndfCICabBhwafndbCLCabqgpwafnfCJBdHdndaCIKqLkrzrDihLovlgpDafwaendaCJCabjaeK",101,0.990196,84,102,1,101,1,1,0,1,1,34,34,32,31,36,36,6
"516",15,"[84]GjfffHdwafndfCICabBhwafndbCLCabqgpwafnfCJBdHdndaCIKqLkrzrDihLovlgpDafwaendaCJCabjaeK",84,0.880734,84,109,13,96,13,13,0,13,13,39,26,38,38,32,32,6
"517",16,"[84]GjfffHdwafndfCICabBhwafndbCLCabqgpwafnfCJBdHdndaCIKqLkrzrDihLovlgpDafwaendaCJCabjaeK",84,0.867257,84,113,15,98,15,15,0,15,15,45,30,32,32,36,36,6
"518",17,"[84]GjfffHdwafndfCICabBhwafndbCLCabqgpwafnfCJBdHdndaCIKqLkrzrDihLovlgpDafwaendaCJCabjaeK",101,0.990196,84,102,1,101,1,1,0,1,1,29,29,36,35,37,37,6
"519",18,"[84]GjfffHdwafndfCICabBhwafndbCLCabqgpwafnfCJBdHdndaCIKqLkrzrDihLovlgpDafwaendaCJCabjaeK",99,0.99,84,100,1,99,1,1,0,1,1,32,32,37,36,31,31,6
"520",19,"[84]GjfffHdwafndfCICabBhwafndbCLCabqgpwafnfCJBdHdndaCIKqLkrzrDihLovlgpDafwaendaCJCabjaeK",97,0.989796,84,98,1,97,1,1,0,1,1,39,39,33,32,26,26,6
"521",20,"[84]GjfffHdwafndfCICabBhwafndbCLCabqgpwafnfCJBdHdndaCIKqLkrzrDihLovlgpDafwaendaCJCabjaeK",102,0.990291,84,103,1,102,1,1,0,1,1,27,27,37,36,39,39,6
"522",21,"[84]GjfffHdwafndfCICabBhwafndbCLCabqgpwafnfCJBdHdndaCIKqLkrzrDihLovlgpDafwaendaCJCabjaeK",103,1,84,102,0,102,0,0,0,0,0,35,35,32,32,35,35,6
"523",22,"[84]GjfffHdwafndfCICabBhwafndbCLCabqgpwafnfCJBdHdndaCIKqLkrzrDihLovlgpDafwaendaCJCabjaeK",89,0.923077,84,104,8,96,8,8,0,8,8,40,33,35,34,29,29,6
"524",23,"[84]GjfffHdwafndfCICabBhwafndbCLCabqgpwafnfCJBdHdndaCIKqLkrzrDihLovlgpDafwaendaCJCabjaeK",89,0.9,84,110,11,99,11,11,0,11,11,41,31,37,36,32,32,6
"525",24,"[84]GjfffHdwafndfCICabBhwafndbCLCabqgpwafnfCJBdHdndaCIKqLkrzrDihLovlgpDafwaendaCJCabjaeK",94,0.979381,84,97,2,95,2,2,0,2,2,36,35,40,39,21,21,6
"526",25,"[84]GjfffHdwafndfCICabBhwafndbCLCabqgpwafnfCJBdHdndaCIKqLkrzrDihLovlgpDafwaendaCJCabjaeK",104,0.990476,84,105,1,104,1,1,0,1,1,31,31,30,29,44,44,6
"527",26,"[84]GjfffHdwafndfCICabBhwafndbCLCabqgpwafnfCJBdHdndaCIKqLkrzrDihLovlgpDafwaendaCJCabjaeK",103,1,84,102,0,102,0,0,0,0,0,43,43,26,26,33,33,6
"528",27,"[84]GjfffHdwafndfCICabBhwafndbCLCabqgpwafnfCJBdHdndaCIKqLkrzrDihLovlgpDafwaendaCJCabjaeK",87,0.921569,84,102,8,94,8,8,0,8,8,47,40,32,31,23,23,6
"529",28,"[84]GjfffHdwafndfCICabBhwafndbCLCabqgpwafnfCJBdHdndaCIKqLkrzrDihLovlgpDafwaendaCJCabjaeK",77,0.833333,84,114,19,95,19,19,0,19,19,41,23,38,37,35,35,6
"530",29,"[84]GjfffHdwafndfCICabBhwafndbCLCabqgpwafnfCJBdHdndaCIKqLkrzrDihLovlgpDafwaendaCJCabjaeK",97,0.961538,84,104,4,100,4,4,0,4,4,39,36,31,30,34,34,6
"531",30,"[84]GjfffHdwafndfCICabBhwafndbCLCabqgpwafnfCJBdHdndaCIKqLkrzrDihLovlgpDafwaendaCJCabjaeK",96,0.93578,84,109,7,102,7,7,0,7,7,45,38,25,25,39,39,6
"532",31,"[84]GjfffHdwafndfCICabBhwafndbCLCabqgpwafnfCJBdHdndaCIKqLkrzrDihLovlgpDafwaendaCJCabjaeK",97,0.989796,84,98,1,97,1,1,0,1,1,31,31,39,38,28,28,6
"533",32,"[84]GjfffHdwafndfCICabBhwafndbCLCabqgpwafnfCJBdHdndaCIKqLkrzrDihLovlgpDafwaendaCJCabjaeK",99,0.971154,84,104,3,101,3,3,0,3,3,44,42,27,26,33,33,6
"534",33,"[84]GjfffHdwafndfCICabBhwafndbCLCabqgpwafnfCJBdHdndaCIKqLkrzrDihLovlgpDafwaendaCJCabjaeK",98,0.989899,84,99,1,98,1,1,0,1,1,33,33,37,36,29,29,6
"535",34,"[84]GjfffHdwafndfCICabBhwafndbCLCabqgpwafnfCJBdHdndaCIKqLkrzrDihLovlgpDafwaendaCJCabjaeK",102,0.990291,84,103,1,102,1,1,0,1,1,43,43,23,22,37,37,6
"536",35,"[84]GjfffHdwafndfCICabBhwafndbCLCabqgpwafnfCJBdHdndaCIKqLkrzrDihLovlgpDafwaendaCJCabjaeK",99,0.971154,84,104,3,101,3,3,0,3,3,31,29,35,34,38,38,6
"537",36,"[84]GjfffHdwafndfCICabBhwafndbCLCabqgpwafnfCJBdHdndaCIKqLkrzrDihLovlgpDafwaendaCJCabjaeK",77,0.822034,84,118,21,97,21,21,0,21,21,51,31,33,32,34,34,6
"538",37,"[84]GjfffHdwafndfCICabBhwafndbCLCabqgpwafnfCJBdHdndaCIKqLkrzrDihLovlgpDafwaendaCJCabjaeK",99,0.99,84,100,1,99,1,1,0,1,1,31,31,37,36,32,32,6
"539",38,"[84]GjfffHdwafndfCICabBhwafndbCLCabqgpwafnfCJBdHdndaCIKqLkrzrDihLovlgpDafwaendaCJCabjaeK",87,0.921569,84,102,8,94,8,8,0,8,8,43,36,35,34,24,24,6
"540",39,"[84]GjfffHdwafndfCICabBhwafndbCLCabqgpwafnfCJBdHdndaCIKqLkrzrDihLovlgpDafwaendaCJCabjaeK",104,1,84,103,0,103,0,0,0,0,0,37,37,29,29,37,37,6
"541",40,"[84]GjfffHdwafndfCICabBhwafndbCLCabqgpwafnfCJBdHdndaCIKqLkrzrDihLovlgpDafwaendaCJCabjaeK",101,0.971698,84,106,3,103,3,3,0,3,3,29,27,34,33,43,43,6
"542",41,"[84]GjfffHdwafndfCICabBhwafndbCLCabqgpwafnfCJBdHdndaCIKqLkrzrDihLovlgpDafwaendaCJCabjaeK",99,0.99,84,100,1,99,1,1,0,1,1,35,35,34,33,31,31,6
"543",42,"[84]GjfffHdwafndfCICabBhwafndbCLCabqgpwafnfCJBdHdndaCIKqLkrzrDihLovlgpDafwaendaCJCabjaeK",94,0.926606,84,109,8,101,8,8,0,8,8,46,38,33,33,30,30,6
"544",43,"[84]GjfffHdwafndfCICabBhwafndbCLCabqgpwafnfCJBdHdndaCIKqLkrzrDihLovlgpDafwaendaCJCabjaeK",100,0.945946,84,111,6,105,6,6,0,6,6,40,34,29,29,42,42,6
"545",44,"[84]GjfffHdwafndfCICabBhwafndbCLCabqgpwafnfCJBdHdndaCIKqLkrzrDihLovlgpDafwaendaCJCabjaeK",88,0.906542,84,107,10,97,10,10,0,10,10,34,25,40,39,33,33,6
"546",45,"[84]GjfffHdwafndfCICabBhwafndbCLCabqgpwafnfCJBdHdndaCIKqLkrzrDihLovlgpDafwaendaCJCabjaeK",102,0.980952,84,105,2,103,2,2,0,2,2,33,31,33,33,39,39,6
"547",46,"[84]GjfffHdwafndfCICabBhwafndbCLCabqgpwafnfCJBdHdndaCIKqLkrzrDihLovlgpDafwaendaCJCabjaeK",102,1,84,101,0,101,0,0,0,0,0,35,35,34,34,32,32,6
"548",47,"[84]GjfffHdwafndfCICabBhwafndbCLCabqgpwafnfCJBdHdndaCIKqLkrzrDihLovlgpDafwaendaCJCabjaeK",103,0.990385,84,104,1,103,1,1,0,1,1,35,35,29,28,40,40,6
"549",48,"[84]GjfffHdwafndfCICabBhwafndbCLCabqgpwafnfCJBdHdndaCIKqLkrzrDihLovlgpDafwaendaCJCabjaeK",97,0.989796,84,98,1,97,1,1,0,1,1,34,34,36,35,28,28,6
"550",49,"[84]GjfffHdwafndfCICabBhwafndbCLCabqgpwafnfCJBdHdndaCIKqLkrzrDihLovlgpDafwaendaCJCabjaeK",102,0.971963,84,107,3,104,3,3,0,3,3,27,25,39,38,41,41,6
"551",50,"[84]GjfffHdwafndfCICabBhwafndbCLCabqgpwafnfCJBdHdndaCIKqLkrzrDihLovlgpDafwaendaCJCabjaeK",97,0.989796,84,98,1,97,1,1,0,1,1,37,37,34,33,27,27,6
"552",51,"[84]GjfffHdwafndfCICabBhwafndbCLCabqgpwafnfCJBdHdndaCIKqLkrzrDihLovlgpDafwaendaCJCabjaeK",99,0.99,84,100,1,99,1,1,0,1,1,38,38,31,30,31,31,6
"553",52,"[84]GjfffHdwafndfCICabBhwafndbCLCabqgpwafnfCJBdHdndaCIKqLkrzrDihLovlgpDafwaendaCJCabjaeK",73,0.833333,84,108,18,90,18,18,0,18,18,49,32,35,34,24,24,6
"554",53,"[84]GjfffHdwafndfCICabBhwafndbCLCabqgpwafnfCJBdHdndaCIKqLkrzrDihLovlgpDafwaendaCJCabjaeK",95,0.989583,84,96,1,95,1,1,0,1,1,36,36,38,37,22,22,6
"555",54,"[84]GjfffHdwafndfCICabBhwafndbCLCabqgpwafnfCJBdHdndaCIKqLkrzrDihLovlgpDafwaendaCJCabjaeK",98,0.989899,84,99,1,98,1,1,0,1,1,33,33,36,35,30,30,6
"556",55,"[84]GjfffHdwafndfCICabBhwafndbCLCabqgpwafnfCJBdHdndaCIKqLkrzrDihLovlgpDafwaendaCJCabjaeK",95,0.943396,84,106,6,100,6,6,0,6,6,43,38,28,27,35,35,6
"557",56,"[84]GjfffHdwafndfCICabBhwafndbCLCabqgpwafnfCJBdHdndaCIKqLkrzrDihLovlgpDafwaendaCJCabjaeK",96,0.989691,84,97,1,96,1,1,0,1,1,33,33,40,39,24,24,6
"558",57,"[84]GjfffHdwafndfCICabBhwafndbCLCabqgpwafnfCJBdHdndaCIKqLkrzrDihLovlgpDafwaendaCJCabjaeK",91,0.941176,84,102,6,96,6,6,0,6,6,38,33,37,36,27,27,6
"559",58,"[84]GjfffHdwafndfCICabBhwafndbCLCabqgpwafnfCJBdHdndaCIKqLkrzrDihLovlgpDafwaendaCJCabjaeK",97,0.95283,84,106,5,101,5,5,0,5,5,44,40,28,27,34,34,6
"560",59,"[84]GjfffHdwafndfCICabBhwafndbCLCabqgpwafnfCJBdHdndaCIKqLkrzrDihLovlgpDafwaendaCJCabjaeK",105,1,84,104,0,104,0,0,0,0,0,24,24,39,39,41,41,6
"561",60,"[84]GjfffHdwafndfCICabBhwafndbCLCabqgpwafnfCJBdHdndaCIKqLkrzrDihLovlgpDafwaendaCJCabjaeK",95,0.989583,84,96,1,95,1,1,0,1,1,28,28,44,43,24,24,6
"562",61,"[84]GjfffHdwafndfCICabBhwafndbCLCabqgpwafnfCJBdHdndaCIKqLkrzrDihLovlgpDafwaendaCJCabjaeK",101,1,84,100,0,100,0,0,0,0,0,30,30,39,39,31,31,6
"563",62,"[84]GjfffHdwafndfCICabBhwafndbCLCabqgpwafnfCJBdHdndaCIKqLkrzrDihLovlgpDafwaendaCJCabjaeK",93,0.95098,84,102,5,97,5,5,0,5,5,37,33,35,34,30,30,6
"564",63,"[84]GjfffHdwafndfCICabBhwafndbCLCabqgpwafnfCJBdHdndaCIKqLkrzrDihLovlgpDafwaendaCJCabjaeK",92,0.941748,84,103,6,97,6,6,0,6,6,39,33,35,35,29,29,6
"565",64,"[84]GjfffHdwafndfCICabBhwafndbCLCabqgpwafnfCJBdHdndaCIKqLkrzrDihLovlgpDafwaendaCJCabjaeK",98,0.970874,84,103,3,100,3,3,0,3,3,30,28,37,36,36,36,6
"566",65,"[84]GjfffHdwafndfCICabBhwafndbCLCabqgpwafnfCJBdHdndaCIKqLkrzrDihLovlgpDafwaendaCJCabjaeK",101,1,84,100,0,100,0,0,0,0,0,27,27,41,41,32,32,6
"567",66,"[84]GjfffHdwafndfCICabBhwafndbCLCabqgpwafnfCJBdHdndaCIKqLkrzrDihLovlgpDafwaendaCJCabjaeK",100,0.971429,84,105,3,102,3,3,0,3,3,33,30,36,36,36,36,6
"568",67,"[84]GjfffHdwafndfCICabBhwafndbCLCabqgpwafnfCJBdHdndaCIKqLkrzrDihLovlgpDafwaendaCJCabjaeK",97,0.98,84,100,2,98,2,2,0,2,2,42,41,31,30,27,27,6
"569",68,"[84]GjfffHdwafndfCICabBhwafndbCLCabqgpwafnfCJBdHdndaCIKqLkrzrDihLovlgpDafwaendaCJCabjaeK",99,0.99,84,100,1,99,1,1,0,1,1,30,30,37,36,33,33,6
"570",69,"[84]GjfffHdwafndfCICabBhwafndbCLCabqgpwafnfCJBdHdndaCIKqLkrzrDihLovlgpDafwaendaCJCabjaeK",101,1,84,100,0,100,0,0,0,0,0,39,39,32,32,29,29,6
"571",70,"[84]GjfffHdwafndfCICabBhwafndbCLCabqgpwafnfCJBdHdndaCIKqLkrzrDihLovlgpDafwaendaCJCabjaeK",98,0.989899,84,99,1,98,1,1,0,1,1,34,34,36,35,29,29,6
"572",71,"[84]GjfffHdwafndfCICabBhwafndbCLCabqgpwafnfCJBdHdndaCIKqLkrzrDihLovlgpDafwaendaCJCabjaeK",85,0.875,84,112,14,98,14,14,0,14,14,46,32,32,32,34,34,6
"573",72,"[84]GjfffHdwafndfCICabBhwafndbCLCabqgpwafnfCJBdHdndaCIKqLkrzrDihLovlgpDafwaendaCJCabjaeK",96,0.989691,84,97,1,96,1,1,0,1,1,42,42,31,30,24,24,6
"574",73,"[84]GjfffHdwafndfCICabBhwafndbCLCabqgpwafnfCJBdHdndaCIKqLkrzrDihLovlgpDafwaendaCJCabjaeK",97,0.944444,84,108,6,102,6,6,0,6,6,34,29,33,32,41,41,6
"575",74,"[84]GjfffHdwafndfCICabBhwafndbCLCabqgpwafnfCJBdHdndaCIKqLkrzrDihLovlgpDafwaendaCJCabjaeK",101,0.971698,84,106,3,103,3,3,0,3,3,34,31,34,34,38,38,6
"576",75,"[84]GjfffHdwafndfCICabBhwafndbCLCabqgpwafnfCJBdHdndaCIKqLkrzrDihLovlgpDafwaendaCJCabjaeK",103,1,84,102,0,102,0,0,0,0,0,35,35,31,31,36,36,6
"577",76,"[84]GjfffHdwafndfCICabBhwafndbCLCabqgpwafnfCJBdHdndaCIKqLkrzrDihLovlgpDafwaendaCJCabjaeK",98,0.989899,84,99,1,98,1,1,0,1,1,38,38,32,31,29,29,6
"578",77,"[84]GjfffHdwafndfCICabBhwafndbCLCabqgpwafnfCJBdHdndaCIKqLkrzrDihLovlgpDafwaendaCJCabjaeK",99,0.980392,84,102,2,100,2,2,0,2,2,38,37,31,30,33,33,6
"579",78,"[84]GjfffHdwafndfCICabBhwafndbCLCabqgpwafnfCJBdHdndaCIKqLkrzrDihLovlgpDafwaendaCJCabjaeK",100,1,84,99,0,99,0,0,0,0,0,33,33,38,38,28,28,6
"580",79,"[84]GjfffHdwafndfCICabBhwafndbCLCabqgpwafnfCJBdHdndaCIKqLkrzrDihLovlgpDafwaendaCJCabjaeK",99,1,84,98,0,98,0,0,0,0,0,40,40,32,32,26,26,6
"581",80,"[84]GjfffHdwafndfCICabBhwafndbCLCabqgpwafnfCJBdHdndaCIKqLkrzrDihLovlgpDafwaendaCJCabjaeK",101,0.980769,84,104,2,102,2,2,0,2,2,31,29,35,35,38,38,6
"582",81,"[84]GjfffHdwafndfCICabBhwafndbCLCabqgpwafnfCJBdHdndaCIKqLkrzrDihLovlgpDafwaendaCJCabjaeK",92,0.950495,84,101,5,96,5,5,0,5,5,39,35,38,37,24,24,6
"583",82,"[84]GjfffHdwafndfCICabBhwafndbCLCabqgpwafnfCJBdHdndaCIKqLkrzrDihLovlgpDafwaendaCJCabjaeK",102,0.990291,84,103,1,102,1,1,0,1,1,35,35,30,29,38,38,6
"584",83,"[84]GjfffHdwafndfCICabBhwafndbCLCabqgpwafnfCJBdHdndaCIKqLkrzrDihLovlgpDafwaendaCJCabjaeK",103,0.981132,84,106,2,104,2,2,0,2,2,34,32,31,31,41,41,6
"585",84,"[84]GjfffHdwafndfCICabBhwafndbCLCabqgpwafnfCJBdHdndaCIKqLkrzrDihLovlgpDafwaendaCJCabjaeK",102,0.971963,84,107,3,104,3,3,0,3,3,40,38,28,27,39,39,6
"586",85,"[84]GjfffHdwafndfCICabBhwafndbCLCabqgpwafnfCJBdHdndaCIKqLkrzrDihLovlgpDafwaendaCJCabjaeK",103,0.981132,84,106,2,104,2,2,0,2,2,29,28,35,34,42,42,6
"587",86,"[84]GjfffHdwafndfCICabBhwafndbCLCabqgpwafnfCJBdHdndaCIKqLkrzrDihLovlgpDafwaendaCJCabjaeK",97,0.961538,84,104,4,100,4,4,0,4,4,43,39,28,28,33,33,6
"588",87,"[84]GjfffHdwafndfCICabBhwafndbCLCabqgpwafnfCJBdHdndaCIKqLkrzrDihLovlgpDafwaendaCJCabjaeK",98,0.970874,84,103,3,100,3,3,0,3,3,36,34,31,30,36,36,6
"589",88,"[84]GjfffHdwafndfCICabBhwafndbCLCabqgpwafnfCJBdHdndaCIKqLkrzrDihLovlgpDafwaendaCJCabjaeK",102,0.990291,84,103,1,102,1,1,0,1,1,29,29,36,35,38,38,6
"590",89,"[84]GjfffHdwafndfCICabBhwafndbCLCabqgpwafnfCJBdHdndaCIKqLkrzrDihLovlgpDafwaendaCJCabjaeK",102,1,84,101,0,101,0,0,0,0,0,28,28,39,39,34,34,6
"591",90,"[84]GjfffHdwafndfCICabBhwafndbCLCabqgpwafnfCJBdHdndaCIKqLkrzrDihLovlgpDafwaendaCJCabjaeK",100,0.990099,84,101,1,100,1,1,0,1,1,37,37,30,29,34,34,6
"592",91,"[84]GjfffHdwafndfCICabBhwafndbCLCabqgpwafnfCJBdHdndaCIKqLkrzrDihLovlgpDafwaendaCJCabjaeK",104,0.981308,84,107,2,105,2,2,0,2,2,43,41,26,26,38,38,6
"593",92,"[84]GjfffHdwafndfCICabBhwafndbCLCabqgpwafnfCJBdHdndaCIKqLkrzrDihLovlgpDafwaendaCJCabjaeK",100,0.990099,84,101,1,100,1,1,0,1,1,41,41,27,26,33,33,6
"594",93,"[84]GjfffHdwafndfCICabBhwafndbCLCabqgpwafnfCJBdHdndaCIKqLkrzrDihLovlgpDafwaendaCJCabjaeK",97,0.98,84,100,2,98,2,2,0,2,2,31,29,40,40,29,29,6
"595",94,"[84]GjfffHdwafndfCICabBhwafndbCLCabqgpwafnfCJBdHdndaCIKqLkrzrDihLovlgpDafwaendaCJCabjaeK",99,1,84,98,0,98,0,0,0,0,0,41,41,31,31,26,26,6
"596",95,"[84]GjfffHdwafndfCICabBhwafndbCLCabqgpwafnfCJBdHdndaCIKqLkrzrDihLovlgpDafwaendaCJCabjaeK",96,0.920354,84,113,9,104,9,9,0,9,9,44,36,28,27,41,41,6
"597",96,"[84]GjfffHdwafndfCICabBhwafndbCLCabqgpwafnfCJBdHdndaCIKqLkrzrDihLovlgpDafwaendaCJCabjaeK",104,1,84,103,0,103,0,0,0,0,0,33,33,33,33,37,37,6
"598",97,"[84]GjfffHdwafndfCICabBhwafndbCLCabqgpwafnfCJBdHdndaCIKqLkrzrDihLovlgpDafwaendaCJCabjaeK",95,0.935185,84,108,7,101,7,7,0,7,7,41,35,30,29,37,37,6
"599",98,"[84]GjfffHdwafndfCICabBhwafndbCLCabqgpwafnfCJBdHdndaCIKqLkrzrDihLovlgpDafwaendaCJCabjaeK",102,1,84,101,0,101,0,0,0,0,0,34,34,35,35,32,32,6
"600",99,"[84]GjfffHdwafndfCICabBhwafndbCLCabqgpwafnfCJBdHdndaCIKqLkrzrDihLovlgpDafwaendaCJCabjaeK",98,0.989899,84,99,1,98,1,1,0,1,1,33,33,36,35,30,30,6
"601",0,"[81]GucdHdwaCEmsCcsEnKtlrwandbCLCectkrwafofCJBdHdwendaCIKqDltsBeaCabwafwendaqJCabnKeK",108,0.990826,81,109,1,108,1,1,0,1,1,33,32,39,39,37,37,8
"602",1,"[81]GucdHdwaCEmsCcsEnKtlrwandbCLCectkrwafofCJBdHdwendaCIKqDltsBeaCabwafwendaqJCabnKeK",109,1,81,108,0,108,0,0,0,0,0,35,35,37,37,36,36,8
"603",2,"[81]GucdHdwaCEmsCcsEnKtlrwandbCLCectkrwafofCJBdHdwendaCIKqDltsBeaCabwafwendaqJCabnKeK",107,1,81,106,0,106,0,0,0,0,0,43,43,32,32,31,31,8
"604",3,"[81]GucdHdwaCEmsCcsEnKtlrwandbCLCectkrwafofCJBdHdwendaCIKqDltsBeaCabwafwendaqJCabnKeK",109,0.990909,81,110,1,109,1,1,0,1,1,37,36,33,33,40,40,8
"605",4,"[81]GucdHdwaCEmsCcsEnKtlrwandbCLCectkrwafofCJBdHdwendaCIKqDltsBeaCabwafwendaqJCabnKeK",111,1,81,110,0,110,0,0,0,0,0,39,39,30,30,41,41,8
"606",5,"[81]GucdHdwaCEmsCcsEnKtlrwandbCLCectkrwafofCJBdHdwendaCIKqDltsBeaCabwafwendaqJCabnKeK",108,0.990826,81,109,1,108,1,1,0,1,1,29,28,41,41,39,39,8
"607",6,"[81]GucdHdwaCEmsCcsEnKtlrwandbCLCectkrwafofCJBdHdwendaCIKqDltsBeaCabwafwendaqJCabnKeK",110,0.982301,81,113,2,111,2,2,0,2,2,39,37,29,29,45,45,8
"608",7,"[81]GucdHdwaCEmsCcsEnKtlrwandbCLCectkrwafofCJBdHdwendaCIKqDltsBeaCabwafwendaqJCabnKeK",99,0.953704,81,108,5,103,5,5,0,5,5,46,41,35,35,27,27,8
"609",8,"[81]GucdHdwaCEmsCcsEnKtlrwandbCLCectkrwafofCJBdHdwendaCIKqDltsBeaCabwafwendaqJCabnKeK",115,1,81,114,0,114,0,0,0,0,0,35,35,30,30,49,49,8
"610",9,"[81]GucdHdwaCEmsCcsEnKtlrwandbCLCectkrwafofCJBdHdwendaCIKqDltsBeaCabwafwendaqJCabnKeK",105,0.972727,81,110,3,107,3,3,0,3,3,27,24,45,45,38,38,8
"611",10,"[81]GucdHdwaCEmsCcsEnKtlrwandbCLCectkrwafofCJBdHdwendaCIKqDltsBeaCabwafwendaqJCabnKeK",108,0.990826,81,109,1,108,1,1,0,1,1,36,35,35,35,38,38,8
"612",11,"[81]GucdHdwaCEmsCcsEnKtlrwandbCLCectkrwafofCJBdHdwendaCIKqDltsBeaCabwafwendaqJCabnKeK",104,0.981308,81,107,2,105,2,2,0,2,2,37,35,38,38,32,32,8
"613",12,"[81]GucdHdwaCEmsCcsEnKtlrwandbCLCectkrwafofCJBdHdwendaCIKqDltsBeaCabwafwendaqJCabnKeK",102,0.980952,81,105,2,103,2,2,0,2,2,38,36,39,39,28,28,8
"614",13,"[81]GucdHdwaCEmsCcsEnKtlrwandbCLCectkrwafofCJBdHdwendaCIKqDltsBeaCabwafwendaqJCabnKeK",105,1,81,104,0,104,0,0,0,0,0,39,39,37,37,28,28,8
"615",14,"[81]GucdHdwaCEmsCcsEnKtlrwandbCLCectkrwafofCJBdHdwendaCIKqDltsBeaCabwafwendaqJCabnKeK",109,1,81,108,0,108,0,0,0,0,0,40,40,32,32,36,36,8
"616",15,"[81]GucdHdwaCEmsCcsEnKtlrwandbCLCectkrwafofCJBdHdwendaCIKqDltsBeaCabwafwendaqJCabnKeK",107,1,81,106,0,106,0,0,0,0,0,42,42,33,33,31,31,8
"617",16,"[81]GucdHdwaCEmsCcsEnKtlrwandbCLCectkrwafofCJBdHdwendaCIKqDltsBeaCabwafwendaqJCabnKeK",108,1,81,107,0,107,0,0,0,0,0,46,46,27,27,34,34,8
"618",17,"[81]GucdHdwaCEmsCcsEnKtlrwandbCLCectkrwafofCJBdHdwendaCIKqDltsBeaCabwafwendaqJCabnKeK",113,1,81,112,0,112,0,0,0,0,0,31,31,35,35,46,46,8
"619",18,"[81]GucdHdwaCEmsCcsEnKtlrwandbCLCectkrwafofCJBdHdwendaCIKqDltsBeaCabwafwendaqJCabnKeK",106,1,81,105,0,105,0,0,0,0,0,37,37,37,37,31,31,8
"620",19,"[81]GucdHdwaCEmsCcsEnKtlrwandbCLCectkrwafofCJBdHdwendaCIKqDltsBeaCabwafwendaqJCabnKeK",108,1,81,107,0,107,0,0,0,0,0,33,33,39,39,35,35,8
"621",20,"[81]GucdHdwaCEmsCcsEnKtlrwandbCLCectkrwafofCJBdHdwendaCIKqDltsBeaCabwafwendaqJCabnKeK",104,0.990476,81,105,1,104,1,1,0,1,1,39,38,37,37,29,29,8
"622",21,"[81]GucdHdwaCEmsCcsEnKtlrwandbCLCectkrwafofCJBdHdwendaCIKqDltsBeaCabwafwendaqJCabnKeK",102,0.93913,81,115,7,108,7,7,0,7,7,29,22,43,43,43,43,8
"623",22,"[81]GucdHdwaCEmsCcsEnKtlrwandbCLCectkrwafofCJBdHdwendaCIKqDltsBeaCabwafwendaqJCabnKeK",108,0.990826,81,109,1,108,1,1,0,1,1,33,32,38,38,38,38,8
"624",23,"[81]GucdHdwaCEmsCcsEnKtlrwandbCLCectkrwafofCJBdHdwendaCIKqDltsBeaCabwafwendaqJCabnKeK",109,1,81,108,0,108,0,0,0,0,0,41,41,30,30,37,37,8
"625",24,"[81]GucdHdwaCEmsCcsEnKtlrwandbCLCectkrwafofCJBdHdwendaCIKqDltsBeaCabwafwendaqJCabnKeK",102,0.971963,81,107,3,104,3,3,0,3,3,33,30,43,43,31,31,8
"626",25,"[81]GucdHdwaCEmsCcsEnKtlrwandbCLCectkrwafofCJBdHdwendaCIKqDltsBeaCabwafwendaqJCabnKeK",98,0.91453,81,117,10,107,10,10,0,10,10,36,26,40,40,41,41,8
"627",26,"[81]GucdHdwaCEmsCcsEnKtlrwandbCLCectkrwafofCJBdHdwendaCIKqDltsBeaCabwafwendaqJCabnKeK",104,0.990476,81,105,1,104,1,1,0,1,1,31,30,44,44,30,30,8
"628",27,"[81]GucdHdwaCEmsCcsEnKtlrwandbCLCectkrwafofCJBdHdwendaCIKqDltsBeaCabwafwendaqJCabnKeK",110,1,81,109,0,109,0,0,0,0,0,32,32,37,37,40,40,8
"629",28,"[81]GucdHdwaCEmsCcsEnKtlrwandbCLCectkrwafofCJBdHdwendaCIKqDltsBeaCabwafwendaqJCabnKeK",106,1,81,105,0,105,0,0,0,0,0,48,48,29,29,28,28,8
"630",29,"[81]GucdHdwaCEmsCcsEnKtlrwandbCLCectkrwafofCJBdHdwendaCIKqDltsBeaCabwafwendaqJCabnKeK",108,1,81,107,0,107,0,0,0,0,0,31,31,40,40,36,36,8
"631",30,"[81]GucdHdwaCEmsCcsEnKtlrwandbCLCectkrwafofCJBdHdwendaCIKqDltsBeaCabwafwendaqJCabnKeK",102,0.980952,81,105,2,103,2,2,0,2,2,34,32,43,43,28,28,8
"632",31,"[81]GucdHdwaCEmsCcsEnKtlrwandbCLCectkrwafofCJBdHdwendaCIKqDltsBeaCabwafwendaqJCabnKeK",103,0.955357,81,112,5,107,5,5,0,5,5,45,40,31,31,36,36,8
"633",32,"[81]GucdHdwaCEmsCcsEnKtlrwandbCLCectkrwafofCJBdHdwendaCIKqDltsBeaCabwafwendaqJCabnKeK",103,0.990385,81,104,1,103,1,1,0,1,1,37,36,41,41,26,26,8
"634",33,"[81]GucdHdwaCEmsCcsEnKtlrwandbCLCectkrwafofCJBdHdwendaCIKqDltsBeaCabwafwendaqJCabnKeK",108,0.990826,81,109,1,108,1,1,0,1,1,34,33,37,37,38,38,8
"635",34,"[81]GucdHdwaCEmsCcsEnKtlrwandbCLCectkrwafofCJBdHdwendaCIKqDltsBeaCabwafwendaqJCabnKeK",112,1,81,111,0,111,0,0,0,0,0,29,29,38,38,44,44,8
"636",35,"[81]GucdHdwaCEmsCcsEnKtlrwandbCLCectkrwafofCJBdHdwendaCIKqDltsBeaCabwafwendaqJCabnKeK",110,1,81,109,0,109,0,0,0,0,0,38,38,32,32,39,39,8
"637",36,"[81]GucdHdwaCEmsCcsEnKtlrwandbCLCectkrwafofCJBdHdwendaCIKqDltsBeaCabwafwendaqJCabnKeK",106,0.981651,81,109,2,107,2,2,0,2,2,40,38,34,34,35,35,8
"638",37,"[81]GucdHdwaCEmsCcsEnKtlrwandbCLCectkrwafofCJBdHdwendaCIKqDltsBeaCabwafwendaqJCabnKeK",107,0.990741,81,108,1,107,1,1,0,1,1,41,40,33,33,34,34,8
"639",38,"[81]GucdHdwaCEmsCcsEnKtlrwandbCLCectkrwafofCJBdHdwendaCIKqDltsBeaCabwafwendaqJCabnKeK",103,0.990385,81,104,1,103,1,1,0,1,1,35,34,42,42,27,27,8
"640",39,"[81]GucdHdwaCEmsCcsEnKtlrwandbCLCectkrwafofCJBdHdwendaCIKqDltsBeaCabwafwendaqJCabnKeK",110,1,81,109,0,109,0,0,0,0,0,40,40,31,31,38,38,8
"641",40,"[81]GucdHdwaCEmsCcsEnKtlrwandbCLCectkrwafofCJBdHdwendaCIKqDltsBeaCabwafwendaqJCabnKeK",107,0.990741,81,108,1,107,1,1,0,1,1,29,28,42,42,37,37,8
"642",41,"[81]GucdHdwaCEmsCcsEnKtlrwandbCLCectkrwafofCJBdHdwendaCIKqDltsBeaCabwafwendaqJCabnKeK",110,1,81,109,0,109,0,0,0,0,0,37,37,34,34,38,38,8
"643",42,"[81]GucdHdwaCEmsCcsEnKtlrwandbCLCectkrwafofCJBdHdwendaCIKqDltsBeaCabwafwendaqJCabnKeK",114,1,81,113,0,113,0,0,0,0,0,33,33,32,32,48,48,8
"644",43,"[81]GucdHdwaCEmsCcsEnKtlrwandbCLCectkrwafofCJBdHdwendaCIKqDltsBeaCabwafwendaqJCabnKeK",109,1,81,108,0,108,0,0,0,0,0,41,41,31,31,36,36,8
"645",44,"[81]GucdHdwaCEmsCcsEnKtlrwandbCLCectkrwafofCJBdHdwendaCIKqDltsBeaCabwafwendaqJCabnKeK",110,0.982301,81,113,2,111,2,2,0,2,2,36,34,32,32,45,45,8
"646",45,"[81]GucdHdwaCEmsCcsEnKtlrwandbCLCectkrwafofCJBdHdwendaCIKqDltsBeaCabwafwendaqJCabnKeK",107,1,81,106,0,106,0,0,0,0,0,31,31,42,42,33,33,8
"647",46,"[81]GucdHdwaCEmsCcsEnKtlrwandbCLCectkrwafofCJBdHdwendaCIKqDltsBeaCabwafwendaqJCabnKeK",109,1,81,108,0,108,0,0,0,0,0,34,34,36,36,38,38,8
"648",47,"[81]GucdHdwaCEmsCcsEnKtlrwandbCLCectkrwafofCJBdHdwendaCIKqDltsBeaCabwafwendaqJCabnKeK",110,1,81,109,0,109,0,0,0,0,0,37,37,33,33,39,39,8
"649",48,"[81]GucdHdwaCEmsCcsEnKtlrwandbCLCectkrwafofCJBdHdwendaCIKqDltsBeaCabwafwendaqJCabnKeK",108,1,81,107,0,107,0,0,0,0,0,36,36,36,36,35,35,8
"650",49,"[81]GucdHdwaCEmsCcsEnKtlrwandbCLCectkrwafofCJBdHdwendaCIKqDltsBeaCabwafwendaqJCabnKeK",111,1,81,110,0,110,0,0,0,0,0,37,37,32,32,41,41,8
"651",50,"[81]GucdHdwaCEmsCcsEnKtlrwandbCLCectkrwafofCJBdHdwendaCIKqDltsBeaCabwafwendaqJCabnKeK",110,0.990991,81,111,1,110,1,1,0,1,1,28,27,40,40,43,43,8
"652",51,"[81]GucdHdwaCEmsCcsEnKtlrwandbCLCectkrwafofCJBdHdwendaCIKqDltsBeaCabwafwendaqJCabnKeK",108,1,81,107,0,107,0,0,0,0,0,34,34,39,39,34,34,8
"653",52,"[81]GucdHdwaCEmsCcsEnKtlrwandbCLCectkrwafofCJBdHdwendaCIKqDltsBeaCabwafwendaqJCabnKeK",109,0.990909,81,110,1,109,1,1,0,1,1,30,29,40,40,40,40,8
"654",53,"[81]GucdHdwaCEmsCcsEnKtlrwandbCLCectkrwafofCJBdHdwendaCIKqDltsBeaCabwafwendaqJCabnKeK",104,0.981308,81,107,2,105,2,2,0,2,2,37,35,39,39,31,31,8
"655",54,"[81]GucdHdwaCEmsCcsEnKtlrwandbCLCectkrwafofCJBdHdwendaCIKqDltsBeaCabwafwendaqJCabnKeK",110,1,81,109,0,109,0,0,0,0,0,40,40,31,31,38,38,8
"656",55,"[81]GucdHdwaCEmsCcsEnKtlrwandbCLCectkrwafofCJBdHdwendaCIKqDltsBeaCabwafwendaqJCabnKeK",114,0.982906,81,117,2,115,2,2,0,2,2,39,37,25,25,53,53,8
"657",56,"[81]GucdHdwaCEmsCcsEnKtlrwandbCLCectkrwafofCJBdHdwendaCIKqDltsBeaCabwafwendaqJCabnKeK",108,1,81,107,0,107,0,0,0,0,0,31,31,41,41,35,35,8
"658",57,"[81]GucdHdwaCEmsCcsEnKtlrwandbCLCectkrwafofCJBdHdwendaCIKqDltsBeaCabwafwendaqJCabnKeK",109,0.990909,81,110,1,109,1,1,0,1,1,33,32,37,37,40,40,8
"659",58,"[81]GucdHdwaCEmsCcsEnKtlrwandbCLCectkrwafofCJBdHdwendaCIKqDltsBeaCabwafwendaqJCabnKeK",111,0.991071,81,112,1,111,1,1,0,1,1,34,33,33,33,45,45,8
"660",59,"[81]GucdHdwaCEmsCcsEnKtlrwandbCLCectkrwafofCJBdHdwendaCIKqDltsBeaCabwafwendaqJCabnKeK",106,1,81,105,0,105,0,0,0,0,0,40,40,36,36,29,29,8
"661",60,"[81]GucdHdwaCEmsCcsEnKtlrwandbCLCectkrwafofCJBdHdwendaCIKqDltsBeaCabwafwendaqJCabnKeK",109,0.990909,81,110,1,109,1,1,0,1,1,37,36,33,33,40,40,8
"662",61,"[81]GucdHdwaCEmsCcsEnKtlrwandbCLCectkrwafofCJBdHdwendaCIKqDltsBeaCabwafwendaqJCabnKeK",109,1,81,108,0,108,0,0,0,0,0,35,35,37,37,36,36,8
"663",62,"[81]GucdHdwaCEmsCcsEnKtlrwandbCLCectkrwafofCJBdHdwendaCIKqDltsBeaCabwafwendaqJCabnKeK",108,1,81,107,0,107,0,0,0,0,0,36,36,37,37,34,34,8
"664",63,"[81]GucdHdwaCEmsCcsEnKtlrwandbCLCectkrwafofCJBdHdwendaCIKqDltsBeaCabwafwendaqJCabnKeK",108,1,81,107,0,107,0,0,0,0,0,38,38,34,34,35,35,8
"665",64,"[81]GucdHdwaCEmsCcsEnKtlrwandbCLCectkrwafofCJBdHdwendaCIKqDltsBeaCabwafwendaqJCabnKeK",105,0.990566,81,106,1,105,1,1,0,1,1,30,29,44,44,32,32,8
"666",65,"[81]GucdHdwaCEmsCcsEnKtlrwandbCLCectkrwafofCJBdHdwendaCIKqDltsBeaCabwafwendaqJCabnKeK",108,1,81,107,0,107,0,0,0,0,0,36,36,37,37,34,34,8
"667",66,"[81]GucdHdwaCEmsCcsEnKtlrwandbCLCectkrwafofCJBdHdwendaCIKqDltsBeaCabwafwendaqJCabnKeK",110,1,81,109,0,109,0,0,0,0,0,35,35,36,36,38,38,8
"668",67,"[81]GucdHdwaCEmsCcsEnKtlrwandbCLCectkrwafofCJBdHdwendaCIKqDltsBeaCabwafwendaqJCabnKeK",105,0.990566,81,106,1,105,1,1,0,1,1,43,42,33,33,30,30,8
"669",68,"[81]GucdHdwaCEmsCcsEnKtlrwandbCLCectkrwafofCJBdHdwendaCIKqDltsBeaCabwafwendaqJCabnKeK",114,1,81,113,0,113,0,0,0,0,0,31,31,34,34,48,48,8
"670",69,"[81]GucdHdwaCEmsCcsEnKtlrwandbCLCectkrwafofCJBdHdwendaCIKqDltsBeaCabwafwendaqJCabnKeK",106,0.981651,81,109,2,107,2,2,0,2,2,40,38,33,33,36,36,8
"671",70,"[81]GucdHdwaCEmsCcsEnKtlrwandbCLCectkrwafofCJBdHdwendaCIKqDltsBeaCabwafwendaqJCabnKeK",108,1,81,107,0,107,0,0,0,0,0,40,40,33,33,34,34,8
"672",71,"[81]GucdHdwaCEmsCcsEnKtlrwandbCLCectkrwafofCJBdHdwendaCIKqDltsBeaCabwafwendaqJCabnKeK",108,0.990826,81,109,1,108,1,1,0,1,1,38,37,33,33,38,38,8
"673",72,"[81]GucdHdwaCEmsCcsEnKtlrwandbCLCectkrwafofCJBdHdwendaCIKqDltsBeaCabwafwendaqJCabnKeK",103,0.955357,81,112,5,107,5,5,0,5,5,39,34,35,35,38,38,8
"674",73,"[81]GucdHdwaCEmsCcsEnKtlrwandbCLCectkrwafofCJBdHdwendaCIKqDltsBeaCabwafwendaqJCabnKeK",107,1,81,106,0,106,0,0,0,0,0,49,49,26,26,31,31,8
"675",74,"[81]GucdHdwaCEmsCcsEnKtlrwandbCLCectkrwafofCJBdHdwendaCIKqDltsBeaCabwafwendaqJCabnKeK",107,1,81,106,0,106,0,0,0,0,0,32,32,41,41,33,33,8
"676",75,"[81]GucdHdwaCEmsCcsEnKtlrwandbCLCectkrwafofCJBdHdwendaCIKqDltsBeaCabwafwendaqJCabnKeK",103,0.990385,81,104,1,103,1,1,0,1,1,41,40,36,36,27,27,8
"677",76,"[81]GucdHdwaCEmsCcsEnKtlrwandbCLCectkrwafofCJBdHdwendaCIKqDltsBeaCabwafwendaqJCabnKeK",110,1,81,109,0,109,0,0,0,0,0,44,44,27,27,38,38,8
"678",77,"[81]GucdHdwaCEmsCcsEnKtlrwandbCLCectkrwafofCJBdHdwendaCIKqDltsBeaCabwafwendaqJCabnKeK",107,0.981818,81,110,2,108,2,2,0,2,2,34,32,37,37,39,39,8
"679",78,"[81]GucdHdwaCEmsCcsEnKtlrwandbCLCectkrwafofCJBdHdwendaCIKqDltsBeaCabwafwendaqJCabnKeK",108,0.990826,81,109,1,108,1,1,0,1,1,37,36,34,34,38,38,8
"680",79,"[81]GucdHdwaCEmsCcsEnKtlrwandbCLCectkrwafofCJBdHdwendaCIKqDltsBeaCabwafwendaqJCabnKeK",109,1,81,108,0,108,0,0,0,0,0,44,44,28,28,36,36,8
"681",80,"[81]GucdHdwaCEmsCcsEnKtlrwandbCLCectkrwafofCJBdHdwendaCIKqDltsBeaCabwafwendaqJCabnKeK",106,0.990654,81,107,1,106,1,1,0,1,1,39,38,36,36,32,32,8
"682",81,"[81]GucdHdwaCEmsCcsEnKtlrwandbCLCectkrwafofCJBdHdwendaCIKqDltsBeaCabwafwendaqJCabnKeK",104,0.981308,81,107,2,105,2,2,0,2,2,38,36,37,37,32,32,8
"683",82,"[81]GucdHdwaCEmsCcsEnKtlrwandbCLCectkrwafofCJBdHdwendaCIKqDltsBeaCabwafwendaqJCabnKeK",107,1,81,106,0,106,0,0,0,0,0,37,37,37,37,32,32,8
"684",83,"[81]GucdHdwaCEmsCcsEnKtlrwandbCLCectkrwafofCJBdHdwendaCIKqDltsBeaCabwafwendaqJCabnKeK",108,1,81,107,0,107,0,0,0,0,0,39,39,34,34,34,34,8
"685",84,"[81]GucdHdwaCEmsCcsEnKtlrwandbCLCectkrwafofCJBdHdwendaCIKqDltsBeaCabwafwendaqJCabnKeK",109,0.990909,81,110,1,109,1,1,0,1,1,32,31,39,39,39,39,8
"686",85,"[81]GucdHdwaCEmsCcsEnKtlrwandbCLCectkrwafofCJBdHdwendaCIKqDltsBeaCabwafwendaqJCabnKeK",107,0.990741,81,108,1,107,1,1,0,1,1,38,37,35,35,35,35,8
"687",86,"[81]GucdHdwaCEmsCcsEnKtlrwandbCLCectkrwafofCJBdHdwendaCIKqDltsBeaCabwafwendaqJCabnKeK",103,1,81,102,0,102,0,0,0,0,0,33,33,44,44,25,25,8
"688",87,"[81]GucdHdwaCEmsCcsEnKtlrwandbCLCectkrwafofCJBdHdwendaCIKqDltsBeaCabwafwendaqJCabnKeK",112,1,81,111,0,111,0,0,0,0,0,36,36,32,32,43,43,8
"689",88,"[81]GucdHdwaCEmsCcsEnKtlrwandbCLCectkrwafofCJBdHdwendaCIKqDltsBeaCabwafwendaqJCabnKeK",110,1,81,109,0,109,0,0,0,0,0,29,29,41,41,39,39,8
"690",89,"[81]GucdHdwaCEmsCcsEnKtlrwandbCLCectkrwafofCJBdHdwendaCIKqDltsBeaCabwafwendaqJCabnKeK",108,0.981982,81,111,2,109,2,2,0,2,2,37,35,35,35,39,39,8
"691",90,"[81]GucdHdwaCEmsCcsEnKtlrwandbCLCectkrwafofCJBdHdwendaCIKqDltsBeaCabwafwendaqJCabnKeK",112,1,81,111,0,111,0,0,0,0,0,42,42,26,26,43,43,8
"692",91,"[81]GucdHdwaCEmsCcsEnKtlrwandbCLCectkrwafofCJBdHdwendaCIKqDltsBeaCabwafwendaqJCabnKeK",111,1,81,110,0,110,0,0,0,0,0,37,37,32,32,41,41,8
"693",92,"[81]GucdHdwaCEmsCcsEnKtlrwandbCLCectkrwafofCJBdHdwendaCIKqDltsBeaCabwafwendaqJCabnKeK",107,1,81,106,0,106,0,0,0,0,0,40,40,33,33,33,33,8
"694",93,"[81]GucdHdwaCEmsCcsEnKtlrwandbCLCectkrwafofCJBdHdwendaCIKqDltsBeaCabwafwendaqJCabnKeK",105,0.981481,81,108,2,106,2,2,0,2,2,33,31,40,40,35,35,8
"695",94,"[81]GucdHdwaCEmsCcsEnKtlrwandbCLCectkrwafofCJBdHdwendaCIKqDltsBeaCabwafwendaqJCabnKeK",112,1,81,111,0,111,0,0,0,0,0,40,40,29,29,42,42,8
"696",95,"[81]GucdHdwaCEmsCcsEnKtlrwandbCLCectkrwafofCJBdHdwendaCIKqDltsBeaCabwafwendaqJCabnKeK",106,1,81,105,0,105,0,0,0,0,0,37,37,37,37,31,31,8
"697",96,"[81]GucdHdwaCEmsCcsEnKtlrwandbCLCectkrwafofCJBdHdwendaCIKqDltsBeaCabwafwendaqJCabnKeK",109,0.990909,81,110,1,109,1,1,0,1,1,38,37,33,33,39,39,8
"698",97,"[81]GucdHdwaCEmsCcsEnKtlrwandbCLCectkrwafofCJBdHdwendaCIKqDltsBeaCabwafwendaqJCabnKeK",105,0.990566,81,106,1,105,1,1,0,1,1,39,38,37,37,30,30,8
"699",98,"[81]GucdHdwaCEmsCcsEnKtlrwandbCLCectkrwafofCJBdHdwendaCIKqDltsBeaCabwafwendaqJCabnKeK",107,1,81,106,0,106,0,0,0,0,0,40,40,34,34,32,32,8
"700",99,"[81]GucdHdwaCEmsCcsEnKtlrwandbCLCectkrwafofCJBdHdwendaCIKqDltsBeaCabwafwendaqJCabnKeK",106,0.981651,81,109,2,107,2,2,0,2,2,33,31,39,39,37,37,8
"701",0,"[80]GjfffHdwaCiqCdkrCcFwafndbCLCabcwafqftJBdHdwendfCIKqumotABeaCebxnafwendaqJCafDDeK",109,0.990909,80,110,1,109,1,1,0,1,1,38,37,32,32,40,40,9
"702",1,"[80]GjfffHdwaCiqCdkrCcFwafndbCLCabcwafqftJBdHdwendfCIKqumotABeaCebxnafwendaqJCafDDeK",100,0.954128,80,109,5,104,5,5,0,5,5,34,29,41,41,34,34,9
"703",2,"[80]GjfffHdwaCiqCdkrCcFwafndbCLCabcwafqftJBdHdwendfCIKqumotABeaCebxnafwendaqJCafDDeK",104,1,80,103,0,103,0,0,0,0,0,36,36,41,41,26,26,9
"704",3,"[80]GjfffHdwaCiqCdkrCcFwafndbCLCabcwafqftJBdHdwendfCIKqumotABeaCebxnafwendaqJCafDDeK",106,1,80,105,0,105,0,0,0,0,0,38,38,36,36,31,31,9
"705",4,"[80]GjfffHdwaCiqCdkrCcFwafndbCLCabcwafqftJBdHdwendfCIKqumotABeaCebxnafwendaqJCafDDeK",105,1,80,104,0,104,0,0,0,0,0,39,39,36,36,29,29,9
"706",5,"[80]GjfffHdwaCiqCdkrCcFwafndbCLCabcwafqftJBdHdwendfCIKqumotABeaCebxnafwendaqJCafDDeK",107,0.981818,80,110,2,108,2,2,0,2,2,34,32,36,36,40,40,9
"707",6,"[80]GjfffHdwaCiqCdkrCcFwafndbCLCabcwafqftJBdHdwendfCIKqumotABeaCebxnafwendaqJCafDDeK",108,0.981982,80,111,2,109,2,2,0,2,2,39,37,32,32,40,40,9
"708",7,"[80]GjfffHdwaCiqCdkrCcFwafndbCLCabcwafqftJBdHdwendfCIKqumotABeaCebxnafwendaqJCafDDeK",107,0.990741,80,108,1,107,1,1,0,1,1,36,35,36,36,36,36,9
"709",8,"[80]GjfffHdwaCiqCdkrCcFwafndbCLCabcwafqftJBdHdwendfCIKqumotABeaCebxnafwendaqJCafDDeK",108,0.973451,80,113,3,110,3,3,0,3,3,27,24,40,40,46,46,9
"710",9,"[80]GjfffHdwaCiqCdkrCcFwafndbCLCabcwafqftJBdHdwendfCIKqumotABeaCebxnafwendaqJCafDDeK",114,1,80,113,0,113,0,0,0,0,0,33,33,32,32,48,48,9
"711",10,"[80]GjfffHdwaCiqCdkrCcFwafndbCLCabcwafqftJBdHdwendfCIKqumotABeaCebxnafwendaqJCafDDeK",108,1,80,107,0,107,0,0,0,0,0,35,35,36,36,36,36,9
"712",11,"[80]GjfffHdwaCiqCdkrCcFwafndbCLCabcwafqftJBdHdwendfCIKqumotABeaCebxnafwendaqJCafDDeK",106,0.972973,80,111,3,108,3,3,0,3,3,35,32,37,37,39,39,9
"713",12,"[80]GjfffHdwaCiqCdkrCcFwafndbCLCabcwafqftJBdHdwendfCIKqumotABeaCebxnafwendaqJCafDDeK",108,1,80,107,0,107,0,0,0,0,0,39,39,34,34,34,34,9
"714",13,"[80]GjfffHdwaCiqCdkrCcFwafndbCLCabcwafqftJBdHdwendfCIKqumotABeaCebxnafwendaqJCafDDeK",110,1,80,109,0,109,0,0,0,0,0,33,33,36,36,40,40,9
"715",14,"[80]GjfffHdwaCiqCdkrCcFwafndbCLCabcwafqftJBdHdwendfCIKqumotABeaCebxnafwendaqJCafDDeK",105,1,80,104,0,104,0,0,0,0,0,34,34,41,41,29,29,9
"716",15,"[80]GjfffHdwaCiqCdkrCcFwafndbCLCabcwafqftJBdHdwendfCIKqumotABeaCebxnafwendaqJCafDDeK",107,0.990741,80,108,1,107,1,1,0,1,1,42,41,32,32,34,34,9
"717",16,"[80]GjfffHdwaCiqCdkrCcFwafndbCLCabcwafqftJBdHdwendfCIKqumotABeaCebxnafwendaqJCafDDeK",101,0.990196,80,102,1,101,1,1,0,1,1,38,37,41,41,23,23,9
"718",17,"[80]GjfffHdwaCiqCdkrCcFwafndbCLCabcwafqftJBdHdwendfCIKqumotABeaCebxnafwendaqJCafDDeK",105,0.981481,80,108,2,106,2,2,0,2,2,29,27,43,43,36,36,9
"719",18,"[80]GjfffHdwaCiqCdkrCcFwafndbCLCabcwafqftJBdHdwendfCIKqumotABeaCebxnafwendaqJCafDDeK",105,0.981481,80,108,2,106,2,2,0,2,2,32,30,41,41,35,35,9
"720",19,"[80]GjfffHdwaCiqCdkrCcFwafndbCLCabcwafqftJBdHdwendfCIKqumotABeaCebxnafwendaqJCafDDeK",107,0.990741,80,108,1,107,1,1,0,1,1,39,38,34,34,35,35,9
"721",20,"[80]GjfffHdwaCiqCdkrCcFwafndbCLCabcwafqftJBdHdwendfCIKqumotABeaCebxnafwendaqJCafDDeK",106,0.990654,80,107,1,106,1,1,0,1,1,39,38,35,35,33,33,9
"722",21,"[80]GjfffHdwaCiqCdkrCcFwafndbCLCabcwafqftJBdHdwendfCIKqumotABeaCebxnafwendaqJCafDDeK",104,0.963964,80,111,4,107,4,4,0,4,4,32,28,41,41,38,38,9
"723",22,"[80]GjfffHdwaCiqCdkrCcFwafndbCLCabcwafqftJBdHdwendfCIKqumotABeaCebxnafwendaqJCafDDeK",105,0.981481,80,108,2,106,2,2,0,2,2,43,41,32,32,33,33,9
"724",23,"[80]GjfffHdwaCiqCdkrCcFwafndbCLCabcwafqftJBdHdwendfCIKqumotABeaCebxnafwendaqJCafDDeK",107,0.990741,80,108,1,107,1,1,0,1,1,36,35,36,36,36,36,9
"725",24,"[80]GjfffHdwaCiqCdkrCcFwafndbCLCabcwafqftJBdHdwendfCIKqumotABeaCebxnafwendaqJCafDDeK",107,1,80,106,0,106,0,0,0,0,0,42,42,32,32,32,32,9
"726",25,"[80]GjfffHdwaCiqCdkrCcFwafndbCLCabcwafqftJBdHdwendfCIKqumotABeaCebxnafwendaqJCafDDeK",108,0.990826,80,109,1,108,1,1,0,1,1,35,34,35,35,39,39,9
"727",26,"[80]GjfffHdwaCiqCdkrCcFwafndbCLCabcwafqftJBdHdwendfCIKqumotABeaCebxnafwendaqJCafDDeK",106,0.990654,80,107,1,106,1,1,0,1,1,33,32,39,39,35,35,9
"728",27,"[80]GjfffHdwaCiqCdkrCcFwafndbCLCabcwafqftJBdHdwendfCIKqumotABeaCebxnafwendaqJCafDDeK",99,0.962264,80,106,4,102,4,4,0,4,4,41,37,38,38,27,27,9
"729",28,"[80]GjfffHdwaCiqCdkrCcFwafndbCLCabcwafqftJBdHdwendfCIKqumotABeaCebxnafwendaqJCafDDeK",106,0.990654,80,107,1,106,1,1,0,1,1,32,31,40,40,35,35,9
"730",29,"[80]GjfffHdwaCiqCdkrCcFwafndbCLCabcwafqftJBdHdwendfCIKqumotABeaCebxnafwendaqJCafDDeK",110,1,80,109,0,109,0,0,0,0,0,37,37,32,32,40,40,9
"731",30,"[80]GjfffHdwaCiqCdkrCcFwafndbCLCabcwafqftJBdHdwendfCIKqumotABeaCebxnafwendaqJCafDDeK",107,1,80,106,0,106,0,0,0,0,0,40,40,34,34,32,32,9
"732",31,"[80]GjfffHdwaCiqCdkrCcFwafndbCLCabcwafqftJBdHdwendfCIKqumotABeaCebxnafwendaqJCafDDeK",111,1,80,110,0,110,0,0,0,0,0,33,33,35,35,42,42,9
"733",32,"[80]GjfffHdwaCiqCdkrCcFwafndbCLCabcwafqftJBdHdwendfCIKqumotABeaCebxnafwendaqJCafDDeK",106,1,80,105,0,105,0,0,0,0,0,39,39,35,35,31,31,9
"734",33,"[80]GjfffHdwaCiqCdkrCcFwafndbCLCabcwafqftJBdHdwendfCIKqumotABeaCebxnafwendaqJCafDDeK",99,0.953704,80,108,5,103,5,5,0,5,5,40,35,37,37,31,31,9
"735",34,"[80]GjfffHdwaCiqCdkrCcFwafndbCLCabcwafqftJBdHdwendfCIKqumotABeaCebxnafwendaqJCafDDeK",108,0.990826,80,109,1,108,1,1,0,1,1,37,36,34,34,38,38,9
"736",35,"[80]GjfffHdwaCiqCdkrCcFwafndbCLCabcwafqftJBdHdwendfCIKqumotABeaCebxnafwendaqJCafDDeK",103,1,80,102,0,102,0,0,0,0,0,36,36,42,42,24,24,9
"737",36,"[80]GjfffHdwaCiqCdkrCcFwafndbCLCabcwafqftJBdHdwendfCIKqumotABeaCebxnafwendaqJCafDDeK",110,0.990991,80,111,1,110,1,1,0,1,1,42,41,28,28,41,41,9
"738",37,"[80]GjfffHdwaCiqCdkrCcFwafndbCLCabcwafqftJBdHdwendfCIKqumotABeaCebxnafwendaqJCafDDeK",108,1,80,107,0,107,0,0,0,0,0,35,35,37,37,35,35,9
"739",38,"[80]GjfffHdwaCiqCdkrCcFwafndbCLCabcwafqftJBdHdwendfCIKqumotABeaCebxnafwendaqJCafDDeK",105,1,80,104,0,104,0,0,0,0,0,36,36,40,40,28,28,9
"740",39,"[80]GjfffHdwaCiqCdkrCcFwafndbCLCabcwafqftJBdHdwendfCIKqumotABeaCebxnafwendaqJCafDDeK",105,1,80,104,0,104,0,0,0,0,0,36,36,40,40,28,28,9
"741",40,"[80]GjfffHdwaCiqCdkrCcFwafndbCLCabcwafqftJBdHdwendfCIKqumotABeaCebxnafwendaqJCafDDeK",104,0.981308,80,107,2,105,2,2,0,2,2,41,39,34,34,32,32,9
"742",41,"[80]GjfffHdwaCiqCdkrCcFwafndbCLCabcwafqftJBdHdwendfCIKqumotABeaCebxnafwendaqJCafDDeK",108,1,80,107,0,107,0,0,0,0,0,27,27,43,43,37,37,9
"743",42,"[80]GjfffHdwaCiqCdkrCcFwafndbCLCabcwafqftJBdHdwendfCIKqumotABeaCebxnafwendaqJCafDDeK",106,1,80,105,0,105,0,0,0,0,0,40,40,35,35,30,30,9
"744",43,"[80]GjfffHdwaCiqCdkrCcFwafndbCLCabcwafqftJBdHdwendfCIKqumotABeaCebxnafwendaqJCafDDeK",105,1,80,104,0,104,0,0,0,0,0,39,39,37,37,28,28,9
"745",44,"[80]GjfffHdwaCiqCdkrCcFwafndbCLCabcwafqftJBdHdwendfCIKqumotABeaCebxnafwendaqJCafDDeK",111,0.974138,80,116,3,113,3,3,0,3,3,35,32,30,30,51,51,9
"746",45,"[80]GjfffHdwaCiqCdkrCcFwafndbCLCabcwafqftJBdHdwendfCIKqumotABeaCebxnafwendaqJCafDDeK",108,0.990826,80,109,1,108,1,1,0,1,1,43,42,28,28,38,38,9
"747",46,"[80]GjfffHdwaCiqCdkrCcFwafndbCLCabcwafqftJBdHdwendfCIKqumotABeaCebxnafwendaqJCafDDeK",107,0.981818,80,110,2,108,2,2,0,2,2,41,39,31,31,38,38,9
"748",47,"[80]GjfffHdwaCiqCdkrCcFwafndbCLCabcwafqftJBdHdwendfCIKqumotABeaCebxnafwendaqJCafDDeK",111,0.982456,80,114,2,112,2,2,0,2,2,34,32,33,33,47,47,9
"749",48,"[80]GjfffHdwaCiqCdkrCcFwafndbCLCabcwafqftJBdHdwendfCIKqumotABeaCebxnafwendaqJCafDDeK",112,1,80,111,0,111,0,0,0,0,0,32,32,36,36,43,43,9
"750",49,"[80]GjfffHdwaCiqCdkrCcFwafndbCLCabcwafqftJBdHdwendfCIKqumotABeaCebxnafwendaqJCafDDeK",107,1,80,106,0,106,0,0,0,0,0,30,30,43,43,33,33,9
"751",50,"[80]GjfffHdwaCiqCdkrCcFwafndbCLCabcwafqftJBdHdwendfCIKqumotABeaCebxnafwendaqJCafDDeK",106,1,80,105,0,105,0,0,0,0,0,34,34,40,40,31,31,9
"752",51,"[80]GjfffHdwaCiqCdkrCcFwafndbCLCabcwafqftJBdHdwendfCIKqumotABeaCebxnafwendaqJCafDDeK",105,1,80,104,0,104,0,0,0,0,0,34,34,41,41,29,29,9
"753",52,"[80]GjfffHdwaCiqCdkrCcFwafndbCLCabcwafqftJBdHdwendfCIKqumotABeaCebxnafwendaqJCafDDeK",106,0.981651,80,109,2,107,2,2,0,2,2,39,37,33,33,37,37,9
"754",53,"[80]GjfffHdwaCiqCdkrCcFwafndbCLCabcwafqftJBdHdwendfCIKqumotABeaCebxnafwendaqJCafDDeK",113,1,80,112,0,112,0,0,0,0,0,32,32,34,34,46,46,9
"755",54,"[80]GjfffHdwaCiqCdkrCcFwafndbCLCabcwafqftJBdHdwendfCIKqumotABeaCebxnafwendaqJCafDDeK",112,1,80,111,0,111,0,0,0,0,0,33,33,34,34,44,44,9
"756",55,"[80]GjfffHdwaCiqCdkrCcFwafndbCLCabcwafqftJBdHdwendfCIKqumotABeaCebxnafwendaqJCafDDeK",112,1,80,111,0,111,0,0,0,0,0,44,44,24,24,43,43,9
"757",56,"[80]GjfffHdwaCiqCdkrCcFwafndbCLCabcwafqftJBdHdwendfCIKqumotABeaCebxnafwendaqJCafDDeK",109,1,80,108,0,108,0,0,0,0,0,27,27,42,42,39,39,9
"758",57,"[80]GjfffHdwaCiqCdkrCcFwafndbCLCabcwafqftJBdHdwendfCIKqumotABeaCebxnafwendaqJCafDDeK",107,1,80,106,0,106,0,0,0,0,0,32,32,40,40,34,34,9
"759",58,"[80]GjfffHdwaCiqCdkrCcFwafndbCLCabcwafqftJBdHdwendfCIKqumotABeaCebxnafwendaqJCafDDeK",111,1,80,110,0,110,0,0,0,0,0,40,40,29,29,41,41,9
"760",59,"[80]GjfffHdwaCiqCdkrCcFwafndbCLCabcwafqftJBdHdwendfCIKqumotABeaCebxnafwendaqJCafDDeK",107,0.990741,80,108,1,107,1,1,0,1,1,34,33,37,37,37,37,9
"761",60,"[80]GjfffHdwaCiqCdkrCcFwafndbCLCabcwafqftJBdHdwendfCIKqumotABeaCebxnafwendaqJCafDDeK",103,0.990385,80,104,1,103,1,1,0,1,1,40,39,38,38,26,26,9
"762",61,"[80]GjfffHdwaCiqCdkrCcFwafndbCLCabcwafqftJBdHdwendfCIKqumotABeaCebxnafwendaqJCafDDeK",105,1,80,104,0,104,0,0,0,0,0,33,33,42,42,29,29,9
"763",62,"[80]GjfffHdwaCiqCdkrCcFwafndbCLCabcwafqftJBdHdwendfCIKqumotABeaCebxnafwendaqJCafDDeK",109,0.990909,80,110,1,109,1,1,0,1,1,34,33,36,36,40,40,9
"764",63,"[80]GjfffHdwaCiqCdkrCcFwafndbCLCabcwafqftJBdHdwendfCIKqumotABeaCebxnafwendaqJCafDDeK",105,0.990566,80,106,1,105,1,1,0,1,1,39,38,35,35,32,32,9
"765",64,"[80]GjfffHdwaCiqCdkrCcFwafndbCLCabcwafqftJBdHdwendfCIKqumotABeaCebxnafwendaqJCafDDeK",105,0.990566,80,106,1,105,1,1,0,1,1,37,36,38,38,31,31,9
"766",65,"[80]GjfffHdwaCiqCdkrCcFwafndbCLCabcwafqftJBdHdwendfCIKqumotABeaCebxnafwendaqJCafDDeK",106,0.990654,80,107,1,106,1,1,0,1,1,40,39,33,33,34,34,9
"767",66,"[80]GjfffHdwaCiqCdkrCcFwafndbCLCabcwafqftJBdHdwendfCIKqumotABeaCebxnafwendaqJCafDDeK",106,0.981651,80,109,2,107,2,2,0,2,2,48,46,25,25,36,36,9
"768",67,"[80]GjfffHdwaCiqCdkrCcFwafndbCLCabcwafqftJBdHdwendfCIKqumotABeaCebxnafwendaqJCafDDeK",109,1,80,108,0,108,0,0,0,0,0,32,32,38,38,38,38,9
"769",68,"[80]GjfffHdwaCiqCdkrCcFwafndbCLCabcwafqftJBdHdwendfCIKqumotABeaCebxnafwendaqJCafDDeK",110,1,80,109,0,109,0,0,0,0,0,37,37,33,33,39,39,9
"770",69,"[80]GjfffHdwaCiqCdkrCcFwafndbCLCabcwafqftJBdHdwendfCIKqumotABeaCebxnafwendaqJCafDDeK",112,1,80,111,0,111,0,0,0,0,0,24,24,43,43,44,44,9
"771",70,"[80]GjfffHdwaCiqCdkrCcFwafndbCLCabcwafqftJBdHdwendfCIKqumotABeaCebxnafwendaqJCafDDeK",108,1,80,107,0,107,0,0,0,0,0,45,45,28,28,34,34,9
"772",71,"[80]GjfffHdwaCiqCdkrCcFwafndbCLCabcwafqftJBdHdwendfCIKqumotABeaCebxnafwendaqJCafDDeK",110,1,80,109,0,109,0,0,0,0,0,33,33,36,36,40,40,9
"773",72,"[80]GjfffHdwaCiqCdkrCcFwafndbCLCabcwafqftJBdHdwendfCIKqumotABeaCebxnafwendaqJCafDDeK",107,0.990741,80,108,1,107,1,1,0,1,1,35,34,38,38,35,35,9
"774",73,"[80]GjfffHdwaCiqCdkrCcFwafndbCLCabcwafqftJBdHdwendfCIKqumotABeaCebxnafwendaqJCafDDeK",106,1,80,105,0,105,0,0,0,0,0,41,41,33,33,31,31,9
"775",74,"[80]GjfffHdwaCiqCdkrCcFwafndbCLCabcwafqftJBdHdwendfCIKqumotABeaCebxnafwendaqJCafDDeK",108,1,80,107,0,107,0,0,0,0,0,39,39,33,33,35,35,9
"776",75,"[80]GjfffHdwaCiqCdkrCcFwafndbCLCabcwafqftJBdHdwendfCIKqumotABeaCebxnafwendaqJCafDDeK",103,1,80,102,0,102,0,0,0,0,0,37,37,41,41,24,24,9
"777",76,"[80]GjfffHdwaCiqCdkrCcFwafndbCLCabcwafqftJBdHdwendfCIKqumotABeaCebxnafwendaqJCafDDeK",111,0.991071,80,112,1,111,1,1,0,1,1,31,30,36,36,45,45,9
"778",77,"[80]GjfffHdwaCiqCdkrCcFwafndbCLCabcwafqftJBdHdwendfCIKqumotABeaCebxnafwendaqJCafDDeK",111,1,80,110,0,110,0,0,0,0,0,33,33,35,35,42,42,9
"779",78,"[80]GjfffHdwaCiqCdkrCcFwafndbCLCabcwafqftJBdHdwendfCIKqumotABeaCebxnafwendaqJCafDDeK",107,0.981818,80,110,2,108,2,2,0,2,2,29,27,41,41,40,40,9
"780",79,"[80]GjfffHdwaCiqCdkrCcFwafndbCLCabcwafqftJBdHdwendfCIKqumotABeaCebxnafwendaqJCafDDeK",105,0.981481,80,108,2,106,2,2,0,2,2,34,32,39,39,35,35,9
"781",80,"[80]GjfffHdwaCiqCdkrCcFwafndbCLCabcwafqftJBdHdwendfCIKqumotABeaCebxnafwendaqJCafDDeK",102,0.963303,80,109,4,105,4,4,0,4,4,37,33,37,37,35,35,9
"782",81,"[80]GjfffHdwaCiqCdkrCcFwafndbCLCabcwafqftJBdHdwendfCIKqumotABeaCebxnafwendaqJCafDDeK",109,0.990909,80,110,1,109,1,1,0,1,1,43,42,27,27,40,40,9
"783",82,"[80]GjfffHdwaCiqCdkrCcFwafndbCLCabcwafqftJBdHdwendfCIKqumotABeaCebxnafwendaqJCafDDeK",108,0.990826,80,109,1,108,1,1,0,1,1,37,36,35,35,37,37,9
"784",83,"[80]GjfffHdwaCiqCdkrCcFwafndbCLCabcwafqftJBdHdwendfCIKqumotABeaCebxnafwendaqJCafDDeK",100,0.990099,80,101,1,100,1,1,0,1,1,32,31,48,48,21,21,9
"785",84,"[80]GjfffHdwaCiqCdkrCcFwafndbCLCabcwafqftJBdHdwendfCIKqumotABeaCebxnafwendaqJCafDDeK",111,0.991071,80,112,1,111,1,1,0,1,1,34,33,33,33,45,45,9
"786",85,"[80]GjfffHdwaCiqCdkrCcFwafndbCLCabcwafqftJBdHdwendfCIKqumotABeaCebxnafwendaqJCafDDeK",99,0.945455,80,110,6,104,6,6,0,6,6,40,34,36,36,34,34,9
"787",86,"[80]GjfffHdwaCiqCdkrCcFwafndbCLCabcwafqftJBdHdwendfCIKqumotABeaCebxnafwendaqJCafDDeK",104,0.981308,80,107,2,105,2,2,0,2,2,37,35,37,37,33,33,9
"788",87,"[80]GjfffHdwaCiqCdkrCcFwafndbCLCabcwafqftJBdHdwendfCIKqumotABeaCebxnafwendaqJCafDDeK",104,0.963964,80,111,4,107,4,4,0,4,4,33,29,40,40,38,38,9
"789",88,"[80]GjfffHdwaCiqCdkrCcFwafndbCLCabcwafqftJBdHdwendfCIKqumotABeaCebxnafwendaqJCafDDeK",100,0.980583,80,103,2,101,2,2,0,2,2,39,37,40,40,24,24,9
"790",89,"[80]GjfffHdwaCiqCdkrCcFwafndbCLCabcwafqftJBdHdwendfCIKqumotABeaCebxnafwendaqJCafDDeK",103,0.990385,80,104,1,103,1,1,0,1,1,42,41,35,35,27,27,9
"791",90,"[80]GjfffHdwaCiqCdkrCcFwafndbCLCabcwafqftJBdHdwendfCIKqumotABeaCebxnafwendaqJCafDDeK",106,1,80,105,0,105,0,0,0,0,0,45,45,31,31,29,29,9
"792",91,"[80]GjfffHdwaCiqCdkrCcFwafndbCLCabcwafqftJBdHdwendfCIKqumotABeaCebxnafwendaqJCafDDeK",107,0.973214,80,112,3,109,3,3,0,3,3,43,40,28,28,41,41,9
"793",92,"[80]GjfffHdwaCiqCdkrCcFwafndbCLCabcwafqftJBdHdwendfCIKqumotABeaCebxnafwendaqJCafDDeK",108,1,80,107,0,107,0,0,0,0,0,32,32,40,40,35,35,9
"794",93,"[80]GjfffHdwaCiqCdkrCcFwafndbCLCabcwafqftJBdHdwendfCIKqumotABeaCebxnafwendaqJCafDDeK",108,0.981982,80,111,2,109,2,2,0,2,2,39,37,32,32,40,40,9
"795",94,"[80]GjfffHdwaCiqCdkrCcFwafndbCLCabcwafqftJBdHdwendfCIKqumotABeaCebxnafwendaqJCafDDeK",111,0.991071,80,112,1,111,1,1,0,1,1,41,40,27,27,44,44,9
"796",95,"[80]GjfffHdwaCiqCdkrCcFwafndbCLCabcwafqftJBdHdwendfCIKqumotABeaCebxnafwendaqJCafDDeK",107,1,80,106,0,106,0,0,0,0,0,38,38,36,36,32,32,9
"797",96,"[80]GjfffHdwaCiqCdkrCcFwafndbCLCabcwafqftJBdHdwendfCIKqumotABeaCebxnafwendaqJCafDDeK",105,1,80,104,0,104,0,0,0,0,0,38,38,37,37,29,29,9
"798",97,"[80]GjfffHdwaCiqCdkrCcFwafndbCLCabcwafqftJBdHdwendfCIKqumotABeaCebxnafwendaqJCafDDeK",108,0.990826,80,109,1,108,1,1,0,1,1,31,30,39,39,39,39,9
"799",98,"[80]GjfffHdwaCiqCdkrCcFwafndbCLCabcwafqftJBdHdwendfCIKqumotABeaCebxnafwendaqJCafDDeK",104,0.990476,80,105,1,104,1,1,0,1,1,31,30,44,44,30,30,9
"800",99,"[80]GjfffHdwaCiqCdkrCcFwafndbCLCabcwafqftJBdHdwendfCIKqumotABeaCebxnafwendaqJCafDDeK",104,0.990476,80,105,1,104,1,1,0,1,1,36,35,39,39,30,30,9
"801",0,"[82]GjfffHdwaCojbdpmyvhsuwafndbCLCebLAwafofCJBdHdwandfquIKCabcbBeaCkziafwendaCJCabnveK",106,0.990654,82,107,1,106,1,1,0,1,1,33,32,40,40,34,34,10
"802",1,"[82]GjfffHdwaCojbdpmyvhsuwafndbCLCebLAwafofCJBdHdwandfquIKCabcbBeaCkziafwendaCJCabnveK",108,1,82,107,0,107,0,0,0,0,0,36,36,35,35,36,36,10
"803",2,"[82]GjfffHdwaCojbdpmyvhsuwafndbCLCebLAwafofCJBdHdwandfquIKCabcbBeaCkziafwendaCJCabnveK",107,1,82,106,0,106,0,0,0,0,0,27,27,44,44,35,35,10
"804",3,"[82]GjfffHdwaCojbdpmyvhsuwafndbCLCebLAwafofCJBdHdwandfquIKCabcbBeaCkziafwendaCJCabnveK",104,0.981308,82,107,2,105,2,2,0,2,2,39,37,36,36,32,32,10
"805",4,"[82]GjfffHdwaCojbdpmyvhsuwafndbCLCebLAwafofCJBdHdwandfquIKCabcbBeaCkziafwendaCJCabnveK",109,1,82,108,0,108,0,0,0,0,0,35,35,35,35,38,38,10
"806",5,"[82]GjfffHdwaCojbdpmyvhsuwafndbCLCebLAwafofCJBdHdwandfquIKCabcbBeaCkziafwendaCJCabnveK",110,1,82,109,0,109,0,0,0,0,0,35,35,34,34,40,40,10
"807",6,"[82]GjfffHdwaCojbdpmyvhsuwafndbCLCebLAwafofCJBdHdwandfquIKCabcbBeaCkziafwendaCJCabnveK",112,0.99115,82,113,1,112,1,1,0,1,1,46,45,22,22,45,45,10
"808",7,"[82]GjfffHdwaCojbdpmyvhsuwafndbCLCebLAwafofCJBdHdwandfquIKCabcbBeaCkziafwendaCJCabnveK",106,1,82,105,0,105,0,0,0,0,0,41,41,33,33,31,31,10
"809",8,"[82]GjfffHdwaCojbdpmyvhsuwafndbCLCebLAwafofCJBdHdwandfquIKCabcbBeaCkziafwendaCJCabnveK",109,1,82,108,0,108,0,0,0,0,0,29,29,41,41,38,38,10
"810",9,"[82]GjfffHdwaCojbdpmyvhsuwafndbCLCebLAwafofCJBdHdwandfquIKCabcbBeaCkziafwendaCJCabnveK",105,0.964286,82,112,4,108,4,4,0,4,4,37,33,36,36,39,39,10
"811",10,"[82]GjfffHdwaCojbdpmyvhsuwafndbCLCebLAwafofCJBdHdwandfquIKCabcbBeaCkziafwendaCJCabnveK",106,0.990654,82,107,1,106,1,1,0,1,1,44,43,30,30,33,33,10
"812",11,"[82]GjfffHdwaCojbdpmyvhsuwafndbCLCebLAwafofCJBdHdwandfquIKCabcbBeaCkziafwendaCJCabnveK",106,1,82,105,0,105,0,0,0,0,0,37,37,37,37,31,31,10
"813",12,"[82]GjfffHdwaCojbdpmyvhsuwafndbCLCebLAwafofCJBdHdwandfquIKCabcbBeaCkziafwendaCJCabnveK",112,0.99115,82,113,1,112,1,1,0,1,1,29,28,37,37,47,47,10
"814",13,"[82]GjfffHdwaCojbdpmyvhsuwafndbCLCebLAwafofCJBdHdwandfquIKCabcbBeaCkziafwendaCJCabnveK",108,1,82,107,0,107,0,0,0,0,0,31,31,40,40,36,36,10
"815",14,"[82]GjfffHdwaCojbdpmyvhsuwafndbCLCebLAwafofCJBdHdwandfquIKCabcbBeaCkziafwendaCJCabnveK",101,0.980769,82,104,2,102,2,2,0,2,2,37,35,42,42,25,25,10
"816",15,"[82]GjfffHdwaCojbdpmyvhsuwafndbCLCebLAwafofCJBdHdwandfquIKCabcbBeaCkziafwendaCJCabnveK",110,1,82,109,0,109,0,0,0,0,0,31,31,38,38,40,40,10
"817",16,"[82]GjfffHdwaCojbdpmyvhsuwafndbCLCebLAwafofCJBdHdwandfquIKCabcbBeaCkziafwendaCJCabnveK",109,1,82,108,0,108,0,0,0,0,0,29,29,41,41,38,38,10
"818",17,"[82]GjfffHdwaCojbdpmyvhsuwafndbCLCebLAwafofCJBdHdwandfquIKCabcbBeaCkziafwendaCJCabnveK",108,0.990826,82,109,1,108,1,1,0,1,1,32,31,38,38,39,39,10
"819",18,"[82]GjfffHdwaCojbdpmyvhsuwafndbCLCebLAwafofCJBdHdwandfquIKCabcbBeaCkziafwendaCJCabnveK",103,0.990385,82,104,1,103,1,1,0,1,1,34,33,42,42,28,28,10
"820",19,"[82]GjfffHdwaCojbdpmyvhsuwafndbCLCebLAwafofCJBdHdwandfquIKCabcbBeaCkziafwendaCJCabnveK",106,1,82,105,0,105,0,0,0,0,0,39,39,36,36,30,30,10
"821",20,"[82]GjfffHdwaCojbdpmyvhsuwafndbCLCebLAwafofCJBdHdwandfquIKCabcbBeaCkziafwendaCJCabnveK",103,0.981132,82,106,2,104,2,2,0,2,2,41,39,35,35,30,30,10
"822",21,"[82]GjfffHdwaCojbdpmyvhsuwafndbCLCebLAwafofCJBdHdwandfquIKCabcbBeaCkziafwendaCJCabnveK",115,1,82,114,0,114,0,0,0,0,0,23,23,39,39,52,52,10
"823",22,"[82]GjfffHdwaCojbdpmyvhsuwafndbCLCebLAwafofCJBdHdwandfquIKCabcbBeaCkziafwendaCJCabnveK",107,1,82,106,0,106,0,0,0,0,0,48,48,26,26,32,32,10
"824",23,"[82]GjfffHdwaCojbdpmyvhsuwafndbCLCebLAwafofCJBdHdwandfquIKCabcbBeaCkziafwendaCJCabnveK",110,1,82,109,0,109,0,0,0,0,0,43,43,28,28,38,38,10
"825",24,"[82]GjfffHdwaCojbdpmyvhsuwafndbCLCebLAwafofCJBdHdwandfquIKCabcbBeaCkziafwendaCJCabnveK",106,1,82,105,0,105,0,0,0,0,0,33,33,40,40,32,32,10
"826",25,"[82]GjfffHdwaCojbdpmyvhsuwafndbCLCebLAwafofCJBdHdwandfquIKCabcbBeaCkziafwendaCJCabnveK",110,1,82,109,0,109,0,0,0,0,0,39,39,30,30,40,40,10
"827",26,"[82]GjfffHdwaCojbdpmyvhsuwafndbCLCebLAwafofCJBdHdwandfquIKCabcbBeaCkziafwendaCJCabnveK",113,1,82,112,0,112,0,0,0,0,0,27,27,38,38,47,47,10
"828",27,"[82]GjfffHdwaCojbdpmyvhsuwafndbCLCebLAwafofCJBdHdwandfquIKCabcbBeaCkziafwendaCJCabnveK",107,0.990741,82,108,1,107,1,1,0,1,1,29,28,42,42,37,37,10
"829",28,"[82]GjfffHdwaCojbdpmyvhsuwafndbCLCebLAwafofCJBdHdwandfquIKCabcbBeaCkziafwendaCJCabnveK",105,1,82,104,0,104,0,0,0,0,0,34,34,41,41,29,29,10
"830",29,"[82]GjfffHdwaCojbdpmyvhsuwafndbCLCebLAwafofCJBdHdwandfquIKCabcbBeaCkziafwendaCJCabnveK",114,1,82,113,0,113,0,0,0,0,0,38,38,27,27,48,48,10
"831",30,"[82]GjfffHdwaCojbdpmyvhsuwafndbCLCebLAwafofCJBdHdwandfquIKCabcbBeaCkziafwendaCJCabnveK",107,1,82,106,0,106,0,0,0,0,0,37,37,35,35,34,34,10
"832",31,"[82]GjfffHdwaCojbdpmyvhsuwafndbCLCebLAwafofCJBdHdwandfquIKCabcbBeaCkziafwendaCJCabnveK",111,0.991071,82,112,1,111,1,1,0,1,1,43,42,25,25,44,44,10
"833",32,"[82]GjfffHdwaCojbdpmyvhsuwafndbCLCebLAwafofCJBdHdwandfquIKCabcbBeaCkziafwendaCJCabnveK",105,1,82,104,0,104,0,0,0,0,0,37,37,38,38,29,29,10
"834",33,"[82]GjfffHdwaCojbdpmyvhsuwafndbCLCebLAwafofCJBdHdwandfquIKCabcbBeaCkziafwendaCJCabnveK",111,1,82,110,0,110,0,0,0,0,0,41,41,28,28,41,41,10
"835",34,"[82]GjfffHdwaCojbdpmyvhsuwafndbCLCebLAwafofCJBdHdwandfquIKCabcbBeaCkziafwendaCJCabnveK",106,1,82,105,0,105,0,0,0,0,0,35,35,38,38,32,32,10
"836",35,"[82]GjfffHdwaCojbdpmyvhsuwafndbCLCebLAwafofCJBdHdwandfquIKCabcbBeaCkziafwendaCJCabnveK",107,0.981818,82,110,2,108,2,2,0,2,2,33,31,38,38,39,39,10
"837",36,"[82]GjfffHdwaCojbdpmyvhsuwafndbCLCebLAwafofCJBdHdwandfquIKCabcbBeaCkziafwendaCJCabnveK",107,1,82,106,0,106,0,0,0,0,0,34,34,38,38,34,34,10
"838",37,"[82]GjfffHdwaCojbdpmyvhsuwafndbCLCebLAwafofCJBdHdwandfquIKCabcbBeaCkziafwendaCJCabnveK",109,0.990909,82,110,1,109,1,1,0,1,1,28,27,42,42,40,40,10
"839",38,"[82]GjfffHdwaCojbdpmyvhsuwafndbCLCebLAwafofCJBdHdwandfquIKCabcbBeaCkziafwendaCJCabnveK",110,1,82,109,0,109,0,0,0,0,0,30,30,38,38,41,41,10
"840",39,"[82]GjfffHdwaCojbdpmyvhsuwafndbCLCebLAwafofCJBdHdwandfquIKCabcbBeaCkziafwendaCJCabnveK",108,1,82,107,0,107,0,0,0,0,0,35,35,36,36,36,36,10
"841",40,"[82]GjfffHdwaCojbdpmyvhsuwafndbCLCebLAwafofCJBdHdwandfquIKCabcbBeaCkziafwendaCJCabnveK",104,0.990476,82,105,1,104,1,1,0,1,1,36,35,39,39,30,30,10
"842",41,"[82]GjfffHdwaCojbdpmyvhsuwafndbCLCebLAwafofCJBdHdwandfquIKCabcbBeaCkziafwendaCJCabnveK",104,0.990476,82,105,1,104,1,1,0,1,1,40,39,36,36,29,29,10
"843",42,"[82]GjfffHdwaCojbdpmyvhsuwafndbCLCebLAwafofCJBdHdwandfquIKCabcbBeaCkziafwendaCJCabnveK",111,0.991071,82,112,1,111,1,1,0,1,1,39,38,29,29,44,44,10
"844",43,"[82]GjfffHdwaCojbdpmyvhsuwafndbCLCebLAwafofCJBdHdwandfquIKCabcbBeaCkziafwendaCJCabnveK",107,1,82,106,0,106,0,0,0,0,0,29,29,43,43,34,34,10
"845",44,"[82]GjfffHdwaCojbdpmyvhsuwafndbCLCebLAwafofCJBdHdwandfquIKCabcbBeaCkziafwendaCJCabnveK",111,1,82,110,0,110,0,0,0,0,0,36,36,32,32,42,42,10
"846",45,"[82]GjfffHdwaCojbdpmyvhsuwafndbCLCebLAwafofCJBdHdwandfquIKCabcbBeaCkziafwendaCJCabnveK",108,1,82,107,0,107,0,0,0,0,0,40,40,32,32,35,35,10
"847",46,"[82]GjfffHdwaCojbdpmyvhsuwafndbCLCebLAwafofCJBdHdwandfquIKCabcbBeaCkziafwendaCJCabnveK",109,0.990909,82,110,1,109,1,1,0,1,1,35,34,35,35,40,40,10
"848",47,"[82]GjfffHdwaCojbdpmyvhsuwafndbCLCebLAwafofCJBdHdwandfquIKCabcbBeaCkziafwendaCJCabnveK",106,0.990654,82,107,1,106,1,1,0,1,1,37,36,36,36,34,34,10
"849",48,"[82]GjfffHdwaCojbdpmyvhsuwafndbCLCebLAwafofCJBdHdwandfquIKCabcbBeaCkziafwendaCJCabnveK",112,1,82,111,0,111,0,0,0,0,0,33,33,33,33,45,45,10
"850",49,"[82]GjfffHdwaCojbdpmyvhsuwafndbCLCebLAwafofCJBdHdwandfquIKCabcbBeaCkziafwendaCJCabnveK",113,0.991228,82,114,1,113,1,1,0,1,1,32,31,34,34,48,48,10
"851",50,"[82]GjfffHdwaCojbdpmyvhsuwafndbCLCebLAwafofCJBdHdwandfquIKCabcbBeaCkziafwendaCJCabnveK",111,1,82,110,0,110,0,0,0,0,0,28,28,40,40,42,42,10
"852",51,"[82]GjfffHdwaCojbdpmyvhsuwafndbCLCebLAwafofCJBdHdwandfquIKCabcbBeaCkziafwendaCJCabnveK",111,0.991071,82,112,1,111,1,1,0,1,1,34,33,34,34,44,44,10
"853",52,"[82]GjfffHdwaCojbdpmyvhsuwafndbCLCebLAwafofCJBdHdwandfquIKCabcbBeaCkziafwendaCJCabnveK",105,0.990566,82,106,1,105,1,1,0,1,1,37,36,38,38,31,31,10
"854",53,"[82]GjfffHdwaCojbdpmyvhsuwafndbCLCebLAwafofCJBdHdwandfquIKCabcbBeaCkziafwendaCJCabnveK",109,1,82,108,0,108,0,0,0,0,0,35,35,36,36,37,37,10
"855",54,"[82]GjfffHdwaCojbdpmyvhsuwafndbCLCebLAwafofCJBdHdwandfquIKCabcbBeaCkziafwendaCJCabnveK",108,1,82,107,0,107,0,0,0,0,0,34,34,37,37,36,36,10
"856",55,"[82]GjfffHdwaCojbdpmyvhsuwafndbCLCebLAwafofCJBdHdwandfquIKCabcbBeaCkziafwendaCJCabnveK",112,0.99115,82,113,1,112,1,1,0,1,1,32,31,34,34,47,47,10
"857",56,"[82]GjfffHdwaCojbdpmyvhsuwafndbCLCebLAwafofCJBdHdwandfquIKCabcbBeaCkziafwendaCJCabnveK",105,1,82,104,0,104,0,0,0,0,0,42,42,33,33,29,29,10
"858",57,"[82]GjfffHdwaCojbdpmyvhsuwafndbCLCebLAwafofCJBdHdwandfquIKCabcbBeaCkziafwendaCJCabnveK",105,0.990566,82,106,1,105,1,1,0,1,1,31,30,42,42,33,33,10
"859",58,"[82]GjfffHdwaCojbdpmyvhsuwafndbCLCebLAwafofCJBdHdwandfquIKCabcbBeaCkziafwendaCJCabnveK",105,1,82,104,0,104,0,0,0,0,0,40,40,36,36,28,28,10
"860",59,"[82]GjfffHdwaCojbdpmyvhsuwafndbCLCebLAwafofCJBdHdwandfquIKCabcbBeaCkziafwendaCJCabnveK",102,0.93913,82,115,7,108,7,7,0,7,7,33,26,42,42,40,40,10
"861",60,"[82]GjfffHdwaCojbdpmyvhsuwafndbCLCebLAwafofCJBdHdwandfquIKCabcbBeaCkziafwendaCJCabnveK",105,0.990566,82,106,1,105,1,1,0,1,1,41,40,34,34,31,31,10
"862",61,"[82]GjfffHdwaCojbdpmyvhsuwafndbCLCebLAwafofCJBdHdwandfquIKCabcbBeaCkziafwendaCJCabnveK",104,0.990476,82,105,1,104,1,1,0,1,1,34,33,41,41,30,30,10
"863",62,"[82]GjfffHdwaCojbdpmyvhsuwafndbCLCebLAwafofCJBdHdwandfquIKCabcbBeaCkziafwendaCJCabnveK",105,0.990566,82,106,1,105,1,1,0,1,1,40,39,35,35,31,31,10
"864",63,"[82]GjfffHdwaCojbdpmyvhsuwafndbCLCebLAwafofCJBdHdwandfquIKCabcbBeaCkziafwendaCJCabnveK",106,0.990654,82,107,1,106,1,1,0,1,1,48,47,27,27,32,32,10
"865",64,"[82]GjfffHdwaCojbdpmyvhsuwafndbCLCebLAwafofCJBdHdwandfquIKCabcbBeaCkziafwendaCJCabnveK",109,1,82,108,0,108,0,0,0,0,0,33,33,38,38,37,37,10
"866",65,"[82]GjfffHdwaCojbdpmyvhsuwafndbCLCebLAwafofCJBdHdwandfquIKCabcbBeaCkziafwendaCJCabnveK",110,1,82,109,0,109,0,0,0,0,0,32,32,37,37,40,40,10
"867",66,"[82]GjfffHdwaCojbdpmyvhsuwafndbCLCebLAwafofCJBdHdwandfquIKCabcbBeaCkziafwendaCJCabnveK",115,1,82,114,0,114,0,0,0,0,0,31,31,32,32,51,51,10
"868",67,"[82]GjfffHdwaCojbdpmyvhsuwafndbCLCebLAwafofCJBdHdwandfquIKCabcbBeaCkziafwendaCJCabnveK",108,0.990826,82,109,1,108,1,1,0,1,1,33,32,38,38,38,38,10
"869",68,"[82]GjfffHdwaCojbdpmyvhsuwafndbCLCebLAwafofCJBdHdwandfquIKCabcbBeaCkziafwendaCJCabnveK",103,0.981132,82,106,2,104,2,2,0,2,2,32,30,43,43,31,31,10
"870",69,"[82]GjfffHdwaCojbdpmyvhsuwafndbCLCebLAwafofCJBdHdwandfquIKCabcbBeaCkziafwendaCJCabnveK",108,1,82,107,0,107,0,0,0,0,0,37,37,34,34,36,36,10
"871",70,"[82]GjfffHdwaCojbdpmyvhsuwafndbCLCebLAwafofCJBdHdwandfquIKCabcbBeaCkziafwendaCJCabnveK",106,1,82,105,0,105,0,0,0,0,0,43,43,31,31,31,31,10
"872",71,"[82]GjfffHdwaCojbdpmyvhsuwafndbCLCebLAwafofCJBdHdwandfquIKCabcbBeaCkziafwendaCJCabnveK",108,0.990826,82,109,1,108,1,1,0,1,1,38,37,33,33,38,38,10
"873",72,"[82]GjfffHdwaCojbdpmyvhsuwafndbCLCebLAwafofCJBdHdwandfquIKCabcbBeaCkziafwendaCJCabnveK",105,1,82,104,0,104,0,0,0,0,0,42,42,33,33,29,29,10
"874",73,"[82]GjfffHdwaCojbdpmyvhsuwafndbCLCebLAwafofCJBdHdwandfquIKCabcbBeaCkziafwendaCJCabnveK",109,1,82,108,0,108,0,0,0,0,0,37,37,33,33,38,38,10
"875",74,"[82]GjfffHdwaCojbdpmyvhsuwafndbCLCebLAwafofCJBdHdwandfquIKCabcbBeaCkziafwendaCJCabnveK",105,0.981481,82,108,2,106,2,2,0,2,2,45,43,31,31,32,32,10
"876",75,"[82]GjfffHdwaCojbdpmyvhsuwafndbCLCebLAwafofCJBdHdwandfquIKCabcbBeaCkziafwendaCJCabnveK",100,0.962617,82,107,4,103,4,4,0,4,4,35,31,44,44,28,28,10
"877",76,"[82]GjfffHdwaCojbdpmyvhsuwafndbCLCebLAwafofCJBdHdwandfquIKCabcbBeaCkziafwendaCJCabnveK",104,0.963964,82,111,4,107,4,4,0,4,4,34,30,40,40,37,37,10
"878",77,"[82]GjfffHdwaCojbdpmyvhsuwafndbCLCebLAwafofCJBdHdwandfquIKCabcbBeaCkziafwendaCJCabnveK",109,1,82,108,0,108,0,0,0,0,0,43,43,29,29,36,36,10
"879",78,"[82]GjfffHdwaCojbdpmyvhsuwafndbCLCebLAwafofCJBdHdwandfquIKCabcbBeaCkziafwendaCJCabnveK",109,0.990909,82,110,1,109,1,1,0,1,1,37,36,33,33,40,40,10
"880",79,"[82]GjfffHdwaCojbdpmyvhsuwafndbCLCebLAwafofCJBdHdwandfquIKCabcbBeaCkziafwendaCJCabnveK",103,0.981132,82,106,2,104,2,2,0,2,2,38,36,39,39,29,29,10
"881",80,"[82]GjfffHdwaCojbdpmyvhsuwafndbCLCebLAwafofCJBdHdwandfquIKCabcbBeaCkziafwendaCJCabnveK",108,1,82,107,0,107,0,0,0,0,0,38,38,34,34,35,35,10
"882",81,"[82]GjfffHdwaCojbdpmyvhsuwafndbCLCebLAwafofCJBdHdwandfquIKCabcbBeaCkziafwendaCJCabnveK",107,0.990741,82,108,1,107,1,1,0,1,1,38,37,34,34,36,36,10
"883",82,"[82]GjfffHdwaCojbdpmyvhsuwafndbCLCebLAwafofCJBdHdwandfquIKCabcbBeaCkziafwendaCJCabnveK",110,1,82,109,0,109,0,0,0,0,0,32,32,38,38,39,39,10
"884",83,"[82]GjfffHdwaCojbdpmyvhsuwafndbCLCebLAwafofCJBdHdwandfquIKCabcbBeaCkziafwendaCJCabnveK",109,0.990909,82,110,1,109,1,1,0,1,1,35,34,34,34,41,41,10
"885",84,"[82]GjfffHdwaCojbdpmyvhsuwafndbCLCebLAwafofCJBdHdwandfquIKCabcbBeaCkziafwendaCJCabnveK",105,0.95614,82,114,5,109,5,5,0,5,5,39,34,34,34,41,41,10
"886",85,"[82]GjfffHdwaCojbdpmyvhsuwafndbCLCebLAwafofCJBdHdwandfquIKCabcbBeaCkziafwendaCJCabnveK",108,0.990826,82,109,1,108,1,1,0,1,1,30,29,40,40,39,39,10
"887",86,"[82]GjfffHdwaCojbdpmyvhsuwafndbCLCebLAwafofCJBdHdwandfquIKCabcbBeaCkziafwendaCJCabnveK",108,1,82,107,0,107,0,0,0,0,0,36,36,36,36,35,35,10
"888",87,"[82]GjfffHdwaCojbdpmyvhsuwafndbCLCebLAwafofCJBdHdwandfquIKCabcbBeaCkziafwendaCJCabnveK",111,0.982456,82,114,2,112,2,2,0,2,2,40,38,27,27,47,47,10
"889",88,"[82]GjfffHdwaCojbdpmyvhsuwafndbCLCebLAwafofCJBdHdwandfquIKCabcbBeaCkziafwendaCJCabnveK",108,1,82,107,0,107,0,0,0,0,0,26,26,45,45,36,36,10
"890",89,"[82]GjfffHdwaCojbdpmyvhsuwafndbCLCebLAwafofCJBdHdwandfquIKCabcbBeaCkziafwendaCJCabnveK",101,0.990196,82,102,1,101,1,1,0,1,1,48,47,32,32,22,22,10
"891",90,"[82]GjfffHdwaCojbdpmyvhsuwafndbCLCebLAwafofCJBdHdwandfquIKCabcbBeaCkziafwendaCJCabnveK",111,1,82,110,0,110,0,0,0,0,0,33,33,36,36,41,41,10
"892",91,"[82]GjfffHdwaCojbdpmyvhsuwafndbCLCebLAwafofCJBdHdwandfquIKCabcbBeaCkziafwendaCJCabnveK",113,1,82,112,0,112,0,0,0,0,0,31,31,35,35,46,46,10
"893",92,"[82]GjfffHdwaCojbdpmyvhsuwafndbCLCebLAwafofCJBdHdwandfquIKCabcbBeaCkziafwendaCJCabnveK",106,0.981651,82,109,2,107,2,2,0,2,2,35,33,38,38,36,36,10
"894",93,"[82]GjfffHdwaCojbdpmyvhsuwafndbCLCebLAwafofCJBdHdwandfquIKCabcbBeaCkziafwendaCJCabnveK",109,0.990909,82,110,1,109,1,1,0,1,1,29,28,40,40,41,41,10
"895",94,"[82]GjfffHdwaCojbdpmyvhsuwafndbCLCebLAwafofCJBdHdwandfquIKCabcbBeaCkziafwendaCJCabnveK",108,1,82,107,0,107,0,0,0,0,0,40,40,33,33,34,34,10
"896",95,"[82]GjfffHdwaCojbdpmyvhsuwafndbCLCebLAwafofCJBdHdwandfquIKCabcbBeaCkziafwendaCJCabnveK",107,0.990741,82,108,1,107,1,1,0,1,1,34,33,38,38,36,36,10
"897",96,"[82]GjfffHdwaCojbdpmyvhsuwafndbCLCebLAwafofCJBdHdwandfquIKCabcbBeaCkziafwendaCJCabnveK",110,0.990991,82,111,1,110,1,1,0,1,1,39,38,31,31,41,41,10
"898",97,"[82]GjfffHdwaCojbdpmyvhsuwafndbCLCebLAwafofCJBdHdwandfquIKCabcbBeaCkziafwendaCJCabnveK",112,1,82,111,0,111,0,0,0,0,0,26,26,40,40,45,45,10
"899",98,"[82]GjfffHdwaCojbdpmyvhsuwafndbCLCebLAwafofCJBdHdwandfquIKCabcbBeaCkziafwendaCJCabnveK",110,1,82,109,0,109,0,0,0,0,0,36,36,33,33,40,40,10
"900",99,"[82]GjfffHdwaCojbdpmyvhsuwafndbCLCebLAwafofCJBdHdwandfquIKCabcbBeaCkziafwendaCJCabnveK",109,1,82,108,0,108,0,0,0,0,0,33,33,37,37,38,38,10
"901",0,"[91]GjfffHdwaCippHdvplodofKwafndbCLCecEfJiywafofCJBdHdwendaCIKfFqFrkbBeaCabmwafwendaqJCofqFfDeK",105,0.990566,91,106,1,105,1,1,0,1,1,32,31,38,38,36,36,11
"902",1,"[91]GjfffHdwaCippHdvplodofKwafndbCLCecEfJiywafofCJBdHdwendaCIKfFqFrkbBeaCabmwafwendaqJCofqFfDeK",111,1,91,110,0,110,0,0,0,0,0,42,42,23,23,45,45,11
"903",2,"[91]GjfffHdwaCippHdvplodofKwafndbCLCecEfJiywafofCJBdHdwendaCIKfFqFrkbBeaCabmwafwendaqJCofqFfDeK",106,1,91,105,0,105,0,0,0,0,0,34,34,37,37,34,34,11
"904",3,"[91]GjfffHdwaCippHdvplodofKwafndbCLCecEfJiywafofCJBdHdwendaCIKfFqFrkbBeaCabmwafwendaqJCofqFfDeK",101,0.990196,91,102,1,101,1,1,0,1,1,31,30,44,44,27,27,11
"905",4,"[91]GjfffHdwaCippHdvplodofKwafndbCLCecEfJiywafofCJBdHdwendaCIKfFqFrkbBeaCabmwafwendaqJCofqFfDeK",110,1,91,109,0,109,0,0,0,0,0,34,34,32,32,43,43,11
"906",5,"[91]GjfffHdwaCippHdvplodofKwafndbCLCecEfJiywafofCJBdHdwendaCIKfFqFrkbBeaCabmwafwendaqJCofqFfDeK",106,1,91,105,0,105,0,0,0,0,0,35,35,35,35,35,35,11
"907",6,"[91]GjfffHdwaCippHdvplodofKwafndbCLCecEfJiywafofCJBdHdwendaCIKfFqFrkbBeaCabmwafwendaqJCofqFfDeK",104,1,91,103,0,103,0,0,0,0,0,35,35,37,37,31,31,11
"908",7,"[91]GjfffHdwaCippHdvplodofKwafndbCLCecEfJiywafofCJBdHdwendaCIKfFqFrkbBeaCabmwafwendaqJCofqFfDeK",101,1,91,100,0,100,0,0,0,0,0,37,37,39,39,24,24,11
"909",8,"[91]GjfffHdwaCippHdvplodofKwafndbCLCecEfJiywafofCJBdHdwendaCIKfFqFrkbBeaCabmwafwendaqJCofqFfDeK",102,1,91,101,0,101,0,0,0,0,0,39,39,35,35,27,27,11
"910",9,"[91]GjfffHdwaCippHdvplodofKwafndbCLCecEfJiywafofCJBdHdwendaCIKfFqFrkbBeaCabmwafwendaqJCofqFfDeK",103,0.972222,91,108,3,105,3,3,0,3,3,32,29,40,40,36,36,11
"911",10,"[91]GjfffHdwaCippHdvplodofKwafndbCLCecEfJiywafofCJBdHdwendaCIKfFqFrkbBeaCabmwafwendaqJCofqFfDeK",109,1,91,108,0,108,0,0,0,0,0,32,32,35,35,41,41,11
"912",11,"[91]GjfffHdwaCippHdvplodofKwafndbCLCecEfJiywafofCJBdHdwendaCIKfFqFrkbBeaCabmwafwendaqJCofqFfDeK",101,0.990196,91,102,1,101,1,1,0,1,1,42,41,33,33,27,27,11
"913",12,"[91]GjfffHdwaCippHdvplodofKwafndbCLCecEfJiywafofCJBdHdwendaCIKfFqFrkbBeaCabmwafwendaqJCofqFfDeK",105,0.964286,91,112,4,108,4,4,0,4,4,39,35,30,30,43,43,11
"914",13,"[91]GjfffHdwaCippHdvplodofKwafndbCLCecEfJiywafofCJBdHdwendaCIKfFqFrkbBeaCabmwafwendaqJCofqFfDeK",108,1,91,107,0,107,0,0,0,0,0,35,35,32,32,40,40,11
"915",14,"[91]GjfffHdwaCippHdvplodofKwafndbCLCecEfJiywafofCJBdHdwendaCIKfFqFrkbBeaCabmwafwendaqJCofqFfDeK",104,1,91,103,0,103,0,0,0,0,0,40,40,32,32,31,31,11
"916",15,"[91]GjfffHdwaCippHdvplodofKwafndbCLCecEfJiywafofCJBdHdwendaCIKfFqFrkbBeaCabmwafwendaqJCofqFfDeK",105,1,91,104,0,104,0,0,0,0,0,36,36,35,35,33,33,11
"917",16,"[91]GjfffHdwaCippHdvplodofKwafndbCLCecEfJiywafofCJBdHdwendaCIKfFqFrkbBeaCabmwafwendaqJCofqFfDeK",100,0.990099,91,101,1,100,1,1,0,1,1,43,42,34,34,24,24,11
"918",17,"[91]GjfffHdwaCippHdvplodofKwafndbCLCecEfJiywafofCJBdHdwendaCIKfFqFrkbBeaCabmwafwendaqJCofqFfDeK",104,0.990476,91,105,1,104,1,1,0,1,1,33,32,39,39,33,33,11
"919",18,"[91]GjfffHdwaCippHdvplodofKwafndbCLCecEfJiywafofCJBdHdwendaCIKfFqFrkbBeaCabmwafwendaqJCofqFfDeK",101,0.990196,91,102,1,101,1,1,0,1,1,33,32,42,42,27,27,11
"920",19,"[91]GjfffHdwaCippHdvplodofKwafndbCLCecEfJiywafofCJBdHdwendaCIKfFqFrkbBeaCabmwafwendaqJCofqFfDeK",103,1,91,102,0,102,0,0,0,0,0,44,44,29,29,29,29,11
"921",20,"[91]GjfffHdwaCippHdvplodofKwafndbCLCecEfJiywafofCJBdHdwendaCIKfFqFrkbBeaCabmwafwendaqJCofqFfDeK",104,0.990476,91,105,1,104,1,1,0,1,1,35,34,37,37,33,33,11
"922",21,"[91]GjfffHdwaCippHdvplodofKwafndbCLCecEfJiywafofCJBdHdwendaCIKfFqFrkbBeaCabmwafwendaqJCofqFfDeK",107,0.990741,91,108,1,107,1,1,0,1,1,31,30,38,38,39,39,11
"923",22,"[91]GjfffHdwaCippHdvplodofKwafndbCLCecEfJiywafofCJBdHdwendaCIKfFqFrkbBeaCabmwafwendaqJCofqFfDeK",107,1,91,106,0,106,0,0,0,0,0,30,30,39,39,37,37,11
"924",23,"[91]GjfffHdwaCippHdvplodofKwafndbCLCecEfJiywafofCJBdHdwendaCIKfFqFrkbBeaCabmwafwendaqJCofqFfDeK",105,1,91,104,0,104,0,0,0,0,0,36,36,35,35,33,33,11
"925",24,"[91]GjfffHdwaCippHdvplodofKwafndbCLCecEfJiywafofCJBdHdwendaCIKfFqFrkbBeaCabmwafwendaqJCofqFfDeK",101,0.990196,91,102,1,101,1,1,0,1,1,38,37,37,37,27,27,11
"926",25,"[91]GjfffHdwaCippHdvplodofKwafndbCLCecEfJiywafofCJBdHdwendaCIKfFqFrkbBeaCabmwafwendaqJCofqFfDeK",104,1,91,103,0,103,0,0,0,0,0,39,39,34,34,30,30,11
"927",26,"[91]GjfffHdwaCippHdvplodofKwafndbCLCecEfJiywafofCJBdHdwendaCIKfFqFrkbBeaCabmwafwendaqJCofqFfDeK",105,1,91,104,0,104,0,0,0,0,0,35,35,37,37,32,32,11
"928",27,"[91]GjfffHdwaCippHdvplodofKwafndbCLCecEfJiywafofCJBdHdwendaCIKfFqFrkbBeaCabmwafwendaqJCofqFfDeK",106,1,91,105,0,105,0,0,0,0,0,44,44,27,27,34,34,11
"929",28,"[91]GjfffHdwaCippHdvplodofKwafndbCLCecEfJiywafofCJBdHdwendaCIKfFqFrkbBeaCabmwafwendaqJCofqFfDeK",104,1,91,103,0,103,0,0,0,0,0,33,33,39,39,31,31,11
"930",29,"[91]GjfffHdwaCippHdvplodofKwafndbCLCecEfJiywafofCJBdHdwendaCIKfFqFrkbBeaCabmwafwendaqJCofqFfDeK",107,0.990741,91,108,1,107,1,1,0,1,1,35,34,34,34,39,39,11
"931",30,"[91]GjfffHdwaCippHdvplodofKwafndbCLCecEfJiywafofCJBdHdwendaCIKfFqFrkbBeaCabmwafwendaqJCofqFfDeK",107,1,91,106,0,106,0,0,0,0,0,36,36,33,33,37,37,11
"932",31,"[91]GjfffHdwaCippHdvplodofKwafndbCLCecEfJiywafofCJBdHdwendaCIKfFqFrkbBeaCabmwafwendaqJCofqFfDeK",109,1,91,108,0,108,0,0,0,0,0,32,32,35,35,41,41,11
"933",32,"[91]GjfffHdwaCippHdvplodofKwafndbCLCecEfJiywafofCJBdHdwendaCIKfFqFrkbBeaCabmwafwendaqJCofqFfDeK",103,0.955357,91,112,5,107,5,5,0,5,5,33,28,38,38,41,41,11
"934",33,"[91]GjfffHdwaCippHdvplodofKwafndbCLCecEfJiywafofCJBdHdwendaCIKfFqFrkbBeaCabmwafwendaqJCofqFfDeK",104,0.990476,91,105,1,104,1,1,0,1,1,39,38,34,34,32,32,11
"935",34,"[91]GjfffHdwaCippHdvplodofKwafndbCLCecEfJiywafofCJBdHdwendaCIKfFqFrkbBeaCabmwafwendaqJCofqFfDeK",104,0.990476,91,105,1,104,1,1,0,1,1,39,38,33,33,33,33,11
"936",35,"[91]GjfffHdwaCippHdvplodofKwafndbCLCecEfJiywafofCJBdHdwendaCIKfFqFrkbBeaCabmwafwendaqJCofqFfDeK",102,0.971963,91,107,3,104,3,3,0,3,3,42,39,32,32,33,33,11
"937",36,"[91]GjfffHdwaCippHdvplodofKwafndbCLCecEfJiywafofCJBdHdwendaCIKfFqFrkbBeaCabmwafwendaqJCofqFfDeK",108,1,91,107,0,107,0,0,0,0,0,35,35,34,34,38,38,11
"938",37,"[91]GjfffHdwaCippHdvplodofKwafndbCLCecEfJiywafofCJBdHdwendaCIKfFqFrkbBeaCabmwafwendaqJCofqFfDeK",102,1,91,101,0,101,0,0,0,0,0,41,41,33,33,27,27,11
"939",38,"[91]GjfffHdwaCippHdvplodofKwafndbCLCecEfJiywafofCJBdHdwendaCIKfFqFrkbBeaCabmwafwendaqJCofqFfDeK",105,1,91,104,0,104,0,0,0,0,0,20,20,51,51,33,33,11
"940",39,"[91]GjfffHdwaCippHdvplodofKwafndbCLCecEfJiywafofCJBdHdwendaCIKfFqFrkbBeaCabmwafwendaqJCofqFfDeK",109,1,91,108,0,108,0,0,0,0,0,33,33,33,33,42,42,11
"941",40,"[91]GjfffHdwaCippHdvplodofKwafndbCLCecEfJiywafofCJBdHdwendaCIKfFqFrkbBeaCabmwafwendaqJCofqFfDeK",100,0.990099,91,101,1,100,1,1,0,1,1,38,37,38,38,25,25,11
"942",41,"[91]GjfffHdwaCippHdvplodofKwafndbCLCecEfJiywafofCJBdHdwendaCIKfFqFrkbBeaCabmwafwendaqJCofqFfDeK",106,1,91,105,0,105,0,0,0,0,0,39,39,32,32,34,34,11
"943",42,"[91]GjfffHdwaCippHdvplodofKwafndbCLCecEfJiywafofCJBdHdwendaCIKfFqFrkbBeaCabmwafwendaqJCofqFfDeK",106,1,91,105,0,105,0,0,0,0,0,34,34,36,36,35,35,11
"944",43,"[91]GjfffHdwaCippHdvplodofKwafndbCLCecEfJiywafofCJBdHdwendaCIKfFqFrkbBeaCabmwafwendaqJCofqFfDeK",105,1,91,104,0,104,0,0,0,0,0,40,40,32,32,32,32,11
"945",44,"[91]GjfffHdwaCippHdvplodofKwafndbCLCecEfJiywafofCJBdHdwendaCIKfFqFrkbBeaCabmwafwendaqJCofqFfDeK",103,0.981132,91,106,2,104,2,2,0,2,2,42,40,30,30,34,34,11
"946",45,"[91]GjfffHdwaCippHdvplodofKwafndbCLCecEfJiywafofCJBdHdwendaCIKfFqFrkbBeaCabmwafwendaqJCofqFfDeK",108,1,91,107,0,107,0,0,0,0,0,40,40,29,29,38,38,11
"947",46,"[91]GjfffHdwaCippHdvplodofKwafndbCLCecEfJiywafofCJBdHdwendaCIKfFqFrkbBeaCabmwafwendaqJCofqFfDeK",104,0.990476,91,105,1,104,1,1,0,1,1,34,33,39,39,32,32,11
"948",47,"[91]GjfffHdwaCippHdvplodofKwafndbCLCecEfJiywafofCJBdHdwendaCIKfFqFrkbBeaCabmwafwendaqJCofqFfDeK",103,1,91,102,0,102,0,0,0,0,0,42,42,31,31,29,29,11
"949",48,"[91]GjfffHdwaCippHdvplodofKwafndbCLCecEfJiywafofCJBdHdwendaCIKfFqFrkbBeaCabmwafwendaqJCofqFfDeK",108,1,91,107,0,107,0,0,0,0,0,31,31,36,36,40,40,11
"950",49,"[91]GjfffHdwaCippHdvplodofKwafndbCLCecEfJiywafofCJBdHdwendaCIKfFqFrkbBeaCabmwafwendaqJCofqFfDeK",106,0.990654,91,107,1,106,1,1,0,1,1,35,34,34,34,38,38,11
"951",50,"[91]GjfffHdwaCippHdvplodofKwafndbCLCecEfJiywafofCJBdHdwendaCIKfFqFrkbBeaCabmwafwendaqJCofqFfDeK",103,0.990385,91,104,1,103,1,1,0,1,1,35,34,39,39,30,30,11
"952",51,"[91]GjfffHdwaCippHdvplodofKwafndbCLCecEfJiywafofCJBdHdwendaCIKfFqFrkbBeaCabmwafwendaqJCofqFfDeK",104,0.990476,91,105,1,104,1,1,0,1,1,32,31,39,39,34,34,11
"953",52,"[91]GjfffHdwaCippHdvplodofKwafndbCLCecEfJiywafofCJBdHdwendaCIKfFqFrkbBeaCabmwafwendaqJCofqFfDeK",101,0.971698,91,106,3,103,3,3,0,3,3,39,36,36,36,31,31,11
"954",53,"[91]GjfffHdwaCippHdvplodofKwafndbCLCecEfJiywafofCJBdHdwendaCIKfFqFrkbBeaCabmwafwendaqJCofqFfDeK",104,1,91,103,0,103,0,0,0,0,0,42,42,30,30,31,31,11
"955",54,"[91]GjfffHdwaCippHdvplodofKwafndbCLCecEfJiywafofCJBdHdwendaCIKfFqFrkbBeaCabmwafwendaqJCofqFfDeK",101,1,91,100,0,100,0,0,0,0,0,46,46,29,29,25,25,11
"956",55,"[91]GjfffHdwaCippHdvplodofKwafndbCLCecEfJiywafofCJBdHdwendaCIKfFqFrkbBeaCabmwafwendaqJCofqFfDeK",107,1,91,106,0,106,0,0,0,0,0,28,28,41,41,37,37,11
"957",56,"[91]GjfffHdwaCippHdvplodofKwafndbCLCecEfJiywafofCJBdHdwendaCIKfFqFrkbBeaCabmwafwendaqJCofqFfDeK",103,1,91,102,0,102,0,0,0,0,0,36,36,37,37,29,29,11
"958",57,"[91]GjfffHdwaCippHdvplodofKwafndbCLCecEfJiywafofCJBdHdwendaCIKfFqFrkbBeaCabmwafwendaqJCofqFfDeK",105,1,91,104,0,104,0,0,0,0,0,41,41,31,31,32,32,11
"959",58,"[91]GjfffHdwaCippHdvplodofKwafndbCLCecEfJiywafofCJBdHdwendaCIKfFqFrkbBeaCabmwafwendaqJCofqFfDeK",102,0.971963,91,107,3,104,3,3,0,3,3,30,27,43,43,34,34,11
"960",59,"[91]GjfffHdwaCippHdvplodofKwafndbCLCecEfJiywafofCJBdHdwendaCIKfFqFrkbBeaCabmwafwendaqJCofqFfDeK",104,0.972477,91,109,3,106,3,3,0,3,3,38,35,34,34,37,37,11
"961",60,"[91]GjfffHdwaCippHdvplodofKwafndbCLCecEfJiywafofCJBdHdwendaCIKfFqFrkbBeaCabmwafwendaqJCofqFfDeK",103,1,91,102,0,102,0,0,0,0,0,36,36,37,37,29,29,11
"962",61,"[91]GjfffHdwaCippHdvplodofKwafndbCLCecEfJiywafofCJBdHdwendaCIKfFqFrkbBeaCabmwafwendaqJCofqFfDeK",104,0.990476,91,105,1,104,1,1,0,1,1,31,30,42,42,32,32,11
"963",62,"[91]GjfffHdwaCippHdvplodofKwafndbCLCecEfJiywafofCJBdHdwendaCIKfFqFrkbBeaCabmwafwendaqJCofqFfDeK",104,0.990476,91,105,1,104,1,1,0,1,1,33,32,39,39,33,33,11
"964",63,"[91]GjfffHdwaCippHdvplodofKwafndbCLCecEfJiywafofCJBdHdwendaCIKfFqFrkbBeaCabmwafwendaqJCofqFfDeK",103,1,91,102,0,102,0,0,0,0,0,45,45,28,28,29,29,11
"965",64,"[91]GjfffHdwaCippHdvplodofKwafndbCLCecEfJiywafofCJBdHdwendaCIKfFqFrkbBeaCabmwafwendaqJCofqFfDeK",103,1,91,102,0,102,0,0,0,0,0,43,43,31,31,28,28,11
"966",65,"[91]GjfffHdwaCippHdvplodofKwafndbCLCecEfJiywafofCJBdHdwendaCIKfFqFrkbBeaCabmwafwendaqJCofqFfDeK",113,1,91,112,0,112,0,0,0,0,0,28,28,35,35,49,49,11
"967",66,"[91]GjfffHdwaCippHdvplodofKwafndbCLCecEfJiywafofCJBdHdwendaCIKfFqFrkbBeaCabmwafwendaqJCofqFfDeK",106,1,91,105,0,105,0,0,0,0,0,39,39,31,31,35,35,11
"968",67,"[91]GjfffHdwaCippHdvplodofKwafndbCLCecEfJiywafofCJBdHdwendaCIKfFqFrkbBeaCabmwafwendaqJCofqFfDeK",100,1,91,99,0,99,0,0,0,0,0,43,43,33,33,23,23,11
"969",68,"[91]GjfffHdwaCippHdvplodofKwafndbCLCecEfJiywafofCJBdHdwendaCIKfFqFrkbBeaCabmwafwendaqJCofqFfDeK",106,0.990654,91,107,1,106,1,1,0,1,1,34,33,35,35,38,38,11
"970",69,"[91]GjfffHdwaCippHdvplodofKwafndbCLCecEfJiywafofCJBdHdwendaCIKfFqFrkbBeaCabmwafwendaqJCofqFfDeK",96,0.952381,91,105,5,100,5,5,0,5,5,31,26,49,49,25,25,11
"971",70,"[91]GjfffHdwaCippHdvplodofKwafndbCLCecEfJiywafofCJBdHdwendaCIKfFqFrkbBeaCabmwafwendaqJCofqFfDeK",110,1,91,109,0,109,0,0,0,0,0,25,25,40,40,44,44,11
"972",71,"[91]GjfffHdwaCippHdvplodofKwafndbCLCecEfJiywafofCJBdHdwendaCIKfFqFrkbBeaCabmwafwendaqJCofqFfDeK",107,0.990741,91,108,1,107,1,1,0,1,1,28,27,40,40,40,40,11
"973",72,"[91]GjfffHdwaCippHdvplodofKwafndbCLCecEfJiywafofCJBdHdwendaCIKfFqFrkbBeaCabmwafwendaqJCofqFfDeK",107,1,91,106,0,106,0,0,0,0,0,36,36,34,34,36,36,11
"974",73,"[91]GjfffHdwaCippHdvplodofKwafndbCLCecEfJiywafofCJBdHdwendaCIKfFqFrkbBeaCabmwafwendaqJCofqFfDeK",109,1,91,108,0,108,0,0,0,0,0,36,36,30,30,42,42,11
"975",74,"[91]GjfffHdwaCippHdvplodofKwafndbCLCecEfJiywafofCJBdHdwendaCIKfFqFrkbBeaCabmwafwendaqJCofqFfDeK",100,0.980583,91,103,2,101,2,2,0,2,2,37,35,38,38,28,28,11
"976",75,"[91]GjfffHdwaCippHdvplodofKwafndbCLCecEfJiywafofCJBdHdwendaCIKfFqFrkbBeaCabmwafwendaqJCofqFfDeK",106,1,91,105,0,105,0,0,0,0,0,36,36,34,34,35,35,11
"977",76,"[91]GjfffHdwaCippHdvplodofKwafndbCLCecEfJiywafofCJBdHdwendaCIKfFqFrkbBeaCabmwafwendaqJCofqFfDeK",103,0.972222,91,108,3,105,3,3,0,3,3,37,34,36,36,35,35,11
"978",77,"[91]GjfffHdwaCippHdvplodofKwafndbCLCecEfJiywafofCJBdHdwendaCIKfFqFrkbBeaCabmwafwendaqJCofqFfDeK",103,0.990385,91,104,1,103,1,1,0,1,1,42,41,32,32,30,30,11
"979",78,"[91]GjfffHdwaCippHdvplodofKwafndbCLCecEfJiywafofCJBdHdwendaCIKfFqFrkbBeaCabmwafwendaqJCofqFfDeK",106,0.990654,91,107,1,106,1,1,0,1,1,35,34,35,35,37,37,11
"980",79,"[91]GjfffHdwaCippHdvplodofKwafndbCLCecEfJiywafofCJBdHdwendaCIKfFqFrkbBeaCabmwafwendaqJCofqFfDeK",106,0.981651,91,109,2,107,2,2,0,2,2,33,31,36,36,40,40,11
"981",80,"[91]GjfffHdwaCippHdvplodofKwafndbCLCecEfJiywafofCJBdHdwendaCIKfFqFrkbBeaCabmwafwendaqJCofqFfDeK",104,0.990476,91,105,1,104,1,1,0,1,1,39,38,33,33,33,33,11
"982",81,"[91]GjfffHdwaCippHdvplodofKwafndbCLCecEfJiywafofCJBdHdwendaCIKfFqFrkbBeaCabmwafwendaqJCofqFfDeK",102,0.980952,91,105,2,103,2,2,0,2,2,38,36,35,35,32,32,11
"983",82,"[91]GjfffHdwaCippHdvplodofKwafndbCLCecEfJiywafofCJBdHdwendaCIKfFqFrkbBeaCabmwafwendaqJCofqFfDeK",108,1,91,107,0,107,0,0,0,0,0,34,34,34,34,39,39,11
"984",83,"[91]GjfffHdwaCippHdvplodofKwafndbCLCecEfJiywafofCJBdHdwendaCIKfFqFrkbBeaCabmwafwendaqJCofqFfDeK",103,1,91,102,0,102,0,0,0,0,0,39,39,34,34,29,29,11
"985",84,"[91]GjfffHdwaCippHdvplodofKwafndbCLCecEfJiywafofCJBdHdwendaCIKfFqFrkbBeaCabmwafwendaqJCofqFfDeK",99,0.971154,91,104,3,101,3,3,0,3,3,48,45,29,29,27,27,11
"986",85,"[91]GjfffHdwaCippHdvplodofKwafndbCLCecEfJiywafofCJBdHdwendaCIKfFqFrkbBeaCabmwafwendaqJCofqFfDeK",106,1,91,105,0,105,0,0,0,0,0,28,28,42,42,35,35,11
"987",86,"[91]GjfffHdwaCippHdvplodofKwafndbCLCecEfJiywafofCJBdHdwendaCIKfFqFrkbBeaCabmwafwendaqJCofqFfDeK",106,1,91,105,0,105,0,0,0,0,0,40,40,31,31,34,34,11
"988",87,"[91]GjfffHdwaCippHdvplodofKwafndbCLCecEfJiywafofCJBdHdwendaCIKfFqFrkbBeaCabmwafwendaqJCofqFfDeK",109,1,91,108,0,108,0,0,0,0,0,35,35,31,31,42,42,11
"989",88,"[91]GjfffHdwaCippHdvplodofKwafndbCLCecEfJiywafofCJBdHdwendaCIKfFqFrkbBeaCabmwafwendaqJCofqFfDeK",104,1,91,103,0,103,0,0,0,0,0,39,39,33,33,31,31,11
"990",89,"[91]GjfffHdwaCippHdvplodofKwafndbCLCecEfJiywafofCJBdHdwendaCIKfFqFrkbBeaCabmwafwendaqJCofqFfDeK",105,1,91,104,0,104,0,0,0,0,0,32,32,39,39,33,33,11
"991",90,"[91]GjfffHdwaCippHdvplodofKwafndbCLCecEfJiywafofCJBdHdwendaCIKfFqFrkbBeaCabmwafwendaqJCofqFfDeK",101,0.990196,91,102,1,101,1,1,0,1,1,43,42,32,32,27,27,11
"992",91,"[91]GjfffHdwaCippHdvplodofKwafndbCLCecEfJiywafofCJBdHdwendaCIKfFqFrkbBeaCabmwafwendaqJCofqFfDeK",109,0.990909,91,110,1,109,1,1,0,1,1,32,31,34,34,44,44,11
"993",92,"[91]GjfffHdwaCippHdvplodofKwafndbCLCecEfJiywafofCJBdHdwendaCIKfFqFrkbBeaCabmwafwendaqJCofqFfDeK",109,1,91,108,0,108,0,0,0,0,0,33,33,33,33,42,42,11
"994",93,"[91]GjfffHdwaCippHdvplodofKwafndbCLCecEfJiywafofCJBdHdwendaCIKfFqFrkbBeaCabmwafwendaqJCofqFfDeK",105,0.990566,91,106,1,105,1,1,0,1,1,32,31,38,38,36,36,11
"995",94,"[91]GjfffHdwaCippHdvplodofKwafndbCLCecEfJiywafofCJBdHdwendaCIKfFqFrkbBeaCabmwafwendaqJCofqFfDeK",104,1,91,103,0,103,0,0,0,0,0,34,34,38,38,31,31,11
"996",95,"[91]GjfffHdwaCippHdvplodofKwafndbCLCecEfJiywafofCJBdHdwendaCIKfFqFrkbBeaCabmwafwendaqJCofqFfDeK",100,1,91,99,0,99,0,0,0,0,0,39,39,37,37,23,23,11
"997",96,"[91]GjfffHdwaCippHdvplodofKwafndbCLCecEfJiywafofCJBdHdwendaCIKfFqFrkbBeaCabmwafwendaqJCofqFfDeK",104,0.990476,91,105,1,104,1,1,0,1,1,33,32,39,39,33,33,11
"998",97,"[91]GjfffHdwaCippHdvplodofKwafndbCLCecEfJiywafofCJBdHdwendaCIKfFqFrkbBeaCabmwafwendaqJCofqFfDeK",107,1,91,106,0,106,0,0,0,0,0,36,36,34,34,36,36,11
"999",98,"[91]GjfffHdwaCippHdvplodofKwafndbCLCecEfJiywafofCJBdHdwendaCIKfFqFrkbBeaCabmwafwendaqJCofqFfDeK",106,1,91,105,0,105,0,0,0,0,0,31,31,39,39,35,35,11
"1000",99,"[91]GjfffHdwaCippHdvplodofKwafndbCLCecEfJiywafofCJBdHdwendaCIKfFqFrkbBeaCabmwafwendaqJCofqFfDeK",105,1,91,104,0,104,0,0,0,0,0,34,34,38,38,32,32,11
"1001",0,"[77]GHdwaCwLhrujDAtytniqvafndbCLCabcvmIhhxafDDJHdndaCIKCebjdAcJJhjlxvBrDiIgqxKAah",105,0.776596,77,188,42,146,42,42,0,42,42,87,45,42,42,59,59,12
"1002",1,"[77]GHdwaCwLhrujDAtytniqvafndbCLCabcvmIhhxafDDJHdndaCIKCebjdAcJJhjlxvBrDiIgqxKAah",93,0.742105,77,190,49,141,49,49,0,49,49,96,47,49,49,45,45,12
"1003",2,"[77]GHdwaCwLhrujDAtytniqvafndbCLCabcvmIhhxafDDJHdndaCIKCebjdAcJJhjlxvBrDiIgqxKAah",105,0.776596,77,188,42,146,42,42,0,42,42,85,43,42,42,61,61,12
"1004",3,"[77]GHdwaCwLhrujDAtytniqvafndbCLCabcvmIhhxafDDJHdndaCIKCebjdAcJJhjlxvBrDiIgqxKAah",93,0.744681,77,188,48,140,48,48,0,48,48,96,48,48,48,44,44,12
"1005",4,"[77]GHdwaCwLhrujDAtytniqvafndbCLCabcvmIhhxafDDJHdndaCIKCebjdAcJJhjlxvBrDiIgqxKAah",99,0.760638,77,188,45,143,45,45,0,45,45,91,46,45,45,52,52,12
"1006",5,"[77]GHdwaCwLhrujDAtytniqvafndbCLCabcvmIhhxafDDJHdndaCIKCebjdAcJJhjlxvBrDiIgqxKAah",87,0.726316,77,190,52,138,52,52,0,52,52,89,37,52,52,49,49,12
"1007",6,"[77]GHdwaCwLhrujDAtytniqvafndbCLCabcvmIhhxafDDJHdndaCIKCebjdAcJJhjlxvBrDiIgqxKAah",105,0.773684,77,190,43,147,43,43,0,43,43,89,46,43,43,58,58,12
"1008",7,"[77]GHdwaCwLhrujDAtytniqvafndbCLCabcvmIhhxafDDJHdndaCIKCebjdAcJJhjlxvBrDiIgqxKAah",89,0.731579,77,190,51,139,51,51,0,51,51,98,47,51,51,41,41,12
"1009",8,"[77]GHdwaCwLhrujDAtytniqvafndbCLCabcvmIhhxafDDJHdndaCIKCebjdAcJJhjlxvBrDiIgqxKAah",98,0.756614,77,189,46,143,46,46,0,46,46,94,48,46,46,49,49,12
"1010",9,"[77]GHdwaCwLhrujDAtytniqvafndbCLCabcvmIhhxafDDJHdndaCIKCebjdAcJJhjlxvBrDiIgqxKAah",95,0.75,77,188,47,141,47,47,0,47,47,103,56,47,47,38,38,12
"1011",10,"[77]GHdwaCwLhrujDAtytniqvafndbCLCabcvmIhhxafDDJHdndaCIKCebjdAcJJhjlxvBrDiIgqxKAah",85,0.721053,77,190,53,137,53,53,0,53,53,94,41,53,53,43,43,12
"1012",11,"[77]GHdwaCwLhrujDAtytniqvafndbCLCabcvmIhhxafDDJHdndaCIKCebjdAcJJhjlxvBrDiIgqxKAah",95,0.747368,77,190,48,142,48,48,0,48,48,90,42,48,48,52,52,12
"1013",12,"[77]GHdwaCwLhrujDAtytniqvafndbCLCabcvmIhhxafDDJHdndaCIKCebjdAcJJhjlxvBrDiIgqxKAah",94,0.746032,77,189,48,141,48,48,0,48,48,90,42,48,48,51,51,12
"1014",13,"[77]GHdwaCwLhrujDAtytniqvafndbCLCabcvmIhhxafDDJHdndaCIKCebjdAcJJhjlxvBrDiIgqxKAah",97,0.755319,77,188,46,142,46,46,0,46,46,92,46,46,46,50,50,12
"1015",14,"[77]GHdwaCwLhrujDAtytniqvafndbCLCabcvmIhhxafDDJHdndaCIKCebjdAcJJhjlxvBrDiIgqxKAah",99,0.760638,77,188,45,143,45,45,0,45,45,99,54,45,45,44,44,12
"1016",15,"[77]GHdwaCwLhrujDAtytniqvafndbCLCabcvmIhhxafDDJHdndaCIKCebjdAcJJhjlxvBrDiIgqxKAah",88,0.727749,77,191,52,139,52,52,0,52,52,88,36,52,52,51,51,12
"1017",16,"[77]GHdwaCwLhrujDAtytniqvafndbCLCabcvmIhhxafDDJHdndaCIKCebjdAcJJhjlxvBrDiIgqxKAah",107,0.784946,77,186,40,146,40,40,0,40,40,95,55,40,40,51,51,12
"1018",17,"[77]GHdwaCwLhrujDAtytniqvafndbCLCabcvmIhhxafDDJHdndaCIKCebjdAcJJhjlxvBrDiIgqxKAah",106,0.783784,77,185,40,145,40,40,0,40,40,104,64,40,40,41,41,12
"1019",18,"[77]GHdwaCwLhrujDAtytniqvafndbCLCabcvmIhhxafDDJHdndaCIKCebjdAcJJhjlxvBrDiIgqxKAah",81,0.710526,77,190,55,135,55,55,0,55,55,97,42,55,55,38,38,12
"1020",19,"[77]GHdwaCwLhrujDAtytniqvafndbCLCabcvmIhhxafDDJHdndaCIKCebjdAcJJhjlxvBrDiIgqxKAah",97,0.755319,77,188,46,142,46,46,0,46,46,89,43,46,46,53,53,12
"1021",20,"[77]GHdwaCwLhrujDAtytniqvafndbCLCabcvmIhhxafDDJHdndaCIKCebjdAcJJhjlxvBrDiIgqxKAah",101,0.768817,77,186,43,143,43,43,0,43,43,101,58,43,43,42,42,12
"1022",21,"[77]GHdwaCwLhrujDAtytniqvafndbCLCabcvmIhhxafDDJHdndaCIKCebjdAcJJhjlxvBrDiIgqxKAah",104,0.775401,77,187,42,145,42,42,0,42,42,94,52,42,42,51,51,12
"1023",22,"[77]GHdwaCwLhrujDAtytniqvafndbCLCabcvmIhhxafDDJHdndaCIKCebjdAcJJhjlxvBrDiIgqxKAah",86,0.724868,77,189,52,137,52,52,0,52,52,97,45,52,52,40,40,12
"1024",23,"[77]GHdwaCwLhrujDAtytniqvafndbCLCabcvmIhhxafDDJHdndaCIKCebjdAcJJhjlxvBrDiIgqxKAah",100,0.761905,77,189,45,144,45,45,0,45,45,97,52,45,45,47,47,12
"1025",24,"[77]GHdwaCwLhrujDAtytniqvafndbCLCabcvmIhhxafDDJHdndaCIKCebjdAcJJhjlxvBrDiIgqxKAah",91,0.739362,77,188,49,139,49,49,0,49,49,98,49,49,49,41,41,12
"1026",25,"[77]GHdwaCwLhrujDAtytniqvafndbCLCabcvmIhhxafDDJHdndaCIKCebjdAcJJhjlxvBrDiIgqxKAah",104,0.775401,77,187,42,145,42,42,0,42,42,96,54,42,42,49,49,12
"1027",26,"[77]GHdwaCwLhrujDAtytniqvafndbCLCabcvmIhhxafDDJHdndaCIKCebjdAcJJhjlxvBrDiIgqxKAah",86,0.724868,77,189,52,137,52,52,0,52,52,100,48,52,52,37,37,12
"1028",27,"[77]GHdwaCwLhrujDAtytniqvafndbCLCabcvmIhhxafDDJHdndaCIKCebjdAcJJhjlxvBrDiIgqxKAah",97,0.755319,77,188,46,142,46,46,0,46,46,91,45,46,46,51,51,12
"1029",28,"[77]GHdwaCwLhrujDAtytniqvafndbCLCabcvmIhhxafDDJHdndaCIKCebjdAcJJhjlxvBrDiIgqxKAah",95,0.747368,77,190,48,142,48,48,0,48,48,90,42,48,48,52,52,12
"1030",29,"[77]GHdwaCwLhrujDAtytniqvafndbCLCabcvmIhhxafDDJHdndaCIKCebjdAcJJhjlxvBrDiIgqxKAah",86,0.722513,77,191,53,138,53,53,0,53,53,85,32,53,53,53,53,12
"1031",30,"[77]GHdwaCwLhrujDAtytniqvafndbCLCabcvmIhhxafDDJHdndaCIKCebjdAcJJhjlxvBrDiIgqxKAah",91,0.739362,77,188,49,139,49,49,0,49,49,98,49,49,49,41,41,12
"1032",31,"[77]GHdwaCwLhrujDAtytniqvafndbCLCabcvmIhhxafDDJHdndaCIKCebjdAcJJhjlxvBrDiIgqxKAah",92,0.740741,77,189,49,140,49,49,0,49,49,99,50,49,49,41,41,12
"1033",32,"[77]GHdwaCwLhrujDAtytniqvafndbCLCabcvmIhhxafDDJHdndaCIKCebjdAcJJhjlxvBrDiIgqxKAah",85,0.721053,77,190,53,137,53,53,0,53,53,93,40,53,53,44,44,12
"1034",33,"[77]GHdwaCwLhrujDAtytniqvafndbCLCabcvmIhhxafDDJHdndaCIKCebjdAcJJhjlxvBrDiIgqxKAah",99,0.760638,77,188,45,143,45,45,0,45,45,92,47,45,45,51,51,12
"1035",34,"[77]GHdwaCwLhrujDAtytniqvafndbCLCabcvmIhhxafDDJHdndaCIKCebjdAcJJhjlxvBrDiIgqxKAah",102,0.770053,77,187,43,144,43,43,0,43,43,105,62,43,43,39,39,12
"1036",35,"[77]GHdwaCwLhrujDAtytniqvafndbCLCabcvmIhhxafDDJHdndaCIKCebjdAcJJhjlxvBrDiIgqxKAah",85,0.721053,77,190,53,137,53,53,0,53,53,93,40,53,53,44,44,12
"1037",36,"[77]GHdwaCwLhrujDAtytniqvafndbCLCabcvmIhhxafDDJHdndaCIKCebjdAcJJhjlxvBrDiIgqxKAah",88,0.730159,77,189,51,138,51,51,0,51,51,93,42,51,51,45,45,12
"1038",37,"[77]GHdwaCwLhrujDAtytniqvafndbCLCabcvmIhhxafDDJHdndaCIKCebjdAcJJhjlxvBrDiIgqxKAah",100,0.764706,77,187,44,143,44,44,0,44,44,94,50,44,44,49,49,12
"1039",38,"[77]GHdwaCwLhrujDAtytniqvafndbCLCabcvmIhhxafDDJHdndaCIKCebjdAcJJhjlxvBrDiIgqxKAah",96,0.751323,77,189,47,142,47,47,0,47,47,86,39,47,47,56,56,12
"1040",39,"[77]GHdwaCwLhrujDAtytniqvafndbCLCabcvmIhhxafDDJHdndaCIKCebjdAcJJhjlxvBrDiIgqxKAah",107,0.781915,77,188,41,147,41,41,0,41,41,90,49,41,41,57,57,12
"1041",40,"[77]GHdwaCwLhrujDAtytniqvafndbCLCabcvmIhhxafDDJHdndaCIKCebjdAcJJhjlxvBrDiIgqxKAah",94,0.746032,77,189,48,141,48,48,0,48,48,93,45,48,48,48,48,12
"1042",41,"[77]GHdwaCwLhrujDAtytniqvafndbCLCabcvmIhhxafDDJHdndaCIKCebjdAcJJhjlxvBrDiIgqxKAah",90,0.737968,77,187,49,138,49,49,0,49,49,103,54,49,49,35,35,12
"1043",42,"[77]GHdwaCwLhrujDAtytniqvafndbCLCabcvmIhhxafDDJHdndaCIKCebjdAcJJhjlxvBrDiIgqxKAah",99,0.757895,77,190,46,144,46,46,0,46,46,94,48,46,46,50,50,12
"1044",43,"[77]GHdwaCwLhrujDAtytniqvafndbCLCabcvmIhhxafDDJHdndaCIKCebjdAcJJhjlxvBrDiIgqxKAah",99,0.760638,77,188,45,143,45,45,0,45,45,95,50,45,45,48,48,12
"1045",44,"[77]GHdwaCwLhrujDAtytniqvafndbCLCabcvmIhhxafDDJHdndaCIKCebjdAcJJhjlxvBrDiIgqxKAah",98,0.759358,77,187,45,142,45,45,0,45,45,95,50,45,45,47,47,12
"1046",45,"[77]GHdwaCwLhrujDAtytniqvafndbCLCabcvmIhhxafDDJHdndaCIKCebjdAcJJhjlxvBrDiIgqxKAah",100,0.764706,77,187,44,143,44,44,0,44,44,94,50,44,44,49,49,12
"1047",46,"[77]GHdwaCwLhrujDAtytniqvafndbCLCabcvmIhhxafDDJHdndaCIKCebjdAcJJhjlxvBrDiIgqxKAah",89,0.731579,77,190,51,139,51,51,0,51,51,85,34,51,51,54,54,12
"1048",47,"[77]GHdwaCwLhrujDAtytniqvafndbCLCabcvmIhhxafDDJHdndaCIKCebjdAcJJhjlxvBrDiIgqxKAah",114,0.802139,77,187,37,150,37,37,0,37,37,94,57,37,37,56,56,12
"1049",48,"[77]GHdwaCwLhrujDAtytniqvafndbCLCabcvmIhhxafDDJHdndaCIKCebjdAcJJhjlxvBrDiIgqxKAah",98,0.759358,77,187,45,142,45,45,0,45,45,95,50,45,45,47,47,12
"1050",49,"[77]GHdwaCwLhrujDAtytniqvafndbCLCabcvmIhhxafDDJHdndaCIKCebjdAcJJhjlxvBrDiIgqxKAah",99,0.760638,77,188,45,143,45,45,0,45,45,90,45,45,45,53,53,12
"1051",50,"[77]GHdwaCwLhrujDAtytniqvafndbCLCabcvmIhhxafDDJHdndaCIKCebjdAcJJhjlxvBrDiIgqxKAah",98,0.756614,77,189,46,143,46,46,0,46,46,89,43,46,46,54,54,12
"1052",51,"[77]GHdwaCwLhrujDAtytniqvafndbCLCabcvmIhhxafDDJHdndaCIKCebjdAcJJhjlxvBrDiIgqxKAah",91,0.736842,77,190,50,140,50,50,0,50,50,92,42,50,50,48,48,12
"1053",52,"[77]GHdwaCwLhrujDAtytniqvafndbCLCabcvmIhhxafDDJHdndaCIKCebjdAcJJhjlxvBrDiIgqxKAah",91,0.734375,77,192,51,141,51,51,0,51,51,89,38,51,51,52,52,12
"1054",53,"[77]GHdwaCwLhrujDAtytniqvafndbCLCabcvmIhhxafDDJHdndaCIKCebjdAcJJhjlxvBrDiIgqxKAah",90,0.737968,77,187,49,138,49,49,0,49,49,105,56,49,49,33,33,12
"1055",54,"[77]GHdwaCwLhrujDAtytniqvafndbCLCabcvmIhhxafDDJHdndaCIKCebjdAcJJhjlxvBrDiIgqxKAah",106,0.783784,77,185,40,145,40,40,0,40,40,103,63,40,40,42,42,12
"1056",55,"[77]GHdwaCwLhrujDAtytniqvafndbCLCabcvmIhhxafDDJHdndaCIKCebjdAcJJhjlxvBrDiIgqxKAah",108,0.789189,77,185,39,146,39,39,0,39,39,100,61,39,39,46,46,12
"1057",56,"[77]GHdwaCwLhrujDAtytniqvafndbCLCabcvmIhhxafDDJHdndaCIKCebjdAcJJhjlxvBrDiIgqxKAah",96,0.751323,77,189,47,142,47,47,0,47,47,97,50,47,47,45,45,12
"1058",57,"[77]GHdwaCwLhrujDAtytniqvafndbCLCabcvmIhhxafDDJHdndaCIKCebjdAcJJhjlxvBrDiIgqxKAah",111,0.795699,77,186,38,148,38,38,0,38,38,90,52,38,38,58,58,12
"1059",58,"[77]GHdwaCwLhrujDAtytniqvafndbCLCabcvmIhhxafDDJHdndaCIKCebjdAcJJhjlxvBrDiIgqxKAah",97,0.755319,77,188,46,142,46,46,0,46,46,91,45,46,46,51,51,12
"1060",59,"[77]GHdwaCwLhrujDAtytniqvafndbCLCabcvmIhhxafDDJHdndaCIKCebjdAcJJhjlxvBrDiIgqxKAah",92,0.740741,77,189,49,140,49,49,0,49,49,88,39,49,49,52,52,12
"1061",60,"[77]GHdwaCwLhrujDAtytniqvafndbCLCabcvmIhhxafDDJHdndaCIKCebjdAcJJhjlxvBrDiIgqxKAah",98,0.756614,77,189,46,143,46,46,0,46,46,102,56,46,46,41,41,12
"1062",61,"[77]GHdwaCwLhrujDAtytniqvafndbCLCabcvmIhhxafDDJHdndaCIKCebjdAcJJhjlxvBrDiIgqxKAah",91,0.736842,77,190,50,140,50,50,0,50,50,99,49,50,50,41,41,12
"1063",62,"[77]GHdwaCwLhrujDAtytniqvafndbCLCabcvmIhhxafDDJHdndaCIKCebjdAcJJhjlxvBrDiIgqxKAah",93,0.744681,77,188,48,140,48,48,0,48,48,99,51,48,48,41,41,12
"1064",63,"[77]GHdwaCwLhrujDAtytniqvafndbCLCabcvmIhhxafDDJHdndaCIKCebjdAcJJhjlxvBrDiIgqxKAah",91,0.739362,77,188,49,139,49,49,0,49,49,95,46,49,49,44,44,12
"1065",64,"[77]GHdwaCwLhrujDAtytniqvafndbCLCabcvmIhhxafDDJHdndaCIKCebjdAcJJhjlxvBrDiIgqxKAah",95,0.75,77,188,47,141,47,47,0,47,47,93,46,47,47,48,48,12
"1066",65,"[77]GHdwaCwLhrujDAtytniqvafndbCLCabcvmIhhxafDDJHdndaCIKCebjdAcJJhjlxvBrDiIgqxKAah",94,0.748663,77,187,47,140,47,47,0,47,47,101,54,47,47,39,39,12
"1067",66,"[77]GHdwaCwLhrujDAtytniqvafndbCLCabcvmIhhxafDDJHdndaCIKCebjdAcJJhjlxvBrDiIgqxKAah",100,0.764706,77,187,44,143,44,44,0,44,44,93,49,44,44,50,50,12
"1068",67,"[77]GHdwaCwLhrujDAtytniqvafndbCLCabcvmIhhxafDDJHdndaCIKCebjdAcJJhjlxvBrDiIgqxKAah",107,0.784946,77,186,40,146,40,40,0,40,40,97,57,40,40,49,49,12
"1069",68,"[77]GHdwaCwLhrujDAtytniqvafndbCLCabcvmIhhxafDDJHdndaCIKCebjdAcJJhjlxvBrDiIgqxKAah",91,0.739362,77,188,49,139,49,49,0,49,49,97,48,49,49,42,42,12
"1070",69,"[77]GHdwaCwLhrujDAtytniqvafndbCLCabcvmIhhxafDDJHdndaCIKCebjdAcJJhjlxvBrDiIgqxKAah",84,0.719577,77,189,53,136,53,53,0,53,53,98,45,53,53,38,38,12
"1071",70,"[77]GHdwaCwLhrujDAtytniqvafndbCLCabcvmIhhxafDDJHdndaCIKCebjdAcJJhjlxvBrDiIgqxKAah",89,0.731579,77,190,51,139,51,51,0,51,51,90,39,51,51,49,49,12
"1072",71,"[77]GHdwaCwLhrujDAtytniqvafndbCLCabcvmIhhxafDDJHdndaCIKCebjdAcJJhjlxvBrDiIgqxKAah",86,0.722513,77,191,53,138,53,53,0,53,53,96,43,53,53,42,42,12
"1073",72,"[77]GHdwaCwLhrujDAtytniqvafndbCLCabcvmIhhxafDDJHdndaCIKCebjdAcJJhjlxvBrDiIgqxKAah",88,0.730159,77,189,51,138,51,51,0,51,51,95,44,51,51,43,43,12
"1074",73,"[77]GHdwaCwLhrujDAtytniqvafndbCLCabcvmIhhxafDDJHdndaCIKCebjdAcJJhjlxvBrDiIgqxKAah",100,0.761905,77,189,45,144,45,45,0,45,45,97,52,45,45,47,47,12
"1075",74,"[77]GHdwaCwLhrujDAtytniqvafndbCLCabcvmIhhxafDDJHdndaCIKCebjdAcJJhjlxvBrDiIgqxKAah",99,0.757895,77,190,46,144,46,46,0,46,46,83,37,46,46,61,61,12
"1076",75,"[77]GHdwaCwLhrujDAtytniqvafndbCLCabcvmIhhxafDDJHdndaCIKCebjdAcJJhjlxvBrDiIgqxKAah",89,0.734043,77,188,50,138,50,50,0,50,50,96,46,50,50,42,42,12
"1077",76,"[77]GHdwaCwLhrujDAtytniqvafndbCLCabcvmIhhxafDDJHdndaCIKCebjdAcJJhjlxvBrDiIgqxKAah",96,0.751323,77,189,47,142,47,47,0,47,47,90,43,47,47,52,52,12
"1078",77,"[77]GHdwaCwLhrujDAtytniqvafndbCLCabcvmIhhxafDDJHdndaCIKCebjdAcJJhjlxvBrDiIgqxKAah",83,0.718085,77,188,53,135,53,53,0,53,53,104,51,53,53,31,31,12
"1079",78,"[77]GHdwaCwLhrujDAtytniqvafndbCLCabcvmIhhxafDDJHdndaCIKCebjdAcJJhjlxvBrDiIgqxKAah",98,0.759358,77,187,45,142,45,45,0,45,45,99,54,45,45,43,43,12
"1080",79,"[77]GHdwaCwLhrujDAtytniqvafndbCLCabcvmIhhxafDDJHdndaCIKCebjdAcJJhjlxvBrDiIgqxKAah",103,0.774194,77,186,42,144,42,42,0,42,42,103,61,42,42,41,41,12
"1081",80,"[77]GHdwaCwLhrujDAtytniqvafndbCLCabcvmIhhxafDDJHdndaCIKCebjdAcJJhjlxvBrDiIgqxKAah",91,0.739362,77,188,49,139,49,49,0,49,49,95,46,49,49,44,44,12
"1082",81,"[77]GHdwaCwLhrujDAtytniqvafndbCLCabcvmIhhxafDDJHdndaCIKCebjdAcJJhjlxvBrDiIgqxKAah",91,0.736842,77,190,50,140,50,50,0,50,50,90,40,50,50,50,50,12
"1083",82,"[77]GHdwaCwLhrujDAtytniqvafndbCLCabcvmIhhxafDDJHdndaCIKCebjdAcJJhjlxvBrDiIgqxKAah",86,0.722513,77,191,53,138,53,53,0,53,53,97,44,53,53,41,41,12
"1084",83,"[77]GHdwaCwLhrujDAtytniqvafndbCLCabcvmIhhxafDDJHdndaCIKCebjdAcJJhjlxvBrDiIgqxKAah",85,0.721053,77,190,53,137,53,53,0,53,53,88,35,53,53,49,49,12
"1085",84,"[77]GHdwaCwLhrujDAtytniqvafndbCLCabcvmIhhxafDDJHdndaCIKCebjdAcJJhjlxvBrDiIgqxKAah",88,0.730159,77,189,51,138,51,51,0,51,51,102,51,51,51,36,36,12
"1086",85,"[77]GHdwaCwLhrujDAtytniqvafndbCLCabcvmIhhxafDDJHdndaCIKCebjdAcJJhjlxvBrDiIgqxKAah",95,0.747368,77,190,48,142,48,48,0,48,48,95,47,48,48,47,47,12
"1087",86,"[77]GHdwaCwLhrujDAtytniqvafndbCLCabcvmIhhxafDDJHdndaCIKCebjdAcJJhjlxvBrDiIgqxKAah",96,0.751323,77,189,47,142,47,47,0,47,47,92,45,47,47,50,50,12
"1088",87,"[77]GHdwaCwLhrujDAtytniqvafndbCLCabcvmIhhxafDDJHdndaCIKCebjdAcJJhjlxvBrDiIgqxKAah",103,0.771277,77,188,43,145,43,43,0,43,43,87,44,43,43,58,58,12
"1089",88,"[77]GHdwaCwLhrujDAtytniqvafndbCLCabcvmIhhxafDDJHdndaCIKCebjdAcJJhjlxvBrDiIgqxKAah",95,0.75,77,188,47,141,47,47,0,47,47,94,47,47,47,47,47,12
"1090",89,"[77]GHdwaCwLhrujDAtytniqvafndbCLCabcvmIhhxafDDJHdndaCIKCebjdAcJJhjlxvBrDiIgqxKAah",93,0.744681,77,188,48,140,48,48,0,48,48,95,47,48,48,45,45,12
"1091",90,"[77]GHdwaCwLhrujDAtytniqvafndbCLCabcvmIhhxafDDJHdndaCIKCebjdAcJJhjlxvBrDiIgqxKAah",84,0.715026,77,193,55,138,55,55,0,55,55,97,42,55,55,41,41,12
"1092",91,"[77]GHdwaCwLhrujDAtytniqvafndbCLCabcvmIhhxafDDJHdndaCIKCebjdAcJJhjlxvBrDiIgqxKAah",78,0.701571,77,191,57,134,57,57,0,57,57,96,39,57,57,38,38,12
"1093",92,"[77]GHdwaCwLhrujDAtytniqvafndbCLCabcvmIhhxafDDJHdndaCIKCebjdAcJJhjlxvBrDiIgqxKAah",85,0.721053,77,190,53,137,53,53,0,53,53,100,47,53,53,37,37,12
"1094",93,"[77]GHdwaCwLhrujDAtytniqvafndbCLCabcvmIhhxafDDJHdndaCIKCebjdAcJJhjlxvBrDiIgqxKAah",95,0.75,77,188,47,141,47,47,0,47,47,93,46,47,47,48,48,12
"1095",94,"[77]GHdwaCwLhrujDAtytniqvafndbCLCabcvmIhhxafDDJHdndaCIKCebjdAcJJhjlxvBrDiIgqxKAah",99,0.760638,77,188,45,143,45,45,0,45,45,97,52,45,45,46,46,12
"1096",95,"[77]GHdwaCwLhrujDAtytniqvafndbCLCabcvmIhhxafDDJHdndaCIKCebjdAcJJhjlxvBrDiIgqxKAah",84,0.717277,77,191,54,137,54,54,0,54,54,97,43,54,54,40,40,12
"1097",96,"[77]GHdwaCwLhrujDAtytniqvafndbCLCabcvmIhhxafDDJHdndaCIKCebjdAcJJhjlxvBrDiIgqxKAah",97,0.755319,77,188,46,142,46,46,0,46,46,99,53,46,46,43,43,12
"1098",97,"[77]GHdwaCwLhrujDAtytniqvafndbCLCabcvmIhhxafDDJHdndaCIKCebjdAcJJhjlxvBrDiIgqxKAah",98,0.759358,77,187,45,142,45,45,0,45,45,101,56,45,45,41,41,12
"1099",98,"[77]GHdwaCwLhrujDAtytniqvafndbCLCabcvmIhhxafDDJHdndaCIKCebjdAcJJhjlxvBrDiIgqxKAah",96,0.751323,77,189,47,142,47,47,0,47,47,99,52,47,47,43,43,12
"1100",99,"[77]GHdwaCwLhrujDAtytniqvafndbCLCabcvmIhhxafDDJHdndaCIKCebjdAcJJhjlxvBrDiIgqxKAah",95,0.744792,77,192,49,143,49,49,0,49,49,95,46,49,49,48,48,12
"1101",0,"[83]GjfffHdwaCICmCtddvwafndbCLCabKhkGwafofCJxBdHdwandfqIKCabDfBeaCDkwnafwendaCJCabGsweK",112,0.99115,83,113,1,112,1,1,0,1,1,45,44,36,36,32,32,13
"1102",1,"[83]GjfffHdwaCICmCtddvwafndbCLCabKhkGwafofCJxBdHdwandfqIKCabDfBeaCDkwnafwendaCJCabGsweK",112,1,83,111,0,111,0,0,0,0,0,32,32,44,44,35,35,13
"1103",2,"[83]GjfffHdwaCICmCtddvwafndbCLCabKhkGwafofCJxBdHdwandfqIKCabDfBeaCDkwnafwendaCJCabGsweK",117,0.97541,83,122,3,119,3,3,0,3,3,43,40,37,37,42,42,13
"1104",3,"[83]GjfffHdwaCICmCtddvwafndbCLCabKhkGwafofCJxBdHdwandfqIKCabDfBeaCDkwnafwendaCJCabGsweK",115,1,83,114,0,114,0,0,0,0,0,44,44,37,37,33,33,13
"1105",4,"[83]GjfffHdwaCICmCtddvwafndbCLCabKhkGwafofCJxBdHdwandfqIKCabDfBeaCDkwnafwendaCJCabGsweK",114,0.966942,83,121,4,117,4,4,0,4,4,38,34,36,36,47,47,13
"1106",5,"[83]GjfffHdwaCICmCtddvwafndbCLCabKhkGwafofCJxBdHdwandfqIKCabDfBeaCDkwnafwendaCJCabGsweK",112,0.99115,83,113,1,112,1,1,0,1,1,38,37,41,41,34,34,13
"1107",6,"[83]GjfffHdwaCICmCtddvwafndbCLCabKhkGwafofCJxBdHdwandfqIKCabDfBeaCDkwnafwendaCJCabGsweK",115,1,83,114,0,114,0,0,0,0,0,35,35,42,42,37,37,13
"1108",7,"[83]GjfffHdwaCICmCtddvwafndbCLCabKhkGwafofCJxBdHdwandfqIKCabDfBeaCDkwnafwendaCJCabGsweK",109,0.982143,83,112,2,110,2,2,0,2,2,43,41,37,37,32,32,13
"1109",8,"[83]GjfffHdwaCICmCtddvwafndbCLCabKhkGwafofCJxBdHdwandfqIKCabDfBeaCDkwnafwendaCJCabGsweK",119,1,83,118,0,118,0,0,0,0,0,33,33,36,36,49,49,13
"1110",9,"[83]GjfffHdwaCICmCtddvwafndbCLCabKhkGwafofCJxBdHdwandfqIKCabDfBeaCDkwnafwendaCJCabGsweK",106,0.941176,83,119,7,112,7,7,0,7,7,44,37,39,39,36,36,13
"1111",10,"[83]GjfffHdwaCICmCtddvwafndbCLCabKhkGwafofCJxBdHdwandfqIKCabDfBeaCDkwnafwendaCJCabGsweK",111,1,83,110,0,110,0,0,0,0,0,31,31,45,45,34,34,13
"1112",11,"[83]GjfffHdwaCICmCtddvwafndbCLCabKhkGwafofCJxBdHdwandfqIKCabDfBeaCDkwnafwendaCJCabGsweK",107,0.973214,83,112,3,109,3,3,0,3,3,41,38,40,40,31,31,13
"1113",12,"[83]GjfffHdwaCICmCtddvwafndbCLCabKhkGwafofCJxBdHdwandfqIKCabDfBeaCDkwnafwendaCJCabGsweK",131,1,83,130,0,130,0,0,0,0,0,33,33,38,38,59,59,13
"1114",13,"[83]GjfffHdwaCICmCtddvwafndbCLCabKhkGwafofCJxBdHdwandfqIKCabDfBeaCDkwnafwendaCJCabGsweK",115,0.991379,83,116,1,115,1,1,0,1,1,33,32,41,41,42,42,13
"1115",14,"[83]GjfffHdwaCICmCtddvwafndbCLCabKhkGwafofCJxBdHdwandfqIKCabDfBeaCDkwnafwendaCJCabGsweK",110,0.990991,83,111,1,110,1,1,0,1,1,43,42,35,35,33,33,13
"1116",15,"[83]GjfffHdwaCICmCtddvwafndbCLCabKhkGwafofCJxBdHdwandfqIKCabDfBeaCDkwnafwendaCJCabGsweK",111,1,83,110,0,110,0,0,0,0,0,43,43,37,37,30,30,13
"1117",16,"[83]GjfffHdwaCICmCtddvwafndbCLCabKhkGwafofCJxBdHdwandfqIKCabDfBeaCDkwnafwendaCJCabGsweK",118,1,83,117,0,117,0,0,0,0,0,35,35,36,36,46,46,13
"1118",17,"[83]GjfffHdwaCICmCtddvwafndbCLCabKhkGwafofCJxBdHdwandfqIKCabDfBeaCDkwnafwendaCJCabGsweK",105,0.981481,83,108,2,106,2,2,0,2,2,34,32,48,48,26,26,13
"1119",18,"[83]GjfffHdwaCICmCtddvwafndbCLCabKhkGwafofCJxBdHdwandfqIKCabDfBeaCDkwnafwendaCJCabGsweK",113,0.991228,83,114,1,113,1,1,0,1,1,43,42,35,35,36,36,13
"1120",19,"[83]GjfffHdwaCICmCtddvwafndbCLCabKhkGwafofCJxBdHdwandfqIKCabDfBeaCDkwnafwendaCJCabGsweK",110,0.990991,83,111,1,110,1,1,0,1,1,37,36,41,41,33,33,13
"1121",20,"[83]GjfffHdwaCICmCtddvwafndbCLCabKhkGwafofCJxBdHdwandfqIKCabDfBeaCDkwnafwendaCJCabGsweK",115,1,83,114,0,114,0,0,0,0,0,41,41,38,38,35,35,13
"1122",21,"[83]GjfffHdwaCICmCtddvwafndbCLCabKhkGwafofCJxBdHdwandfqIKCabDfBeaCDkwnafwendaCJCabGsweK",123,1,83,122,0,122,0,0,0,0,0,38,38,37,37,47,47,13
"1123",22,"[83]GjfffHdwaCICmCtddvwafndbCLCabKhkGwafofCJxBdHdwandfqIKCabDfBeaCDkwnafwendaCJCabGsweK",102,0.931624,83,117,8,109,8,8,0,8,8,42,34,41,41,34,34,13
"1124",23,"[83]GjfffHdwaCICmCtddvwafndbCLCabKhkGwafofCJxBdHdwandfqIKCabDfBeaCDkwnafwendaCJCabGsweK",113,0.991228,83,114,1,113,1,1,0,1,1,30,29,43,43,41,41,13
"1125",24,"[83]GjfffHdwaCICmCtddvwafndbCLCabKhkGwafofCJxBdHdwandfqIKCabDfBeaCDkwnafwendaCJCabGsweK",117,1,83,116,0,116,0,0,0,0,0,35,35,40,40,41,41,13
"1126",25,"[83]GjfffHdwaCICmCtddvwafndbCLCabKhkGwafofCJxBdHdwandfqIKCabDfBeaCDkwnafwendaCJCabGsweK",115,1,83,114,0,114,0,0,0,0,0,42,42,36,36,36,36,13
"1127",26,"[83]GjfffHdwaCICmCtddvwafndbCLCabKhkGwafofCJxBdHdwandfqIKCabDfBeaCDkwnafwendaCJCabGsweK",119,1,83,118,0,118,0,0,0,0,0,44,44,30,30,44,44,13
"1128",27,"[83]GjfffHdwaCICmCtddvwafndbCLCabKhkGwafofCJxBdHdwandfqIKCabDfBeaCDkwnafwendaCJCabGsweK",117,1,83,116,0,116,0,0,0,0,0,28,28,42,42,46,46,13
"1129",28,"[83]GjfffHdwaCICmCtddvwafndbCLCabKhkGwafofCJxBdHdwandfqIKCabDfBeaCDkwnafwendaCJCabGsweK",107,1,83,106,0,106,0,0,0,0,0,37,37,44,44,25,25,13
"1130",29,"[83]GjfffHdwaCICmCtddvwafndbCLCabKhkGwafofCJxBdHdwandfqIKCabDfBeaCDkwnafwendaCJCabGsweK",112,1,83,111,0,111,0,0,0,0,0,31,31,47,47,33,33,13
"1131",30,"[83]GjfffHdwaCICmCtddvwafndbCLCabKhkGwafofCJxBdHdwandfqIKCabDfBeaCDkwnafwendaCJCabGsweK",110,1,83,109,0,109,0,0,0,0,0,29,29,49,49,31,31,13
"1132",31,"[83]GjfffHdwaCICmCtddvwafndbCLCabKhkGwafofCJxBdHdwandfqIKCabDfBeaCDkwnafwendaCJCabGsweK",112,1,83,111,0,111,0,0,0,0,0,38,38,39,39,34,34,13
"1133",32,"[83]GjfffHdwaCICmCtddvwafndbCLCabKhkGwafofCJxBdHdwandfqIKCabDfBeaCDkwnafwendaCJCabGsweK",115,1,83,114,0,114,0,0,0,0,0,45,45,31,31,38,38,13
"1134",33,"[83]GjfffHdwaCICmCtddvwafndbCLCabKhkGwafofCJxBdHdwandfqIKCabDfBeaCDkwnafwendaCJCabGsweK",111,0.991071,83,112,1,111,1,1,0,1,1,41,40,38,38,33,33,13
"1135",34,"[83]GjfffHdwaCICmCtddvwafndbCLCabKhkGwafofCJxBdHdwandfqIKCabDfBeaCDkwnafwendaCJCabGsweK",117,1,83,116,0,116,0,0,0,0,0,36,36,37,37,43,43,13
"1136",35,"[83]GjfffHdwaCICmCtddvwafndbCLCabKhkGwafofCJxBdHdwandfqIKCabDfBeaCDkwnafwendaCJCabGsweK",113,0.991228,83,114,1,113,1,1,0,1,1,44,43,35,35,35,35,13
"1137",36,"[83]GjfffHdwaCICmCtddvwafndbCLCabKhkGwafofCJxBdHdwandfqIKCabDfBeaCDkwnafwendaCJCabGsweK",116,0.991453,83,117,1,116,1,1,0,1,1,39,38,39,39,39,39,13
"1138",37,"[83]GjfffHdwaCICmCtddvwafndbCLCabKhkGwafofCJxBdHdwandfqIKCabDfBeaCDkwnafwendaCJCabGsweK",118,1,83,117,0,117,0,0,0,0,0,39,39,38,38,40,40,13
"1139",38,"[83]GjfffHdwaCICmCtddvwafndbCLCabKhkGwafofCJxBdHdwandfqIKCabDfBeaCDkwnafwendaCJCabGsweK",120,1,83,119,0,119,0,0,0,0,0,38,38,33,33,48,48,13
"1140",39,"[83]GjfffHdwaCICmCtddvwafndbCLCabKhkGwafofCJxBdHdwandfqIKCabDfBeaCDkwnafwendaCJCabGsweK",109,0.982143,83,112,2,110,2,2,0,2,2,36,34,46,46,30,30,13
"1141",40,"[83]GjfffHdwaCICmCtddvwafndbCLCabKhkGwafofCJxBdHdwandfqIKCabDfBeaCDkwnafwendaCJCabGsweK",115,1,83,114,0,114,0,0,0,0,0,35,35,39,39,40,40,13
"1142",41,"[83]GjfffHdwaCICmCtddvwafndbCLCabKhkGwafofCJxBdHdwandfqIKCabDfBeaCDkwnafwendaCJCabGsweK",122,1,83,121,0,121,0,0,0,0,0,41,41,40,40,40,40,13
"1143",42,"[83]GjfffHdwaCICmCtddvwafndbCLCabKhkGwafofCJxBdHdwandfqIKCabDfBeaCDkwnafwendaCJCabGsweK",119,1,83,118,0,118,0,0,0,0,0,40,40,37,37,41,41,13
"1144",43,"[83]GjfffHdwaCICmCtddvwafndbCLCabKhkGwafofCJxBdHdwandfqIKCabDfBeaCDkwnafwendaCJCabGsweK",112,0.974359,83,117,3,114,3,3,0,3,3,45,42,36,36,36,36,13
"1145",44,"[83]GjfffHdwaCICmCtddvwafndbCLCabKhkGwafofCJxBdHdwandfqIKCabDfBeaCDkwnafwendaCJCabGsweK",113,1,83,112,0,112,0,0,0,0,0,38,38,37,37,37,37,13
"1146",45,"[83]GjfffHdwaCICmCtddvwafndbCLCabKhkGwafofCJxBdHdwandfqIKCabDfBeaCDkwnafwendaCJCabGsweK",108,0.973451,83,113,3,110,3,3,0,3,3,38,35,41,41,34,34,13
"1147",46,"[83]GjfffHdwaCICmCtddvwafndbCLCabKhkGwafofCJxBdHdwandfqIKCabDfBeaCDkwnafwendaCJCabGsweK",115,1,83,114,0,114,0,0,0,0,0,41,41,33,33,40,40,13
"1148",47,"[83]GjfffHdwaCICmCtddvwafndbCLCabKhkGwafofCJxBdHdwandfqIKCabDfBeaCDkwnafwendaCJCabGsweK",117,1,83,116,0,116,0,0,0,0,0,41,41,34,34,41,41,13
"1149",48,"[83]GjfffHdwaCICmCtddvwafndbCLCabKhkGwafofCJxBdHdwandfqIKCabDfBeaCDkwnafwendaCJCabGsweK",109,1,83,108,0,108,0,0,0,0,0,43,43,39,39,26,26,13
"1150",49,"[83]GjfffHdwaCICmCtddvwafndbCLCabKhkGwafofCJxBdHdwandfqIKCabDfBeaCDkwnafwendaCJCabGsweK",105,0.933333,83,120,8,112,8,8,0,8,8,35,27,45,45,40,40,13
"1151",50,"[83]GjfffHdwaCICmCtddvwafndbCLCabKhkGwafofCJxBdHdwandfqIKCabDfBeaCDkwnafwendaCJCabGsweK",112,1,83,111,0,111,0,0,0,0,0,38,38,38,38,35,35,13
"1152",51,"[83]GjfffHdwaCICmCtddvwafndbCLCabKhkGwafofCJxBdHdwandfqIKCabDfBeaCDkwnafwendaCJCabGsweK",108,0.973451,83,113,3,110,3,3,0,3,3,35,32,43,43,35,35,13
"1153",52,"[83]GjfffHdwaCICmCtddvwafndbCLCabKhkGwafofCJxBdHdwandfqIKCabDfBeaCDkwnafwendaCJCabGsweK",116,1,83,115,0,115,0,0,0,0,0,48,48,29,29,38,38,13
"1154",53,"[83]GjfffHdwaCICmCtddvwafndbCLCabKhkGwafofCJxBdHdwandfqIKCabDfBeaCDkwnafwendaCJCabGsweK",116,1,83,115,0,115,0,0,0,0,0,39,39,36,36,40,40,13
"1155",54,"[83]GjfffHdwaCICmCtddvwafndbCLCabKhkGwafofCJxBdHdwandfqIKCabDfBeaCDkwnafwendaCJCabGsweK",110,1,83,109,0,109,0,0,0,0,0,45,45,34,34,30,30,13
"1156",55,"[83]GjfffHdwaCICmCtddvwafndbCLCabKhkGwafofCJxBdHdwandfqIKCabDfBeaCDkwnafwendaCJCabGsweK",110,1,83,109,0,109,0,0,0,0,0,37,37,42,42,30,30,13
"1157",56,"[83]GjfffHdwaCICmCtddvwafndbCLCabKhkGwafofCJxBdHdwandfqIKCabDfBeaCDkwnafwendaCJCabGsweK",119,0.975806,83,124,3,121,3,3,0,3,3,31,28,40,40,53,53,13
"1158",57,"[83]GjfffHdwaCICmCtddvwafndbCLCabKhkGwafofCJxBdHdwandfqIKCabDfBeaCDkwnafwendaCJCabGsweK",114,0.991304,83,115,1,114,1,1,0,1,1,35,34,39,39,41,41,13
"1159",58,"[83]GjfffHdwaCICmCtddvwafndbCLCabKhkGwafofCJxBdHdwandfqIKCabDfBeaCDkwnafwendaCJCabGsweK",119,0.991667,83,120,1,119,1,1,0,1,1,39,38,43,43,38,38,13
"1160",59,"[83]GjfffHdwaCICmCtddvwafndbCLCabKhkGwafofCJxBdHdwandfqIKCabDfBeaCDkwnafwendaCJCabGsweK",106,0.990654,83,107,1,106,1,1,0,1,1,45,44,38,38,24,24,13
"1161",60,"[83]GjfffHdwaCICmCtddvwafndbCLCabKhkGwafofCJxBdHdwandfqIKCabDfBeaCDkwnafwendaCJCabGsweK",117,1,83,116,0,116,0,0,0,0,0,44,44,32,32,40,40,13
"1162",61,"[83]GjfffHdwaCICmCtddvwafndbCLCabKhkGwafofCJxBdHdwandfqIKCabDfBeaCDkwnafwendaCJCabGsweK",112,0.99115,83,113,1,112,1,1,0,1,1,39,38,39,39,35,35,13
"1163",62,"[83]GjfffHdwaCICmCtddvwafndbCLCabKhkGwafofCJxBdHdwandfqIKCabDfBeaCDkwnafwendaCJCabGsweK",105,0.990566,83,106,1,105,1,1,0,1,1,39,38,43,43,24,24,13
"1164",63,"[83]GjfffHdwaCICmCtddvwafndbCLCabKhkGwafofCJxBdHdwandfqIKCabDfBeaCDkwnafwendaCJCabGsweK",116,0.983193,83,119,2,117,2,2,0,2,2,34,32,39,39,46,46,13
"1165",64,"[83]GjfffHdwaCICmCtddvwafndbCLCabKhkGwafofCJxBdHdwandfqIKCabDfBeaCDkwnafwendaCJCabGsweK",111,0.982456,83,114,2,112,2,2,0,2,2,31,29,45,45,38,38,13
"1166",65,"[83]GjfffHdwaCICmCtddvwafndbCLCabKhkGwafofCJxBdHdwandfqIKCabDfBeaCDkwnafwendaCJCabGsweK",119,1,83,118,0,118,0,0,0,0,0,44,44,29,29,45,45,13
"1167",66,"[83]GjfffHdwaCICmCtddvwafndbCLCabKhkGwafofCJxBdHdwandfqIKCabDfBeaCDkwnafwendaCJCabGsweK",108,0.990826,83,109,1,108,1,1,0,1,1,42,41,41,41,26,26,13
"1168",67,"[83]GjfffHdwaCICmCtddvwafndbCLCabKhkGwafofCJxBdHdwandfqIKCabDfBeaCDkwnafwendaCJCabGsweK",105,0.940678,83,118,7,111,7,7,0,7,7,42,35,40,40,36,36,13
"1169",68,"[83]GjfffHdwaCICmCtddvwafndbCLCabKhkGwafofCJxBdHdwandfqIKCabDfBeaCDkwnafwendaCJCabGsweK",106,1,83,105,0,105,0,0,0,0,0,33,33,48,48,24,24,13
"1170",69,"[83]GjfffHdwaCICmCtddvwafndbCLCabKhkGwafofCJxBdHdwandfqIKCabDfBeaCDkwnafwendaCJCabGsweK",113,1,83,112,0,112,0,0,0,0,0,34,34,40,40,38,38,13
"1171",70,"[83]GjfffHdwaCICmCtddvwafndbCLCabKhkGwafofCJxBdHdwandfqIKCabDfBeaCDkwnafwendaCJCabGsweK",113,1,83,112,0,112,0,0,0,0,0,30,30,44,44,38,38,13
"1172",71,"[83]GjfffHdwaCICmCtddvwafndbCLCabKhkGwafofCJxBdHdwandfqIKCabDfBeaCDkwnafwendaCJCabGsweK",108,0.990826,83,109,1,108,1,1,0,1,1,41,40,41,41,27,27,13
"1173",72,"[83]GjfffHdwaCICmCtddvwafndbCLCabKhkGwafofCJxBdHdwandfqIKCabDfBeaCDkwnafwendaCJCabGsweK",115,1,83,114,0,114,0,0,0,0,0,36,36,38,38,40,40,13
"1174",73,"[83]GjfffHdwaCICmCtddvwafndbCLCabKhkGwafofCJxBdHdwandfqIKCabDfBeaCDkwnafwendaCJCabGsweK",118,1,83,117,0,117,0,0,0,0,0,38,38,39,39,40,40,13
"1175",74,"[83]GjfffHdwaCICmCtddvwafndbCLCabKhkGwafofCJxBdHdwandfqIKCabDfBeaCDkwnafwendaCJCabGsweK",116,1,83,115,0,115,0,0,0,0,0,37,37,36,36,42,42,13
"1176",75,"[83]GjfffHdwaCICmCtddvwafndbCLCabKhkGwafofCJxBdHdwandfqIKCabDfBeaCDkwnafwendaCJCabGsweK",119,0.975806,83,124,3,121,3,3,0,3,3,44,41,32,32,48,48,13
"1177",76,"[83]GjfffHdwaCICmCtddvwafndbCLCabKhkGwafofCJxBdHdwandfqIKCabDfBeaCDkwnafwendaCJCabGsweK",109,0.990909,83,110,1,109,1,1,0,1,1,35,34,42,42,33,33,13
"1178",77,"[83]GjfffHdwaCICmCtddvwafndbCLCabKhkGwafofCJxBdHdwandfqIKCabDfBeaCDkwnafwendaCJCabGsweK",106,0.956522,83,115,5,110,5,5,0,5,5,38,33,41,41,36,36,13
"1179",78,"[83]GjfffHdwaCICmCtddvwafndbCLCabKhkGwafofCJxBdHdwandfqIKCabDfBeaCDkwnafwendaCJCabGsweK",110,1,83,109,0,109,0,0,0,0,0,38,38,41,41,30,30,13
"1180",79,"[83]GjfffHdwaCICmCtddvwafndbCLCabKhkGwafofCJxBdHdwandfqIKCabDfBeaCDkwnafwendaCJCabGsweK",105,0.940678,83,118,7,111,7,7,0,7,7,36,29,43,43,39,39,13
"1181",80,"[83]GjfffHdwaCICmCtddvwafndbCLCabKhkGwafofCJxBdHdwandfqIKCabDfBeaCDkwnafwendaCJCabGsweK",116,1,83,115,0,115,0,0,0,0,0,36,36,40,40,39,39,13
"1182",81,"[83]GjfffHdwaCICmCtddvwafndbCLCabKhkGwafofCJxBdHdwandfqIKCabDfBeaCDkwnafwendaCJCabGsweK",112,0.982609,83,115,2,113,2,2,0,2,2,39,37,39,39,37,37,13
"1183",82,"[83]GjfffHdwaCICmCtddvwafndbCLCabKhkGwafofCJxBdHdwandfqIKCabDfBeaCDkwnafwendaCJCabGsweK",117,1,83,116,0,116,0,0,0,0,0,35,35,40,40,41,41,13
"1184",83,"[83]GjfffHdwaCICmCtddvwafndbCLCabKhkGwafofCJxBdHdwandfqIKCabDfBeaCDkwnafwendaCJCabGsweK",116,1,83,115,0,115,0,0,0,0,0,41,41,37,37,37,37,13
"1185",84,"[83]GjfffHdwaCICmCtddvwafndbCLCabKhkGwafofCJxBdHdwandfqIKCabDfBeaCDkwnafwendaCJCabGsweK",126,1,83,125,0,125,0,0,0,0,0,47,47,25,25,53,53,13
"1186",85,"[83]GjfffHdwaCICmCtddvwafndbCLCabKhkGwafofCJxBdHdwandfqIKCabDfBeaCDkwnafwendaCJCabGsweK",111,1,83,110,0,110,0,0,0,0,0,37,37,40,40,33,33,13
"1187",86,"[83]GjfffHdwaCICmCtddvwafndbCLCabKhkGwafofCJxBdHdwandfqIKCabDfBeaCDkwnafwendaCJCabGsweK",109,0.965517,83,116,4,112,4,4,0,4,4,47,43,34,34,35,35,13
"1188",87,"[83]GjfffHdwaCICmCtddvwafndbCLCabKhkGwafofCJxBdHdwandfqIKCabDfBeaCDkwnafwendaCJCabGsweK",115,0.991379,83,116,1,115,1,1,0,1,1,43,42,31,31,42,42,13
"1189",88,"[83]GjfffHdwaCICmCtddvwafndbCLCabKhkGwafofCJxBdHdwandfqIKCabDfBeaCDkwnafwendaCJCabGsweK",111,0.982456,83,114,2,112,2,2,0,2,2,32,30,45,45,37,37,13
"1190",89,"[83]GjfffHdwaCICmCtddvwafndbCLCabKhkGwafofCJxBdHdwandfqIKCabDfBeaCDkwnafwendaCJCabGsweK",115,1,83,114,0,114,0,0,0,0,0,34,34,39,39,41,41,13
"1191",90,"[83]GjfffHdwaCICmCtddvwafndbCLCabKhkGwafofCJxBdHdwandfqIKCabDfBeaCDkwnafwendaCJCabGsweK",115,1,83,114,0,114,0,0,0,0,0,41,41,33,33,40,40,13
"1192",91,"[83]GjfffHdwaCICmCtddvwafndbCLCabKhkGwafofCJxBdHdwandfqIKCabDfBeaCDkwnafwendaCJCabGsweK",120,0.991736,83,121,1,120,1,1,0,1,1,44,43,37,37,40,40,13
"1193",92,"[83]GjfffHdwaCICmCtddvwafndbCLCabKhkGwafofCJxBdHdwandfqIKCabDfBeaCDkwnafwendaCJCabGsweK",115,1,83,114,0,114,0,0,0,0,0,44,44,35,35,35,35,13
"1194",93,"[83]GjfffHdwaCICmCtddvwafndbCLCabKhkGwafofCJxBdHdwandfqIKCabDfBeaCDkwnafwendaCJCabGsweK",109,0.990909,83,110,1,109,1,1,0,1,1,40,39,39,39,31,31,13
"1195",94,"[83]GjfffHdwaCICmCtddvwafndbCLCabKhkGwafofCJxBdHdwandfqIKCabDfBeaCDkwnafwendaCJCabGsweK",110,1,83,109,0,109,0,0,0,0,0,44,44,36,36,29,29,13
"1196",95,"[83]GjfffHdwaCICmCtddvwafndbCLCabKhkGwafofCJxBdHdwandfqIKCabDfBeaCDkwnafwendaCJCabGsweK",114,0.991304,83,115,1,114,1,1,0,1,1,39,38,35,35,41,41,13
"1197",96,"[83]GjfffHdwaCICmCtddvwafndbCLCabKhkGwafofCJxBdHdwandfqIKCabDfBeaCDkwnafwendaCJCabGsweK",113,0.991228,83,114,1,113,1,1,0,1,1,32,31,42,42,40,40,13
"1198",97,"[83]GjfffHdwaCICmCtddvwafndbCLCabKhkGwafofCJxBdHdwandfqIKCabDfBeaCDkwnafwendaCJCabGsweK",111,0.991071,83,112,1,111,1,1,0,1,1,40,39,40,40,32,32,13
"1199",98,"[83]GjfffHdwaCICmCtddvwafndbCLCabKhkGwafofCJxBdHdwandfqIKCabDfBeaCDkwnafwendaCJCabGsweK",112,0.982609,83,115,2,113,2,2,0,2,2,44,42,37,37,34,34,13
"1200",99,"[83]GjfffHdwaCICmCtddvwafndbCLCabKhkGwafofCJxBdHdwandfqIKCabDfBeaCDkwnafwendaCJCabGsweK",111,0.991071,83,112,1,111,1,1,0,1,1,32,31,44,44,36,36,13
"1201",0,"[76]GjfffHdwaCLkvCuyjkwandbCLCebqswafnfCJBdHdwendfCIKqwDlBeaCabAuafwendaqJCabreK",102,0.963303,76,109,4,105,4,4,0,4,4,41,37,35,35,33,33,14
"1202",1,"[76]GjfffHdwaCLkvCuyjkwandbCLCebqswafnfCJBdHdwendfCIKqwDlBeaCabAuafwendaqJCabreK",109,1,76,108,0,108,0,0,0,0,0,29,29,41,41,38,38,14
"1203",2,"[76]GjfffHdwaCLkvCuyjkwandbCLCebqswafnfCJBdHdwendfCIKqwDlBeaCabAuafwendaqJCabreK",105,0.981481,76,108,2,106,2,2,0,2,2,37,35,37,37,34,34,14
"1204",3,"[76]GjfffHdwaCLkvCuyjkwandbCLCebqswafnfCJBdHdwendfCIKqwDlBeaCabAuafwendaqJCabreK",110,1,76,109,0,109,0,0,0,0,0,39,39,32,32,38,38,14
"1205",4,"[76]GjfffHdwaCLkvCuyjkwandbCLCebqswafnfCJBdHdwendfCIKqwDlBeaCabAuafwendaqJCabreK",109,1,76,108,0,108,0,0,0,0,0,35,35,37,37,36,36,14
"1206",5,"[76]GjfffHdwaCLkvCuyjkwandbCLCebqswafnfCJBdHdwendfCIKqwDlBeaCabAuafwendaqJCabreK",111,1,76,110,0,110,0,0,0,0,0,31,31,38,38,41,41,14
"1207",6,"[76]GjfffHdwaCLkvCuyjkwandbCLCebqswafnfCJBdHdwendfCIKqwDlBeaCabAuafwendaqJCabreK",99,0.9375,76,112,7,105,7,7,0,7,7,35,28,43,43,34,34,14
"1208",7,"[76]GjfffHdwaCLkvCuyjkwandbCLCebqswafnfCJBdHdwendfCIKqwDlBeaCabAuafwendaqJCabreK",113,1,76,112,0,112,0,0,0,0,0,34,34,33,33,45,45,14
"1209",8,"[76]GjfffHdwaCLkvCuyjkwandbCLCebqswafnfCJBdHdwendfCIKqwDlBeaCabAuafwendaqJCabreK",111,1,76,110,0,110,0,0,0,0,0,37,37,32,32,41,41,14
"1210",9,"[76]GjfffHdwaCLkvCuyjkwandbCLCebqswafnfCJBdHdwendfCIKqwDlBeaCabAuafwendaqJCabreK",107,0.981818,76,110,2,108,2,2,0,2,2,40,38,33,33,37,37,14
"1211",10,"[76]GjfffHdwaCLkvCuyjkwandbCLCebqswafnfCJBdHdwendfCIKqwDlBeaCabAuafwendaqJCabreK",107,0.981818,76,110,2,108,2,2,0,2,2,34,32,37,37,39,39,14
"1212",11,"[76]GjfffHdwaCLkvCuyjkwandbCLCebqswafnfCJBdHdwendfCIKqwDlBeaCabAuafwendaqJCabreK",108,0.990826,76,109,1,108,1,1,0,1,1,34,33,38,38,37,37,14
"1213",12,"[76]GjfffHdwaCLkvCuyjkwandbCLCebqswafnfCJBdHdwendfCIKqwDlBeaCabAuafwendaqJCabreK",110,1,76,109,0,109,0,0,0,0,0,38,38,32,32,39,39,14
"1214",13,"[76]GjfffHdwaCLkvCuyjkwandbCLCebqswafnfCJBdHdwendfCIKqwDlBeaCabAuafwendaqJCabreK",107,1,76,106,0,106,0,0,0,0,0,34,34,39,39,33,33,14
"1215",14,"[76]GjfffHdwaCLkvCuyjkwandbCLCebqswafnfCJBdHdwendfCIKqwDlBeaCabAuafwendaqJCabreK",106,0.981651,76,109,2,107,2,2,0,2,2,35,33,37,37,37,37,14
"1216",15,"[76]GjfffHdwaCLkvCuyjkwandbCLCebqswafnfCJBdHdwendfCIKqwDlBeaCabAuafwendaqJCabreK",111,1,76,110,0,110,0,0,0,0,0,29,29,40,40,41,41,14
"1217",16,"[76]GjfffHdwaCLkvCuyjkwandbCLCebqswafnfCJBdHdwendfCIKqwDlBeaCabAuafwendaqJCabreK",108,1,76,107,0,107,0,0,0,0,0,37,37,35,35,35,35,14
"1218",17,"[76]GjfffHdwaCLkvCuyjkwandbCLCebqswafnfCJBdHdwendfCIKqwDlBeaCabAuafwendaqJCabreK",108,1,76,107,0,107,0,0,0,0,0,48,48,25,25,34,34,14
"1219",18,"[76]GjfffHdwaCLkvCuyjkwandbCLCebqswafnfCJBdHdwendfCIKqwDlBeaCabAuafwendaqJCabreK",102,0.980952,76,105,2,103,2,2,0,2,2,37,35,40,40,28,28,14
"1220",19,"[76]GjfffHdwaCLkvCuyjkwandbCLCebqswafnfCJBdHdwendfCIKqwDlBeaCabAuafwendaqJCabreK",107,0.981818,76,110,2,108,2,2,0,2,2,38,36,35,35,37,37,14
"1221",20,"[76]GjfffHdwaCLkvCuyjkwandbCLCebqswafnfCJBdHdwendfCIKqwDlBeaCabAuafwendaqJCabreK",107,0.981818,76,110,2,108,2,2,0,2,2,39,37,33,33,38,38,14
"1222",21,"[76]GjfffHdwaCLkvCuyjkwandbCLCebqswafnfCJBdHdwendfCIKqwDlBeaCabAuafwendaqJCabreK",110,1,76,109,0,109,0,0,0,0,0,34,34,36,36,39,39,14
"1223",22,"[76]GjfffHdwaCLkvCuyjkwandbCLCebqswafnfCJBdHdwendfCIKqwDlBeaCabAuafwendaqJCabreK",102,0.990291,76,103,1,102,1,1,0,1,1,43,42,37,37,23,23,14
"1224",23,"[76]GjfffHdwaCLkvCuyjkwandbCLCebqswafnfCJBdHdwendfCIKqwDlBeaCabAuafwendaqJCabreK",108,0.973451,76,113,3,110,3,3,0,3,3,37,34,33,33,43,43,14
"1225",24,"[76]GjfffHdwaCLkvCuyjkwandbCLCebqswafnfCJBdHdwendfCIKqwDlBeaCabAuafwendaqJCabreK",108,1,76,107,0,107,0,0,0,0,0,33,33,39,39,35,35,14
"1226",25,"[76]GjfffHdwaCLkvCuyjkwandbCLCebqswafnfCJBdHdwendfCIKqwDlBeaCabAuafwendaqJCabreK",107,1,76,106,0,106,0,0,0,0,0,40,40,33,33,33,33,14
"1227",26,"[76]GjfffHdwaCLkvCuyjkwandbCLCebqswafnfCJBdHdwendfCIKqwDlBeaCabAuafwendaqJCabreK",105,1,76,104,0,104,0,0,0,0,0,37,37,38,38,29,29,14
"1228",27,"[76]GjfffHdwaCLkvCuyjkwandbCLCebqswafnfCJBdHdwendfCIKqwDlBeaCabAuafwendaqJCabreK",107,0.990741,76,108,1,107,1,1,0,1,1,29,28,42,42,37,37,14
"1229",28,"[76]GjfffHdwaCLkvCuyjkwandbCLCebqswafnfCJBdHdwendfCIKqwDlBeaCabAuafwendaqJCabreK",107,0.990741,76,108,1,107,1,1,0,1,1,41,40,33,33,34,34,14
"1230",29,"[76]GjfffHdwaCLkvCuyjkwandbCLCebqswafnfCJBdHdwendfCIKqwDlBeaCabAuafwendaqJCabreK",107,0.990741,76,108,1,107,1,1,0,1,1,35,34,37,37,36,36,14
"1231",30,"[76]GjfffHdwaCLkvCuyjkwandbCLCebqswafnfCJBdHdwendfCIKqwDlBeaCabAuafwendaqJCabreK",104,0.981308,76,107,2,105,2,2,0,2,2,41,39,35,35,31,31,14
"1232",31,"[76]GjfffHdwaCLkvCuyjkwandbCLCebqswafnfCJBdHdwendfCIKqwDlBeaCabAuafwendaqJCabreK",108,1,76,107,0,107,0,0,0,0,0,31,31,40,40,36,36,14
"1233",32,"[76]GjfffHdwaCLkvCuyjkwandbCLCebqswafnfCJBdHdwendfCIKqwDlBeaCabAuafwendaqJCabreK",107,1,76,106,0,106,0,0,0,0,0,35,35,39,39,32,32,14
"1234",33,"[76]GjfffHdwaCLkvCuyjkwandbCLCebqswafnfCJBdHdwendfCIKqwDlBeaCabAuafwendaqJCabreK",112,0.99115,76,113,1,112,1,1,0,1,1,32,31,35,35,46,46,14
"1235",34,"[76]GjfffHdwaCLkvCuyjkwandbCLCebqswafnfCJBdHdwendfCIKqwDlBeaCabAuafwendaqJCabreK",106,0.990654,76,107,1,106,1,1,0,1,1,40,39,35,35,32,32,14
"1236",35,"[76]GjfffHdwaCLkvCuyjkwandbCLCebqswafnfCJBdHdwendfCIKqwDlBeaCabAuafwendaqJCabreK",110,1,76,109,0,109,0,0,0,0,0,30,30,40,40,39,39,14
"1237",36,"[76]GjfffHdwaCLkvCuyjkwandbCLCebqswafnfCJBdHdwendfCIKqwDlBeaCabAuafwendaqJCabreK",96,0.943925,76,107,6,101,6,6,0,6,6,38,32,43,43,26,26,14
"1238",37,"[76]GjfffHdwaCLkvCuyjkwandbCLCebqswafnfCJBdHdwendfCIKqwDlBeaCabAuafwendaqJCabreK",108,1,76,107,0,107,0,0,0,0,0,31,31,40,40,36,36,14
"1239",38,"[76]GjfffHdwaCLkvCuyjkwandbCLCebqswafnfCJBdHdwendfCIKqwDlBeaCabAuafwendaqJCabreK",110,0.990991,76,111,1,110,1,1,0,1,1,29,28,39,39,43,43,14
"1240",39,"[76]GjfffHdwaCLkvCuyjkwandbCLCebqswafnfCJBdHdwendfCIKqwDlBeaCabAuafwendaqJCabreK",113,0.991228,76,114,1,113,1,1,0,1,1,29,28,36,36,49,49,14
"1241",40,"[76]GjfffHdwaCLkvCuyjkwandbCLCebqswafnfCJBdHdwendfCIKqwDlBeaCabAuafwendaqJCabreK",113,1,76,112,0,112,0,0,0,0,0,36,36,30,30,46,46,14
"1242",41,"[76]GjfffHdwaCLkvCuyjkwandbCLCebqswafnfCJBdHdwendfCIKqwDlBeaCabAuafwendaqJCabreK",104,0.990476,76,105,1,104,1,1,0,1,1,41,40,36,36,28,28,14
"1243",42,"[76]GjfffHdwaCLkvCuyjkwandbCLCebqswafnfCJBdHdwendfCIKqwDlBeaCabAuafwendaqJCabreK",109,0.982143,76,112,2,110,2,2,0,2,2,30,28,39,39,43,43,14
"1244",43,"[76]GjfffHdwaCLkvCuyjkwandbCLCebqswafnfCJBdHdwendfCIKqwDlBeaCabAuafwendaqJCabreK",107,0.973214,76,112,3,109,3,3,0,3,3,36,33,35,35,41,41,14
"1245",44,"[76]GjfffHdwaCLkvCuyjkwandbCLCebqswafnfCJBdHdwendfCIKqwDlBeaCabAuafwendaqJCabreK",109,0.990909,76,110,1,109,1,1,0,1,1,39,38,32,32,39,39,14
"1246",45,"[76]GjfffHdwaCLkvCuyjkwandbCLCebqswafnfCJBdHdwendfCIKqwDlBeaCabAuafwendaqJCabreK",104,0.981308,76,107,2,105,2,2,0,2,2,38,36,37,37,32,32,14
"1247",46,"[76]GjfffHdwaCLkvCuyjkwandbCLCebqswafnfCJBdHdwendfCIKqwDlBeaCabAuafwendaqJCabreK",107,1,76,106,0,106,0,0,0,0,0,40,40,33,33,33,33,14
"1248",47,"[76]GjfffHdwaCLkvCuyjkwandbCLCebqswafnfCJBdHdwendfCIKqwDlBeaCabAuafwendaqJCabreK",105,0.981481,76,108,2,106,2,2,0,2,2,45,43,31,31,32,32,14
"1249",48,"[76]GjfffHdwaCLkvCuyjkwandbCLCebqswafnfCJBdHdwendfCIKqwDlBeaCabAuafwendaqJCabreK",113,1,76,112,0,112,0,0,0,0,0,42,42,25,25,45,45,14
"1250",49,"[76]GjfffHdwaCLkvCuyjkwandbCLCebqswafnfCJBdHdwendfCIKqwDlBeaCabAuafwendaqJCabreK",104,0.972477,76,109,3,106,3,3,0,3,3,34,31,40,40,35,35,14
"1251",50,"[76]GjfffHdwaCLkvCuyjkwandbCLCebqswafnfCJBdHdwendfCIKqwDlBeaCabAuafwendaqJCabreK",103,0.981132,76,106,2,104,2,2,0,2,2,39,37,38,38,29,29,14
"1252",51,"[76]GjfffHdwaCLkvCuyjkwandbCLCebqswafnfCJBdHdwendfCIKqwDlBeaCabAuafwendaqJCabreK",105,1,76,104,0,104,0,0,0,0,0,37,37,38,38,29,29,14
"1253",52,"[76]GjfffHdwaCLkvCuyjkwandbCLCebqswafnfCJBdHdwendfCIKqwDlBeaCabAuafwendaqJCabreK",106,1,76,105,0,105,0,0,0,0,0,37,37,37,37,31,31,14
"1254",53,"[76]GjfffHdwaCLkvCuyjkwandbCLCebqswafnfCJBdHdwendfCIKqwDlBeaCabAuafwendaqJCabreK",110,1,76,109,0,109,0,0,0,0,0,39,39,31,31,39,39,14
"1255",54,"[76]GjfffHdwaCLkvCuyjkwandbCLCebqswafnfCJBdHdwendfCIKqwDlBeaCabAuafwendaqJCabreK",108,1,76,107,0,107,0,0,0,0,0,29,29,42,42,36,36,14
"1256",55,"[76]GjfffHdwaCLkvCuyjkwandbCLCebqswafnfCJBdHdwendfCIKqwDlBeaCabAuafwendaqJCabreK",105,0.972727,76,110,3,107,3,3,0,3,3,44,41,30,30,36,36,14
"1257",56,"[76]GjfffHdwaCLkvCuyjkwandbCLCebqswafnfCJBdHdwendfCIKqwDlBeaCabAuafwendaqJCabreK",108,1,76,107,0,107,0,0,0,0,0,36,36,36,36,35,35,14
"1258",57,"[76]GjfffHdwaCLkvCuyjkwandbCLCebqswafnfCJBdHdwendfCIKqwDlBeaCabAuafwendaqJCabreK",108,1,76,107,0,107,0,0,0,0,0,31,31,41,41,35,35,14
"1259",58,"[76]GjfffHdwaCLkvCuyjkwandbCLCebqswafnfCJBdHdwendfCIKqwDlBeaCabAuafwendaqJCabreK",111,1,76,110,0,110,0,0,0,0,0,30,30,38,38,42,42,14
"1260",59,"[76]GjfffHdwaCLkvCuyjkwandbCLCebqswafnfCJBdHdwendfCIKqwDlBeaCabAuafwendaqJCabreK",109,0.990909,76,110,1,109,1,1,0,1,1,41,40,31,31,38,38,14
"1261",60,"[76]GjfffHdwaCLkvCuyjkwandbCLCebqswafnfCJBdHdwendfCIKqwDlBeaCabAuafwendaqJCabreK",107,0.981818,76,110,2,108,2,2,0,2,2,37,35,36,36,37,37,14
"1262",61,"[76]GjfffHdwaCLkvCuyjkwandbCLCebqswafnfCJBdHdwendfCIKqwDlBeaCabAuafwendaqJCabreK",105,0.990566,76,106,1,105,1,1,0,1,1,36,35,38,38,32,32,14
"1263",62,"[76]GjfffHdwaCLkvCuyjkwandbCLCebqswafnfCJBdHdwendfCIKqwDlBeaCabAuafwendaqJCabreK",109,1,76,108,0,108,0,0,0,0,0,39,39,32,32,37,37,14
"1264",63,"[76]GjfffHdwaCLkvCuyjkwandbCLCebqswafnfCJBdHdwendfCIKqwDlBeaCabAuafwendaqJCabreK",104,1,76,103,0,103,0,0,0,0,0,42,42,35,35,26,26,14
"1265",64,"[76]GjfffHdwaCLkvCuyjkwandbCLCebqswafnfCJBdHdwendfCIKqwDlBeaCabAuafwendaqJCabreK",109,1,76,108,0,108,0,0,0,0,0,32,32,39,39,37,37,14
"1266",65,"[76]GjfffHdwaCLkvCuyjkwandbCLCebqswafnfCJBdHdwendfCIKqwDlBeaCabAuafwendaqJCabreK",103,0.990385,76,104,1,103,1,1,0,1,1,40,39,37,37,27,27,14
"1267",66,"[76]GjfffHdwaCLkvCuyjkwandbCLCebqswafnfCJBdHdwendfCIKqwDlBeaCabAuafwendaqJCabreK",106,0.990654,76,107,1,106,1,1,0,1,1,37,36,36,36,34,34,14
"1268",67,"[76]GjfffHdwaCLkvCuyjkwandbCLCebqswafnfCJBdHdwendfCIKqwDlBeaCabAuafwendaqJCabreK",103,1,76,102,0,102,0,0,0,0,0,42,42,36,36,24,24,14
"1269",68,"[76]GjfffHdwaCLkvCuyjkwandbCLCebqswafnfCJBdHdwendfCIKqwDlBeaCabAuafwendaqJCabreK",111,1,76,110,0,110,0,0,0,0,0,36,36,32,32,42,42,14
"1270",69,"[76]GjfffHdwaCLkvCuyjkwandbCLCebqswafnfCJBdHdwendfCIKqwDlBeaCabAuafwendaqJCabreK",109,1,76,108,0,108,0,0,0,0,0,44,44,28,28,36,36,14
"1271",70,"[76]GjfffHdwaCLkvCuyjkwandbCLCebqswafnfCJBdHdwendfCIKqwDlBeaCabAuafwendaqJCabreK",106,0.972973,76,111,3,108,3,3,0,3,3,40,37,33,33,38,38,14
"1272",71,"[76]GjfffHdwaCLkvCuyjkwandbCLCebqswafnfCJBdHdwendfCIKqwDlBeaCabAuafwendaqJCabreK",108,1,76,107,0,107,0,0,0,0,0,31,31,40,40,36,36,14
"1273",72,"[76]GjfffHdwaCLkvCuyjkwandbCLCebqswafnfCJBdHdwendfCIKqwDlBeaCabAuafwendaqJCabreK",112,0.99115,76,113,1,112,1,1,0,1,1,35,34,31,31,47,47,14
"1274",73,"[76]GjfffHdwaCLkvCuyjkwandbCLCebqswafnfCJBdHdwendfCIKqwDlBeaCabAuafwendaqJCabreK",110,0.990991,76,111,1,110,1,1,0,1,1,33,32,36,36,42,42,14
"1275",74,"[76]GjfffHdwaCLkvCuyjkwandbCLCebqswafnfCJBdHdwendfCIKqwDlBeaCabAuafwendaqJCabreK",105,0.972727,76,110,3,107,3,3,0,3,3,40,37,35,35,35,35,14
"1276",75,"[76]GjfffHdwaCLkvCuyjkwandbCLCebqswafnfCJBdHdwendfCIKqwDlBeaCabAuafwendaqJCabreK",109,0.990909,76,110,1,109,1,1,0,1,1,30,29,39,39,41,41,14
"1277",76,"[76]GjfffHdwaCLkvCuyjkwandbCLCebqswafnfCJBdHdwendfCIKqwDlBeaCabAuafwendaqJCabreK",108,1,76,107,0,107,0,0,0,0,0,25,25,45,45,37,37,14
"1278",77,"[76]GjfffHdwaCLkvCuyjkwandbCLCebqswafnfCJBdHdwendfCIKqwDlBeaCabAuafwendaqJCabreK",101,0.980769,76,104,2,102,2,2,0,2,2,35,33,44,44,25,25,14
"1279",78,"[76]GjfffHdwaCLkvCuyjkwandbCLCebqswafnfCJBdHdwendfCIKqwDlBeaCabAuafwendaqJCabreK",112,1,76,111,0,111,0,0,0,0,0,35,35,32,32,44,44,14
"1280",79,"[76]GjfffHdwaCLkvCuyjkwandbCLCebqswafnfCJBdHdwendfCIKqwDlBeaCabAuafwendaqJCabreK",108,0.990826,76,109,1,108,1,1,0,1,1,33,32,39,39,37,37,14
"1281",80,"[76]GjfffHdwaCLkvCuyjkwandbCLCebqswafnfCJBdHdwendfCIKqwDlBeaCabAuafwendaqJCabreK",93,0.925926,76,108,8,100,8,8,0,8,8,37,29,46,46,25,25,14
"1282",81,"[76]GjfffHdwaCLkvCuyjkwandbCLCebqswafnfCJBdHdwendfCIKqwDlBeaCabAuafwendaqJCabreK",109,0.990909,76,110,1,109,1,1,0,1,1,41,40,31,31,38,38,14
"1283",82,"[76]GjfffHdwaCLkvCuyjkwandbCLCebqswafnfCJBdHdwendfCIKqwDlBeaCabAuafwendaqJCabreK",107,0.981818,76,110,2,108,2,2,0,2,2,41,39,31,31,38,38,14
"1284",83,"[76]GjfffHdwaCLkvCuyjkwandbCLCebqswafnfCJBdHdwendfCIKqwDlBeaCabAuafwendaqJCabreK",108,0.990826,76,109,1,108,1,1,0,1,1,35,34,37,37,37,37,14
"1285",84,"[76]GjfffHdwaCLkvCuyjkwandbCLCebqswafnfCJBdHdwendfCIKqwDlBeaCabAuafwendaqJCabreK",108,1,76,107,0,107,0,0,0,0,0,35,35,38,38,34,34,14
"1286",85,"[76]GjfffHdwaCLkvCuyjkwandbCLCebqswafnfCJBdHdwendfCIKqwDlBeaCabAuafwendaqJCabreK",106,0.990654,76,107,1,106,1,1,0,1,1,40,39,34,34,33,33,14
"1287",86,"[76]GjfffHdwaCLkvCuyjkwandbCLCebqswafnfCJBdHdwendfCIKqwDlBeaCabAuafwendaqJCabreK",111,1,76,110,0,110,0,0,0,0,0,31,31,37,37,42,42,14
"1288",87,"[76]GjfffHdwaCLkvCuyjkwandbCLCebqswafnfCJBdHdwendfCIKqwDlBeaCabAuafwendaqJCabreK",110,1,76,109,0,109,0,0,0,0,0,35,35,35,35,39,39,14
"1289",88,"[76]GjfffHdwaCLkvCuyjkwandbCLCebqswafnfCJBdHdwendfCIKqwDlBeaCabAuafwendaqJCabreK",103,0.981132,76,106,2,104,2,2,0,2,2,40,38,37,37,29,29,14
"1290",89,"[76]GjfffHdwaCLkvCuyjkwandbCLCebqswafnfCJBdHdwendfCIKqwDlBeaCabAuafwendaqJCabreK",110,0.990991,76,111,1,110,1,1,0,1,1,33,32,35,35,43,43,14
"1291",90,"[76]GjfffHdwaCLkvCuyjkwandbCLCebqswafnfCJBdHdwendfCIKqwDlBeaCabAuafwendaqJCabreK",107,1,76,106,0,106,0,0,0,0,0,26,26,46,46,34,34,14
"1292",91,"[76]GjfffHdwaCLkvCuyjkwandbCLCebqswafnfCJBdHdwendfCIKqwDlBeaCabAuafwendaqJCabreK",105,0.990566,76,106,1,105,1,1,0,1,1,42,41,33,33,31,31,14
"1293",92,"[76]GjfffHdwaCLkvCuyjkwandbCLCebqswafnfCJBdHdwendfCIKqwDlBeaCabAuafwendaqJCabreK",102,0.946903,76,113,6,107,6,6,0,6,6,41,35,34,34,38,38,14
"1294",93,"[76]GjfffHdwaCLkvCuyjkwandbCLCebqswafnfCJBdHdwendfCIKqwDlBeaCabAuafwendaqJCabreK",109,0.990909,76,110,1,109,1,1,0,1,1,31,30,39,39,40,40,14
"1295",94,"[76]GjfffHdwaCLkvCuyjkwandbCLCebqswafnfCJBdHdwendfCIKqwDlBeaCabAuafwendaqJCabreK",104,0.981308,76,107,2,105,2,2,0,2,2,30,28,45,45,32,32,14
"1296",95,"[76]GjfffHdwaCLkvCuyjkwandbCLCebqswafnfCJBdHdwendfCIKqwDlBeaCabAuafwendaqJCabreK",111,1,76,110,0,110,0,0,0,0,0,37,37,33,33,40,40,14
"1297",96,"[76]GjfffHdwaCLkvCuyjkwandbCLCebqswafnfCJBdHdwendfCIKqwDlBeaCabAuafwendaqJCabreK",106,1,76,105,0,105,0,0,0,0,0,39,39,35,35,31,31,14
"1298",97,"[76]GjfffHdwaCLkvCuyjkwandbCLCebqswafnfCJBdHdwendfCIKqwDlBeaCabAuafwendaqJCabreK",109,0.982143,76,112,2,110,2,2,0,2,2,40,38,31,31,41,41,14
"1299",98,"[76]GjfffHdwaCLkvCuyjkwandbCLCebqswafnfCJBdHdwendfCIKqwDlBeaCabAuafwendaqJCabreK",108,0.973451,76,113,3,110,3,3,0,3,3,30,27,40,40,43,43,14
"1300",99,"[76]GjfffHdwaCLkvCuyjkwandbCLCebqswafnfCJBdHdwendfCIKqwDlBeaCabAuafwendaqJCabreK",108,1,76,107,0,107,0,0,0,0,0,42,42,31,31,34,34,14
"1301",0,"[83]GsHdwaCosFbjKybwandbCLCebdAmczvafofCJBdHdwendaCIKqhbpxrfckBeaFoCrfsafwendaCJCabyneK",103,0.981132,83,106,2,104,2,2,0,2,2,29,27,46,46,31,31,16
"1302",1,"[83]GsHdwaCosFbjKybwandbCLCebdAmczvafofCJBdHdwendaCIKqhbpxrfckBeaFoCrfsafwendaCJCabyneK",104,0.963964,83,111,4,107,4,4,0,4,4,30,26,44,44,37,37,16
"1303",2,"[83]GsHdwaCosFbjKybwandbCLCebdAmczvafofCJBdHdwendaCIKqhbpxrfckBeaFoCrfsafwendaCJCabyneK",108,1,83,107,0,107,0,0,0,0,0,39,39,34,34,34,34,16
"1304",3,"[83]GsHdwaCosFbjKybwandbCLCebdAmczvafofCJBdHdwendaCIKqhbpxrfckBeaFoCrfsafwendaCJCabyneK",109,0.973684,83,114,3,111,3,3,0,3,3,38,35,31,31,45,45,16
"1305",4,"[83]GsHdwaCosFbjKybwandbCLCebdAmczvafofCJBdHdwendaCIKqhbpxrfckBeaFoCrfsafwendaCJCabyneK",103,0.981132,83,106,2,104,2,2,0,2,2,35,33,42,42,29,29,16
"1306",5,"[83]GsHdwaCosFbjKybwandbCLCebdAmczvafofCJBdHdwendaCIKqhbpxrfckBeaFoCrfsafwendaCJCabyneK",108,0.990826,83,109,1,108,1,1,0,1,1,39,38,32,32,38,38,16
"1307",6,"[83]GsHdwaCosFbjKybwandbCLCebdAmczvafofCJBdHdwendaCIKqhbpxrfckBeaFoCrfsafwendaCJCabyneK",105,1,83,104,0,104,0,0,0,0,0,36,36,40,40,28,28,16
"1308",7,"[83]GsHdwaCosFbjKybwandbCLCebdAmczvafofCJBdHdwendaCIKqhbpxrfckBeaFoCrfsafwendaCJCabyneK",102,0.980952,83,105,2,103,2,2,0,2,2,38,36,40,40,27,27,16
"1309",8,"[83]GsHdwaCosFbjKybwandbCLCebdAmczvafofCJBdHdwendaCIKqhbpxrfckBeaFoCrfsafwendaCJCabyneK",111,1,83,110,0,110,0,0,0,0,0,32,32,36,36,42,42,16
"1310",9,"[83]GsHdwaCosFbjKybwandbCLCebdAmczvafofCJBdHdwendaCIKqhbpxrfckBeaFoCrfsafwendaCJCabyneK",107,0.990741,83,108,1,107,1,1,0,1,1,33,32,39,39,36,36,16
"1311",10,"[83]GsHdwaCosFbjKybwandbCLCebdAmczvafofCJBdHdwendaCIKqhbpxrfckBeaFoCrfsafwendaCJCabyneK",110,1,83,109,0,109,0,0,0,0,0,37,37,33,33,39,39,16
"1312",11,"[83]GsHdwaCosFbjKybwandbCLCebdAmczvafofCJBdHdwendaCIKqhbpxrfckBeaFoCrfsafwendaCJCabyneK",106,0.990654,83,107,1,106,1,1,0,1,1,38,37,36,36,33,33,16
"1313",12,"[83]GsHdwaCosFbjKybwandbCLCebdAmczvafofCJBdHdwendaCIKqhbpxrfckBeaFoCrfsafwendaCJCabyneK",102,0.963303,83,109,4,105,4,4,0,4,4,36,32,40,40,33,33,16
"1314",13,"[83]GsHdwaCosFbjKybwandbCLCebdAmczvafofCJBdHdwendaCIKqhbpxrfckBeaFoCrfsafwendaCJCabyneK",114,1,83,113,0,113,0,0,0,0,0,35,35,30,30,48,48,16
"1315",14,"[83]GsHdwaCosFbjKybwandbCLCebdAmczvafofCJBdHdwendaCIKqhbpxrfckBeaFoCrfsafwendaCJCabyneK",111,1,83,110,0,110,0,0,0,0,0,34,34,34,34,42,42,16
"1316",15,"[83]GsHdwaCosFbjKybwandbCLCebdAmczvafofCJBdHdwendaCIKqhbpxrfckBeaFoCrfsafwendaCJCabyneK",107,0.990741,83,108,1,107,1,1,0,1,1,39,38,34,34,35,35,16
"1317",16,"[83]GsHdwaCosFbjKybwandbCLCebdAmczvafofCJBdHdwendaCIKqhbpxrfckBeaFoCrfsafwendaCJCabyneK",103,0.947368,83,114,6,108,6,6,0,6,6,32,26,40,40,42,42,16
"1318",17,"[83]GsHdwaCosFbjKybwandbCLCebdAmczvafofCJBdHdwendaCIKqhbpxrfckBeaFoCrfsafwendaCJCabyneK",110,1,83,109,0,109,0,0,0,0,0,36,36,35,35,38,38,16
"1319",18,"[83]GsHdwaCosFbjKybwandbCLCebdAmczvafofCJBdHdwendaCIKqhbpxrfckBeaFoCrfsafwendaCJCabyneK",110,0.982301,83,113,2,111,2,2,0,2,2,36,34,32,32,45,45,16
"1320",19,"[83]GsHdwaCosFbjKybwandbCLCebdAmczvafofCJBdHdwendaCIKqhbpxrfckBeaFoCrfsafwendaCJCabyneK",110,1,83,109,0,109,0,0,0,0,0,38,38,32,32,39,39,16
"1321",20,"[83]GsHdwaCosFbjKybwandbCLCebdAmczvafofCJBdHdwendaCIKqhbpxrfckBeaFoCrfsafwendaCJCabyneK",107,0.981818,83,110,2,108,2,2,0,2,2,32,30,40,40,38,38,16
"1322",21,"[83]GsHdwaCosFbjKybwandbCLCebdAmczvafofCJBdHdwendaCIKqhbpxrfckBeaFoCrfsafwendaCJCabyneK",112,1,83,111,0,111,0,0,0,0,0,44,44,24,24,43,43,16
"1323",22,"[83]GsHdwaCosFbjKybwandbCLCebdAmczvafofCJBdHdwendaCIKqhbpxrfckBeaFoCrfsafwendaCJCabyneK",109,1,83,108,0,108,0,0,0,0,0,37,37,34,34,37,37,16
"1324",23,"[83]GsHdwaCosFbjKybwandbCLCebdAmczvafofCJBdHdwendaCIKqhbpxrfckBeaFoCrfsafwendaCJCabyneK",109,0.990909,83,110,1,109,1,1,0,1,1,36,35,34,34,40,40,16
"1325",24,"[83]GsHdwaCosFbjKybwandbCLCebdAmczvafofCJBdHdwendaCIKqhbpxrfckBeaFoCrfsafwendaCJCabyneK",108,1,83,107,0,107,0,0,0,0,0,39,39,33,33,35,35,16
"1326",25,"[83]GsHdwaCosFbjKybwandbCLCebdAmczvafofCJBdHdwendaCIKqhbpxrfckBeaFoCrfsafwendaCJCabyneK",113,1,83,112,0,112,0,0,0,0,0,40,40,27,27,45,45,16
"1327",26,"[83]GsHdwaCosFbjKybwandbCLCebdAmczvafofCJBdHdwendaCIKqhbpxrfckBeaFoCrfsafwendaCJCabyneK",111,1,83,110,0,110,0,0,0,0,0,40,40,29,29,41,41,16
"1328",27,"[83]GsHdwaCosFbjKybwandbCLCebdAmczvafofCJBdHdwendaCIKqhbpxrfckBeaFoCrfsafwendaCJCabyneK",106,1,83,105,0,105,0,0,0,0,0,38,38,36,36,31,31,16
"1329",28,"[83]GsHdwaCosFbjKybwandbCLCebdAmczvafofCJBdHdwendaCIKqhbpxrfckBeaFoCrfsafwendaCJCabyneK",106,0.990654,83,107,1,106,1,1,0,1,1,35,34,38,38,34,34,16
"1330",29,"[83]GsHdwaCosFbjKybwandbCLCebdAmczvafofCJBdHdwendaCIKqhbpxrfckBeaFoCrfsafwendaCJCabyneK",108,0.981982,83,111,2,109,2,2,0,2,2,36,34,34,34,41,41,16
"1331",30,"[83]GsHdwaCosFbjKybwandbCLCebdAmczvafofCJBdHdwendaCIKqhbpxrfckBeaFoCrfsafwendaCJCabyneK",108,1,83,107,0,107,0,0,0,0,0,30,30,42,42,35,35,16
"1332",31,"[83]GsHdwaCosFbjKybwandbCLCebdAmczvafofCJBdHdwendaCIKqhbpxrfckBeaFoCrfsafwendaCJCabyneK",106,0.990654,83,107,1,106,1,1,0,1,1,38,37,36,36,33,33,16
"1333",32,"[83]GsHdwaCosFbjKybwandbCLCebdAmczvafofCJBdHdwendaCIKqhbpxrfckBeaFoCrfsafwendaCJCabyneK",106,0.981651,83,109,2,107,2,2,0,2,2,33,31,39,39,37,37,16
"1334",33,"[83]GsHdwaCosFbjKybwandbCLCebdAmczvafofCJBdHdwendaCIKqhbpxrfckBeaFoCrfsafwendaCJCabyneK",102,0.971963,83,107,3,104,3,3,0,3,3,35,32,42,42,30,30,16
"1335",34,"[83]GsHdwaCosFbjKybwandbCLCebdAmczvafofCJBdHdwendaCIKqhbpxrfckBeaFoCrfsafwendaCJCabyneK",99,0.953704,83,108,5,103,5,5,0,5,5,41,36,39,39,28,28,16
"1336",35,"[83]GsHdwaCosFbjKybwandbCLCebdAmczvafofCJBdHdwendaCIKqhbpxrfckBeaFoCrfsafwendaCJCabyneK",110,1,83,109,0,109,0,0,0,0,0,29,29,41,41,39,39,16
"1337",36,"[83]GsHdwaCosFbjKybwandbCLCebdAmczvafofCJBdHdwendaCIKqhbpxrfckBeaFoCrfsafwendaCJCabyneK",106,1,83,105,0,105,0,0,0,0,0,42,42,33,33,30,30,16
"1338",37,"[83]GsHdwaCosFbjKybwandbCLCebdAmczvafofCJBdHdwendaCIKqhbpxrfckBeaFoCrfsafwendaCJCabyneK",106,1,83,105,0,105,0,0,0,0,0,33,33,41,41,31,31,16
"1339",38,"[83]GsHdwaCosFbjKybwandbCLCebdAmczvafofCJBdHdwendaCIKqhbpxrfckBeaFoCrfsafwendaCJCabyneK",108,0.990826,83,109,1,108,1,1,0,1,1,38,37,33,33,38,38,16
"1340",39,"[83]GsHdwaCosFbjKybwandbCLCebdAmczvafofCJBdHdwendaCIKqhbpxrfckBeaFoCrfsafwendaCJCabyneK",108,1,83,107,0,107,0,0,0,0,0,33,33,38,38,36,36,16
"1341",40,"[83]GsHdwaCosFbjKybwandbCLCebdAmczvafofCJBdHdwendaCIKqhbpxrfckBeaFoCrfsafwendaCJCabyneK",105,0.972727,83,110,3,107,3,3,0,3,3,31,28,41,41,38,38,16
"1342",41,"[83]GsHdwaCosFbjKybwandbCLCebdAmczvafofCJBdHdwendaCIKqhbpxrfckBeaFoCrfsafwendaCJCabyneK",99,0.953704,83,108,5,103,5,5,0,5,5,38,33,40,40,30,30,16
"1343",42,"[83]GsHdwaCosFbjKybwandbCLCebdAmczvafofCJBdHdwendaCIKqhbpxrfckBeaFoCrfsafwendaCJCabyneK",109,1,83,108,0,108,0,0,0,0,0,40,40,31,31,37,37,16
"1344",43,"[83]GsHdwaCosFbjKybwandbCLCebdAmczvafofCJBdHdwendaCIKqhbpxrfckBeaFoCrfsafwendaCJCabyneK",109,1,83,108,0,108,0,0,0,0,0,41,41,30,30,37,37,16
"1345",44,"[83]GsHdwaCosFbjKybwandbCLCebdAmczvafofCJBdHdwendaCIKqhbpxrfckBeaFoCrfsafwendaCJCabyneK",107,1,83,106,0,106,0,0,0,0,0,33,33,41,41,32,32,16
"1346",45,"[83]GsHdwaCosFbjKybwandbCLCebdAmczvafofCJBdHdwendaCIKqhbpxrfckBeaFoCrfsafwendaCJCabyneK",103,0.963636,83,110,4,106,4,4,0,4,4,36,32,39,39,35,35,16
"1347",46,"[83]GsHdwaCosFbjKybwandbCLCebdAmczvafofCJBdHdwendaCIKqhbpxrfckBeaFoCrfsafwendaCJCabyneK",107,1,83,106,0,106,0,0,0,0,0,37,37,36,36,33,33,16
"1348",47,"[83]GsHdwaCosFbjKybwandbCLCebdAmczvafofCJBdHdwendaCIKqhbpxrfckBeaFoCrfsafwendaCJCabyneK",114,1,83,113,0,113,0,0,0,0,0,32,32,34,34,47,47,16
"1349",48,"[83]GsHdwaCosFbjKybwandbCLCebdAmczvafofCJBdHdwendaCIKqhbpxrfckBeaFoCrfsafwendaCJCabyneK",108,1,83,107,0,107,0,0,0,0,0,30,30,41,41,36,36,16
"1350",49,"[83]GsHdwaCosFbjKybwandbCLCebdAmczvafofCJBdHdwendaCIKqhbpxrfckBeaFoCrfsafwendaCJCabyneK",111,0.991071,83,112,1,111,1,1,0,1,1,34,33,33,33,45,45,16
"1351",50,"[83]GsHdwaCosFbjKybwandbCLCebdAmczvafofCJBdHdwendaCIKqhbpxrfckBeaFoCrfsafwendaCJCabyneK",107,0.990741,83,108,1,107,1,1,0,1,1,40,39,34,34,34,34,16
"1352",51,"[83]GsHdwaCosFbjKybwandbCLCebdAmczvafofCJBdHdwendaCIKqhbpxrfckBeaFoCrfsafwendaCJCabyneK",110,0.990991,83,111,1,110,1,1,0,1,1,34,33,36,36,41,41,16
"1353",52,"[83]GsHdwaCosFbjKybwandbCLCebdAmczvafofCJBdHdwendaCIKqhbpxrfckBeaFoCrfsafwendaCJCabyneK",111,1,83,110,0,110,0,0,0,0,0,36,36,33,33,41,41,16
"1354",53,"[83]GsHdwaCosFbjKybwandbCLCebdAmczvafofCJBdHdwendaCIKqhbpxrfckBeaFoCrfsafwendaCJCabyneK",112,1,83,111,0,111,0,0,0,0,0,40,40,28,28,43,43,16
"1355",54,"[83]GsHdwaCosFbjKybwandbCLCebdAmczvafofCJBdHdwendaCIKqhbpxrfckBeaFoCrfsafwendaCJCabyneK",108,1,83,107,0,107,0,0,0,0,0,42,42,31,31,34,34,16
"1356",55,"[83]GsHdwaCosFbjKybwandbCLCebdAmczvafofCJBdHdwendaCIKqhbpxrfckBeaFoCrfsafwendaCJCabyneK",111,1,83,110,0,110,0,0,0,0,0,38,38,32,32,40,40,16
"1357",56,"[83]GsHdwaCosFbjKybwandbCLCebdAmczvafofCJBdHdwendaCIKqhbpxrfckBeaFoCrfsafwendaCJCabyneK",110,1,83,109,0,109,0,0,0,0,0,34,34,35,35,40,40,16
"1358",57,"[83]GsHdwaCosFbjKybwandbCLCebdAmczvafofCJBdHdwendaCIKqhbpxrfckBeaFoCrfsafwendaCJCabyneK",105,0.972727,83,110,3,107,3,3,0,3,3,44,41,31,31,35,35,16
"1359",58,"[83]GsHdwaCosFbjKybwandbCLCebdAmczvafofCJBdHdwendaCIKqhbpxrfckBeaFoCrfsafwendaCJCabyneK",108,0.981982,83,111,2,109,2,2,0,2,2,38,36,33,33,40,40,16
"1360",59,"[83]GsHdwaCosFbjKybwandbCLCebdAmczvafofCJBdHdwendaCIKqhbpxrfckBeaFoCrfsafwendaCJCabyneK",111,1,83,110,0,110,0,0,0,0,0,35,35,33,33,42,42,16
"1361",60,"[83]GsHdwaCosFbjKybwandbCLCebdAmczvafofCJBdHdwendaCIKqhbpxrfckBeaFoCrfsafwendaCJCabyneK",112,1,83,111,0,111,0,0,0,0,0,32,32,36,36,43,43,16
"1362",61,"[83]GsHdwaCosFbjKybwandbCLCebdAmczvafofCJBdHdwendaCIKqhbpxrfckBeaFoCrfsafwendaCJCabyneK",111,1,83,110,0,110,0,0,0,0,0,28,28,40,40,42,42,16
"1363",62,"[83]GsHdwaCosFbjKybwandbCLCebdAmczvafofCJBdHdwendaCIKqhbpxrfckBeaFoCrfsafwendaCJCabyneK",113,1,83,112,0,112,0,0,0,0,0,38,38,29,29,45,45,16
"1364",63,"[83]GsHdwaCosFbjKybwandbCLCebdAmczvafofCJBdHdwendaCIKqhbpxrfckBeaFoCrfsafwendaCJCabyneK",107,1,83,106,0,106,0,0,0,0,0,42,42,32,32,32,32,16
"1365",64,"[83]GsHdwaCosFbjKybwandbCLCebdAmczvafofCJBdHdwendaCIKqhbpxrfckBeaFoCrfsafwendaCJCabyneK",101,0.971698,83,106,3,103,3,3,0,3,3,33,30,44,44,29,29,16
"1366",65,"[83]GsHdwaCosFbjKybwandbCLCebdAmczvafofCJBdHdwendaCIKqhbpxrfckBeaFoCrfsafwendaCJCabyneK",106,1,83,105,0,105,0,0,0,0,0,36,36,38,38,31,31,16
"1367",66,"[83]GsHdwaCosFbjKybwandbCLCebdAmczvafofCJBdHdwendaCIKqhbpxrfckBeaFoCrfsafwendaCJCabyneK",108,0.981982,83,111,2,109,2,2,0,2,2,35,33,36,36,40,40,16
"1368",67,"[83]GsHdwaCosFbjKybwandbCLCebdAmczvafofCJBdHdwendaCIKqhbpxrfckBeaFoCrfsafwendaCJCabyneK",114,0.982906,83,117,2,115,2,2,0,2,2,39,37,25,25,53,53,16
"1369",68,"[83]GsHdwaCosFbjKybwandbCLCebdAmczvafofCJBdHdwendaCIKqhbpxrfckBeaFoCrfsafwendaCJCabyneK",107,1,83,106,0,106,0,0,0,0,0,34,34,40,40,32,32,16
"1370",69,"[83]GsHdwaCosFbjKybwandbCLCebdAmczvafofCJBdHdwendaCIKqhbpxrfckBeaFoCrfsafwendaCJCabyneK",107,0.981818,83,110,2,108,2,2,0,2,2,33,31,39,39,38,38,16
"1371",70,"[83]GsHdwaCosFbjKybwandbCLCebdAmczvafofCJBdHdwendaCIKqhbpxrfckBeaFoCrfsafwendaCJCabyneK",108,1,83,107,0,107,0,0,0,0,0,38,38,34,34,35,35,16
"1372",71,"[83]GsHdwaCosFbjKybwandbCLCebdAmczvafofCJBdHdwendaCIKqhbpxrfckBeaFoCrfsafwendaCJCabyneK",109,0.990909,83,110,1,109,1,1,0,1,1,32,31,38,38,40,40,16
"1373",72,"[83]GsHdwaCosFbjKybwandbCLCebdAmczvafofCJBdHdwendaCIKqhbpxrfckBeaFoCrfsafwendaCJCabyneK",105,0.990566,83,106,1,105,1,1,0,1,1,40,39,36,36,30,30,16
"1374",73,"[83]GsHdwaCosFbjKybwandbCLCebdAmczvafofCJBdHdwendaCIKqhbpxrfckBeaFoCrfsafwendaCJCabyneK",109,1,83,108,0,108,0,0,0,0,0,42,42,30,30,36,36,16
"1375",74,"[83]GsHdwaCosFbjKybwandbCLCebdAmczvafofCJBdHdwendaCIKqhbpxrfckBeaFoCrfsafwendaCJCabyneK",108,0.981982,83,111,2,109,2,2,0,2,2,35,33,35,35,41,41,16
"1376",75,"[83]GsHdwaCosFbjKybwandbCLCebdAmczvafofCJBdHdwendaCIKqhbpxrfckBeaFoCrfsafwendaCJCabyneK",108,1,83,107,0,107,0,0,0,0,0,32,32,40,40,35,35,16
"1377",76,"[83]GsHdwaCosFbjKybwandbCLCebdAmczvafofCJBdHdwendaCIKqhbpxrfckBeaFoCrfsafwendaCJCabyneK",110,0.982301,83,113,2,111,2,2,0,2,2,41,39,29,29,43,43,16
"1378",77,"[83]GsHdwaCosFbjKybwandbCLCebdAmczvafofCJBdHdwendaCIKqhbpxrfckBeaFoCrfsafwendaCJCabyneK",107,1,83,106,0,106,0,0,0,0,0,35,35,38,38,33,33,16
"1379",78,"[83]GsHdwaCosFbjKybwandbCLCebdAmczvafofCJBdHdwendaCIKqhbpxrfckBeaFoCrfsafwendaCJCabyneK",112,0.99115,83,113,1,112,1,1,0,1,1,45,44,23,23,45,45,16
"1380",79,"[83]GsHdwaCosFbjKybwandbCLCebdAmczvafofCJBdHdwendaCIKqhbpxrfckBeaFoCrfsafwendaCJCabyneK",104,0.990476,83,105,1,104,1,1,0,1,1,41,40,36,36,28,28,16
"1381",80,"[83]GsHdwaCosFbjKybwandbCLCebdAmczvafofCJBdHdwendaCIKqhbpxrfckBeaFoCrfsafwendaCJCabyneK",108,0.990826,83,109,1,108,1,1,0,1,1,33,32,38,38,38,38,16
"1382",81,"[83]GsHdwaCosFbjKybwandbCLCebdAmczvafofCJBdHdwendaCIKqhbpxrfckBeaFoCrfsafwendaCJCabyneK",103,1,83,102,0,102,0,0,0,0,0,31,31,47,47,24,24,16
"1383",82,"[83]GsHdwaCosFbjKybwandbCLCebdAmczvafofCJBdHdwendaCIKqhbpxrfckBeaFoCrfsafwendaCJCabyneK",107,1,83,106,0,106,0,0,0,0,0,35,35,39,39,32,32,16
"1384",83,"[83]GsHdwaCosFbjKybwandbCLCebdAmczvafofCJBdHdwendaCIKqhbpxrfckBeaFoCrfsafwendaCJCabyneK",103,0.990385,83,104,1,103,1,1,0,1,1,44,43,34,34,26,26,16
"1385",84,"[83]GsHdwaCosFbjKybwandbCLCebdAmczvafofCJBdHdwendaCIKqhbpxrfckBeaFoCrfsafwendaCJCabyneK",101,1,83,100,0,100,0,0,0,0,0,34,34,46,46,20,20,16
"1386",85,"[83]GsHdwaCosFbjKybwandbCLCebdAmczvafofCJBdHdwendaCIKqhbpxrfckBeaFoCrfsafwendaCJCabyneK",112,1,83,111,0,111,0,0,0,0,0,36,36,32,32,43,43,16
"1387",86,"[83]GsHdwaCosFbjKybwandbCLCebdAmczvafofCJBdHdwendaCIKqhbpxrfckBeaFoCrfsafwendaCJCabyneK",110,1,83,109,0,109,0,0,0,0,0,38,38,33,33,38,38,16
"1388",87,"[83]GsHdwaCosFbjKybwandbCLCebdAmczvafofCJBdHdwendaCIKqhbpxrfckBeaFoCrfsafwendaCJCabyneK",111,1,83,110,0,110,0,0,0,0,0,37,37,32,32,41,41,16
"1389",88,"[83]GsHdwaCosFbjKybwandbCLCebdAmczvafofCJBdHdwendaCIKqhbpxrfckBeaFoCrfsafwendaCJCabyneK",103,0.990385,83,104,1,103,1,1,0,1,1,42,41,35,35,27,27,16
"1390",89,"[83]GsHdwaCosFbjKybwandbCLCebdAmczvafofCJBdHdwendaCIKqhbpxrfckBeaFoCrfsafwendaCJCabyneK",104,0.990476,83,105,1,104,1,1,0,1,1,36,35,41,41,28,28,16
"1391",90,"[83]GsHdwaCosFbjKybwandbCLCebdAmczvafofCJBdHdwendaCIKqhbpxrfckBeaFoCrfsafwendaCJCabyneK",107,0.990741,83,108,1,107,1,1,0,1,1,36,35,37,37,35,35,16
"1392",91,"[83]GsHdwaCosFbjKybwandbCLCebdAmczvafofCJBdHdwendaCIKqhbpxrfckBeaFoCrfsafwendaCJCabyneK",103,0.990385,83,104,1,103,1,1,0,1,1,35,34,43,43,26,26,16
"1393",92,"[83]GsHdwaCosFbjKybwandbCLCebdAmczvafofCJBdHdwendaCIKqhbpxrfckBeaFoCrfsafwendaCJCabyneK",110,0.973913,83,115,3,112,3,3,0,3,3,34,31,34,34,47,47,16
"1394",93,"[83]GsHdwaCosFbjKybwandbCLCebdAmczvafofCJBdHdwendaCIKqhbpxrfckBeaFoCrfsafwendaCJCabyneK",108,1,83,107,0,107,0,0,0,0,0,37,37,35,35,35,35,16
"1395",94,"[83]GsHdwaCosFbjKybwandbCLCebdAmczvafofCJBdHdwendaCIKqhbpxrfckBeaFoCrfsafwendaCJCabyneK",107,0.973214,83,112,3,109,3,3,0,3,3,35,32,37,37,40,40,16
"1396",95,"[83]GsHdwaCosFbjKybwandbCLCebdAmczvafofCJBdHdwendaCIKqhbpxrfckBeaFoCrfsafwendaCJCabyneK",106,0.990654,83,107,1,106,1,1,0,1,1,42,41,33,33,32,32,16
"1397",96,"[83]GsHdwaCosFbjKybwandbCLCebdAmczvafofCJBdHdwendaCIKqhbpxrfckBeaFoCrfsafwendaCJCabyneK",104,0.963964,83,111,4,107,4,4,0,4,4,42,38,33,33,36,36,16
"1398",97,"[83]GsHdwaCosFbjKybwandbCLCebdAmczvafofCJBdHdwendaCIKqhbpxrfckBeaFoCrfsafwendaCJCabyneK",105,1,83,104,0,104,0,0,0,0,0,40,40,37,37,27,27,16
"1399",98,"[83]GsHdwaCosFbjKybwandbCLCebdAmczvafofCJBdHdwendaCIKqhbpxrfckBeaFoCrfsafwendaCJCabyneK",107,0.981818,83,110,2,108,2,2,0,2,2,36,34,37,37,37,37,16
"1400",99,"[83]GsHdwaCosFbjKybwandbCLCebdAmczvafofCJBdHdwendaCIKqhbpxrfckBeaFoCrfsafwendaCJCabyneK",109,0.982143,83,112,2,110,2,2,0,2,2,37,35,32,32,43,43,16
"1401",0,"[83]GjfffHdwaCFtiqDBicDqjywafndbCLCabwafnfCJFBdHdHandfCIaKqKKuvyCGGdmmvafwendqJCacsrLeK",108,1,83,107,0,107,0,0,0,0,0,35,35,38,38,34,34,17
"1402",1,"[83]GjfffHdwaCFtiqDBicDqjywafndbCLCabwafnfCJFBdHdHandfCIaKqKKuvyCGGdmmvafwendqJCacsrLeK",103,0.981132,83,106,2,104,2,2,0,2,2,44,42,33,33,29,29,17
"1403",2,"[83]GjfffHdwaCFtiqDBicDqjywafndbCLCabwafnfCJFBdHdHandfCIaKqKKuvyCGGdmmvafwendqJCacsrLeK",105,0.972727,83,110,3,107,3,3,0,3,3,43,40,32,32,35,35,17
"1404",3,"[83]GjfffHdwaCFtiqDBicDqjywafndbCLCabwafnfCJFBdHdHandfCIaKqKKuvyCGGdmmvafwendqJCacsrLeK",106,1,83,105,0,105,0,0,0,0,0,32,32,43,43,30,30,17
"1405",4,"[83]GjfffHdwaCFtiqDBicDqjywafndbCLCabwafnfCJFBdHdHandfCIaKqKKuvyCGGdmmvafwendqJCacsrLeK",107,0.990741,83,108,1,107,1,1,0,1,1,40,39,33,33,35,35,17
"1406",5,"[83]GjfffHdwaCFtiqDBicDqjywafndbCLCabwafnfCJFBdHdHandfCIaKqKKuvyCGGdmmvafwendqJCacsrLeK",111,1,83,110,0,110,0,0,0,0,0,37,37,33,33,40,40,17
"1407",6,"[83]GjfffHdwaCFtiqDBicDqjywafndbCLCabwafnfCJFBdHdHandfCIaKqKKuvyCGGdmmvafwendqJCacsrLeK",107,1,83,106,0,106,0,0,0,0,0,37,37,36,36,33,33,17
"1408",7,"[83]GjfffHdwaCFtiqDBicDqjywafndbCLCabwafnfCJFBdHdHandfCIaKqKKuvyCGGdmmvafwendqJCacsrLeK",106,1,83,105,0,105,0,0,0,0,0,42,42,34,34,29,29,17
"1409",8,"[83]GjfffHdwaCFtiqDBicDqjywafndbCLCabwafnfCJFBdHdHandfCIaKqKKuvyCGGdmmvafwendqJCacsrLeK",106,1,83,105,0,105,0,0,0,0,0,40,40,35,35,30,30,17
"1410",9,"[83]GjfffHdwaCFtiqDBicDqjywafndbCLCabwafnfCJFBdHdHandfCIaKqKKuvyCGGdmmvafwendqJCacsrLeK",105,1,83,104,0,104,0,0,0,0,0,39,39,37,37,28,28,17
"1411",10,"[83]GjfffHdwaCFtiqDBicDqjywafndbCLCabwafnfCJFBdHdHandfCIaKqKKuvyCGGdmmvafwendqJCacsrLeK",106,0.981651,83,109,2,107,2,2,0,2,2,33,31,41,41,35,35,17
"1412",11,"[83]GjfffHdwaCFtiqDBicDqjywafndbCLCabwafnfCJFBdHdHandfCIaKqKKuvyCGGdmmvafwendqJCacsrLeK",108,1,83,107,0,107,0,0,0,0,0,37,37,35,35,35,35,17
"1413",12,"[83]GjfffHdwaCFtiqDBicDqjywafndbCLCabwafnfCJFBdHdHandfCIaKqKKuvyCGGdmmvafwendqJCacsrLeK",110,0.990991,83,111,1,110,1,1,0,1,1,31,30,37,37,43,43,17
"1414",13,"[83]GjfffHdwaCFtiqDBicDqjywafndbCLCabwafnfCJFBdHdHandfCIaKqKKuvyCGGdmmvafwendqJCacsrLeK",111,1,83,110,0,110,0,0,0,0,0,37,37,32,32,41,41,17
"1415",14,"[83]GjfffHdwaCFtiqDBicDqjywafndbCLCabwafnfCJFBdHdHandfCIaKqKKuvyCGGdmmvafwendqJCacsrLeK",111,1,83,110,0,110,0,0,0,0,0,26,26,42,42,42,42,17
"1416",15,"[83]GjfffHdwaCFtiqDBicDqjywafndbCLCabwafnfCJFBdHdHandfCIaKqKKuvyCGGdmmvafwendqJCacsrLeK",108,1,83,107,0,107,0,0,0,0,0,33,33,39,39,35,35,17
"1417",16,"[83]GjfffHdwaCFtiqDBicDqjywafndbCLCabwafnfCJFBdHdHandfCIaKqKKuvyCGGdmmvafwendqJCacsrLeK",106,1,83,105,0,105,0,0,0,0,0,32,32,42,42,31,31,17
"1418",17,"[83]GjfffHdwaCFtiqDBicDqjywafndbCLCabwafnfCJFBdHdHandfCIaKqKKuvyCGGdmmvafwendqJCacsrLeK",109,1,83,108,0,108,0,0,0,0,0,37,37,35,35,36,36,17
"1419",18,"[83]GjfffHdwaCFtiqDBicDqjywafndbCLCabwafnfCJFBdHdHandfCIaKqKKuvyCGGdmmvafwendqJCacsrLeK",103,0.981132,83,106,2,104,2,2,0,2,2,37,35,39,39,30,30,17
"1420",19,"[83]GjfffHdwaCFtiqDBicDqjywafndbCLCabwafnfCJFBdHdHandfCIaKqKKuvyCGGdmmvafwendqJCacsrLeK",109,0.990909,83,110,1,109,1,1,0,1,1,35,34,36,36,39,39,17
"1421",20,"[83]GjfffHdwaCFtiqDBicDqjywafndbCLCabwafnfCJFBdHdHandfCIaKqKKuvyCGGdmmvafwendqJCacsrLeK",108,1,83,107,0,107,0,0,0,0,0,29,29,42,42,36,36,17
"1422",21,"[83]GjfffHdwaCFtiqDBicDqjywafndbCLCabwafnfCJFBdHdHandfCIaKqKKuvyCGGdmmvafwendqJCacsrLeK",110,1,83,109,0,109,0,0,0,0,0,33,33,37,37,39,39,17
"1423",22,"[83]GjfffHdwaCFtiqDBicDqjywafndbCLCabwafnfCJFBdHdHandfCIaKqKKuvyCGGdmmvafwendqJCacsrLeK",108,1,83,107,0,107,0,0,0,0,0,37,37,35,35,35,35,17
"1424",23,"[83]GjfffHdwaCFtiqDBicDqjywafndbCLCabwafnfCJFBdHdHandfCIaKqKKuvyCGGdmmvafwendqJCacsrLeK",108,0.990826,83,109,1,108,1,1,0,1,1,40,39,32,32,37,37,17
"1425",24,"[83]GjfffHdwaCFtiqDBicDqjywafndbCLCabwafnfCJFBdHdHandfCIaKqKKuvyCGGdmmvafwendqJCacsrLeK",102,0.971963,83,107,3,104,3,3,0,3,3,37,34,40,40,30,30,17
"1426",25,"[83]GjfffHdwaCFtiqDBicDqjywafndbCLCabwafnfCJFBdHdHandfCIaKqKKuvyCGGdmmvafwendqJCacsrLeK",111,0.991071,83,112,1,111,1,1,0,1,1,36,35,32,32,44,44,17
"1427",26,"[83]GjfffHdwaCFtiqDBicDqjywafndbCLCabwafnfCJFBdHdHandfCIaKqKKuvyCGGdmmvafwendqJCacsrLeK",102,0.990291,83,103,1,102,1,1,0,1,1,42,41,38,38,23,23,17
"1428",27,"[83]GjfffHdwaCFtiqDBicDqjywafndbCLCabwafnfCJFBdHdHandfCIaKqKKuvyCGGdmmvafwendqJCacsrLeK",105,0.981481,83,108,2,106,2,2,0,2,2,34,32,41,41,33,33,17
"1429",28,"[83]GjfffHdwaCFtiqDBicDqjywafndbCLCabwafnfCJFBdHdHandfCIaKqKKuvyCGGdmmvafwendqJCacsrLeK",109,0.990909,83,110,1,109,1,1,0,1,1,29,28,40,40,41,41,17
"1430",29,"[83]GjfffHdwaCFtiqDBicDqjywafndbCLCabwafnfCJFBdHdHandfCIaKqKKuvyCGGdmmvafwendqJCacsrLeK",108,0.981982,83,111,2,109,2,2,0,2,2,36,34,35,35,40,40,17
"1431",30,"[83]GjfffHdwaCFtiqDBicDqjywafndbCLCabwafnfCJFBdHdHandfCIaKqKKuvyCGGdmmvafwendqJCacsrLeK",107,0.990741,83,108,1,107,1,1,0,1,1,32,31,40,40,36,36,17
"1432",31,"[83]GjfffHdwaCFtiqDBicDqjywafndbCLCabwafnfCJFBdHdHandfCIaKqKKuvyCGGdmmvafwendqJCacsrLeK",107,0.990741,83,108,1,107,1,1,0,1,1,34,33,38,38,36,36,17
"1433",32,"[83]GjfffHdwaCFtiqDBicDqjywafndbCLCabwafnfCJFBdHdHandfCIaKqKKuvyCGGdmmvafwendqJCacsrLeK",103,0.990385,83,104,1,103,1,1,0,1,1,30,29,46,46,28,28,17
"1434",33,"[83]GjfffHdwaCFtiqDBicDqjywafndbCLCabwafnfCJFBdHdHandfCIaKqKKuvyCGGdmmvafwendqJCacsrLeK",103,0.990385,83,104,1,103,1,1,0,1,1,38,37,39,39,27,27,17
"1435",34,"[83]GjfffHdwaCFtiqDBicDqjywafndbCLCabwafnfCJFBdHdHandfCIaKqKKuvyCGGdmmvafwendqJCacsrLeK",106,1,83,105,0,105,0,0,0,0,0,34,34,40,40,31,31,17
"1436",35,"[83]GjfffHdwaCFtiqDBicDqjywafndbCLCabwafnfCJFBdHdHandfCIaKqKKuvyCGGdmmvafwendqJCacsrLeK",112,0.982609,83,115,2,113,2,2,0,2,2,37,35,30,30,48,48,17
"1437",36,"[83]GjfffHdwaCFtiqDBicDqjywafndbCLCabwafnfCJFBdHdHandfCIaKqKKuvyCGGdmmvafwendqJCacsrLeK",113,1,83,112,0,112,0,0,0,0,0,33,33,33,33,46,46,17
"1438",37,"[83]GjfffHdwaCFtiqDBicDqjywafndbCLCabwafnfCJFBdHdHandfCIaKqKKuvyCGGdmmvafwendqJCacsrLeK",103,0.947368,83,114,6,108,6,6,0,6,6,38,32,36,36,40,40,17
"1439",38,"[83]GjfffHdwaCFtiqDBicDqjywafndbCLCabwafnfCJFBdHdHandfCIaKqKKuvyCGGdmmvafwendqJCacsrLeK",112,1,83,111,0,111,0,0,0,0,0,39,39,30,30,42,42,17
"1440",39,"[83]GjfffHdwaCFtiqDBicDqjywafndbCLCabwafnfCJFBdHdHandfCIaKqKKuvyCGGdmmvafwendqJCacsrLeK",104,0.981308,83,107,2,105,2,2,0,2,2,37,35,39,39,31,31,17
"1441",40,"[83]GjfffHdwaCFtiqDBicDqjywafndbCLCabwafnfCJFBdHdHandfCIaKqKKuvyCGGdmmvafwendqJCacsrLeK",103,0.972222,83,108,3,105,3,3,0,3,3,41,38,36,36,31,31,17
"1442",41,"[83]GjfffHdwaCFtiqDBicDqjywafndbCLCabwafnfCJFBdHdHandfCIaKqKKuvyCGGdmmvafwendqJCacsrLeK",110,1,83,109,0,109,0,0,0,0,0,37,37,33,33,39,39,17
"1443",42,"[83]GjfffHdwaCFtiqDBicDqjywafndbCLCabwafnfCJFBdHdHandfCIaKqKKuvyCGGdmmvafwendqJCacsrLeK",102,0.963303,83,109,4,105,4,4,0,4,4,34,30,42,42,33,33,17
"1444",43,"[83]GjfffHdwaCFtiqDBicDqjywafndbCLCabwafnfCJFBdHdHandfCIaKqKKuvyCGGdmmvafwendqJCacsrLeK",99,0.953704,83,108,5,103,5,5,0,5,5,47,42,34,34,27,27,17
"1445",44,"[83]GjfffHdwaCFtiqDBicDqjywafndbCLCabwafnfCJFBdHdHandfCIaKqKKuvyCGGdmmvafwendqJCacsrLeK",110,1,83,109,0,109,0,0,0,0,0,34,34,36,36,39,39,17
"1446",45,"[83]GjfffHdwaCFtiqDBicDqjywafndbCLCabwafnfCJFBdHdHandfCIaKqKKuvyCGGdmmvafwendqJCacsrLeK",105,0.972727,83,110,3,107,3,3,0,3,3,41,38,33,33,36,36,17
"1447",46,"[83]GjfffHdwaCFtiqDBicDqjywafndbCLCabwafnfCJFBdHdHandfCIaKqKKuvyCGGdmmvafwendqJCacsrLeK",111,1,83,110,0,110,0,0,0,0,0,37,37,32,32,41,41,17
"1448",47,"[83]GjfffHdwaCFtiqDBicDqjywafndbCLCabwafnfCJFBdHdHandfCIaKqKKuvyCGGdmmvafwendqJCacsrLeK",107,1,83,106,0,106,0,0,0,0,0,36,36,37,37,33,33,17
"1449",48,"[83]GjfffHdwaCFtiqDBicDqjywafndbCLCabwafnfCJFBdHdHandfCIaKqKKuvyCGGdmmvafwendqJCacsrLeK",107,0.990741,83,108,1,107,1,1,0,1,1,36,35,36,36,36,36,17
"1450",49,"[83]GjfffHdwaCFtiqDBicDqjywafndbCLCabwafnfCJFBdHdHandfCIaKqKKuvyCGGdmmvafwendqJCacsrLeK",106,1,83,105,0,105,0,0,0,0,0,43,43,33,33,29,29,17
"1451",50,"[83]GjfffHdwaCFtiqDBicDqjywafndbCLCabwafnfCJFBdHdHandfCIaKqKKuvyCGGdmmvafwendqJCacsrLeK",109,1,83,108,0,108,0,0,0,0,0,38,38,34,34,36,36,17
"1452",51,"[83]GjfffHdwaCFtiqDBicDqjywafndbCLCabwafnfCJFBdHdHandfCIaKqKKuvyCGGdmmvafwendqJCacsrLeK",103,0.963636,83,110,4,106,4,4,0,4,4,38,34,37,37,35,35,17
"1453",52,"[83]GjfffHdwaCFtiqDBicDqjywafndbCLCabwafnfCJFBdHdHandfCIaKqKKuvyCGGdmmvafwendqJCacsrLeK",111,1,83,110,0,110,0,0,0,0,0,42,42,28,28,40,40,17
"1454",53,"[83]GjfffHdwaCFtiqDBicDqjywafndbCLCabwafnfCJFBdHdHandfCIaKqKKuvyCGGdmmvafwendqJCacsrLeK",108,1,83,107,0,107,0,0,0,0,0,34,34,38,38,35,35,17
"1455",54,"[83]GjfffHdwaCFtiqDBicDqjywafndbCLCabwafnfCJFBdHdHandfCIaKqKKuvyCGGdmmvafwendqJCacsrLeK",108,0.981982,83,111,2,109,2,2,0,2,2,33,31,37,37,41,41,17
"1456",55,"[83]GjfffHdwaCFtiqDBicDqjywafndbCLCabwafnfCJFBdHdHandfCIaKqKKuvyCGGdmmvafwendqJCacsrLeK",107,0.990741,83,108,1,107,1,1,0,1,1,41,40,32,32,35,35,17
"1457",56,"[83]GjfffHdwaCFtiqDBicDqjywafndbCLCabwafnfCJFBdHdHandfCIaKqKKuvyCGGdmmvafwendqJCacsrLeK",110,1,83,109,0,109,0,0,0,0,0,36,36,34,34,39,39,17
"1458",57,"[83]GjfffHdwaCFtiqDBicDqjywafndbCLCabwafnfCJFBdHdHandfCIaKqKKuvyCGGdmmvafwendqJCacsrLeK",110,1,83,109,0,109,0,0,0,0,0,41,41,29,29,39,39,17
"1459",58,"[83]GjfffHdwaCFtiqDBicDqjywafndbCLCabwafnfCJFBdHdHandfCIaKqKKuvyCGGdmmvafwendqJCacsrLeK",108,1,83,107,0,107,0,0,0,0,0,35,35,37,37,35,35,17
"1460",59,"[83]GjfffHdwaCFtiqDBicDqjywafndbCLCabwafnfCJFBdHdHandfCIaKqKKuvyCGGdmmvafwendqJCacsrLeK",108,0.981982,83,111,2,109,2,2,0,2,2,44,42,29,29,38,38,17
"1461",60,"[83]GjfffHdwaCFtiqDBicDqjywafndbCLCabwafnfCJFBdHdHandfCIaKqKKuvyCGGdmmvafwendqJCacsrLeK",109,1,83,108,0,108,0,0,0,0,0,44,44,28,28,36,36,17
"1462",61,"[83]GjfffHdwaCFtiqDBicDqjywafndbCLCabwafnfCJFBdHdHandfCIaKqKKuvyCGGdmmvafwendqJCacsrLeK",108,0.990826,83,109,1,108,1,1,0,1,1,28,27,42,42,39,39,17
"1463",62,"[83]GjfffHdwaCFtiqDBicDqjywafndbCLCabwafnfCJFBdHdHandfCIaKqKKuvyCGGdmmvafwendqJCacsrLeK",104,0.981308,83,107,2,105,2,2,0,2,2,47,45,31,31,29,29,17
"1464",63,"[83]GjfffHdwaCFtiqDBicDqjywafndbCLCabwafnfCJFBdHdHandfCIaKqKKuvyCGGdmmvafwendqJCacsrLeK",108,0.965217,83,115,4,111,4,4,0,4,4,37,33,34,34,44,44,17
"1465",64,"[83]GjfffHdwaCFtiqDBicDqjywafndbCLCabwafnfCJFBdHdHandfCIaKqKKuvyCGGdmmvafwendqJCacsrLeK",108,0.981982,83,111,2,109,2,2,0,2,2,31,29,39,39,41,41,17
"1466",65,"[83]GjfffHdwaCFtiqDBicDqjywafndbCLCabwafnfCJFBdHdHandfCIaKqKKuvyCGGdmmvafwendqJCacsrLeK",107,1,83,106,0,106,0,0,0,0,0,36,36,37,37,33,33,17
"1467",66,"[83]GjfffHdwaCFtiqDBicDqjywafndbCLCabwafnfCJFBdHdHandfCIaKqKKuvyCGGdmmvafwendqJCacsrLeK",107,0.990741,83,108,1,107,1,1,0,1,1,36,35,36,36,36,36,17
"1468",67,"[83]GjfffHdwaCFtiqDBicDqjywafndbCLCabwafnfCJFBdHdHandfCIaKqKKuvyCGGdmmvafwendqJCacsrLeK",109,1,83,108,0,108,0,0,0,0,0,35,35,37,37,36,36,17
"1469",68,"[83]GjfffHdwaCFtiqDBicDqjywafndbCLCabwafnfCJFBdHdHandfCIaKqKKuvyCGGdmmvafwendqJCacsrLeK",108,0.990826,83,109,1,108,1,1,0,1,1,32,31,39,39,38,38,17
"1470",69,"[83]GjfffHdwaCFtiqDBicDqjywafndbCLCabwafnfCJFBdHdHandfCIaKqKKuvyCGGdmmvafwendqJCacsrLeK",109,1,83,108,0,108,0,0,0,0,0,26,26,43,43,39,39,17
"1471",70,"[83]GjfffHdwaCFtiqDBicDqjywafndbCLCabwafnfCJFBdHdHandfCIaKqKKuvyCGGdmmvafwendqJCacsrLeK",108,1,83,107,0,107,0,0,0,0,0,31,31,40,40,36,36,17
"1472",71,"[83]GjfffHdwaCFtiqDBicDqjywafndbCLCabwafnfCJFBdHdHandfCIaKqKKuvyCGGdmmvafwendqJCacsrLeK",107,1,83,106,0,106,0,0,0,0,0,42,42,32,32,32,32,17
"1473",72,"[83]GjfffHdwaCFtiqDBicDqjywafndbCLCabwafnfCJFBdHdHandfCIaKqKKuvyCGGdmmvafwendqJCacsrLeK",111,1,83,110,0,110,0,0,0,0,0,38,38,31,31,41,41,17
"1474",73,"[83]GjfffHdwaCFtiqDBicDqjywafndbCLCabwafnfCJFBdHdHandfCIaKqKKuvyCGGdmmvafwendqJCacsrLeK",107,0.981818,83,110,2,108,2,2,0,2,2,36,34,37,37,37,37,17
"1475",74,"[83]GjfffHdwaCFtiqDBicDqjywafndbCLCabwafnfCJFBdHdHandfCIaKqKKuvyCGGdmmvafwendqJCacsrLeK",108,0.990826,83,109,1,108,1,1,0,1,1,30,29,41,41,38,38,17
"1476",75,"[83]GjfffHdwaCFtiqDBicDqjywafndbCLCabwafnfCJFBdHdHandfCIaKqKKuvyCGGdmmvafwendqJCacsrLeK",103,0.972222,83,108,3,105,3,3,0,3,3,49,46,29,29,30,30,17
"1477",76,"[83]GjfffHdwaCFtiqDBicDqjywafndbCLCabwafnfCJFBdHdHandfCIaKqKKuvyCGGdmmvafwendqJCacsrLeK",110,0.982301,83,113,2,111,2,2,0,2,2,30,28,38,38,45,45,17
"1478",77,"[83]GjfffHdwaCFtiqDBicDqjywafndbCLCabwafnfCJFBdHdHandfCIaKqKKuvyCGGdmmvafwendqJCacsrLeK",107,1,83,106,0,106,0,0,0,0,0,34,34,40,40,32,32,17
"1479",78,"[83]GjfffHdwaCFtiqDBicDqjywafndbCLCabwafnfCJFBdHdHandfCIaKqKKuvyCGGdmmvafwendqJCacsrLeK",106,1,83,105,0,105,0,0,0,0,0,43,43,32,32,30,30,17
"1480",79,"[83]GjfffHdwaCFtiqDBicDqjywafndbCLCabwafnfCJFBdHdHandfCIaKqKKuvyCGGdmmvafwendqJCacsrLeK",107,1,83,106,0,106,0,0,0,0,0,33,33,41,41,32,32,17
"1481",80,"[83]GjfffHdwaCFtiqDBicDqjywafndbCLCabwafnfCJFBdHdHandfCIaKqKKuvyCGGdmmvafwendqJCacsrLeK",103,1,83,102,0,102,0,0,0,0,0,35,35,42,42,25,25,17
"1482",81,"[83]GjfffHdwaCFtiqDBicDqjywafndbCLCabwafnfCJFBdHdHandfCIaKqKKuvyCGGdmmvafwendqJCacsrLeK",110,1,83,109,0,109,0,0,0,0,0,34,34,36,36,39,39,17
"1483",82,"[83]GjfffHdwaCFtiqDBicDqjywafndbCLCabwafnfCJFBdHdHandfCIaKqKKuvyCGGdmmvafwendqJCacsrLeK",108,1,83,107,0,107,0,0,0,0,0,45,45,29,29,33,33,17
"1484",83,"[83]GjfffHdwaCFtiqDBicDqjywafndbCLCabwafnfCJFBdHdHandfCIaKqKKuvyCGGdmmvafwendqJCacsrLeK",111,0.982456,83,114,2,112,2,2,0,2,2,41,39,27,27,46,46,17
"1485",84,"[83]GjfffHdwaCFtiqDBicDqjywafndbCLCabwafnfCJFBdHdHandfCIaKqKKuvyCGGdmmvafwendqJCacsrLeK",105,0.990566,83,106,1,105,1,1,0,1,1,38,37,38,38,30,30,17
"1486",85,"[83]GjfffHdwaCFtiqDBicDqjywafndbCLCabwafnfCJFBdHdHandfCIaKqKKuvyCGGdmmvafwendqJCacsrLeK",104,0.990476,83,105,1,104,1,1,0,1,1,40,39,37,37,28,28,17
"1487",86,"[83]GjfffHdwaCFtiqDBicDqjywafndbCLCabwafnfCJFBdHdHandfCIaKqKKuvyCGGdmmvafwendqJCacsrLeK",108,0.990826,83,109,1,108,1,1,0,1,1,31,30,41,41,37,37,17
"1488",87,"[83]GjfffHdwaCFtiqDBicDqjywafndbCLCabwafnfCJFBdHdHandfCIaKqKKuvyCGGdmmvafwendqJCacsrLeK",107,0.981818,83,110,2,108,2,2,0,2,2,40,38,32,32,38,38,17
"1489",88,"[83]GjfffHdwaCFtiqDBicDqjywafndbCLCabwafnfCJFBdHdHandfCIaKqKKuvyCGGdmmvafwendqJCacsrLeK",109,0.990909,83,110,1,109,1,1,0,1,1,33,32,37,37,40,40,17
"1490",89,"[83]GjfffHdwaCFtiqDBicDqjywafndbCLCabwafnfCJFBdHdHandfCIaKqKKuvyCGGdmmvafwendqJCacsrLeK",106,0.981651,83,109,2,107,2,2,0,2,2,31,29,41,41,37,37,17
"1491",90,"[83]GjfffHdwaCFtiqDBicDqjywafndbCLCabwafnfCJFBdHdHandfCIaKqKKuvyCGGdmmvafwendqJCacsrLeK",104,1,83,103,0,103,0,0,0,0,0,41,41,37,37,25,25,17
"1492",91,"[83]GjfffHdwaCFtiqDBicDqjywafndbCLCabwafnfCJFBdHdHandfCIaKqKKuvyCGGdmmvafwendqJCacsrLeK",107,1,83,106,0,106,0,0,0,0,0,36,36,38,38,32,32,17
"1493",92,"[83]GjfffHdwaCFtiqDBicDqjywafndbCLCabwafnfCJFBdHdHandfCIaKqKKuvyCGGdmmvafwendqJCacsrLeK",112,0.982609,83,115,2,113,2,2,0,2,2,34,32,33,33,48,48,17
"1494",93,"[83]GjfffHdwaCFtiqDBicDqjywafndbCLCabwafnfCJFBdHdHandfCIaKqKKuvyCGGdmmvafwendqJCacsrLeK",106,0.990654,83,107,1,106,1,1,0,1,1,29,28,45,45,33,33,17
"1495",94,"[83]GjfffHdwaCFtiqDBicDqjywafndbCLCabwafnfCJFBdHdHandfCIaKqKKuvyCGGdmmvafwendqJCacsrLeK",112,0.99115,83,113,1,112,1,1,0,1,1,38,37,29,29,46,46,17
"1496",95,"[83]GjfffHdwaCFtiqDBicDqjywafndbCLCabwafnfCJFBdHdHandfCIaKqKKuvyCGGdmmvafwendqJCacsrLeK",112,1,83,111,0,111,0,0,0,0,0,41,41,28,28,42,42,17
"1497",96,"[83]GjfffHdwaCFtiqDBicDqjywafndbCLCabwafnfCJFBdHdHandfCIaKqKKuvyCGGdmmvafwendqJCacsrLeK",106,0.990654,83,107,1,106,1,1,0,1,1,36,35,38,38,33,33,17
"1498",97,"[83]GjfffHdwaCFtiqDBicDqjywafndbCLCabwafnfCJFBdHdHandfCIaKqKKuvyCGGdmmvafwendqJCacsrLeK",112,1,83,111,0,111,0,0,0,0,0,33,33,34,34,44,44,17
"1499",98,"[83]GjfffHdwaCFtiqDBicDqjywafndbCLCabwafnfCJFBdHdHandfCIaKqKKuvyCGGdmmvafwendqJCacsrLeK",99,0.962264,83,106,4,102,4,4,0,4,4,33,29,46,46,27,27,17
"1500",99,"[83]GjfffHdwaCFtiqDBicDqjywafndbCLCabwafnfCJFBdHdHandfCIaKqKKuvyCGGdmmvafwendqJCacsrLeK",111,1,83,110,0,110,0,0,0,0,0,30,30,39,39,41,41,17
"1501",0,"[81]GvfffHdwaCChEjprfgwafndbCLCebBFcqkwafofCJBdHdwendaCIbKzqHBeaCacxafwendaCJCabxrAeK",106,0.972973,81,111,3,108,3,3,0,3,3,41,38,28,28,42,42,18
"1502",1,"[81]GvfffHdwaCChEjprfgwafndbCLCebBFcqkwafofCJBdHdwendaCIbKzqHBeaCacxafwendaCJCabxrAeK",102,1,81,101,0,101,0,0,0,0,0,43,43,32,32,26,26,18
"1503",2,"[81]GvfffHdwaCChEjprfgwafndbCLCebBFcqkwafofCJBdHdwendaCIbKzqHBeaCacxafwendaCJCabxrAeK",104,1,81,103,0,103,0,0,0,0,0,42,42,31,31,30,30,18
"1504",3,"[81]GvfffHdwaCChEjprfgwafndbCLCebBFcqkwafofCJBdHdwendaCIbKzqHBeaCacxafwendaCJCabxrAeK",108,1,81,107,0,107,0,0,0,0,0,36,36,32,32,39,39,18
"1505",4,"[81]GvfffHdwaCChEjprfgwafndbCLCebBFcqkwafofCJBdHdwendaCIbKzqHBeaCacxafwendaCJCabxrAeK",107,0.981818,81,110,2,108,2,2,0,2,2,39,37,29,29,42,42,18
"1506",5,"[81]GvfffHdwaCChEjprfgwafndbCLCebBFcqkwafofCJBdHdwendaCIbKzqHBeaCacxafwendaCJCabxrAeK",108,1,81,107,0,107,0,0,0,0,0,36,36,32,32,39,39,18
"1507",6,"[81]GvfffHdwaCChEjprfgwafndbCLCebBFcqkwafofCJBdHdwendaCIbKzqHBeaCacxafwendaCJCabxrAeK",100,0.990099,81,101,1,100,1,1,0,1,1,37,36,38,38,26,26,18
"1508",7,"[81]GvfffHdwaCChEjprfgwafndbCLCebBFcqkwafofCJBdHdwendaCIbKzqHBeaCacxafwendaCJCabxrAeK",99,0.971154,81,104,3,101,3,3,0,3,3,45,42,32,32,27,27,18
"1509",8,"[81]GvfffHdwaCChEjprfgwafndbCLCebBFcqkwafofCJBdHdwendaCIbKzqHBeaCacxafwendaCJCabxrAeK",111,0.982456,81,114,2,112,2,2,0,2,2,30,28,33,33,51,51,18
"1510",9,"[81]GvfffHdwaCChEjprfgwafndbCLCebBFcqkwafofCJBdHdwendaCIbKzqHBeaCacxafwendaCJCabxrAeK",105,1,81,104,0,104,0,0,0,0,0,34,34,36,36,34,34,18
"1511",10,"[81]GvfffHdwaCChEjprfgwafndbCLCebBFcqkwafofCJBdHdwendaCIbKzqHBeaCacxafwendaCJCabxrAeK",106,1,81,105,0,105,0,0,0,0,0,34,34,35,35,36,36,18
"1512",11,"[81]GvfffHdwaCChEjprfgwafndbCLCebBFcqkwafofCJBdHdwendaCIbKzqHBeaCacxafwendaCJCabxrAeK",108,1,81,107,0,107,0,0,0,0,0,41,41,28,28,38,38,18
"1513",12,"[81]GvfffHdwaCChEjprfgwafndbCLCebBFcqkwafofCJBdHdwendaCIbKzqHBeaCacxafwendaCJCabxrAeK",109,0.990909,81,110,1,109,1,1,0,1,1,36,35,30,30,44,44,18
"1514",13,"[81]GvfffHdwaCChEjprfgwafndbCLCebBFcqkwafofCJBdHdwendaCIbKzqHBeaCacxafwendaCJCabxrAeK",104,0.990476,81,105,1,104,1,1,0,1,1,37,36,35,35,33,33,18
"1515",14,"[81]GvfffHdwaCChEjprfgwafndbCLCebBFcqkwafofCJBdHdwendaCIbKzqHBeaCacxafwendaCJCabxrAeK",101,0.980769,81,104,2,102,2,2,0,2,2,43,41,32,32,29,29,18
"1516",15,"[81]GvfffHdwaCChEjprfgwafndbCLCebBFcqkwafofCJBdHdwendaCIbKzqHBeaCacxafwendaCJCabxrAeK",109,0.990909,81,110,1,109,1,1,0,1,1,34,33,33,33,43,43,18
"1517",16,"[81]GvfffHdwaCChEjprfgwafndbCLCebBFcqkwafofCJBdHdwendaCIbKzqHBeaCacxafwendaCJCabxrAeK",101,0.980769,81,104,2,102,2,2,0,2,2,41,39,34,34,29,29,18
"1518",17,"[81]GvfffHdwaCChEjprfgwafndbCLCebBFcqkwafofCJBdHdwendaCIbKzqHBeaCacxafwendaCJCabxrAeK",113,1,81,112,0,112,0,0,0,0,0,31,31,32,32,49,49,18
"1519",18,"[81]GvfffHdwaCChEjprfgwafndbCLCebBFcqkwafofCJBdHdwendaCIbKzqHBeaCacxafwendaCJCabxrAeK",106,0.981651,81,109,2,107,2,2,0,2,2,30,28,37,37,42,42,18
"1520",19,"[81]GvfffHdwaCChEjprfgwafndbCLCebBFcqkwafofCJBdHdwendaCIbKzqHBeaCacxafwendaCJCabxrAeK",104,1,81,103,0,103,0,0,0,0,0,34,34,37,37,32,32,18
"1521",20,"[81]GvfffHdwaCChEjprfgwafndbCLCebBFcqkwafofCJBdHdwendaCIbKzqHBeaCacxafwendaCJCabxrAeK",104,1,81,103,0,103,0,0,0,0,0,34,34,37,37,32,32,18
"1522",21,"[81]GvfffHdwaCChEjprfgwafndbCLCebBFcqkwafofCJBdHdwendaCIbKzqHBeaCacxafwendaCJCabxrAeK",111,1,81,110,0,110,0,0,0,0,0,41,41,26,26,43,43,18
"1523",22,"[81]GvfffHdwaCChEjprfgwafndbCLCebBFcqkwafofCJBdHdwendaCIbKzqHBeaCacxafwendaCJCabxrAeK",100,0.990099,81,101,1,100,1,1,0,1,1,28,27,45,45,28,28,18
"1524",23,"[81]GvfffHdwaCChEjprfgwafndbCLCebBFcqkwafofCJBdHdwendaCIbKzqHBeaCacxafwendaCJCabxrAeK",101,0.980769,81,104,2,102,2,2,0,2,2,29,27,44,44,31,31,18
"1525",24,"[81]GvfffHdwaCChEjprfgwafndbCLCebBFcqkwafofCJBdHdwendaCIbKzqHBeaCacxafwendaCJCabxrAeK",106,0.990654,81,107,1,106,1,1,0,1,1,45,44,27,27,35,35,18
"1526",25,"[81]GvfffHdwaCChEjprfgwafndbCLCebBFcqkwafofCJBdHdwendaCIbKzqHBeaCacxafwendaCJCabxrAeK",107,1,81,106,0,106,0,0,0,0,0,36,36,34,34,36,36,18
"1527",26,"[81]GvfffHdwaCChEjprfgwafndbCLCebBFcqkwafofCJBdHdwendaCIbKzqHBeaCacxafwendaCJCabxrAeK",105,0.990566,81,106,1,105,1,1,0,1,1,37,36,33,33,36,36,18
"1528",27,"[81]GvfffHdwaCChEjprfgwafndbCLCebBFcqkwafofCJBdHdwendaCIbKzqHBeaCacxafwendaCJCabxrAeK",104,1,81,103,0,103,0,0,0,0,0,38,38,35,35,30,30,18
"1529",28,"[81]GvfffHdwaCChEjprfgwafndbCLCebBFcqkwafofCJBdHdwendaCIbKzqHBeaCacxafwendaCJCabxrAeK",103,0.990385,81,104,1,103,1,1,0,1,1,35,34,37,37,32,32,18
"1530",29,"[81]GvfffHdwaCChEjprfgwafndbCLCebBFcqkwafofCJBdHdwendaCIbKzqHBeaCacxafwendaCJCabxrAeK",107,1,81,106,0,106,0,0,0,0,0,32,32,37,37,37,37,18
"1531",30,"[81]GvfffHdwaCChEjprfgwafndbCLCebBFcqkwafofCJBdHdwendaCIbKzqHBeaCacxafwendaCJCabxrAeK",104,1,81,103,0,103,0,0,0,0,0,33,33,38,38,32,32,18
"1532",31,"[81]GvfffHdwaCChEjprfgwafndbCLCebBFcqkwafofCJBdHdwendaCIbKzqHBeaCacxafwendaCJCabxrAeK",100,0.980583,81,103,2,101,2,2,0,2,2,37,35,39,39,27,27,18
"1533",32,"[81]GvfffHdwaCChEjprfgwafndbCLCebBFcqkwafofCJBdHdwendaCIbKzqHBeaCacxafwendaCJCabxrAeK",101,1,81,100,0,100,0,0,0,0,0,29,29,45,45,26,26,18
"1534",33,"[81]GvfffHdwaCChEjprfgwafndbCLCebBFcqkwafofCJBdHdwendaCIbKzqHBeaCacxafwendaCJCabxrAeK",105,1,81,104,0,104,0,0,0,0,0,43,43,29,29,32,32,18
"1535",34,"[81]GvfffHdwaCChEjprfgwafndbCLCebBFcqkwafofCJBdHdwendaCIbKzqHBeaCacxafwendaCJCabxrAeK",98,0.953271,81,107,5,102,5,5,0,5,5,40,35,35,35,32,32,18
"1536",35,"[81]GvfffHdwaCChEjprfgwafndbCLCebBFcqkwafofCJBdHdwendaCIbKzqHBeaCacxafwendaCJCabxrAeK",107,0.981818,81,110,2,108,2,2,0,2,2,39,37,29,29,42,42,18
"1537",36,"[81]GvfffHdwaCChEjprfgwafndbCLCebBFcqkwafofCJBdHdwendaCIbKzqHBeaCacxafwendaCJCabxrAeK",104,0.981308,81,107,2,105,2,2,0,2,2,43,41,30,30,34,34,18
"1538",37,"[81]GvfffHdwaCChEjprfgwafndbCLCebBFcqkwafofCJBdHdwendaCIbKzqHBeaCacxafwendaCJCabxrAeK",102,0.971963,81,107,3,104,3,3,0,3,3,32,29,39,39,36,36,18
"1539",38,"[81]GvfffHdwaCChEjprfgwafndbCLCebBFcqkwafofCJBdHdwendaCIbKzqHBeaCacxafwendaCJCabxrAeK",106,1,81,105,0,105,0,0,0,0,0,36,36,34,34,35,35,18
"1540",39,"[81]GvfffHdwaCChEjprfgwafndbCLCebBFcqkwafofCJBdHdwendaCIbKzqHBeaCacxafwendaCJCabxrAeK",106,1,81,105,0,105,0,0,0,0,0,33,33,37,37,35,35,18
"1541",40,"[81]GvfffHdwaCChEjprfgwafndbCLCebBFcqkwafofCJBdHdwendaCIbKzqHBeaCacxafwendaCJCabxrAeK",102,1,81,101,0,101,0,0,0,0,0,43,43,32,32,26,26,18
"1542",41,"[81]GvfffHdwaCChEjprfgwafndbCLCebBFcqkwafofCJBdHdwendaCIbKzqHBeaCacxafwendaCJCabxrAeK",106,1,81,105,0,105,0,0,0,0,0,30,30,40,40,35,35,18
"1543",42,"[81]GvfffHdwaCChEjprfgwafndbCLCebBFcqkwafofCJBdHdwendaCIbKzqHBeaCacxafwendaCJCabxrAeK",104,0.963964,81,111,4,107,4,4,0,4,4,37,33,32,32,42,42,18
"1544",43,"[81]GvfffHdwaCChEjprfgwafndbCLCebBFcqkwafofCJBdHdwendaCIbKzqHBeaCacxafwendaCJCabxrAeK",103,0.963636,81,110,4,106,4,4,0,4,4,41,37,30,30,39,39,18
"1545",44,"[81]GvfffHdwaCChEjprfgwafndbCLCebBFcqkwafofCJBdHdwendaCIbKzqHBeaCacxafwendaCJCabxrAeK",107,0.990741,81,108,1,107,1,1,0,1,1,34,33,34,34,40,40,18
"1546",45,"[81]GvfffHdwaCChEjprfgwafndbCLCebBFcqkwafofCJBdHdwendaCIbKzqHBeaCacxafwendaCJCabxrAeK",109,1,81,108,0,108,0,0,0,0,0,37,37,31,31,40,40,18
"1547",46,"[81]GvfffHdwaCChEjprfgwafndbCLCebBFcqkwafofCJBdHdwendaCIbKzqHBeaCacxafwendaCJCabxrAeK",110,1,81,109,0,109,0,0,0,0,0,31,31,34,34,44,44,18
"1548",47,"[81]GvfffHdwaCChEjprfgwafndbCLCebBFcqkwafofCJBdHdwendaCIbKzqHBeaCacxafwendaCJCabxrAeK",103,0.990385,81,104,1,103,1,1,0,1,1,37,36,36,36,31,31,18
"1549",48,"[81]GvfffHdwaCChEjprfgwafndbCLCebBFcqkwafofCJBdHdwendaCIbKzqHBeaCacxafwendaCJCabxrAeK",104,0.990476,81,105,1,104,1,1,0,1,1,38,37,34,34,33,33,18
"1550",49,"[81]GvfffHdwaCChEjprfgwafndbCLCebBFcqkwafofCJBdHdwendaCIbKzqHBeaCacxafwendaCJCabxrAeK",107,0.981818,81,110,2,108,2,2,0,2,2,31,29,35,35,44,44,18
"1551",50,"[81]GvfffHdwaCChEjprfgwafndbCLCebBFcqkwafofCJBdHdwendaCIbKzqHBeaCacxafwendaCJCabxrAeK",106,0.990654,81,107,1,106,1,1,0,1,1,31,30,37,37,39,39,18
"1552",51,"[81]GvfffHdwaCChEjprfgwafndbCLCebBFcqkwafofCJBdHdwendaCIbKzqHBeaCacxafwendaCJCabxrAeK",105,0.990566,81,106,1,105,1,1,0,1,1,37,36,34,34,35,35,18
"1553",52,"[81]GvfffHdwaCChEjprfgwafndbCLCebBFcqkwafofCJBdHdwendaCIbKzqHBeaCacxafwendaCJCabxrAeK",105,0.990566,81,106,1,105,1,1,0,1,1,38,37,34,34,34,34,18
"1554",53,"[81]GvfffHdwaCChEjprfgwafndbCLCebBFcqkwafofCJBdHdwendaCIbKzqHBeaCacxafwendaCJCabxrAeK",103,1,81,102,0,102,0,0,0,0,0,35,35,38,38,29,29,18
"1555",54,"[81]GvfffHdwaCChEjprfgwafndbCLCebBFcqkwafofCJBdHdwendaCIbKzqHBeaCacxafwendaCJCabxrAeK",100,0.990099,81,101,1,100,1,1,0,1,1,42,41,34,34,25,25,18
"1556",55,"[81]GvfffHdwaCChEjprfgwafndbCLCebBFcqkwafofCJBdHdwendaCIbKzqHBeaCacxafwendaCJCabxrAeK",108,1,81,107,0,107,0,0,0,0,0,33,33,35,35,39,39,18
"1557",56,"[81]GvfffHdwaCChEjprfgwafndbCLCebBFcqkwafofCJBdHdwendaCIbKzqHBeaCacxafwendaCJCabxrAeK",104,1,81,103,0,103,0,0,0,0,0,34,34,38,38,31,31,18
"1558",57,"[81]GvfffHdwaCChEjprfgwafndbCLCebBFcqkwafofCJBdHdwendaCIbKzqHBeaCacxafwendaCJCabxrAeK",104,0.990476,81,105,1,104,1,1,0,1,1,33,32,38,38,34,34,18
"1559",58,"[81]GvfffHdwaCChEjprfgwafndbCLCebBFcqkwafofCJBdHdwendaCIbKzqHBeaCacxafwendaCJCabxrAeK",105,0.990566,81,106,1,105,1,1,0,1,1,33,32,37,37,36,36,18
"1560",59,"[81]GvfffHdwaCChEjprfgwafndbCLCebBFcqkwafofCJBdHdwendaCIbKzqHBeaCacxafwendaCJCabxrAeK",104,0.972477,81,109,3,106,3,3,0,3,3,33,30,36,36,40,40,18
"1561",60,"[81]GvfffHdwaCChEjprfgwafndbCLCebBFcqkwafofCJBdHdwendaCIbKzqHBeaCacxafwendaCJCabxrAeK",102,0.990291,81,103,1,102,1,1,0,1,1,29,28,43,43,31,31,18
"1562",61,"[81]GvfffHdwaCChEjprfgwafndbCLCebBFcqkwafofCJBdHdwendaCIbKzqHBeaCacxafwendaCJCabxrAeK",107,1,81,106,0,106,0,0,0,0,0,38,38,32,32,36,36,18
"1563",62,"[81]GvfffHdwaCChEjprfgwafndbCLCebBFcqkwafofCJBdHdwendaCIbKzqHBeaCacxafwendaCJCabxrAeK",106,1,81,105,0,105,0,0,0,0,0,33,33,36,36,36,36,18
"1564",63,"[81]GvfffHdwaCChEjprfgwafndbCLCebBFcqkwafofCJBdHdwendaCIbKzqHBeaCacxafwendaCJCabxrAeK",104,1,81,103,0,103,0,0,0,0,0,30,30,42,42,31,31,18
"1565",64,"[81]GvfffHdwaCChEjprfgwafndbCLCebBFcqkwafofCJBdHdwendaCIbKzqHBeaCacxafwendaCJCabxrAeK",103,0.990385,81,104,1,103,1,1,0,1,1,33,32,38,38,33,33,18
"1566",65,"[81]GvfffHdwaCChEjprfgwafndbCLCebBFcqkwafofCJBdHdwendaCIbKzqHBeaCacxafwendaCJCabxrAeK",104,0.990476,81,105,1,104,1,1,0,1,1,39,38,33,33,33,33,18
"1567",66,"[81]GvfffHdwaCChEjprfgwafndbCLCebBFcqkwafofCJBdHdwendaCIbKzqHBeaCacxafwendaCJCabxrAeK",106,1,81,105,0,105,0,0,0,0,0,40,40,31,31,34,34,18
"1568",67,"[81]GvfffHdwaCChEjprfgwafndbCLCebBFcqkwafofCJBdHdwendaCIbKzqHBeaCacxafwendaCJCabxrAeK",100,0.971429,81,105,3,102,3,3,0,3,3,36,33,38,38,31,31,18
"1569",68,"[81]GvfffHdwaCChEjprfgwafndbCLCebBFcqkwafofCJBdHdwendaCIbKzqHBeaCacxafwendaCJCabxrAeK",104,0.990476,81,105,1,104,1,1,0,1,1,41,40,31,31,33,33,18
"1570",69,"[81]GvfffHdwaCChEjprfgwafndbCLCebBFcqkwafofCJBdHdwendaCIbKzqHBeaCacxafwendaCJCabxrAeK",107,1,81,106,0,106,0,0,0,0,0,37,37,33,33,36,36,18
"1571",70,"[81]GvfffHdwaCChEjprfgwafndbCLCebBFcqkwafofCJBdHdwendaCIbKzqHBeaCacxafwendaCJCabxrAeK",104,0.990476,81,105,1,104,1,1,0,1,1,32,31,39,39,34,34,18
"1572",71,"[81]GvfffHdwaCChEjprfgwafndbCLCebBFcqkwafofCJBdHdwendaCIbKzqHBeaCacxafwendaCJCabxrAeK",99,0.971154,81,104,3,101,3,3,0,3,3,38,35,37,37,29,29,18
"1573",72,"[81]GvfffHdwaCChEjprfgwafndbCLCebBFcqkwafofCJBdHdwendaCIbKzqHBeaCacxafwendaCJCabxrAeK",106,1,81,105,0,105,0,0,0,0,0,35,35,35,35,35,35,18
"1574",73,"[81]GvfffHdwaCChEjprfgwafndbCLCebBFcqkwafofCJBdHdwendaCIbKzqHBeaCacxafwendaCJCabxrAeK",103,0.972222,81,108,3,105,3,3,0,3,3,36,33,36,36,36,36,18
"1575",74,"[81]GvfffHdwaCChEjprfgwafndbCLCebBFcqkwafofCJBdHdwendaCIbKzqHBeaCacxafwendaCJCabxrAeK",108,1,81,107,0,107,0,0,0,0,0,34,34,33,33,40,40,18
"1576",75,"[81]GvfffHdwaCChEjprfgwafndbCLCebBFcqkwafofCJBdHdwendaCIbKzqHBeaCacxafwendaCJCabxrAeK",106,1,81,105,0,105,0,0,0,0,0,29,29,39,39,37,37,18
"1577",76,"[81]GvfffHdwaCChEjprfgwafndbCLCebBFcqkwafofCJBdHdwendaCIbKzqHBeaCacxafwendaCJCabxrAeK",107,0.990741,81,108,1,107,1,1,0,1,1,39,38,30,30,39,39,18
"1578",77,"[81]GvfffHdwaCChEjprfgwafndbCLCebBFcqkwafofCJBdHdwendaCIbKzqHBeaCacxafwendaCJCabxrAeK",100,0.954128,81,109,5,104,5,5,0,5,5,38,33,35,35,36,36,18
"1579",78,"[81]GvfffHdwaCChEjprfgwafndbCLCebBFcqkwafofCJBdHdwendaCIbKzqHBeaCacxafwendaCJCabxrAeK",109,1,81,108,0,108,0,0,0,0,0,34,34,32,32,42,42,18
"1580",79,"[81]GvfffHdwaCChEjprfgwafndbCLCebBFcqkwafofCJBdHdwendaCIbKzqHBeaCacxafwendaCJCabxrAeK",100,0.980583,81,103,2,101,2,2,0,2,2,40,38,35,35,28,28,18
"1581",80,"[81]GvfffHdwaCChEjprfgwafndbCLCebBFcqkwafofCJBdHdwendaCIbKzqHBeaCacxafwendaCJCabxrAeK",105,1,81,104,0,104,0,0,0,0,0,33,33,37,37,34,34,18
"1582",81,"[81]GvfffHdwaCChEjprfgwafndbCLCebBFcqkwafofCJBdHdwendaCIbKzqHBeaCacxafwendaCJCabxrAeK",102,0.980952,81,105,2,103,2,2,0,2,2,39,37,34,34,32,32,18
"1583",82,"[81]GvfffHdwaCChEjprfgwafndbCLCebBFcqkwafofCJBdHdwendaCIbKzqHBeaCacxafwendaCJCabxrAeK",106,1,81,105,0,105,0,0,0,0,0,33,33,37,37,35,35,18
"1584",83,"[81]GvfffHdwaCChEjprfgwafndbCLCebBFcqkwafofCJBdHdwendaCIbKzqHBeaCacxafwendaCJCabxrAeK",104,1,81,103,0,103,0,0,0,0,0,31,31,41,41,31,31,18
"1585",84,"[81]GvfffHdwaCChEjprfgwafndbCLCebBFcqkwafofCJBdHdwendaCIbKzqHBeaCacxafwendaCJCabxrAeK",104,1,81,103,0,103,0,0,0,0,0,40,40,34,34,29,29,18
"1586",85,"[81]GvfffHdwaCChEjprfgwafndbCLCebBFcqkwafofCJBdHdwendaCIbKzqHBeaCacxafwendaCJCabxrAeK",106,1,81,105,0,105,0,0,0,0,0,31,31,38,38,36,36,18
"1587",86,"[81]GvfffHdwaCChEjprfgwafndbCLCebBFcqkwafofCJBdHdwendaCIbKzqHBeaCacxafwendaCJCabxrAeK",100,1,81,99,0,99,0,0,0,0,0,33,33,42,42,24,24,18
"1588",87,"[81]GvfffHdwaCChEjprfgwafndbCLCebBFcqkwafofCJBdHdwendaCIbKzqHBeaCacxafwendaCJCabxrAeK",100,0.990099,81,101,1,100,1,1,0,1,1,36,35,39,39,26,26,18
"1589",88,"[81]GvfffHdwaCChEjprfgwafndbCLCebBFcqkwafofCJBdHdwendaCIbKzqHBeaCacxafwendaCJCabxrAeK",99,0.945455,81,110,6,104,6,6,0,6,6,37,31,35,35,38,38,18
"1590",89,"[81]GvfffHdwaCChEjprfgwafndbCLCebBFcqkwafofCJBdHdwendaCIbKzqHBeaCacxafwendaCJCabxrAeK",103,0.981132,81,106,2,104,2,2,0,2,2,35,33,36,36,35,35,18
"1591",90,"[81]GvfffHdwaCChEjprfgwafndbCLCebBFcqkwafofCJBdHdwendaCIbKzqHBeaCacxafwendaCJCabxrAeK",102,1,81,101,0,101,0,0,0,0,0,38,38,36,36,27,27,18
"1592",91,"[81]GvfffHdwaCChEjprfgwafndbCLCebBFcqkwafofCJBdHdwendaCIbKzqHBeaCacxafwendaCJCabxrAeK",106,1,81,105,0,105,0,0,0,0,0,45,45,27,27,33,33,18
"1593",92,"[81]GvfffHdwaCChEjprfgwafndbCLCebBFcqkwafofCJBdHdwendaCIbKzqHBeaCacxafwendaCJCabxrAeK",107,0.990741,81,108,1,107,1,1,0,1,1,41,40,28,28,39,39,18
"1594",93,"[81]GvfffHdwaCChEjprfgwafndbCLCebBFcqkwafofCJBdHdwendaCIbKzqHBeaCacxafwendaCJCabxrAeK",100,0.954128,81,109,5,104,5,5,0,5,5,46,41,28,28,35,35,18
"1595",94,"[81]GvfffHdwaCChEjprfgwafndbCLCebBFcqkwafofCJBdHdwendaCIbKzqHBeaCacxafwendaCJCabxrAeK",105,1,81,104,0,104,0,0,0,0,0,34,34,37,37,33,33,18
"1596",95,"[81]GvfffHdwaCChEjprfgwafndbCLCebBFcqkwafofCJBdHdwendaCIbKzqHBeaCacxafwendaCJCabxrAeK",100,0.962617,81,107,4,103,4,4,0,4,4,34,30,38,38,35,35,18
"1597",96,"[81]GvfffHdwaCChEjprfgwafndbCLCebBFcqkwafofCJBdHdwendaCIbKzqHBeaCacxafwendaCJCabxrAeK",101,0.980769,81,104,2,102,2,2,0,2,2,37,35,37,37,30,30,18
"1598",97,"[81]GvfffHdwaCChEjprfgwafndbCLCebBFcqkwafofCJBdHdwendaCIbKzqHBeaCacxafwendaCJCabxrAeK",104,1,81,103,0,103,0,0,0,0,0,38,38,34,34,31,31,18
"1599",98,"[81]GvfffHdwaCChEjprfgwafndbCLCebBFcqkwafofCJBdHdwendaCIbKzqHBeaCacxafwendaCJCabxrAeK",112,1,81,111,0,111,0,0,0,0,0,41,41,24,24,46,46,18
"1600",99,"[81]GvfffHdwaCChEjprfgwafndbCLCebBFcqkwafofCJBdHdwendaCIbKzqHBeaCacxafwendaCJCabxrAeK",103,0.990385,81,104,1,103,1,1,0,1,1,37,36,35,35,32,32,18
"1601",0,"[100]GwffHdwaCwHqmzvJgfpgwafndbCLCabvkGorjpvjrvwafofCJcBdHdwendaCFIKCwGBptyxJiAiBeaFCJznafwaendaCJCecsaeK",107,1,100,106,0,106,0,0,0,0,0,31,31,41,41,34,34,19
"1602",1,"[100]GwffHdwaCwHqmzvJgfpgwafndbCLCabvkGorjpvjrvwafofCJcBdHdwendaCFIKCwGBptyxJiAiBeaFCJznafwaendaCJCecsaeK",108,1,100,107,0,107,0,0,0,0,0,37,37,35,35,35,35,19
"1603",2,"[100]GwffHdwaCwHqmzvJgfpgwafndbCLCabvkGorjpvjrvwafofCJcBdHdwendaCFIKCwGBptyxJiAiBeaFCJznafwaendaCJCecsaeK",105,0.990566,100,106,1,105,1,1,0,1,1,44,43,31,31,31,31,19
"1604",3,"[100]GwffHdwaCwHqmzvJgfpgwafndbCLCabvkGorjpvjrvwafofCJcBdHdwendaCFIKCwGBptyxJiAiBeaFCJznafwaendaCJCecsaeK",107,0.964912,100,114,4,110,4,4,0,4,4,36,32,35,35,43,43,19
"1605",4,"[100]GwffHdwaCwHqmzvJgfpgwafndbCLCabvkGorjpvjrvwafofCJcBdHdwendaCFIKCwGBptyxJiAiBeaFCJznafwaendaCJCecsaeK",107,1,100,106,0,106,0,0,0,0,0,37,37,37,37,32,32,19
"1606",5,"[100]GwffHdwaCwHqmzvJgfpgwafndbCLCabvkGorjpvjrvwafofCJcBdHdwendaCFIKCwGBptyxJiAiBeaFCJznafwaendaCJCecsaeK",110,1,100,109,0,109,0,0,0,0,0,39,39,31,31,39,39,19
"1607",6,"[100]GwffHdwaCwHqmzvJgfpgwafndbCLCabvkGorjpvjrvwafofCJcBdHdwendaCFIKCwGBptyxJiAiBeaFCJznafwaendaCJCecsaeK",109,1,100,108,0,108,0,0,0,0,0,44,44,27,27,37,37,19
"1608",7,"[100]GwffHdwaCwHqmzvJgfpgwafndbCLCabvkGorjpvjrvwafofCJcBdHdwendaCFIKCwGBptyxJiAiBeaFCJznafwaendaCJCecsaeK",104,0.990476,100,105,1,104,1,1,0,1,1,43,42,34,34,28,28,19
"1609",8,"[100]GwffHdwaCwHqmzvJgfpgwafndbCLCabvkGorjpvjrvwafofCJcBdHdwendaCFIKCwGBptyxJiAiBeaFCJznafwaendaCJCecsaeK",105,1,100,104,0,104,0,0,0,0,0,39,39,37,37,28,28,19
"1610",9,"[100]GwffHdwaCwHqmzvJgfpgwafndbCLCabvkGorjpvjrvwafofCJcBdHdwendaCFIKCwGBptyxJiAiBeaFCJznafwaendaCJCecsaeK",106,0.990654,100,107,1,106,1,1,0,1,1,31,30,43,43,33,33,19
"1611",10,"[100]GwffHdwaCwHqmzvJgfpgwafndbCLCabvkGorjpvjrvwafofCJcBdHdwendaCFIKCwGBptyxJiAiBeaFCJznafwaendaCJCecsaeK",105,1,100,104,0,104,0,0,0,0,0,36,36,39,39,29,29,19
"1612",11,"[100]GwffHdwaCwHqmzvJgfpgwafndbCLCabvkGorjpvjrvwafofCJcBdHdwendaCFIKCwGBptyxJiAiBeaFCJznafwaendaCJCecsaeK",104,1,100,103,0,103,0,0,0,0,0,31,31,44,44,28,28,19
"1613",12,"[100]GwffHdwaCwHqmzvJgfpgwafndbCLCabvkGorjpvjrvwafofCJcBdHdwendaCFIKCwGBptyxJiAiBeaFCJznafwaendaCJCecsaeK",112,1,100,111,0,111,0,0,0,0,0,31,31,35,35,45,45,19
"1614",13,"[100]GwffHdwaCwHqmzvJgfpgwafndbCLCabvkGorjpvjrvwafofCJcBdHdwendaCFIKCwGBptyxJiAiBeaFCJznafwaendaCJCecsaeK",104,0.981308,100,107,2,105,2,2,0,2,2,46,44,30,30,31,31,19
"1615",14,"[100]GwffHdwaCwHqmzvJgfpgwafndbCLCabvkGorjpvjrvwafofCJcBdHdwendaCFIKCwGBptyxJiAiBeaFCJznafwaendaCJCecsaeK",107,1,100,106,0,106,0,0,0,0,0,44,44,31,31,31,31,19
"1616",15,"[100]GwffHdwaCwHqmzvJgfpgwafndbCLCabvkGorjpvjrvwafofCJcBdHdwendaCFIKCwGBptyxJiAiBeaFCJznafwaendaCJCecsaeK",101,0.971698,100,106,3,103,3,3,0,3,3,35,32,43,43,28,28,19
"1617",16,"[100]GwffHdwaCwHqmzvJgfpgwafndbCLCabvkGorjpvjrvwafofCJcBdHdwendaCFIKCwGBptyxJiAiBeaFCJznafwaendaCJCecsaeK",111,0.991071,100,112,1,111,1,1,0,1,1,41,40,28,28,43,43,19
"1618",17,"[100]GwffHdwaCwHqmzvJgfpgwafndbCLCabvkGorjpvjrvwafofCJcBdHdwendaCFIKCwGBptyxJiAiBeaFCJznafwaendaCJCecsaeK",113,1,100,112,0,112,0,0,0,0,0,35,35,32,32,45,45,19
"1619",18,"[100]GwffHdwaCwHqmzvJgfpgwafndbCLCabvkGorjpvjrvwafofCJcBdHdwendaCFIKCwGBptyxJiAiBeaFCJznafwaendaCJCecsaeK",104,1,100,103,0,103,0,0,0,0,0,41,41,36,36,26,26,19
"1620",19,"[100]GwffHdwaCwHqmzvJgfpgwafndbCLCabvkGorjpvjrvwafofCJcBdHdwendaCFIKCwGBptyxJiAiBeaFCJznafwaendaCJCecsaeK",107,1,100,106,0,106,0,0,0,0,0,29,29,43,43,34,34,19
"1621",20,"[100]GwffHdwaCwHqmzvJgfpgwafndbCLCabvkGorjpvjrvwafofCJcBdHdwendaCFIKCwGBptyxJiAiBeaFCJznafwaendaCJCecsaeK",107,0.981818,100,110,2,108,2,2,0,2,2,37,35,35,35,38,38,19
"1622",21,"[100]GwffHdwaCwHqmzvJgfpgwafndbCLCabvkGorjpvjrvwafofCJcBdHdwendaCFIKCwGBptyxJiAiBeaFCJznafwaendaCJCecsaeK",111,1,100,110,0,110,0,0,0,0,0,35,35,33,33,42,42,19
"1623",22,"[100]GwffHdwaCwHqmzvJgfpgwafndbCLCabvkGorjpvjrvwafofCJcBdHdwendaCFIKCwGBptyxJiAiBeaFCJznafwaendaCJCecsaeK",103,0.972222,100,108,3,105,3,3,0,3,3,32,29,43,43,33,33,19
"1624",23,"[100]GwffHdwaCwHqmzvJgfpgwafndbCLCabvkGorjpvjrvwafofCJcBdHdwendaCFIKCwGBptyxJiAiBeaFCJznafwaendaCJCecsaeK",108,1,100,107,0,107,0,0,0,0,0,38,38,34,34,35,35,19
"1625",24,"[100]GwffHdwaCwHqmzvJgfpgwafndbCLCabvkGorjpvjrvwafofCJcBdHdwendaCFIKCwGBptyxJiAiBeaFCJznafwaendaCJCecsaeK",106,1,100,105,0,105,0,0,0,0,0,36,36,38,38,31,31,19
"1626",25,"[100]GwffHdwaCwHqmzvJgfpgwafndbCLCabvkGorjpvjrvwafofCJcBdHdwendaCFIKCwGBptyxJiAiBeaFCJznafwaendaCJCecsaeK",107,1,100,106,0,106,0,0,0,0,0,40,40,34,34,32,32,19
"1627",26,"[100]GwffHdwaCwHqmzvJgfpgwafndbCLCabvkGorjpvjrvwafofCJcBdHdwendaCFIKCwGBptyxJiAiBeaFCJznafwaendaCJCecsaeK",101,0.946429,100,112,6,106,6,6,0,6,6,40,34,37,37,35,35,19
"1628",27,"[100]GwffHdwaCwHqmzvJgfpgwafndbCLCabvkGorjpvjrvwafofCJcBdHdwendaCFIKCwGBptyxJiAiBeaFCJznafwaendaCJCecsaeK",108,1,100,107,0,107,0,0,0,0,0,35,35,37,37,35,35,19
"1629",28,"[100]GwffHdwaCwHqmzvJgfpgwafndbCLCabvkGorjpvjrvwafofCJcBdHdwendaCFIKCwGBptyxJiAiBeaFCJznafwaendaCJCecsaeK",110,0.982301,100,113,2,111,2,2,0,2,2,32,30,36,36,45,45,19
"1630",29,"[100]GwffHdwaCwHqmzvJgfpgwafndbCLCabvkGorjpvjrvwafofCJcBdHdwendaCFIKCwGBptyxJiAiBeaFCJznafwaendaCJCecsaeK",108,0.990826,100,109,1,108,1,1,0,1,1,39,38,32,32,38,38,19
"1631",30,"[100]GwffHdwaCwHqmzvJgfpgwafndbCLCabvkGorjpvjrvwafofCJcBdHdwendaCFIKCwGBptyxJiAiBeaFCJznafwaendaCJCecsaeK",107,1,100,106,0,106,0,0,0,0,0,43,43,31,31,32,32,19
"1632",31,"[100]GwffHdwaCwHqmzvJgfpgwafndbCLCabvkGorjpvjrvwafofCJcBdHdwendaCFIKCwGBptyxJiAiBeaFCJznafwaendaCJCecsaeK",103,0.963636,100,110,4,106,4,4,0,4,4,34,30,42,42,34,34,19
"1633",32,"[100]GwffHdwaCwHqmzvJgfpgwafndbCLCabvkGorjpvjrvwafofCJcBdHdwendaCFIKCwGBptyxJiAiBeaFCJznafwaendaCJCecsaeK",110,1,100,109,0,109,0,0,0,0,0,35,35,34,34,40,40,19
"1634",33,"[100]GwffHdwaCwHqmzvJgfpgwafndbCLCabvkGorjpvjrvwafofCJcBdHdwendaCFIKCwGBptyxJiAiBeaFCJznafwaendaCJCecsaeK",108,1,100,107,0,107,0,0,0,0,0,30,30,41,41,36,36,19
"1635",34,"[100]GwffHdwaCwHqmzvJgfpgwafndbCLCabvkGorjpvjrvwafofCJcBdHdwendaCFIKCwGBptyxJiAiBeaFCJznafwaendaCJCecsaeK",108,0.990826,100,109,1,108,1,1,0,1,1,32,31,40,40,37,37,19
"1636",35,"[100]GwffHdwaCwHqmzvJgfpgwafndbCLCabvkGorjpvjrvwafofCJcBdHdwendaCFIKCwGBptyxJiAiBeaFCJznafwaendaCJCecsaeK",117,1,100,116,0,116,0,0,0,0,0,46,46,17,17,53,53,19
"1637",36,"[100]GwffHdwaCwHqmzvJgfpgwafndbCLCabvkGorjpvjrvwafofCJcBdHdwendaCFIKCwGBptyxJiAiBeaFCJznafwaendaCJCecsaeK",109,1,100,108,0,108,0,0,0,0,0,36,36,35,35,37,37,19
"1638",37,"[100]GwffHdwaCwHqmzvJgfpgwafndbCLCabvkGorjpvjrvwafofCJcBdHdwendaCFIKCwGBptyxJiAiBeaFCJznafwaendaCJCecsaeK",108,1,100,107,0,107,0,0,0,0,0,33,33,38,38,36,36,19
"1639",38,"[100]GwffHdwaCwHqmzvJgfpgwafndbCLCabvkGorjpvjrvwafofCJcBdHdwendaCFIKCwGBptyxJiAiBeaFCJznafwaendaCJCecsaeK",108,0.990826,100,109,1,108,1,1,0,1,1,32,31,38,38,39,39,19
"1640",39,"[100]GwffHdwaCwHqmzvJgfpgwafndbCLCabvkGorjpvjrvwafofCJcBdHdwendaCFIKCwGBptyxJiAiBeaFCJznafwaendaCJCecsaeK",105,0.990566,100,106,1,105,1,1,0,1,1,37,36,37,37,32,32,19
"1641",40,"[100]GwffHdwaCwHqmzvJgfpgwafndbCLCabvkGorjpvjrvwafofCJcBdHdwendaCFIKCwGBptyxJiAiBeaFCJznafwaendaCJCecsaeK",109,0.990909,100,110,1,109,1,1,0,1,1,29,28,41,41,40,40,19
"1642",41,"[100]GwffHdwaCwHqmzvJgfpgwafndbCLCabvkGorjpvjrvwafofCJcBdHdwendaCFIKCwGBptyxJiAiBeaFCJznafwaendaCJCecsaeK",108,1,100,107,0,107,0,0,0,0,0,36,36,37,37,34,34,19
"1643",42,"[100]GwffHdwaCwHqmzvJgfpgwafndbCLCabvkGorjpvjrvwafofCJcBdHdwendaCFIKCwGBptyxJiAiBeaFCJznafwaendaCJCecsaeK",109,0.990909,100,110,1,109,1,1,0,1,1,45,44,26,26,39,39,19
"1644",43,"[100]GwffHdwaCwHqmzvJgfpgwafndbCLCabvkGorjpvjrvwafofCJcBdHdwendaCFIKCwGBptyxJiAiBeaFCJznafwaendaCJCecsaeK",106,0.972973,100,111,3,108,3,3,0,3,3,41,38,33,33,37,37,19
"1645",44,"[100]GwffHdwaCwHqmzvJgfpgwafndbCLCabvkGorjpvjrvwafofCJcBdHdwendaCFIKCwGBptyxJiAiBeaFCJznafwaendaCJCecsaeK",111,0.991071,100,112,1,111,1,1,0,1,1,40,39,28,28,44,44,19
"1646",45,"[100]GwffHdwaCwHqmzvJgfpgwafndbCLCabvkGorjpvjrvwafofCJcBdHdwendaCFIKCwGBptyxJiAiBeaFCJznafwaendaCJCecsaeK",108,1,100,107,0,107,0,0,0,0,0,28,28,44,44,35,35,19
"1647",46,"[100]GwffHdwaCwHqmzvJgfpgwafndbCLCabvkGorjpvjrvwafofCJcBdHdwendaCFIKCwGBptyxJiAiBeaFCJznafwaendaCJCecsaeK",107,1,100,106,0,106,0,0,0,0,0,34,34,38,38,34,34,19
"1648",47,"[100]GwffHdwaCwHqmzvJgfpgwafndbCLCabvkGorjpvjrvwafofCJcBdHdwendaCFIKCwGBptyxJiAiBeaFCJznafwaendaCJCecsaeK",104,0.990476,100,105,1,104,1,1,0,1,1,41,40,36,36,28,28,19
"1649",48,"[100]GwffHdwaCwHqmzvJgfpgwafndbCLCabvkGorjpvjrvwafofCJcBdHdwendaCFIKCwGBptyxJiAiBeaFCJznafwaendaCJCecsaeK",112,1,100,111,0,111,0,0,0,0,0,42,42,26,26,43,43,19
"1650",49,"[100]GwffHdwaCwHqmzvJgfpgwafndbCLCabvkGorjpvjrvwafofCJcBdHdwendaCFIKCwGBptyxJiAiBeaFCJznafwaendaCJCecsaeK",107,1,100,106,0,106,0,0,0,0,0,29,29,43,43,34,34,19
"1651",50,"[100]GwffHdwaCwHqmzvJgfpgwafndbCLCabvkGorjpvjrvwafofCJcBdHdwendaCFIKCwGBptyxJiAiBeaFCJznafwaendaCJCecsaeK",109,1,100,108,0,108,0,0,0,0,0,36,36,34,34,38,38,19
"1652",51,"[100]GwffHdwaCwHqmzvJgfpgwafndbCLCabvkGorjpvjrvwafofCJcBdHdwendaCFIKCwGBptyxJiAiBeaFCJznafwaendaCJCecsaeK",110,1,100,109,0,109,0,0,0,0,0,34,34,36,36,39,39,19
"1653",52,"[100]GwffHdwaCwHqmzvJgfpgwafndbCLCabvkGorjpvjrvwafofCJcBdHdwendaCFIKCwGBptyxJiAiBeaFCJznafwaendaCJCecsaeK",110,1,100,109,0,109,0,0,0,0,0,31,31,38,38,40,40,19
"1654",53,"[100]GwffHdwaCwHqmzvJgfpgwafndbCLCabvkGorjpvjrvwafofCJcBdHdwendaCFIKCwGBptyxJiAiBeaFCJznafwaendaCJCecsaeK",109,1,100,108,0,108,0,0,0,0,0,38,38,33,33,37,37,19
"1655",54,"[100]GwffHdwaCwHqmzvJgfpgwafndbCLCabvkGorjpvjrvwafofCJcBdHdwendaCFIKCwGBptyxJiAiBeaFCJznafwaendaCJCecsaeK",113,1,100,112,0,112,0,0,0,0,0,33,33,34,34,45,45,19
"1656",55,"[100]GwffHdwaCwHqmzvJgfpgwafndbCLCabvkGorjpvjrvwafofCJcBdHdwendaCFIKCwGBptyxJiAiBeaFCJznafwaendaCJCecsaeK",107,0.990741,100,108,1,107,1,1,0,1,1,37,36,35,35,36,36,19
"1657",56,"[100]GwffHdwaCwHqmzvJgfpgwafndbCLCabvkGorjpvjrvwafofCJcBdHdwendaCFIKCwGBptyxJiAiBeaFCJznafwaendaCJCecsaeK",109,1,100,108,0,108,0,0,0,0,0,36,36,36,36,36,36,19
"1658",57,"[100]GwffHdwaCwHqmzvJgfpgwafndbCLCabvkGorjpvjrvwafofCJcBdHdwendaCFIKCwGBptyxJiAiBeaFCJznafwaendaCJCecsaeK",99,0.962264,100,106,4,102,4,4,0,4,4,32,28,47,47,27,27,19
"1659",58,"[100]GwffHdwaCwHqmzvJgfpgwafndbCLCabvkGorjpvjrvwafofCJcBdHdwendaCFIKCwGBptyxJiAiBeaFCJznafwaendaCJCecsaeK",110,1,100,109,0,109,0,0,0,0,0,32,32,37,37,40,40,19
"1660",59,"[100]GwffHdwaCwHqmzvJgfpgwafndbCLCabvkGorjpvjrvwafofCJcBdHdwendaCFIKCwGBptyxJiAiBeaFCJznafwaendaCJCecsaeK",109,0.990909,100,110,1,109,1,1,0,1,1,45,44,27,27,38,38,19
"1661",60,"[100]GwffHdwaCwHqmzvJgfpgwafndbCLCabvkGorjpvjrvwafofCJcBdHdwendaCFIKCwGBptyxJiAiBeaFCJznafwaendaCJCecsaeK",112,0.99115,100,113,1,112,1,1,0,1,1,30,29,37,37,46,46,19
"1662",61,"[100]GwffHdwaCwHqmzvJgfpgwafndbCLCabvkGorjpvjrvwafofCJcBdHdwendaCFIKCwGBptyxJiAiBeaFCJznafwaendaCJCecsaeK",104,0.981308,100,107,2,105,2,2,0,2,2,42,40,34,34,31,31,19
"1663",62,"[100]GwffHdwaCwHqmzvJgfpgwafndbCLCabvkGorjpvjrvwafofCJcBdHdwendaCFIKCwGBptyxJiAiBeaFCJznafwaendaCJCecsaeK",106,1,100,105,0,105,0,0,0,0,0,37,37,37,37,31,31,19
"1664",63,"[100]GwffHdwaCwHqmzvJgfpgwafndbCLCabvkGorjpvjrvwafofCJcBdHdwendaCFIKCwGBptyxJiAiBeaFCJznafwaendaCJCecsaeK",111,0.991071,100,112,1,111,1,1,0,1,1,35,34,34,34,43,43,19
"1665",64,"[100]GwffHdwaCwHqmzvJgfpgwafndbCLCabvkGorjpvjrvwafofCJcBdHdwendaCFIKCwGBptyxJiAiBeaFCJznafwaendaCJCecsaeK",107,0.990741,100,108,1,107,1,1,0,1,1,39,38,34,34,35,35,19
"1666",65,"[100]GwffHdwaCwHqmzvJgfpgwafndbCLCabvkGorjpvjrvwafofCJcBdHdwendaCFIKCwGBptyxJiAiBeaFCJznafwaendaCJCecsaeK",107,1,100,106,0,106,0,0,0,0,0,34,34,38,38,34,34,19
"1667",66,"[100]GwffHdwaCwHqmzvJgfpgwafndbCLCabvkGorjpvjrvwafofCJcBdHdwendaCFIKCwGBptyxJiAiBeaFCJznafwaendaCJCecsaeK",109,0.982143,100,112,2,110,2,2,0,2,2,33,31,36,36,43,43,19
"1668",67,"[100]GwffHdwaCwHqmzvJgfpgwafndbCLCabvkGorjpvjrvwafofCJcBdHdwendaCFIKCwGBptyxJiAiBeaFCJznafwaendaCJCecsaeK",108,1,100,107,0,107,0,0,0,0,0,34,34,38,38,35,35,19
"1669",68,"[100]GwffHdwaCwHqmzvJgfpgwafndbCLCabvkGorjpvjrvwafofCJcBdHdwendaCFIKCwGBptyxJiAiBeaFCJznafwaendaCJCecsaeK",111,1,100,110,0,110,0,0,0,0,0,38,38,31,31,41,41,19
"1670",69,"[100]GwffHdwaCwHqmzvJgfpgwafndbCLCabvkGorjpvjrvwafofCJcBdHdwendaCFIKCwGBptyxJiAiBeaFCJznafwaendaCJCecsaeK",107,1,100,106,0,106,0,0,0,0,0,45,45,29,29,32,32,19
"1671",70,"[100]GwffHdwaCwHqmzvJgfpgwafndbCLCabvkGorjpvjrvwafofCJcBdHdwendaCFIKCwGBptyxJiAiBeaFCJznafwaendaCJCecsaeK",105,1,100,104,0,104,0,0,0,0,0,37,37,38,38,29,29,19
"1672",71,"[100]GwffHdwaCwHqmzvJgfpgwafndbCLCabvkGorjpvjrvwafofCJcBdHdwendaCFIKCwGBptyxJiAiBeaFCJznafwaendaCJCecsaeK",109,1,100,108,0,108,0,0,0,0,0,37,37,34,34,37,37,19
"1673",72,"[100]GwffHdwaCwHqmzvJgfpgwafndbCLCabvkGorjpvjrvwafofCJcBdHdwendaCFIKCwGBptyxJiAiBeaFCJznafwaendaCJCecsaeK",104,0.972477,100,109,3,106,3,3,0,3,3,42,39,33,33,34,34,19
"1674",73,"[100]GwffHdwaCwHqmzvJgfpgwafndbCLCabvkGorjpvjrvwafofCJcBdHdwendaCFIKCwGBptyxJiAiBeaFCJznafwaendaCJCecsaeK",105,1,100,104,0,104,0,0,0,0,0,39,39,37,37,28,28,19
"1675",74,"[100]GwffHdwaCwHqmzvJgfpgwafndbCLCabvkGorjpvjrvwafofCJcBdHdwendaCFIKCwGBptyxJiAiBeaFCJznafwaendaCJCecsaeK",107,1,100,106,0,106,0,0,0,0,0,38,38,35,35,33,33,19
"1676",75,"[100]GwffHdwaCwHqmzvJgfpgwafndbCLCabvkGorjpvjrvwafofCJcBdHdwendaCFIKCwGBptyxJiAiBeaFCJznafwaendaCJCecsaeK",109,0.982143,100,112,2,110,2,2,0,2,2,41,39,30,30,41,41,19
"1677",76,"[100]GwffHdwaCwHqmzvJgfpgwafndbCLCabvkGorjpvjrvwafofCJcBdHdwendaCFIKCwGBptyxJiAiBeaFCJznafwaendaCJCecsaeK",110,1,100,109,0,109,0,0,0,0,0,33,33,37,37,39,39,19
"1678",77,"[100]GwffHdwaCwHqmzvJgfpgwafndbCLCabvkGorjpvjrvwafofCJcBdHdwendaCFIKCwGBptyxJiAiBeaFCJznafwaendaCJCecsaeK",104,0.955752,100,113,5,108,5,5,0,5,5,34,29,39,39,40,40,19
"1679",78,"[100]GwffHdwaCwHqmzvJgfpgwafndbCLCabvkGorjpvjrvwafofCJcBdHdwendaCFIKCwGBptyxJiAiBeaFCJznafwaendaCJCecsaeK",103,0.990385,100,104,1,103,1,1,0,1,1,43,42,36,36,25,25,19
"1680",79,"[100]GwffHdwaCwHqmzvJgfpgwafndbCLCabvkGorjpvjrvwafofCJcBdHdwendaCFIKCwGBptyxJiAiBeaFCJznafwaendaCJCecsaeK",105,0.981481,100,108,2,106,2,2,0,2,2,34,32,40,40,34,34,19
"1681",80,"[100]GwffHdwaCwHqmzvJgfpgwafndbCLCabvkGorjpvjrvwafofCJcBdHdwendaCFIKCwGBptyxJiAiBeaFCJznafwaendaCJCecsaeK",108,1,100,107,0,107,0,0,0,0,0,39,39,33,33,35,35,19
"1682",81,"[100]GwffHdwaCwHqmzvJgfpgwafndbCLCabvkGorjpvjrvwafofCJcBdHdwendaCFIKCwGBptyxJiAiBeaFCJznafwaendaCJCecsaeK",109,0.990909,100,110,1,109,1,1,0,1,1,33,32,38,38,39,39,19
"1683",82,"[100]GwffHdwaCwHqmzvJgfpgwafndbCLCabvkGorjpvjrvwafofCJcBdHdwendaCFIKCwGBptyxJiAiBeaFCJznafwaendaCJCecsaeK",114,1,100,113,0,113,0,0,0,0,0,30,30,34,34,49,49,19
"1684",83,"[100]GwffHdwaCwHqmzvJgfpgwafndbCLCabvkGorjpvjrvwafofCJcBdHdwendaCFIKCwGBptyxJiAiBeaFCJznafwaendaCJCecsaeK",111,0.991071,100,112,1,111,1,1,0,1,1,34,33,34,34,44,44,19
"1685",84,"[100]GwffHdwaCwHqmzvJgfpgwafndbCLCabvkGorjpvjrvwafofCJcBdHdwendaCFIKCwGBptyxJiAiBeaFCJznafwaendaCJCecsaeK",111,1,100,110,0,110,0,0,0,0,0,28,28,40,40,42,42,19
"1686",85,"[100]GwffHdwaCwHqmzvJgfpgwafndbCLCabvkGorjpvjrvwafofCJcBdHdwendaCFIKCwGBptyxJiAiBeaFCJznafwaendaCJCecsaeK",110,1,100,109,0,109,0,0,0,0,0,45,45,25,25,39,39,19
"1687",86,"[100]GwffHdwaCwHqmzvJgfpgwafndbCLCabvkGorjpvjrvwafofCJcBdHdwendaCFIKCwGBptyxJiAiBeaFCJznafwaendaCJCecsaeK",108,1,100,107,0,107,0,0,0,0,0,37,37,35,35,35,35,19
"1688",87,"[100]GwffHdwaCwHqmzvJgfpgwafndbCLCabvkGorjpvjrvwafofCJcBdHdwendaCFIKCwGBptyxJiAiBeaFCJznafwaendaCJCecsaeK",105,0.981481,100,108,2,106,2,2,0,2,2,33,31,41,41,34,34,19
"1689",88,"[100]GwffHdwaCwHqmzvJgfpgwafndbCLCabvkGorjpvjrvwafofCJcBdHdwendaCFIKCwGBptyxJiAiBeaFCJznafwaendaCJCecsaeK",108,1,100,107,0,107,0,0,0,0,0,37,37,36,36,34,34,19
"1690",89,"[100]GwffHdwaCwHqmzvJgfpgwafndbCLCabvkGorjpvjrvwafofCJcBdHdwendaCFIKCwGBptyxJiAiBeaFCJznafwaendaCJCecsaeK",109,0.990909,100,110,1,109,1,1,0,1,1,41,40,30,30,39,39,19
"1691",90,"[100]GwffHdwaCwHqmzvJgfpgwafndbCLCabvkGorjpvjrvwafofCJcBdHdwendaCFIKCwGBptyxJiAiBeaFCJznafwaendaCJCecsaeK",107,1,100,106,0,106,0,0,0,0,0,35,35,39,39,32,32,19
"1692",91,"[100]GwffHdwaCwHqmzvJgfpgwafndbCLCabvkGorjpvjrvwafofCJcBdHdwendaCFIKCwGBptyxJiAiBeaFCJznafwaendaCJCecsaeK",112,0.982609,100,115,2,113,2,2,0,2,2,37,35,30,30,48,48,19
"1693",92,"[100]GwffHdwaCwHqmzvJgfpgwafndbCLCabvkGorjpvjrvwafofCJcBdHdwendaCFIKCwGBptyxJiAiBeaFCJznafwaendaCJCecsaeK",107,1,100,106,0,106,0,0,0,0,0,37,37,36,36,33,33,19
"1694",93,"[100]GwffHdwaCwHqmzvJgfpgwafndbCLCabvkGorjpvjrvwafofCJcBdHdwendaCFIKCwGBptyxJiAiBeaFCJznafwaendaCJCecsaeK",110,1,100,109,0,109,0,0,0,0,0,32,32,38,38,39,39,19
"1695",94,"[100]GwffHdwaCwHqmzvJgfpgwafndbCLCabvkGorjpvjrvwafofCJcBdHdwendaCFIKCwGBptyxJiAiBeaFCJznafwaendaCJCecsaeK",102,0.946903,100,113,6,107,6,6,0,6,6,37,31,38,38,38,38,19
"1696",95,"[100]GwffHdwaCwHqmzvJgfpgwafndbCLCabvkGorjpvjrvwafofCJcBdHdwendaCFIKCwGBptyxJiAiBeaFCJznafwaendaCJCecsaeK",103,0.981132,100,106,2,104,2,2,0,2,2,39,37,37,37,30,30,19
"1697",96,"[100]GwffHdwaCwHqmzvJgfpgwafndbCLCabvkGorjpvjrvwafofCJcBdHdwendaCFIKCwGBptyxJiAiBeaFCJznafwaendaCJCecsaeK",110,0.990991,100,111,1,110,1,1,0,1,1,36,35,33,33,42,42,19
"1698",97,"[100]GwffHdwaCwHqmzvJgfpgwafndbCLCabvkGorjpvjrvwafofCJcBdHdwendaCFIKCwGBptyxJiAiBeaFCJznafwaendaCJCecsaeK",106,1,100,105,0,105,0,0,0,0,0,33,33,41,41,31,31,19
"1699",98,"[100]GwffHdwaCwHqmzvJgfpgwafndbCLCabvkGorjpvjrvwafofCJcBdHdwendaCFIKCwGBptyxJiAiBeaFCJznafwaendaCJCecsaeK",104,1,100,103,0,103,0,0,0,0,0,35,35,42,42,26,26,19
"1700",99,"[100]GwffHdwaCwHqmzvJgfpgwafndbCLCabvkGorjpvjrvwafofCJcBdHdwendaCFIKCwGBptyxJiAiBeaFCJznafwaendaCJCecsaeK",111,1,100,110,0,110,0,0,0,0,0,35,35,33,33,42,42,19
"1701",0,"[81]GDfeHdwaCDhqetFetwafndbCLCabaGGwwafofCJBdHdwendaCIKqIzAlBeaCebtafwaendaCJCafhuaeK",136,1,81,135,0,135,0,0,0,0,0,54,54,29,29,52,52,21
"1702",1,"[81]GDfeHdwaCDhqetFetwafndbCLCabaGGwwafofCJBdHdwendaCIKqIzAlBeaCebtafwaendaCJCafhuaeK",129,1,81,128,0,128,0,0,0,0,0,41,41,33,33,54,54,21
"1703",2,"[81]GDfeHdwaCDhqetFetwafndbCLCabaGGwwafofCJBdHdwendaCIKqIzAlBeaCebtafwaendaCJCafhuaeK",122,1,81,121,0,121,0,0,0,0,0,33,33,43,43,45,45,21
"1704",3,"[81]GDfeHdwaCDhqetFetwafndbCLCabaGGwwafofCJBdHdwendaCIKqIzAlBeaCebtafwaendaCJCafhuaeK",117,0.991525,81,118,1,117,1,1,0,1,1,42,41,41,41,35,35,21
"1705",4,"[81]GDfeHdwaCDhqetFetwafndbCLCabaGGwwafofCJBdHdwendaCIKqIzAlBeaCebtafwaendaCJCafhuaeK",134,1,81,133,0,133,0,0,0,0,0,44,44,42,42,47,47,21
"1706",5,"[81]GDfeHdwaCDhqetFetwafndbCLCabaGGwwafofCJBdHdwendaCIKqIzAlBeaCebtafwaendaCJCafhuaeK",122,0.99187,81,123,1,122,1,1,0,1,1,43,42,37,37,43,43,21
"1707",6,"[81]GDfeHdwaCDhqetFetwafndbCLCabaGGwwafofCJBdHdwendaCIKqIzAlBeaCebtafwaendaCJCafhuaeK",120,0.991736,81,121,1,120,1,1,0,1,1,36,35,43,43,42,42,21
"1708",7,"[81]GDfeHdwaCDhqetFetwafndbCLCabaGGwwafofCJBdHdwendaCIKqIzAlBeaCebtafwaendaCJCafhuaeK",123,1,81,122,0,122,0,0,0,0,0,44,44,38,38,40,40,21
"1709",8,"[81]GDfeHdwaCDhqetFetwafndbCLCabaGGwwafofCJBdHdwendaCIKqIzAlBeaCebtafwaendaCJCafhuaeK",123,0.991935,81,124,1,123,1,1,0,1,1,38,37,38,38,48,48,21
"1710",9,"[81]GDfeHdwaCDhqetFetwafndbCLCabaGGwwafofCJBdHdwendaCIKqIzAlBeaCebtafwaendaCJCafhuaeK",127,1,81,126,0,126,0,0,0,0,0,60,60,26,26,40,40,21
"1711",10,"[81]GDfeHdwaCDhqetFetwafndbCLCabaGGwwafofCJBdHdwendaCIKqIzAlBeaCebtafwaendaCJCafhuaeK",121,0.991803,81,122,1,121,1,1,0,1,1,46,45,43,43,33,33,21
"1712",11,"[81]GDfeHdwaCDhqetFetwafndbCLCabaGGwwafofCJBdHdwendaCIKqIzAlBeaCebtafwaendaCJCafhuaeK",129,0.992308,81,130,1,129,1,1,0,1,1,31,30,41,41,58,58,21
"1713",12,"[81]GDfeHdwaCDhqetFetwafndbCLCabaGGwwafofCJBdHdwendaCIKqIzAlBeaCebtafwaendaCJCafhuaeK",119,0.975806,81,124,3,121,3,3,0,3,3,32,29,46,46,46,46,21
"1714",13,"[81]GDfeHdwaCDhqetFetwafndbCLCabaGGwwafofCJBdHdwendaCIKqIzAlBeaCebtafwaendaCJCafhuaeK",120,1,81,119,0,119,0,0,0,0,0,45,45,38,38,36,36,21
"1715",14,"[81]GDfeHdwaCDhqetFetwafndbCLCabaGGwwafofCJBdHdwendaCIKqIzAlBeaCebtafwaendaCJCafhuaeK",123,0.991935,81,124,1,123,1,1,0,1,1,38,37,38,38,48,48,21
"1716",15,"[81]GDfeHdwaCDhqetFetwafndbCLCabaGGwwafofCJBdHdwendaCIKqIzAlBeaCebtafwaendaCJCafhuaeK",112,0.974359,81,117,3,114,3,3,0,3,3,48,45,40,40,29,29,21
"1717",16,"[81]GDfeHdwaCDhqetFetwafndbCLCabaGGwwafofCJBdHdwendaCIKqIzAlBeaCebtafwaendaCJCafhuaeK",116,0.991453,81,117,1,116,1,1,0,1,1,45,44,40,40,32,32,21
"1718",17,"[81]GDfeHdwaCDhqetFetwafndbCLCabaGGwwafofCJBdHdwendaCIKqIzAlBeaCebtafwaendaCJCafhuaeK",124,1,81,123,0,123,0,0,0,0,0,39,39,41,41,43,43,21
"1719",18,"[81]GDfeHdwaCDhqetFetwafndbCLCabaGGwwafofCJBdHdwendaCIKqIzAlBeaCebtafwaendaCJCafhuaeK",119,0.991667,81,120,1,119,1,1,0,1,1,41,40,39,39,40,40,21
"1720",19,"[81]GDfeHdwaCDhqetFetwafndbCLCabaGGwwafofCJBdHdwendaCIKqIzAlBeaCebtafwaendaCJCafhuaeK",117,0.983333,81,120,2,118,2,2,0,2,2,36,34,44,44,40,40,21
"1721",20,"[81]GDfeHdwaCDhqetFetwafndbCLCabaGGwwafofCJBdHdwendaCIKqIzAlBeaCebtafwaendaCJCafhuaeK",123,1,81,122,0,122,0,0,0,0,0,45,45,33,33,44,44,21
"1722",21,"[81]GDfeHdwaCDhqetFetwafndbCLCabaGGwwafofCJBdHdwendaCIKqIzAlBeaCebtafwaendaCJCafhuaeK",119,1,81,118,0,118,0,0,0,0,0,39,39,41,41,38,38,21
"1723",22,"[81]GDfeHdwaCDhqetFetwafndbCLCabaGGwwafofCJBdHdwendaCIKqIzAlBeaCebtafwaendaCJCafhuaeK",119,1,81,118,0,118,0,0,0,0,0,35,35,44,44,39,39,21
"1724",23,"[81]GDfeHdwaCDhqetFetwafndbCLCabaGGwwafofCJBdHdwendaCIKqIzAlBeaCebtafwaendaCJCafhuaeK",119,0.975806,81,124,3,121,3,3,0,3,3,29,26,53,53,42,42,21
"1725",24,"[81]GDfeHdwaCDhqetFetwafndbCLCabaGGwwafofCJBdHdwendaCIKqIzAlBeaCebtafwaendaCJCafhuaeK",115,0.983051,81,118,2,116,2,2,0,2,2,34,32,46,46,38,38,21
"1726",25,"[81]GDfeHdwaCDhqetFetwafndbCLCabaGGwwafofCJBdHdwendaCIKqIzAlBeaCebtafwaendaCJCafhuaeK",121,0.991803,81,122,1,121,1,1,0,1,1,40,39,38,38,44,44,21
"1727",26,"[81]GDfeHdwaCDhqetFetwafndbCLCabaGGwwafofCJBdHdwendaCIKqIzAlBeaCebtafwaendaCJCafhuaeK",125,0.992063,81,126,1,125,1,1,0,1,1,43,42,36,36,47,47,21
"1728",27,"[81]GDfeHdwaCDhqetFetwafndbCLCabaGGwwafofCJBdHdwendaCIKqIzAlBeaCebtafwaendaCJCafhuaeK",123,0.991935,81,124,1,123,1,1,0,1,1,50,49,30,30,44,44,21
"1729",28,"[81]GDfeHdwaCDhqetFetwafndbCLCabaGGwwafofCJBdHdwendaCIKqIzAlBeaCebtafwaendaCJCafhuaeK",126,1,81,125,0,125,0,0,0,0,0,33,33,44,44,48,48,21
"1730",29,"[81]GDfeHdwaCDhqetFetwafndbCLCabaGGwwafofCJBdHdwendaCIKqIzAlBeaCebtafwaendaCJCafhuaeK",123,0.976562,81,128,3,125,3,3,0,3,3,39,36,45,45,44,44,21
"1731",30,"[81]GDfeHdwaCDhqetFetwafndbCLCabaGGwwafofCJBdHdwendaCIKqIzAlBeaCebtafwaendaCJCafhuaeK",122,0.99187,81,123,1,122,1,1,0,1,1,45,44,36,36,42,42,21
"1732",31,"[81]GDfeHdwaCDhqetFetwafndbCLCabaGGwwafofCJBdHdwendaCIKqIzAlBeaCebtafwaendaCJCafhuaeK",116,0.983193,81,119,2,117,2,2,0,2,2,38,36,43,43,38,38,21
"1733",32,"[81]GDfeHdwaCDhqetFetwafndbCLCabaGGwwafofCJBdHdwendaCIKqIzAlBeaCebtafwaendaCJCafhuaeK",133,1,81,132,0,132,0,0,0,0,0,44,44,43,43,45,45,21
"1734",33,"[81]GDfeHdwaCDhqetFetwafndbCLCabaGGwwafofCJBdHdwendaCIKqIzAlBeaCebtafwaendaCJCafhuaeK",125,1,81,124,0,124,0,0,0,0,0,38,38,44,44,42,42,21
"1735",34,"[81]GDfeHdwaCDhqetFetwafndbCLCabaGGwwafofCJBdHdwendaCIKqIzAlBeaCebtafwaendaCJCafhuaeK",112,0.982609,81,115,2,113,2,2,0,2,2,41,39,44,44,30,30,21
"1736",35,"[81]GDfeHdwaCDhqetFetwafndbCLCabaGGwwafofCJBdHdwendaCIKqIzAlBeaCebtafwaendaCJCafhuaeK",121,0.991803,81,122,1,121,1,1,0,1,1,33,32,44,44,45,45,21
"1737",36,"[81]GDfeHdwaCDhqetFetwafndbCLCabaGGwwafofCJBdHdwendaCIKqIzAlBeaCebtafwaendaCJCafhuaeK",120,0.991736,81,121,1,120,1,1,0,1,1,42,41,38,38,41,41,21
"1738",37,"[81]GDfeHdwaCDhqetFetwafndbCLCabaGGwwafofCJBdHdwendaCIKqIzAlBeaCebtafwaendaCJCafhuaeK",121,1,81,120,0,120,0,0,0,0,0,44,44,40,40,36,36,21
"1739",38,"[81]GDfeHdwaCDhqetFetwafndbCLCabaGGwwafofCJBdHdwendaCIKqIzAlBeaCebtafwaendaCJCafhuaeK",118,1,81,117,0,117,0,0,0,0,0,35,35,45,45,37,37,21
"1740",39,"[81]GDfeHdwaCDhqetFetwafndbCLCabaGGwwafofCJBdHdwendaCIKqIzAlBeaCebtafwaendaCJCafhuaeK",120,0.991736,81,121,1,120,1,1,0,1,1,39,38,39,39,43,43,21
"1741",40,"[81]GDfeHdwaCDhqetFetwafndbCLCabaGGwwafofCJBdHdwendaCIKqIzAlBeaCebtafwaendaCJCafhuaeK",121,0.991803,81,122,1,121,1,1,0,1,1,44,43,39,39,39,39,21
"1742",41,"[81]GDfeHdwaCDhqetFetwafndbCLCabaGGwwafofCJBdHdwendaCIKqIzAlBeaCebtafwaendaCJCafhuaeK",113,0.991228,81,114,1,113,1,1,0,1,1,38,37,46,46,30,30,21
"1743",42,"[81]GDfeHdwaCDhqetFetwafndbCLCabaGGwwafofCJBdHdwendaCIKqIzAlBeaCebtafwaendaCJCafhuaeK",112,1,81,111,0,111,0,0,0,0,0,31,31,52,52,28,28,21
"1744",43,"[81]GDfeHdwaCDhqetFetwafndbCLCabaGGwwafofCJBdHdwendaCIKqIzAlBeaCebtafwaendaCJCafhuaeK",117,1,81,116,0,116,0,0,0,0,0,38,38,43,43,35,35,21
"1745",44,"[81]GDfeHdwaCDhqetFetwafndbCLCabaGGwwafofCJBdHdwendaCIKqIzAlBeaCebtafwaendaCJCafhuaeK",118,1,81,117,0,117,0,0,0,0,0,47,47,38,38,32,32,21
"1746",45,"[81]GDfeHdwaCDhqetFetwafndbCLCabaGGwwafofCJBdHdwendaCIKqIzAlBeaCebtafwaendaCJCafhuaeK",117,0.983333,81,120,2,118,2,2,0,2,2,41,39,41,41,38,38,21
"1747",46,"[81]GDfeHdwaCDhqetFetwafndbCLCabaGGwwafofCJBdHdwendaCIKqIzAlBeaCebtafwaendaCJCafhuaeK",121,0.991803,81,122,1,121,1,1,0,1,1,46,45,35,35,41,41,21
"1748",47,"[81]GDfeHdwaCDhqetFetwafndbCLCabaGGwwafofCJBdHdwendaCIKqIzAlBeaCebtafwaendaCJCafhuaeK",114,0.991304,81,115,1,114,1,1,0,1,1,41,40,42,42,32,32,21
"1749",48,"[81]GDfeHdwaCDhqetFetwafndbCLCabaGGwwafofCJBdHdwendaCIKqIzAlBeaCebtafwaendaCJCafhuaeK",128,1,81,127,0,127,0,0,0,0,0,44,44,31,31,52,52,21
"1750",49,"[81]GDfeHdwaCDhqetFetwafndbCLCabaGGwwafofCJBdHdwendaCIKqIzAlBeaCebtafwaendaCJCafhuaeK",117,0.983333,81,120,2,118,2,2,0,2,2,45,43,40,40,35,35,21
"1751",50,"[81]GDfeHdwaCDhqetFetwafndbCLCabaGGwwafofCJBdHdwendaCIKqIzAlBeaCebtafwaendaCJCafhuaeK",120,1,81,119,0,119,0,0,0,0,0,36,36,42,42,41,41,21
"1752",51,"[81]GDfeHdwaCDhqetFetwafndbCLCabaGGwwafofCJBdHdwendaCIKqIzAlBeaCebtafwaendaCJCafhuaeK",116,0.991453,81,117,1,116,1,1,0,1,1,39,38,42,42,36,36,21
"1753",52,"[81]GDfeHdwaCDhqetFetwafndbCLCabaGGwwafofCJBdHdwendaCIKqIzAlBeaCebtafwaendaCJCafhuaeK",115,1,81,114,0,114,0,0,0,0,0,40,40,42,42,32,32,21
"1754",53,"[81]GDfeHdwaCDhqetFetwafndbCLCabaGGwwafofCJBdHdwendaCIKqIzAlBeaCebtafwaendaCJCafhuaeK",122,0.99187,81,123,1,122,1,1,0,1,1,46,45,33,33,44,44,21
"1755",54,"[81]GDfeHdwaCDhqetFetwafndbCLCabaGGwwafofCJBdHdwendaCIKqIzAlBeaCebtafwaendaCJCafhuaeK",119,0.991667,81,120,1,119,1,1,0,1,1,39,38,43,43,38,38,21
"1756",55,"[81]GDfeHdwaCDhqetFetwafndbCLCabaGGwwafofCJBdHdwendaCIKqIzAlBeaCebtafwaendaCJCafhuaeK",121,1,81,120,0,120,0,0,0,0,0,43,43,37,37,40,40,21
"1757",56,"[81]GDfeHdwaCDhqetFetwafndbCLCabaGGwwafofCJBdHdwendaCIKqIzAlBeaCebtafwaendaCJCafhuaeK",109,0.95,81,120,6,114,6,6,0,6,6,37,31,48,48,35,35,21
"1758",57,"[81]GDfeHdwaCDhqetFetwafndbCLCabaGGwwafofCJBdHdwendaCIKqIzAlBeaCebtafwaendaCJCafhuaeK",122,1,81,121,0,121,0,0,0,0,0,36,36,40,40,45,45,21
"1759",58,"[81]GDfeHdwaCDhqetFetwafndbCLCabaGGwwafofCJBdHdwendaCIKqIzAlBeaCebtafwaendaCJCafhuaeK",119,0.991667,81,120,1,119,1,1,0,1,1,43,42,39,39,38,38,21
"1760",59,"[81]GDfeHdwaCDhqetFetwafndbCLCabaGGwwafofCJBdHdwendaCIKqIzAlBeaCebtafwaendaCJCafhuaeK",129,0.992308,81,130,1,129,1,1,0,1,1,51,50,32,32,47,47,21
"1761",60,"[81]GDfeHdwaCDhqetFetwafndbCLCabaGGwwafofCJBdHdwendaCIKqIzAlBeaCebtafwaendaCJCafhuaeK",116,1,81,115,0,115,0,0,0,0,0,40,40,44,44,31,31,21
"1762",61,"[81]GDfeHdwaCDhqetFetwafndbCLCabaGGwwafofCJBdHdwendaCIKqIzAlBeaCebtafwaendaCJCafhuaeK",127,1,81,126,0,126,0,0,0,0,0,44,44,33,33,49,49,21
"1763",62,"[81]GDfeHdwaCDhqetFetwafndbCLCabaGGwwafofCJBdHdwendaCIKqIzAlBeaCebtafwaendaCJCafhuaeK",126,0.992126,81,127,1,126,1,1,0,1,1,53,52,35,35,39,39,21
"1764",63,"[81]GDfeHdwaCDhqetFetwafndbCLCabaGGwwafofCJBdHdwendaCIKqIzAlBeaCebtafwaendaCJCafhuaeK",127,1,81,126,0,126,0,0,0,0,0,39,39,40,40,47,47,21
"1765",64,"[81]GDfeHdwaCDhqetFetwafndbCLCabaGGwwafofCJBdHdwendaCIKqIzAlBeaCebtafwaendaCJCafhuaeK",114,0.982906,81,117,2,115,2,2,0,2,2,39,37,44,44,34,34,21
"1766",65,"[81]GDfeHdwaCDhqetFetwafndbCLCabaGGwwafofCJBdHdwendaCIKqIzAlBeaCebtafwaendaCJCafhuaeK",117,1,81,116,0,116,0,0,0,0,0,41,41,40,40,35,35,21
"1767",66,"[81]GDfeHdwaCDhqetFetwafndbCLCabaGGwwafofCJBdHdwendaCIKqIzAlBeaCebtafwaendaCJCafhuaeK",117,0.991525,81,118,1,117,1,1,0,1,1,30,29,48,48,40,40,21
"1768",67,"[81]GDfeHdwaCDhqetFetwafndbCLCabaGGwwafofCJBdHdwendaCIKqIzAlBeaCebtafwaendaCJCafhuaeK",117,1,81,116,0,116,0,0,0,0,0,43,43,39,39,34,34,21
"1769",68,"[81]GDfeHdwaCDhqetFetwafndbCLCabaGGwwafofCJBdHdwendaCIKqIzAlBeaCebtafwaendaCJCafhuaeK",118,1,81,117,0,117,0,0,0,0,0,39,39,43,43,35,35,21
"1770",69,"[81]GDfeHdwaCDhqetFetwafndbCLCabaGGwwafofCJBdHdwendaCIKqIzAlBeaCebtafwaendaCJCafhuaeK",116,0.975207,81,121,3,118,3,3,0,3,3,40,37,41,41,40,40,21
"1771",70,"[81]GDfeHdwaCDhqetFetwafndbCLCabaGGwwafofCJBdHdwendaCIKqIzAlBeaCebtafwaendaCJCafhuaeK",116,0.96748,81,123,4,119,4,4,0,4,4,34,30,45,45,44,44,21
"1772",71,"[81]GDfeHdwaCDhqetFetwafndbCLCabaGGwwafofCJBdHdwendaCIKqIzAlBeaCebtafwaendaCJCafhuaeK",115,0.975,81,120,3,117,3,3,0,3,3,39,36,43,43,38,38,21
"1773",72,"[81]GDfeHdwaCDhqetFetwafndbCLCabaGGwwafofCJBdHdwendaCIKqIzAlBeaCebtafwaendaCJCafhuaeK",120,0.991736,81,121,1,120,1,1,0,1,1,49,48,35,35,37,37,21
"1774",73,"[81]GDfeHdwaCDhqetFetwafndbCLCabaGGwwafofCJBdHdwendaCIKqIzAlBeaCebtafwaendaCJCafhuaeK",124,0.992,81,125,1,124,1,1,0,1,1,41,40,42,42,42,42,21
"1775",74,"[81]GDfeHdwaCDhqetFetwafndbCLCabaGGwwafofCJBdHdwendaCIKqIzAlBeaCebtafwaendaCJCafhuaeK",110,0.973913,81,115,3,112,3,3,0,3,3,50,47,38,38,27,27,21
"1776",75,"[81]GDfeHdwaCDhqetFetwafndbCLCabaGGwwafofCJBdHdwendaCIKqIzAlBeaCebtafwaendaCJCafhuaeK",117,1,81,116,0,116,0,0,0,0,0,41,41,40,40,35,35,21
"1777",76,"[81]GDfeHdwaCDhqetFetwafndbCLCabaGGwwafofCJBdHdwendaCIKqIzAlBeaCebtafwaendaCJCafhuaeK",112,0.99115,81,113,1,112,1,1,0,1,1,32,31,51,51,30,30,21
"1778",77,"[81]GDfeHdwaCDhqetFetwafndbCLCabaGGwwafofCJBdHdwendaCIKqIzAlBeaCebtafwaendaCJCafhuaeK",122,1,81,121,0,121,0,0,0,0,0,32,32,49,49,40,40,21
"1779",78,"[81]GDfeHdwaCDhqetFetwafndbCLCabaGGwwafofCJBdHdwendaCIKqIzAlBeaCebtafwaendaCJCafhuaeK",113,0.966667,81,120,4,116,4,4,0,4,4,41,37,42,42,37,37,21
"1780",79,"[81]GDfeHdwaCDhqetFetwafndbCLCabaGGwwafofCJBdHdwendaCIKqIzAlBeaCebtafwaendaCJCafhuaeK",117,0.983333,81,120,2,118,2,2,0,2,2,34,32,47,47,39,39,21
"1781",80,"[81]GDfeHdwaCDhqetFetwafndbCLCabaGGwwafofCJBdHdwendaCIKqIzAlBeaCebtafwaendaCJCafhuaeK",133,1,81,132,0,132,0,0,0,0,0,47,47,38,38,47,47,21
"1782",81,"[81]GDfeHdwaCDhqetFetwafndbCLCabaGGwwafofCJBdHdwendaCIKqIzAlBeaCebtafwaendaCJCafhuaeK",119,1,81,118,0,118,0,0,0,0,0,40,40,41,41,37,37,21
"1783",82,"[81]GDfeHdwaCDhqetFetwafndbCLCabaGGwwafofCJBdHdwendaCIKqIzAlBeaCebtafwaendaCJCafhuaeK",121,1,81,120,0,120,0,0,0,0,0,36,36,41,41,43,43,21
"1784",83,"[81]GDfeHdwaCDhqetFetwafndbCLCabaGGwwafofCJBdHdwendaCIKqIzAlBeaCebtafwaendaCJCafhuaeK",114,0.991304,81,115,1,114,1,1,0,1,1,34,33,47,47,34,34,21
"1785",84,"[81]GDfeHdwaCDhqetFetwafndbCLCabaGGwwafofCJBdHdwendaCIKqIzAlBeaCebtafwaendaCJCafhuaeK",128,1,81,127,0,127,0,0,0,0,0,42,42,42,42,43,43,21
"1786",85,"[81]GDfeHdwaCDhqetFetwafndbCLCabaGGwwafofCJBdHdwendaCIKqIzAlBeaCebtafwaendaCJCafhuaeK",121,0.983871,81,124,2,122,2,2,0,2,2,42,40,39,39,43,43,21
"1787",86,"[81]GDfeHdwaCDhqetFetwafndbCLCabaGGwwafofCJBdHdwendaCIKqIzAlBeaCebtafwaendaCJCafhuaeK",125,1,81,124,0,124,0,0,0,0,0,32,32,44,44,48,48,21
"1788",87,"[81]GDfeHdwaCDhqetFetwafndbCLCabaGGwwafofCJBdHdwendaCIKqIzAlBeaCebtafwaendaCJCafhuaeK",121,0.991803,81,122,1,121,1,1,0,1,1,39,38,39,39,44,44,21
"1789",88,"[81]GDfeHdwaCDhqetFetwafndbCLCabaGGwwafofCJBdHdwendaCIKqIzAlBeaCebtafwaendaCJCafhuaeK",119,1,81,118,0,118,0,0,0,0,0,38,38,41,41,39,39,21
"1790",89,"[81]GDfeHdwaCDhqetFetwafndbCLCabaGGwwafofCJBdHdwendaCIKqIzAlBeaCebtafwaendaCJCafhuaeK",131,1,81,130,0,130,0,0,0,0,0,44,44,33,33,53,53,21
"1791",90,"[81]GDfeHdwaCDhqetFetwafndbCLCabaGGwwafofCJBdHdwendaCIKqIzAlBeaCebtafwaendaCJCafhuaeK",121,0.97619,81,126,3,123,3,3,0,3,3,42,39,41,41,43,43,21
"1792",91,"[81]GDfeHdwaCDhqetFetwafndbCLCabaGGwwafofCJBdHdwendaCIKqIzAlBeaCebtafwaendaCJCafhuaeK",127,1,81,126,0,126,0,0,0,0,0,40,40,38,38,48,48,21
"1793",92,"[81]GDfeHdwaCDhqetFetwafndbCLCabaGGwwafofCJBdHdwendaCIKqIzAlBeaCebtafwaendaCJCafhuaeK",117,0.991525,81,118,1,117,1,1,0,1,1,43,42,40,40,35,35,21
"1794",93,"[81]GDfeHdwaCDhqetFetwafndbCLCabaGGwwafofCJBdHdwendaCIKqIzAlBeaCebtafwaendaCJCafhuaeK",109,0.982143,81,112,2,110,2,2,0,2,2,46,44,42,42,24,24,21
"1795",94,"[81]GDfeHdwaCDhqetFetwafndbCLCabaGGwwafofCJBdHdwendaCIKqIzAlBeaCebtafwaendaCJCafhuaeK",120,1,81,119,0,119,0,0,0,0,0,38,38,42,42,39,39,21
"1796",95,"[81]GDfeHdwaCDhqetFetwafndbCLCabaGGwwafofCJBdHdwendaCIKqIzAlBeaCebtafwaendaCJCafhuaeK",119,1,81,118,0,118,0,0,0,0,0,43,43,38,38,37,37,21
"1797",96,"[81]GDfeHdwaCDhqetFetwafndbCLCabaGGwwafofCJBdHdwendaCIKqIzAlBeaCebtafwaendaCJCafhuaeK",115,0.991379,81,116,1,115,1,1,0,1,1,47,46,38,38,31,31,21
"1798",97,"[81]GDfeHdwaCDhqetFetwafndbCLCabaGGwwafofCJBdHdwendaCIKqIzAlBeaCebtafwaendaCJCafhuaeK",119,0.991667,81,120,1,119,1,1,0,1,1,39,38,41,41,40,40,21
"1799",98,"[81]GDfeHdwaCDhqetFetwafndbCLCabaGGwwafofCJBdHdwendaCIKqIzAlBeaCebtafwaendaCJCafhuaeK",118,0.991597,81,119,1,118,1,1,0,1,1,36,35,43,43,40,40,21
"1800",99,"[81]GDfeHdwaCDhqetFetwafndbCLCabaGGwwafofCJBdHdwendaCIKqIzAlBeaCebtafwaendaCJCafhuaeK",124,1,81,123,0,123,0,0,0,0,0,52,52,32,32,39,39,21
"1801",0,"[85]GjfffHdwaChqeegbHleuHmwandbCLCefKlIizwafnfCJBdwHdwandfqIKCabjaeDfCsBpkafwendqJCabmKeK",105,0.981481,85,108,2,106,2,2,0,2,2,42,40,40,40,26,26,24
"1802",1,"[85]GjfffHdwaChqeegbHleuHmwandbCLCefKlIizwafnfCJBdwHdwandfqIKCabjaeDfCsBpkafwendqJCabmKeK",108,0.957265,85,117,5,112,5,5,0,5,5,35,30,45,45,37,37,24
"1803",2,"[85]GjfffHdwaChqeegbHleuHmwandbCLCefKlIizwafnfCJBdwHdwandfqIKCabjaeDfCsBpkafwendqJCabmKeK",113,0.982759,85,116,2,114,2,2,0,2,2,36,34,41,41,39,39,24
"1804",3,"[85]GjfffHdwaChqeegbHleuHmwandbCLCefKlIizwafnfCJBdwHdwandfqIKCabjaeDfCsBpkafwendqJCabmKeK",122,1,85,121,0,121,0,0,0,0,0,39,39,35,35,47,47,24
"1805",4,"[85]GjfffHdwaChqeegbHleuHmwandbCLCefKlIizwafnfCJBdwHdwandfqIKCabjaeDfCsBpkafwendqJCabmKeK",114,0.982906,85,117,2,115,2,2,0,2,2,45,43,37,37,35,35,24
"1806",5,"[85]GjfffHdwaChqeegbHleuHmwandbCLCefKlIizwafnfCJBdwHdwandfqIKCabjaeDfCsBpkafwendqJCabmKeK",117,0.983333,85,120,2,118,2,2,0,2,2,35,33,38,38,47,47,24
"1807",6,"[85]GjfffHdwaChqeegbHleuHmwandbCLCefKlIizwafnfCJBdwHdwandfqIKCabjaeDfCsBpkafwendqJCabmKeK",112,1,85,111,0,111,0,0,0,0,0,35,35,40,40,36,36,24
"1808",7,"[85]GjfffHdwaChqeegbHleuHmwandbCLCefKlIizwafnfCJBdwHdwandfqIKCabjaeDfCsBpkafwendqJCabmKeK",113,1,85,112,0,112,0,0,0,0,0,32,32,48,48,32,32,24
"1809",8,"[85]GjfffHdwaChqeegbHleuHmwandbCLCefKlIizwafnfCJBdwHdwandfqIKCabjaeDfCsBpkafwendqJCabmKeK",110,1,85,109,0,109,0,0,0,0,0,47,47,33,33,29,29,24
"1810",9,"[85]GjfffHdwaChqeegbHleuHmwandbCLCefKlIizwafnfCJBdwHdwandfqIKCabjaeDfCsBpkafwendqJCabmKeK",123,0.991935,85,124,1,123,1,1,0,1,1,40,39,31,31,53,53,24
"1811",10,"[85]GjfffHdwaChqeegbHleuHmwandbCLCefKlIizwafnfCJBdwHdwandfqIKCabjaeDfCsBpkafwendqJCabmKeK",117,1,85,116,0,116,0,0,0,0,0,29,29,45,45,42,42,24
"1812",11,"[85]GjfffHdwaChqeegbHleuHmwandbCLCefKlIizwafnfCJBdwHdwandfqIKCabjaeDfCsBpkafwendqJCabmKeK",110,0.990991,85,111,1,110,1,1,0,1,1,41,40,37,37,33,33,24
"1813",12,"[85]GjfffHdwaChqeegbHleuHmwandbCLCefKlIizwafnfCJBdwHdwandfqIKCabjaeDfCsBpkafwendqJCabmKeK",114,0.991304,85,115,1,114,1,1,0,1,1,47,46,31,31,37,37,24
"1814",13,"[85]GjfffHdwaChqeegbHleuHmwandbCLCefKlIizwafnfCJBdwHdwandfqIKCabjaeDfCsBpkafwendqJCabmKeK",115,1,85,114,0,114,0,0,0,0,0,44,44,32,32,38,38,24
"1815",14,"[85]GjfffHdwaChqeegbHleuHmwandbCLCefKlIizwafnfCJBdwHdwandfqIKCabjaeDfCsBpkafwendqJCabmKeK",113,0.991228,85,114,1,113,1,1,0,1,1,39,38,36,36,39,39,24
"1816",15,"[85]GjfffHdwaChqeegbHleuHmwandbCLCefKlIizwafnfCJBdwHdwandfqIKCabjaeDfCsBpkafwendqJCabmKeK",115,0.991379,85,116,1,115,1,1,0,1,1,41,40,32,32,43,43,24
"1817",16,"[85]GjfffHdwaChqeegbHleuHmwandbCLCefKlIizwafnfCJBdwHdwandfqIKCabjaeDfCsBpkafwendqJCabmKeK",115,1,85,114,0,114,0,0,0,0,0,36,36,39,39,39,39,24
"1818",17,"[85]GjfffHdwaChqeegbHleuHmwandbCLCefKlIizwafnfCJBdwHdwandfqIKCabjaeDfCsBpkafwendqJCabmKeK",116,1,85,115,0,115,0,0,0,0,0,33,33,39,39,43,43,24
"1819",18,"[85]GjfffHdwaChqeegbHleuHmwandbCLCefKlIizwafnfCJBdwHdwandfqIKCabjaeDfCsBpkafwendqJCabmKeK",118,1,85,117,0,117,0,0,0,0,0,43,43,30,30,44,44,24
"1820",19,"[85]GjfffHdwaChqeegbHleuHmwandbCLCefKlIizwafnfCJBdwHdwandfqIKCabjaeDfCsBpkafwendqJCabmKeK",117,0.991525,85,118,1,117,1,1,0,1,1,38,37,40,40,40,40,24
"1821",20,"[85]GjfffHdwaChqeegbHleuHmwandbCLCefKlIizwafnfCJBdwHdwandfqIKCabjaeDfCsBpkafwendqJCabmKeK",111,1,85,110,0,110,0,0,0,0,0,39,39,42,42,29,29,24
"1822",21,"[85]GjfffHdwaChqeegbHleuHmwandbCLCefKlIizwafnfCJBdwHdwandfqIKCabjaeDfCsBpkafwendqJCabmKeK",116,0.991453,85,117,1,116,1,1,0,1,1,38,37,35,35,44,44,24
"1823",22,"[85]GjfffHdwaChqeegbHleuHmwandbCLCefKlIizwafnfCJBdwHdwandfqIKCabjaeDfCsBpkafwendqJCabmKeK",112,0.99115,85,113,1,112,1,1,0,1,1,40,39,40,40,33,33,24
"1824",23,"[85]GjfffHdwaChqeegbHleuHmwandbCLCefKlIizwafnfCJBdwHdwandfqIKCabjaeDfCsBpkafwendqJCabmKeK",117,1,85,116,0,116,0,0,0,0,0,35,35,42,42,39,39,24
"1825",24,"[85]GjfffHdwaChqeegbHleuHmwandbCLCefKlIizwafnfCJBdwHdwandfqIKCabjaeDfCsBpkafwendqJCabmKeK",114,0.991304,85,115,1,114,1,1,0,1,1,34,33,45,45,36,36,24
"1826",25,"[85]GjfffHdwaChqeegbHleuHmwandbCLCefKlIizwafnfCJBdwHdwandfqIKCabjaeDfCsBpkafwendqJCabmKeK",111,1,85,110,0,110,0,0,0,0,0,36,36,43,43,31,31,24
"1827",26,"[85]GjfffHdwaChqeegbHleuHmwandbCLCefKlIizwafnfCJBdwHdwandfqIKCabjaeDfCsBpkafwendqJCabmKeK",116,1,85,115,0,115,0,0,0,0,0,36,36,42,42,37,37,24
"1828",27,"[85]GjfffHdwaChqeegbHleuHmwandbCLCefKlIizwafnfCJBdwHdwandfqIKCabjaeDfCsBpkafwendqJCabmKeK",108,0.973451,85,113,3,110,3,3,0,3,3,52,49,31,31,30,30,24
"1829",28,"[85]GjfffHdwaChqeegbHleuHmwandbCLCefKlIizwafnfCJBdwHdwandfqIKCabjaeDfCsBpkafwendqJCabmKeK",111,1,85,110,0,110,0,0,0,0,0,35,35,44,44,31,31,24
"1830",29,"[85]GjfffHdwaChqeegbHleuHmwandbCLCefKlIizwafnfCJBdwHdwandfqIKCabjaeDfCsBpkafwendqJCabmKeK",117,0.991525,85,118,1,117,1,1,0,1,1,31,30,44,44,43,43,24
"1831",30,"[85]GjfffHdwaChqeegbHleuHmwandbCLCefKlIizwafnfCJBdwHdwandfqIKCabjaeDfCsBpkafwendqJCabmKeK",110,0.990991,85,111,1,110,1,1,0,1,1,48,47,33,33,30,30,24
"1832",31,"[85]GjfffHdwaChqeegbHleuHmwandbCLCefKlIizwafnfCJBdwHdwandfqIKCabjaeDfCsBpkafwendqJCabmKeK",111,0.974138,85,116,3,113,3,3,0,3,3,35,32,42,42,39,39,24
"1833",32,"[85]GjfffHdwaChqeegbHleuHmwandbCLCefKlIizwafnfCJBdwHdwandfqIKCabjaeDfCsBpkafwendqJCabmKeK",105,0.990566,85,106,1,105,1,1,0,1,1,42,41,41,41,23,23,24
"1834",33,"[85]GjfffHdwaChqeegbHleuHmwandbCLCefKlIizwafnfCJBdwHdwandfqIKCabjaeDfCsBpkafwendqJCabmKeK",110,1,85,109,0,109,0,0,0,0,0,39,39,39,39,31,31,24
"1835",34,"[85]GjfffHdwaChqeegbHleuHmwandbCLCefKlIizwafnfCJBdwHdwandfqIKCabjaeDfCsBpkafwendqJCabmKeK",108,0.965217,85,115,4,111,4,4,0,4,4,44,40,37,37,34,34,24
"1836",35,"[85]GjfffHdwaChqeegbHleuHmwandbCLCefKlIizwafnfCJBdwHdwandfqIKCabjaeDfCsBpkafwendqJCabmKeK",117,1,85,116,0,116,0,0,0,0,0,38,38,35,35,43,43,24
"1837",36,"[85]GjfffHdwaChqeegbHleuHmwandbCLCefKlIizwafnfCJBdwHdwandfqIKCabjaeDfCsBpkafwendqJCabmKeK",112,0.974359,85,117,3,114,3,3,0,3,3,39,36,36,36,42,42,24
"1838",37,"[85]GjfffHdwaChqeegbHleuHmwandbCLCefKlIizwafnfCJBdwHdwandfqIKCabjaeDfCsBpkafwendqJCabmKeK",116,0.983193,85,119,2,117,2,2,0,2,2,41,39,35,35,43,43,24
"1839",38,"[85]GjfffHdwaChqeegbHleuHmwandbCLCefKlIizwafnfCJBdwHdwandfqIKCabjaeDfCsBpkafwendqJCabmKeK",118,0.991597,85,119,1,118,1,1,0,1,1,42,41,33,33,44,44,24
"1840",39,"[85]GjfffHdwaChqeegbHleuHmwandbCLCefKlIizwafnfCJBdwHdwandfqIKCabjaeDfCsBpkafwendqJCabmKeK",108,0.965217,85,115,4,111,4,4,0,4,4,36,32,43,43,36,36,24
"1841",40,"[85]GjfffHdwaChqeegbHleuHmwandbCLCefKlIizwafnfCJBdwHdwandfqIKCabjaeDfCsBpkafwendqJCabmKeK",116,0.991453,85,117,1,116,1,1,0,1,1,37,36,37,37,43,43,24
"1842",41,"[85]GjfffHdwaChqeegbHleuHmwandbCLCefKlIizwafnfCJBdwHdwandfqIKCabjaeDfCsBpkafwendqJCabmKeK",114,1,85,113,0,113,0,0,0,0,0,32,32,41,41,40,40,24
"1843",42,"[85]GjfffHdwaChqeegbHleuHmwandbCLCefKlIizwafnfCJBdwHdwandfqIKCabjaeDfCsBpkafwendqJCabmKeK",115,0.991379,85,116,1,115,1,1,0,1,1,36,35,37,37,43,43,24
"1844",43,"[85]GjfffHdwaChqeegbHleuHmwandbCLCefKlIizwafnfCJBdwHdwandfqIKCabjaeDfCsBpkafwendqJCabmKeK",114,0.991304,85,115,1,114,1,1,0,1,1,41,40,33,33,41,41,24
"1845",44,"[85]GjfffHdwaChqeegbHleuHmwandbCLCefKlIizwafnfCJBdwHdwandfqIKCabjaeDfCsBpkafwendqJCabmKeK",116,0.991453,85,117,1,116,1,1,0,1,1,37,36,36,36,44,44,24
"1846",45,"[85]GjfffHdwaChqeegbHleuHmwandbCLCefKlIizwafnfCJBdwHdwandfqIKCabjaeDfCsBpkafwendqJCabmKeK",115,1,85,114,0,114,0,0,0,0,0,30,30,44,44,40,40,24
"1847",46,"[85]GjfffHdwaChqeegbHleuHmwandbCLCefKlIizwafnfCJBdwHdwandfqIKCabjaeDfCsBpkafwendqJCabmKeK",123,0.976562,85,128,3,125,3,3,0,3,3,42,39,36,36,50,50,24
"1848",47,"[85]GjfffHdwaChqeegbHleuHmwandbCLCefKlIizwafnfCJBdwHdwandfqIKCabjaeDfCsBpkafwendqJCabmKeK",121,0.983871,85,124,2,122,2,2,0,2,2,40,38,35,35,49,49,24
"1849",48,"[85]GjfffHdwaChqeegbHleuHmwandbCLCefKlIizwafnfCJBdwHdwandfqIKCabjaeDfCsBpkafwendqJCabmKeK",114,1,85,113,0,113,0,0,0,0,0,38,38,38,38,37,37,24
"1850",49,"[85]GjfffHdwaChqeegbHleuHmwandbCLCefKlIizwafnfCJBdwHdwandfqIKCabjaeDfCsBpkafwendqJCabmKeK",115,1,85,114,0,114,0,0,0,0,0,41,41,33,33,40,40,24
"1851",50,"[85]GjfffHdwaChqeegbHleuHmwandbCLCefKlIizwafnfCJBdwHdwandfqIKCabjaeDfCsBpkafwendqJCabmKeK",115,1,85,114,0,114,0,0,0,0,0,42,42,34,34,38,38,24
"1852",51,"[85]GjfffHdwaChqeegbHleuHmwandbCLCefKlIizwafnfCJBdwHdwandfqIKCabjaeDfCsBpkafwendqJCabmKeK",117,1,85,116,0,116,0,0,0,0,0,43,43,36,36,37,37,24
"1853",52,"[85]GjfffHdwaChqeegbHleuHmwandbCLCefKlIizwafnfCJBdwHdwandfqIKCabjaeDfCsBpkafwendqJCabmKeK",111,0.991071,85,112,1,111,1,1,0,1,1,46,45,33,33,33,33,24
"1854",53,"[85]GjfffHdwaChqeegbHleuHmwandbCLCefKlIizwafnfCJBdwHdwandfqIKCabjaeDfCsBpkafwendqJCabmKeK",120,1,85,119,0,119,0,0,0,0,0,46,46,39,39,34,34,24
"1855",54,"[85]GjfffHdwaChqeegbHleuHmwandbCLCefKlIizwafnfCJBdwHdwandfqIKCabjaeDfCsBpkafwendqJCabmKeK",105,0.964286,85,112,4,108,4,4,0,4,4,38,34,45,45,29,29,24
"1856",55,"[85]GjfffHdwaChqeegbHleuHmwandbCLCefKlIizwafnfCJBdwHdwandfqIKCabjaeDfCsBpkafwendqJCabmKeK",118,0.991597,85,119,1,118,1,1,0,1,1,39,38,37,37,43,43,24
"1857",56,"[85]GjfffHdwaChqeegbHleuHmwandbCLCefKlIizwafnfCJBdwHdwandfqIKCabjaeDfCsBpkafwendqJCabmKeK",111,0.991071,85,112,1,111,1,1,0,1,1,35,34,47,47,30,30,24
"1858",57,"[85]GjfffHdwaChqeegbHleuHmwandbCLCefKlIizwafnfCJBdwHdwandfqIKCabjaeDfCsBpkafwendqJCabmKeK",116,1,85,115,0,115,0,0,0,0,0,35,35,37,37,43,43,24
"1859",58,"[85]GjfffHdwaChqeegbHleuHmwandbCLCefKlIizwafnfCJBdwHdwandfqIKCabjaeDfCsBpkafwendqJCabmKeK",125,1,85,124,0,124,0,0,0,0,0,39,39,32,32,53,53,24
"1860",59,"[85]GjfffHdwaChqeegbHleuHmwandbCLCefKlIizwafnfCJBdwHdwandfqIKCabjaeDfCsBpkafwendqJCabmKeK",119,1,85,118,0,118,0,0,0,0,0,35,35,36,36,47,47,24
"1861",60,"[85]GjfffHdwaChqeegbHleuHmwandbCLCefKlIizwafnfCJBdwHdwandfqIKCabjaeDfCsBpkafwendqJCabmKeK",108,0.973451,85,113,3,110,3,3,0,3,3,46,43,38,38,29,29,24
"1862",61,"[85]GjfffHdwaChqeegbHleuHmwandbCLCefKlIizwafnfCJBdwHdwandfqIKCabjaeDfCsBpkafwendqJCabmKeK",115,1,85,114,0,114,0,0,0,0,0,41,41,36,36,37,37,24
"1863",62,"[85]GjfffHdwaChqeegbHleuHmwandbCLCefKlIizwafnfCJBdwHdwandfqIKCabjaeDfCsBpkafwendqJCabmKeK",107,0.981818,85,110,2,108,2,2,0,2,2,29,27,49,49,32,32,24
"1864",63,"[85]GjfffHdwaChqeegbHleuHmwandbCLCefKlIizwafnfCJBdwHdwandfqIKCabjaeDfCsBpkafwendqJCabmKeK",113,0.991228,85,114,1,113,1,1,0,1,1,44,43,35,35,35,35,24
"1865",64,"[85]GjfffHdwaChqeegbHleuHmwandbCLCefKlIizwafnfCJBdwHdwandfqIKCabjaeDfCsBpkafwendqJCabmKeK",125,1,85,124,0,124,0,0,0,0,0,41,41,39,39,44,44,24
"1866",65,"[85]GjfffHdwaChqeegbHleuHmwandbCLCefKlIizwafnfCJBdwHdwandfqIKCabjaeDfCsBpkafwendqJCabmKeK",114,0.952,85,125,6,119,6,6,0,6,6,46,40,36,36,43,43,24
"1867",66,"[85]GjfffHdwaChqeegbHleuHmwandbCLCefKlIizwafnfCJBdwHdwandfqIKCabjaeDfCsBpkafwendqJCabmKeK",113,0.982759,85,116,2,114,2,2,0,2,2,34,32,43,43,39,39,24
"1868",67,"[85]GjfffHdwaChqeegbHleuHmwandbCLCefKlIizwafnfCJBdwHdwandfqIKCabjaeDfCsBpkafwendqJCabmKeK",117,1,85,116,0,116,0,0,0,0,0,39,39,35,35,42,42,24
"1869",68,"[85]GjfffHdwaChqeegbHleuHmwandbCLCefKlIizwafnfCJBdwHdwandfqIKCabjaeDfCsBpkafwendqJCabmKeK",117,1,85,116,0,116,0,0,0,0,0,42,42,37,37,37,37,24
"1870",69,"[85]GjfffHdwaChqeegbHleuHmwandbCLCefKlIizwafnfCJBdwHdwandfqIKCabjaeDfCsBpkafwendqJCabmKeK",115,1,85,114,0,114,0,0,0,0,0,41,41,33,33,40,40,24
"1871",70,"[85]GjfffHdwaChqeegbHleuHmwandbCLCefKlIizwafnfCJBdwHdwandfqIKCabjaeDfCsBpkafwendqJCabmKeK",112,0.99115,85,113,1,112,1,1,0,1,1,41,40,36,36,36,36,24
"1872",71,"[85]GjfffHdwaChqeegbHleuHmwandbCLCefKlIizwafnfCJBdwHdwandfqIKCabjaeDfCsBpkafwendqJCabmKeK",118,1,85,117,0,117,0,0,0,0,0,27,27,43,43,47,47,24
"1873",72,"[85]GjfffHdwaChqeegbHleuHmwandbCLCefKlIizwafnfCJBdwHdwandfqIKCabjaeDfCsBpkafwendqJCabmKeK",120,0.98374,85,123,2,121,2,2,0,2,2,39,37,39,39,45,45,24
"1874",73,"[85]GjfffHdwaChqeegbHleuHmwandbCLCefKlIizwafnfCJBdwHdwandfqIKCabjaeDfCsBpkafwendqJCabmKeK",120,1,85,119,0,119,0,0,0,0,0,40,40,38,38,41,41,24
"1875",74,"[85]GjfffHdwaChqeegbHleuHmwandbCLCefKlIizwafnfCJBdwHdwandfqIKCabjaeDfCsBpkafwendqJCabmKeK",116,1,85,115,0,115,0,0,0,0,0,52,52,28,28,35,35,24
"1876",75,"[85]GjfffHdwaChqeegbHleuHmwandbCLCefKlIizwafnfCJBdwHdwandfqIKCabjaeDfCsBpkafwendqJCabmKeK",113,0.991228,85,114,1,113,1,1,0,1,1,42,41,35,35,37,37,24
"1877",76,"[85]GjfffHdwaChqeegbHleuHmwandbCLCefKlIizwafnfCJBdwHdwandfqIKCabjaeDfCsBpkafwendqJCabmKeK",118,1,85,117,0,117,0,0,0,0,0,41,41,33,33,43,43,24
"1878",77,"[85]GjfffHdwaChqeegbHleuHmwandbCLCefKlIizwafnfCJBdwHdwandfqIKCabjaeDfCsBpkafwendqJCabmKeK",115,1,85,114,0,114,0,0,0,0,0,38,38,36,36,40,40,24
"1879",78,"[85]GjfffHdwaChqeegbHleuHmwandbCLCefKlIizwafnfCJBdwHdwandfqIKCabjaeDfCsBpkafwendqJCabmKeK",107,0.990741,85,108,1,107,1,1,0,1,1,38,37,47,47,23,23,24
"1880",79,"[85]GjfffHdwaChqeegbHleuHmwandbCLCefKlIizwafnfCJBdwHdwandfqIKCabjaeDfCsBpkafwendqJCabmKeK",109,1,85,108,0,108,0,0,0,0,0,42,42,39,39,27,27,24
"1881",80,"[85]GjfffHdwaChqeegbHleuHmwandbCLCefKlIizwafnfCJBdwHdwandfqIKCabjaeDfCsBpkafwendqJCabmKeK",116,0.991453,85,117,1,116,1,1,0,1,1,45,44,32,32,40,40,24
"1882",81,"[85]GjfffHdwaChqeegbHleuHmwandbCLCefKlIizwafnfCJBdwHdwandfqIKCabjaeDfCsBpkafwendqJCabmKeK",112,0.974359,85,117,3,114,3,3,0,3,3,48,45,39,39,30,30,24
"1883",82,"[85]GjfffHdwaChqeegbHleuHmwandbCLCefKlIizwafnfCJBdwHdwandfqIKCabjaeDfCsBpkafwendqJCabmKeK",121,1,85,120,0,120,0,0,0,0,0,45,45,32,32,43,43,24
"1884",83,"[85]GjfffHdwaChqeegbHleuHmwandbCLCefKlIizwafnfCJBdwHdwandfqIKCabjaeDfCsBpkafwendqJCabmKeK",109,0.973684,85,114,3,111,3,3,0,3,3,39,36,39,39,36,36,24
"1885",84,"[85]GjfffHdwaChqeegbHleuHmwandbCLCefKlIizwafnfCJBdwHdwandfqIKCabjaeDfCsBpkafwendqJCabmKeK",114,1,85,113,0,113,0,0,0,0,0,39,39,35,35,39,39,24
"1886",85,"[85]GjfffHdwaChqeegbHleuHmwandbCLCefKlIizwafnfCJBdwHdwandfqIKCabjaeDfCsBpkafwendqJCabmKeK",116,1,85,115,0,115,0,0,0,0,0,36,36,39,39,40,40,24
"1887",86,"[85]GjfffHdwaChqeegbHleuHmwandbCLCefKlIizwafnfCJBdwHdwandfqIKCabjaeDfCsBpkafwendqJCabmKeK",121,1,85,120,0,120,0,0,0,0,0,41,41,38,38,41,41,24
"1888",87,"[85]GjfffHdwaChqeegbHleuHmwandbCLCefKlIizwafnfCJBdwHdwandfqIKCabjaeDfCsBpkafwendqJCabmKeK",107,0.973214,85,112,3,109,3,3,0,3,3,36,33,43,43,33,33,24
"1889",88,"[85]GjfffHdwaChqeegbHleuHmwandbCLCefKlIizwafnfCJBdwHdwandfqIKCabjaeDfCsBpkafwendqJCabmKeK",121,0.991803,85,122,1,121,1,1,0,1,1,36,35,38,38,48,48,24
"1890",89,"[85]GjfffHdwaChqeegbHleuHmwandbCLCefKlIizwafnfCJBdwHdwandfqIKCabjaeDfCsBpkafwendqJCabmKeK",118,0.991597,85,119,1,118,1,1,0,1,1,28,27,41,41,50,50,24
"1891",90,"[85]GjfffHdwaChqeegbHleuHmwandbCLCefKlIizwafnfCJBdwHdwandfqIKCabjaeDfCsBpkafwendqJCabmKeK",118,1,85,117,0,117,0,0,0,0,0,37,37,40,40,40,40,24
"1892",91,"[85]GjfffHdwaChqeegbHleuHmwandbCLCefKlIizwafnfCJBdwHdwandfqIKCabjaeDfCsBpkafwendqJCabmKeK",117,1,85,116,0,116,0,0,0,0,0,35,35,39,39,42,42,24
"1893",92,"[85]GjfffHdwaChqeegbHleuHmwandbCLCefKlIizwafnfCJBdwHdwandfqIKCabjaeDfCsBpkafwendqJCabmKeK",114,0.991304,85,115,1,114,1,1,0,1,1,37,36,39,39,39,39,24
"1894",93,"[85]GjfffHdwaChqeegbHleuHmwandbCLCefKlIizwafnfCJBdwHdwandfqIKCabjaeDfCsBpkafwendqJCabmKeK",116,1,85,115,0,115,0,0,0,0,0,43,43,37,37,35,35,24
"1895",94,"[85]GjfffHdwaChqeegbHleuHmwandbCLCefKlIizwafnfCJBdwHdwandfqIKCabjaeDfCsBpkafwendqJCabmKeK",108,0.965217,85,115,4,111,4,4,0,4,4,39,35,43,43,33,33,24
"1896",95,"[85]GjfffHdwaChqeegbHleuHmwandbCLCefKlIizwafnfCJBdwHdwandfqIKCabjaeDfCsBpkafwendqJCabmKeK",106,0.948718,85,117,6,111,6,6,0,6,6,42,36,42,42,33,33,24
"1897",96,"[85]GjfffHdwaChqeegbHleuHmwandbCLCefKlIizwafnfCJBdwHdwandfqIKCabjaeDfCsBpkafwendqJCabmKeK",112,0.974359,85,117,3,114,3,3,0,3,3,47,44,30,30,40,40,24
"1898",97,"[85]GjfffHdwaChqeegbHleuHmwandbCLCefKlIizwafnfCJBdwHdwandfqIKCabjaeDfCsBpkafwendqJCabmKeK",112,0.99115,85,113,1,112,1,1,0,1,1,40,39,37,37,36,36,24
"1899",98,"[85]GjfffHdwaChqeegbHleuHmwandbCLCefKlIizwafnfCJBdwHdwandfqIKCabjaeDfCsBpkafwendqJCabmKeK",110,0.982301,85,113,2,111,2,2,0,2,2,44,42,35,35,34,34,24
"1900",99,"[85]GjfffHdwaChqeegbHleuHmwandbCLCefKlIizwafnfCJBdwHdwandfqIKCabjaeDfCsBpkafwendqJCabmKeK",123,1,85,122,0,122,0,0,0,0,0,41,41,42,42,39,39,24
"1901",0,"[85]GjfffHdwaCsGIjLqEutwandbCLCecKBFwafnfCJBdHdwendfCIKqsfbfCAuzxBeaCabcxafwendaqJCacKFeK",114,1,85,113,0,113,0,0,0,0,0,36,36,29,29,48,48,25
"1902",1,"[85]GjfffHdwaCsGIjLqEutwandbCLCecKBFwafnfCJBdHdwendfCIKqsfbfCAuzxBeaCabcxafwendaqJCacKFeK",106,0.990654,85,107,1,106,1,1,0,1,1,39,38,36,36,32,32,25
"1903",2,"[85]GjfffHdwaCsGIjLqEutwandbCLCecKBFwafnfCJBdHdwendfCIKqsfbfCAuzxBeaCabcxafwendaqJCacKFeK",104,1,85,103,0,103,0,0,0,0,0,41,41,37,37,25,25,25
"1904",3,"[85]GjfffHdwaCsGIjLqEutwandbCLCecKBFwafnfCJBdHdwendfCIKqsfbfCAuzxBeaCabcxafwendaqJCacKFeK",107,1,85,106,0,106,0,0,0,0,0,30,30,42,42,34,34,25
"1905",4,"[85]GjfffHdwaCsGIjLqEutwandbCLCecKBFwafnfCJBdHdwendfCIKqsfbfCAuzxBeaCabcxafwendaqJCacKFeK",108,1,85,107,0,107,0,0,0,0,0,46,46,28,28,33,33,25
"1906",5,"[85]GjfffHdwaCsGIjLqEutwandbCLCecKBFwafnfCJBdHdwendfCIKqsfbfCAuzxBeaCabcxafwendaqJCacKFeK",112,1,85,111,0,111,0,0,0,0,0,37,37,31,31,43,43,25
"1907",6,"[85]GjfffHdwaCsGIjLqEutwandbCLCecKBFwafnfCJBdHdwendfCIKqsfbfCAuzxBeaCabcxafwendaqJCacKFeK",108,0.990826,85,109,1,108,1,1,0,1,1,36,35,36,36,37,37,25
"1908",7,"[85]GjfffHdwaCsGIjLqEutwandbCLCecKBFwafnfCJBdHdwendfCIKqsfbfCAuzxBeaCabcxafwendaqJCacKFeK",108,1,85,107,0,107,0,0,0,0,0,24,24,46,46,37,37,25
"1909",8,"[85]GjfffHdwaCsGIjLqEutwandbCLCecKBFwafnfCJBdHdwendfCIKqsfbfCAuzxBeaCabcxafwendaqJCacKFeK",107,1,85,106,0,106,0,0,0,0,0,34,34,39,39,33,33,25
"1910",9,"[85]GjfffHdwaCsGIjLqEutwandbCLCecKBFwafnfCJBdHdwendfCIKqsfbfCAuzxBeaCabcxafwendaqJCacKFeK",108,0.990826,85,109,1,108,1,1,0,1,1,37,36,35,35,37,37,25
"1911",10,"[85]GjfffHdwaCsGIjLqEutwandbCLCecKBFwafnfCJBdHdwendfCIKqsfbfCAuzxBeaCabcxafwendaqJCacKFeK",113,1,85,112,0,112,0,0,0,0,0,31,31,35,35,46,46,25
"1912",11,"[85]GjfffHdwaCsGIjLqEutwandbCLCecKBFwafnfCJBdHdwendfCIKqsfbfCAuzxBeaCabcxafwendaqJCacKFeK",113,1,85,112,0,112,0,0,0,0,0,34,34,32,32,46,46,25
"1913",12,"[85]GjfffHdwaCsGIjLqEutwandbCLCecKBFwafnfCJBdHdwendfCIKqsfbfCAuzxBeaCabcxafwendaqJCacKFeK",107,0.990741,85,108,1,107,1,1,0,1,1,36,35,36,36,36,36,25
"1914",13,"[85]GjfffHdwaCsGIjLqEutwandbCLCecKBFwafnfCJBdHdwendfCIKqsfbfCAuzxBeaCabcxafwendaqJCacKFeK",112,0.99115,85,113,1,112,1,1,0,1,1,33,32,33,33,47,47,25
"1915",14,"[85]GjfffHdwaCsGIjLqEutwandbCLCecKBFwafnfCJBdHdwendfCIKqsfbfCAuzxBeaCabcxafwendaqJCacKFeK",101,0.962963,85,108,4,104,4,4,0,4,4,34,30,43,43,31,31,25
"1916",15,"[85]GjfffHdwaCsGIjLqEutwandbCLCecKBFwafnfCJBdHdwendfCIKqsfbfCAuzxBeaCabcxafwendaqJCacKFeK",104,0.981308,85,107,2,105,2,2,0,2,2,37,35,38,38,32,32,25
"1917",16,"[85]GjfffHdwaCsGIjLqEutwandbCLCecKBFwafnfCJBdHdwendfCIKqsfbfCAuzxBeaCabcxafwendaqJCacKFeK",111,1,85,110,0,110,0,0,0,0,0,47,47,24,24,39,39,25
"1918",17,"[85]GjfffHdwaCsGIjLqEutwandbCLCecKBFwafnfCJBdHdwendfCIKqsfbfCAuzxBeaCabcxafwendaqJCacKFeK",108,0.981982,85,111,2,109,2,2,0,2,2,35,33,35,35,41,41,25
"1919",18,"[85]GjfffHdwaCsGIjLqEutwandbCLCecKBFwafnfCJBdHdwendfCIKqsfbfCAuzxBeaCabcxafwendaqJCacKFeK",107,1,85,106,0,106,0,0,0,0,0,32,32,41,41,33,33,25
"1920",19,"[85]GjfffHdwaCsGIjLqEutwandbCLCecKBFwafnfCJBdHdwendfCIKqsfbfCAuzxBeaCabcxafwendaqJCacKFeK",111,1,85,110,0,110,0,0,0,0,0,40,40,29,29,41,41,25
"1921",20,"[85]GjfffHdwaCsGIjLqEutwandbCLCecKBFwafnfCJBdHdwendfCIKqsfbfCAuzxBeaCabcxafwendaqJCacKFeK",107,1,85,106,0,106,0,0,0,0,0,32,32,40,40,34,34,25
"1922",21,"[85]GjfffHdwaCsGIjLqEutwandbCLCecKBFwafnfCJBdHdwendfCIKqsfbfCAuzxBeaCabcxafwendaqJCacKFeK",108,0.990826,85,109,1,108,1,1,0,1,1,30,29,41,41,38,38,25
"1923",22,"[85]GjfffHdwaCsGIjLqEutwandbCLCecKBFwafnfCJBdHdwendfCIKqsfbfCAuzxBeaCabcxafwendaqJCacKFeK",109,1,85,108,0,108,0,0,0,0,0,33,33,38,38,37,37,25
"1924",23,"[85]GjfffHdwaCsGIjLqEutwandbCLCecKBFwafnfCJBdHdwendfCIKqsfbfCAuzxBeaCabcxafwendaqJCacKFeK",112,1,85,111,0,111,0,0,0,0,0,32,32,35,35,44,44,25
"1925",24,"[85]GjfffHdwaCsGIjLqEutwandbCLCecKBFwafnfCJBdHdwendfCIKqsfbfCAuzxBeaCabcxafwendaqJCacKFeK",107,1,85,106,0,106,0,0,0,0,0,42,42,32,32,32,32,25
"1926",25,"[85]GjfffHdwaCsGIjLqEutwandbCLCecKBFwafnfCJBdHdwendfCIKqsfbfCAuzxBeaCabcxafwendaqJCacKFeK",98,0.953271,85,107,5,102,5,5,0,5,5,33,28,46,46,28,28,25
"1927",26,"[85]GjfffHdwaCsGIjLqEutwandbCLCecKBFwafnfCJBdHdwendfCIKqsfbfCAuzxBeaCabcxafwendaqJCacKFeK",103,1,85,102,0,102,0,0,0,0,0,27,27,49,49,26,26,25
"1928",27,"[85]GjfffHdwaCsGIjLqEutwandbCLCecKBFwafnfCJBdHdwendfCIKqsfbfCAuzxBeaCabcxafwendaqJCacKFeK",110,1,85,109,0,109,0,0,0,0,0,40,40,31,31,38,38,25
"1929",28,"[85]GjfffHdwaCsGIjLqEutwandbCLCecKBFwafnfCJBdHdwendfCIKqsfbfCAuzxBeaCabcxafwendaqJCacKFeK",106,1,85,105,0,105,0,0,0,0,0,39,39,36,36,30,30,25
"1930",29,"[85]GjfffHdwaCsGIjLqEutwandbCLCecKBFwafnfCJBdHdwendfCIKqsfbfCAuzxBeaCabcxafwendaqJCacKFeK",106,0.990654,85,107,1,106,1,1,0,1,1,35,34,38,38,34,34,25
"1931",30,"[85]GjfffHdwaCsGIjLqEutwandbCLCecKBFwafnfCJBdHdwendfCIKqsfbfCAuzxBeaCabcxafwendaqJCacKFeK",106,1,85,105,0,105,0,0,0,0,0,31,31,42,42,32,32,25
"1932",31,"[85]GjfffHdwaCsGIjLqEutwandbCLCecKBFwafnfCJBdHdwendfCIKqsfbfCAuzxBeaCabcxafwendaqJCacKFeK",108,1,85,107,0,107,0,0,0,0,0,37,37,35,35,35,35,25
"1933",32,"[85]GjfffHdwaCsGIjLqEutwandbCLCecKBFwafnfCJBdHdwendfCIKqsfbfCAuzxBeaCabcxafwendaqJCacKFeK",107,0.990741,85,108,1,107,1,1,0,1,1,34,33,38,38,36,36,25
"1934",33,"[85]GjfffHdwaCsGIjLqEutwandbCLCecKBFwafnfCJBdHdwendfCIKqsfbfCAuzxBeaCabcxafwendaqJCacKFeK",111,1,85,110,0,110,0,0,0,0,0,39,39,30,30,41,41,25
"1935",34,"[85]GjfffHdwaCsGIjLqEutwandbCLCecKBFwafnfCJBdHdwendfCIKqsfbfCAuzxBeaCabcxafwendaqJCacKFeK",110,1,85,109,0,109,0,0,0,0,0,36,36,35,35,38,38,25
"1936",35,"[85]GjfffHdwaCsGIjLqEutwandbCLCecKBFwafnfCJBdHdwendfCIKqsfbfCAuzxBeaCabcxafwendaqJCacKFeK",110,1,85,109,0,109,0,0,0,0,0,29,29,40,40,40,40,25
"1937",36,"[85]GjfffHdwaCsGIjLqEutwandbCLCecKBFwafnfCJBdHdwendfCIKqsfbfCAuzxBeaCabcxafwendaqJCacKFeK",106,1,85,105,0,105,0,0,0,0,0,37,37,37,37,31,31,25
"1938",37,"[85]GjfffHdwaCsGIjLqEutwandbCLCecKBFwafnfCJBdHdwendfCIKqsfbfCAuzxBeaCabcxafwendaqJCacKFeK",99,0.953704,85,108,5,103,5,5,0,5,5,42,37,38,38,28,28,25
"1939",38,"[85]GjfffHdwaCsGIjLqEutwandbCLCecKBFwafnfCJBdHdwendfCIKqsfbfCAuzxBeaCabcxafwendaqJCacKFeK",107,1,85,106,0,106,0,0,0,0,0,38,38,35,35,33,33,25
"1940",39,"[85]GjfffHdwaCsGIjLqEutwandbCLCecKBFwafnfCJBdHdwendfCIKqsfbfCAuzxBeaCabcxafwendaqJCacKFeK",109,1,85,108,0,108,0,0,0,0,0,41,41,30,30,37,37,25
"1941",40,"[85]GjfffHdwaCsGIjLqEutwandbCLCecKBFwafnfCJBdHdwendfCIKqsfbfCAuzxBeaCabcxafwendaqJCacKFeK",110,1,85,109,0,109,0,0,0,0,0,37,37,34,34,38,38,25
"1942",41,"[85]GjfffHdwaCsGIjLqEutwandbCLCecKBFwafnfCJBdHdwendfCIKqsfbfCAuzxBeaCabcxafwendaqJCacKFeK",110,0.990991,85,111,1,110,1,1,0,1,1,34,33,35,35,42,42,25
"1943",42,"[85]GjfffHdwaCsGIjLqEutwandbCLCecKBFwafnfCJBdHdwendfCIKqsfbfCAuzxBeaCabcxafwendaqJCacKFeK",108,1,85,107,0,107,0,0,0,0,0,32,32,40,40,35,35,25
"1944",43,"[85]GjfffHdwaCsGIjLqEutwandbCLCecKBFwafnfCJBdHdwendfCIKqsfbfCAuzxBeaCabcxafwendaqJCacKFeK",112,1,85,111,0,111,0,0,0,0,0,39,39,30,30,42,42,25
"1945",44,"[85]GjfffHdwaCsGIjLqEutwandbCLCecKBFwafnfCJBdHdwendfCIKqsfbfCAuzxBeaCabcxafwendaqJCacKFeK",112,1,85,111,0,111,0,0,0,0,0,30,30,37,37,44,44,25
"1946",45,"[85]GjfffHdwaCsGIjLqEutwandbCLCecKBFwafnfCJBdHdwendfCIKqsfbfCAuzxBeaCabcxafwendaqJCacKFeK",106,1,85,105,0,105,0,0,0,0,0,41,41,34,34,30,30,25
"1947",46,"[85]GjfffHdwaCsGIjLqEutwandbCLCecKBFwafnfCJBdHdwendfCIKqsfbfCAuzxBeaCabcxafwendaqJCacKFeK",106,0.981651,85,109,2,107,2,2,0,2,2,35,33,37,37,37,37,25
"1948",47,"[85]GjfffHdwaCsGIjLqEutwandbCLCecKBFwafnfCJBdHdwendfCIKqsfbfCAuzxBeaCabcxafwendaqJCacKFeK",111,1,85,110,0,110,0,0,0,0,0,37,37,33,33,40,40,25
"1949",48,"[85]GjfffHdwaCsGIjLqEutwandbCLCecKBFwafnfCJBdHdwendfCIKqsfbfCAuzxBeaCabcxafwendaqJCacKFeK",108,0.990826,85,109,1,108,1,1,0,1,1,32,31,39,39,38,38,25
"1950",49,"[85]GjfffHdwaCsGIjLqEutwandbCLCecKBFwafnfCJBdHdwendfCIKqsfbfCAuzxBeaCabcxafwendaqJCacKFeK",107,1,85,106,0,106,0,0,0,0,0,40,40,34,34,32,32,25
"1951",50,"[85]GjfffHdwaCsGIjLqEutwandbCLCecKBFwafnfCJBdHdwendfCIKqsfbfCAuzxBeaCabcxafwendaqJCacKFeK",107,1,85,106,0,106,0,0,0,0,0,34,34,39,39,33,33,25
"1952",51,"[85]GjfffHdwaCsGIjLqEutwandbCLCecKBFwafnfCJBdHdwendfCIKqsfbfCAuzxBeaCabcxafwendaqJCacKFeK",110,1,85,109,0,109,0,0,0,0,0,33,33,36,36,40,40,25
"1953",52,"[85]GjfffHdwaCsGIjLqEutwandbCLCecKBFwafnfCJBdHdwendfCIKqsfbfCAuzxBeaCabcxafwendaqJCacKFeK",105,0.990566,85,106,1,105,1,1,0,1,1,40,39,36,36,30,30,25
"1954",53,"[85]GjfffHdwaCsGIjLqEutwandbCLCecKBFwafnfCJBdHdwendfCIKqsfbfCAuzxBeaCabcxafwendaqJCacKFeK",105,1,85,104,0,104,0,0,0,0,0,35,35,40,40,29,29,25
"1955",54,"[85]GjfffHdwaCsGIjLqEutwandbCLCecKBFwafnfCJBdHdwendfCIKqsfbfCAuzxBeaCabcxafwendaqJCacKFeK",105,1,85,104,0,104,0,0,0,0,0,40,40,36,36,28,28,25
"1956",55,"[85]GjfffHdwaCsGIjLqEutwandbCLCecKBFwafnfCJBdHdwendfCIKqsfbfCAuzxBeaCabcxafwendaqJCacKFeK",110,1,85,109,0,109,0,0,0,0,0,31,31,39,39,39,39,25
"1957",56,"[85]GjfffHdwaCsGIjLqEutwandbCLCecKBFwafnfCJBdHdwendfCIKqsfbfCAuzxBeaCabcxafwendaqJCacKFeK",110,1,85,109,0,109,0,0,0,0,0,40,40,30,30,39,39,25
"1958",57,"[85]GjfffHdwaCsGIjLqEutwandbCLCecKBFwafnfCJBdHdwendfCIKqsfbfCAuzxBeaCabcxafwendaqJCacKFeK",107,0.990741,85,108,1,107,1,1,0,1,1,35,34,37,37,36,36,25
"1959",58,"[85]GjfffHdwaCsGIjLqEutwandbCLCecKBFwafnfCJBdHdwendfCIKqsfbfCAuzxBeaCabcxafwendaqJCacKFeK",107,0.990741,85,108,1,107,1,1,0,1,1,34,33,39,39,35,35,25
"1960",59,"[85]GjfffHdwaCsGIjLqEutwandbCLCecKBFwafnfCJBdHdwendfCIKqsfbfCAuzxBeaCabcxafwendaqJCacKFeK",108,1,85,107,0,107,0,0,0,0,0,44,44,29,29,34,34,25
"1961",60,"[85]GjfffHdwaCsGIjLqEutwandbCLCecKBFwafnfCJBdHdwendfCIKqsfbfCAuzxBeaCabcxafwendaqJCacKFeK",113,1,85,112,0,112,0,0,0,0,0,36,36,31,31,45,45,25
"1962",61,"[85]GjfffHdwaCsGIjLqEutwandbCLCecKBFwafnfCJBdHdwendfCIKqsfbfCAuzxBeaCabcxafwendaqJCacKFeK",109,0.982143,85,112,2,110,2,2,0,2,2,38,36,32,32,42,42,25
"1963",62,"[85]GjfffHdwaCsGIjLqEutwandbCLCecKBFwafnfCJBdHdwendfCIKqsfbfCAuzxBeaCabcxafwendaqJCacKFeK",108,1,85,107,0,107,0,0,0,0,0,35,35,38,38,34,34,25
"1964",63,"[85]GjfffHdwaCsGIjLqEutwandbCLCecKBFwafnfCJBdHdwendfCIKqsfbfCAuzxBeaCabcxafwendaqJCacKFeK",106,1,85,105,0,105,0,0,0,0,0,47,47,29,29,29,29,25
"1965",64,"[85]GjfffHdwaCsGIjLqEutwandbCLCecKBFwafnfCJBdHdwendfCIKqsfbfCAuzxBeaCabcxafwendaqJCacKFeK",105,0.990566,85,106,1,105,1,1,0,1,1,35,34,39,39,32,32,25
"1966",65,"[85]GjfffHdwaCsGIjLqEutwandbCLCecKBFwafnfCJBdHdwendfCIKqsfbfCAuzxBeaCabcxafwendaqJCacKFeK",105,0.981481,85,108,2,106,2,2,0,2,2,36,34,38,38,34,34,25
"1967",66,"[85]GjfffHdwaCsGIjLqEutwandbCLCecKBFwafnfCJBdHdwendfCIKqsfbfCAuzxBeaCabcxafwendaqJCacKFeK",106,0.990654,85,107,1,106,1,1,0,1,1,37,36,36,36,34,34,25
"1968",67,"[85]GjfffHdwaCsGIjLqEutwandbCLCecKBFwafnfCJBdHdwendfCIKqsfbfCAuzxBeaCabcxafwendaqJCacKFeK",108,1,85,107,0,107,0,0,0,0,0,35,35,38,38,34,34,25
"1969",68,"[85]GjfffHdwaCsGIjLqEutwandbCLCecKBFwafnfCJBdHdwendfCIKqsfbfCAuzxBeaCabcxafwendaqJCacKFeK",106,0.981651,85,109,2,107,2,2,0,2,2,36,34,37,37,36,36,25
"1970",69,"[85]GjfffHdwaCsGIjLqEutwandbCLCecKBFwafnfCJBdHdwendfCIKqsfbfCAuzxBeaCabcxafwendaqJCacKFeK",113,0.991228,85,114,1,113,1,1,0,1,1,37,36,30,30,47,47,25
"1971",70,"[85]GjfffHdwaCsGIjLqEutwandbCLCecKBFwafnfCJBdHdwendfCIKqsfbfCAuzxBeaCabcxafwendaqJCacKFeK",107,1,85,106,0,106,0,0,0,0,0,44,44,30,30,32,32,25
"1972",71,"[85]GjfffHdwaCsGIjLqEutwandbCLCecKBFwafnfCJBdHdwendfCIKqsfbfCAuzxBeaCabcxafwendaqJCacKFeK",111,1,85,110,0,110,0,0,0,0,0,38,38,31,31,41,41,25
"1973",72,"[85]GjfffHdwaCsGIjLqEutwandbCLCecKBFwafnfCJBdHdwendfCIKqsfbfCAuzxBeaCabcxafwendaqJCacKFeK",103,0.947368,85,114,6,108,6,6,0,6,6,33,27,41,41,40,40,25
"1974",73,"[85]GjfffHdwaCsGIjLqEutwandbCLCecKBFwafnfCJBdHdwendfCIKqsfbfCAuzxBeaCabcxafwendaqJCacKFeK",110,1,85,109,0,109,0,0,0,0,0,38,38,33,33,38,38,25
"1975",74,"[85]GjfffHdwaCsGIjLqEutwandbCLCecKBFwafnfCJBdHdwendfCIKqsfbfCAuzxBeaCabcxafwendaqJCacKFeK",109,1,85,108,0,108,0,0,0,0,0,25,25,44,44,39,39,25
"1976",75,"[85]GjfffHdwaCsGIjLqEutwandbCLCecKBFwafnfCJBdHdwendfCIKqsfbfCAuzxBeaCabcxafwendaqJCacKFeK",110,0.990991,85,111,1,110,1,1,0,1,1,33,32,36,36,42,42,25
"1977",76,"[85]GjfffHdwaCsGIjLqEutwandbCLCecKBFwafnfCJBdHdwendfCIKqsfbfCAuzxBeaCabcxafwendaqJCacKFeK",107,0.990741,85,108,1,107,1,1,0,1,1,36,35,36,36,36,36,25
"1978",77,"[85]GjfffHdwaCsGIjLqEutwandbCLCecKBFwafnfCJBdHdwendfCIKqsfbfCAuzxBeaCabcxafwendaqJCacKFeK",106,0.972973,85,111,3,108,3,3,0,3,3,36,33,37,37,38,38,25
"1979",78,"[85]GjfffHdwaCsGIjLqEutwandbCLCecKBFwafnfCJBdHdwendfCIKqsfbfCAuzxBeaCabcxafwendaqJCacKFeK",100,0.962617,85,107,4,103,4,4,0,4,4,25,21,51,51,31,31,25
"1980",79,"[85]GjfffHdwaCsGIjLqEutwandbCLCecKBFwafnfCJBdHdwendfCIKqsfbfCAuzxBeaCabcxafwendaqJCacKFeK",106,0.981651,85,109,2,107,2,2,0,2,2,34,32,38,38,37,37,25
"1981",80,"[85]GjfffHdwaCsGIjLqEutwandbCLCecKBFwafnfCJBdHdwendfCIKqsfbfCAuzxBeaCabcxafwendaqJCacKFeK",106,0.990654,85,107,1,106,1,1,0,1,1,39,38,35,35,33,33,25
"1982",81,"[85]GjfffHdwaCsGIjLqEutwandbCLCecKBFwafnfCJBdHdwendfCIKqsfbfCAuzxBeaCabcxafwendaqJCacKFeK",111,0.991071,85,112,1,111,1,1,0,1,1,37,36,31,31,44,44,25
"1983",82,"[85]GjfffHdwaCsGIjLqEutwandbCLCecKBFwafnfCJBdHdwendfCIKqsfbfCAuzxBeaCabcxafwendaqJCacKFeK",110,1,85,109,0,109,0,0,0,0,0,29,29,40,40,40,40,25
"1984",83,"[85]GjfffHdwaCsGIjLqEutwandbCLCecKBFwafnfCJBdHdwendfCIKqsfbfCAuzxBeaCabcxafwendaqJCacKFeK",108,1,85,107,0,107,0,0,0,0,0,31,31,41,41,35,35,25
"1985",84,"[85]GjfffHdwaCsGIjLqEutwandbCLCecKBFwafnfCJBdHdwendfCIKqsfbfCAuzxBeaCabcxafwendaqJCacKFeK",112,0.99115,85,113,1,112,1,1,0,1,1,30,29,37,37,46,46,25
"1986",85,"[85]GjfffHdwaCsGIjLqEutwandbCLCecKBFwafnfCJBdHdwendfCIKqsfbfCAuzxBeaCabcxafwendaqJCacKFeK",110,0.973913,85,115,3,112,3,3,0,3,3,37,34,31,31,47,47,25
"1987",86,"[85]GjfffHdwaCsGIjLqEutwandbCLCecKBFwafnfCJBdHdwendfCIKqsfbfCAuzxBeaCabcxafwendaqJCacKFeK",113,1,85,112,0,112,0,0,0,0,0,24,24,42,42,46,46,25
"1988",87,"[85]GjfffHdwaCsGIjLqEutwandbCLCecKBFwafnfCJBdHdwendfCIKqsfbfCAuzxBeaCabcxafwendaqJCacKFeK",105,0.990566,85,106,1,105,1,1,0,1,1,38,37,37,37,31,31,25
"1989",88,"[85]GjfffHdwaCsGIjLqEutwandbCLCecKBFwafnfCJBdHdwendfCIKqsfbfCAuzxBeaCabcxafwendaqJCacKFeK",106,1,85,105,0,105,0,0,0,0,0,40,40,35,35,30,30,25
"1990",89,"[85]GjfffHdwaCsGIjLqEutwandbCLCecKBFwafnfCJBdHdwendfCIKqsfbfCAuzxBeaCabcxafwendaqJCacKFeK",109,1,85,108,0,108,0,0,0,0,0,33,33,37,37,38,38,25
"1991",90,"[85]GjfffHdwaCsGIjLqEutwandbCLCecKBFwafnfCJBdHdwendfCIKqsfbfCAuzxBeaCabcxafwendaqJCacKFeK",110,1,85,109,0,109,0,0,0,0,0,43,43,28,28,38,38,25
"1992",91,"[85]GjfffHdwaCsGIjLqEutwandbCLCecKBFwafnfCJBdHdwendfCIKqsfbfCAuzxBeaCabcxafwendaqJCacKFeK",112,1,85,111,0,111,0,0,0,0,0,39,39,29,29,43,43,25
"1993",92,"[85]GjfffHdwaCsGIjLqEutwandbCLCecKBFwafnfCJBdHdwendfCIKqsfbfCAuzxBeaCabcxafwendaqJCacKFeK",104,0.990476,85,105,1,104,1,1,0,1,1,34,33,41,41,30,30,25
"1994",93,"[85]GjfffHdwaCsGIjLqEutwandbCLCecKBFwafnfCJBdHdwendfCIKqsfbfCAuzxBeaCabcxafwendaqJCacKFeK",104,1,85,103,0,103,0,0,0,0,0,39,39,38,38,26,26,25
"1995",94,"[85]GjfffHdwaCsGIjLqEutwandbCLCecKBFwafnfCJBdHdwendfCIKqsfbfCAuzxBeaCabcxafwendaqJCacKFeK",109,1,85,108,0,108,0,0,0,0,0,31,31,39,39,38,38,25
"1996",95,"[85]GjfffHdwaCsGIjLqEutwandbCLCecKBFwafnfCJBdHdwendfCIKqsfbfCAuzxBeaCabcxafwendaqJCacKFeK",105,0.981481,85,108,2,106,2,2,0,2,2,42,40,32,32,34,34,25
"1997",96,"[85]GjfffHdwaCsGIjLqEutwandbCLCecKBFwafnfCJBdHdwendfCIKqsfbfCAuzxBeaCabcxafwendaqJCacKFeK",106,0.990654,85,107,1,106,1,1,0,1,1,42,41,33,33,32,32,25
"1998",97,"[85]GjfffHdwaCsGIjLqEutwandbCLCecKBFwafnfCJBdHdwendfCIKqsfbfCAuzxBeaCabcxafwendaqJCacKFeK",110,1,85,109,0,109,0,0,0,0,0,36,36,34,34,39,39,25
"1999",98,"[85]GjfffHdwaCsGIjLqEutwandbCLCecKBFwafnfCJBdHdwendfCIKqsfbfCAuzxBeaCabcxafwendaqJCacKFeK",106,1,85,105,0,105,0,0,0,0,0,40,40,35,35,30,30,25
"2000",99,"[85]GjfffHdwaCsGIjLqEutwandbCLCecKBFwafnfCJBdHdwendfCIKqsfbfCAuzxBeaCabcxafwendaqJCacKFeK",106,0.972973,85,111,3,108,3,3,0,3,3,39,36,34,34,38,38,25
"2001",0,"[82]GjfffHdwaCxKvBunmwandbCLCecLgtvwafnfaCJBdHdwendaCIKqsEokIjxBeaCecwwafwendaqJCafDeK",107,0.981818,82,110,2,108,2,2,0,2,2,44,42,28,28,38,38,26
"2002",1,"[82]GjfffHdwaCxKvBunmwandbCLCecLgtvwafnfaCJBdHdwendaCIKqsEokIjxBeaCecwwafwendaqJCafDeK",106,0.981651,82,109,2,107,2,2,0,2,2,37,35,36,36,36,36,26
"2003",2,"[82]GjfffHdwaCxKvBunmwandbCLCecLgtvwafnfaCJBdHdwendaCIKqsEokIjxBeaCecwwafwendaqJCafDeK",106,0.990654,82,107,1,106,1,1,0,1,1,40,39,34,34,33,33,26
"2004",3,"[82]GjfffHdwaCxKvBunmwandbCLCecLgtvwafnfaCJBdHdwendaCIKqsEokIjxBeaCecwwafwendaqJCafDeK",113,1,82,112,0,112,0,0,0,0,0,35,35,31,31,46,46,26
"2005",4,"[82]GjfffHdwaCxKvBunmwandbCLCecLgtvwafnfaCJBdHdwendaCIKqsEokIjxBeaCecwwafwendaqJCafDeK",109,1,82,108,0,108,0,0,0,0,0,35,35,37,37,36,36,26
"2006",5,"[82]GjfffHdwaCxKvBunmwandbCLCecLgtvwafnfaCJBdHdwendaCIKqsEokIjxBeaCecwwafwendaqJCafDeK",106,0.981651,82,109,2,107,2,2,0,2,2,43,41,30,30,36,36,26
"2007",6,"[82]GjfffHdwaCxKvBunmwandbCLCecLgtvwafnfaCJBdHdwendaCIKqsEokIjxBeaCecwwafwendaqJCafDeK",106,0.990654,82,107,1,106,1,1,0,1,1,37,36,38,38,32,32,26
"2008",7,"[82]GjfffHdwaCxKvBunmwandbCLCecLgtvwafnfaCJBdHdwendaCIKqsEokIjxBeaCecwwafwendaqJCafDeK",115,1,82,114,0,114,0,0,0,0,0,35,35,29,29,50,50,26
"2009",8,"[82]GjfffHdwaCxKvBunmwandbCLCecLgtvwafnfaCJBdHdwendaCIKqsEokIjxBeaCecwwafwendaqJCafDeK",111,1,82,110,0,110,0,0,0,0,0,30,30,39,39,41,41,26
"2010",9,"[82]GjfffHdwaCxKvBunmwandbCLCecLgtvwafnfaCJBdHdwendaCIKqsEokIjxBeaCecwwafwendaqJCafDeK",112,1,82,111,0,111,0,0,0,0,0,40,40,29,29,42,42,26
"2011",10,"[82]GjfffHdwaCxKvBunmwandbCLCecLgtvwafnfaCJBdHdwendaCIKqsEokIjxBeaCecwwafwendaqJCafDeK",108,1,82,107,0,107,0,0,0,0,0,29,29,43,43,35,35,26
"2012",11,"[82]GjfffHdwaCxKvBunmwandbCLCecLgtvwafnfaCJBdHdwendaCIKqsEokIjxBeaCecwwafwendaqJCafDeK",114,1,82,113,0,113,0,0,0,0,0,36,36,30,30,47,47,26
"2013",12,"[82]GjfffHdwaCxKvBunmwandbCLCecLgtvwafnfaCJBdHdwendaCIKqsEokIjxBeaCecwwafwendaqJCafDeK",102,0.990291,82,103,1,102,1,1,0,1,1,42,41,38,38,23,23,26
"2014",13,"[82]GjfffHdwaCxKvBunmwandbCLCecLgtvwafnfaCJBdHdwendaCIKqsEokIjxBeaCecwwafwendaqJCafDeK",105,0.990566,82,106,1,105,1,1,0,1,1,44,43,32,32,30,30,26
"2015",14,"[82]GjfffHdwaCxKvBunmwandbCLCecLgtvwafnfaCJBdHdwendaCIKqsEokIjxBeaCecwwafwendaqJCafDeK",106,1,82,105,0,105,0,0,0,0,0,37,37,37,37,31,31,26
"2016",15,"[82]GjfffHdwaCxKvBunmwandbCLCecLgtvwafnfaCJBdHdwendaCIKqsEokIjxBeaCecwwafwendaqJCafDeK",104,0.972477,82,109,3,106,3,3,0,3,3,41,38,35,35,33,33,26
"2017",16,"[82]GjfffHdwaCxKvBunmwandbCLCecLgtvwafnfaCJBdHdwendaCIKqsEokIjxBeaCecwwafwendaqJCafDeK",107,0.973214,82,112,3,109,3,3,0,3,3,34,31,36,36,42,42,26
"2018",17,"[82]GjfffHdwaCxKvBunmwandbCLCecLgtvwafnfaCJBdHdwendaCIKqsEokIjxBeaCecwwafwendaqJCafDeK",110,0.990991,82,111,1,110,1,1,0,1,1,35,34,34,34,42,42,26
"2019",18,"[82]GjfffHdwaCxKvBunmwandbCLCecLgtvwafnfaCJBdHdwendaCIKqsEokIjxBeaCecwwafwendaqJCafDeK",105,0.981481,82,108,2,106,2,2,0,2,2,36,34,39,39,33,33,26
"2020",19,"[82]GjfffHdwaCxKvBunmwandbCLCecLgtvwafnfaCJBdHdwendaCIKqsEokIjxBeaCecwwafwendaqJCafDeK",111,0.991071,82,112,1,111,1,1,0,1,1,41,40,28,28,43,43,26
"2021",20,"[82]GjfffHdwaCxKvBunmwandbCLCecLgtvwafnfaCJBdHdwendaCIKqsEokIjxBeaCecwwafwendaqJCafDeK",108,1,82,107,0,107,0,0,0,0,0,29,29,42,42,36,36,26
"2022",21,"[82]GjfffHdwaCxKvBunmwandbCLCecLgtvwafnfaCJBdHdwendaCIKqsEokIjxBeaCecwwafwendaqJCafDeK",112,1,82,111,0,111,0,0,0,0,0,38,38,30,30,43,43,26
"2023",22,"[82]GjfffHdwaCxKvBunmwandbCLCecLgtvwafnfaCJBdHdwendaCIKqsEokIjxBeaCecwwafwendaqJCafDeK",111,1,82,110,0,110,0,0,0,0,0,31,31,38,38,41,41,26
"2024",23,"[82]GjfffHdwaCxKvBunmwandbCLCecLgtvwafnfaCJBdHdwendaCIKqsEokIjxBeaCecwwafwendaqJCafDeK",107,0.981818,82,110,2,108,2,2,0,2,2,38,36,35,35,37,37,26
"2025",24,"[82]GjfffHdwaCxKvBunmwandbCLCecLgtvwafnfaCJBdHdwendaCIKqsEokIjxBeaCecwwafwendaqJCafDeK",110,1,82,109,0,109,0,0,0,0,0,35,35,35,35,39,39,26
"2026",25,"[82]GjfffHdwaCxKvBunmwandbCLCecLgtvwafnfaCJBdHdwendaCIKqsEokIjxBeaCecwwafwendaqJCafDeK",108,1,82,107,0,107,0,0,0,0,0,36,36,36,36,35,35,26
"2027",26,"[82]GjfffHdwaCxKvBunmwandbCLCecLgtvwafnfaCJBdHdwendaCIKqsEokIjxBeaCecwwafwendaqJCafDeK",104,0.990476,82,105,1,104,1,1,0,1,1,42,41,34,34,29,29,26
"2028",27,"[82]GjfffHdwaCxKvBunmwandbCLCecLgtvwafnfaCJBdHdwendaCIKqsEokIjxBeaCecwwafwendaqJCafDeK",99,1,82,98,0,98,0,0,0,0,0,35,35,47,47,16,16,26
"2029",28,"[82]GjfffHdwaCxKvBunmwandbCLCecLgtvwafnfaCJBdHdwendaCIKqsEokIjxBeaCecwwafwendaqJCafDeK",109,0.990909,82,110,1,109,1,1,0,1,1,38,37,33,33,39,39,26
"2030",29,"[82]GjfffHdwaCxKvBunmwandbCLCecLgtvwafnfaCJBdHdwendaCIKqsEokIjxBeaCecwwafwendaqJCafDeK",107,1,82,106,0,106,0,0,0,0,0,37,37,37,37,32,32,26
"2031",30,"[82]GjfffHdwaCxKvBunmwandbCLCecLgtvwafnfaCJBdHdwendaCIKqsEokIjxBeaCecwwafwendaqJCafDeK",107,0.990741,82,108,1,107,1,1,0,1,1,46,45,28,28,34,34,26
"2032",31,"[82]GjfffHdwaCxKvBunmwandbCLCecLgtvwafnfaCJBdHdwendaCIKqsEokIjxBeaCecwwafwendaqJCafDeK",107,0.981818,82,110,2,108,2,2,0,2,2,33,31,38,38,39,39,26
"2033",32,"[82]GjfffHdwaCxKvBunmwandbCLCecLgtvwafnfaCJBdHdwendaCIKqsEokIjxBeaCecwwafwendaqJCafDeK",108,0.990826,82,109,1,108,1,1,0,1,1,47,46,26,26,36,36,26
"2034",33,"[82]GjfffHdwaCxKvBunmwandbCLCecLgtvwafnfaCJBdHdwendaCIKqsEokIjxBeaCecwwafwendaqJCafDeK",114,1,82,113,0,113,0,0,0,0,0,39,39,27,27,47,47,26
"2035",34,"[82]GjfffHdwaCxKvBunmwandbCLCecLgtvwafnfaCJBdHdwendaCIKqsEokIjxBeaCecwwafwendaqJCafDeK",110,0.990991,82,111,1,110,1,1,0,1,1,30,29,39,39,42,42,26
"2036",35,"[82]GjfffHdwaCxKvBunmwandbCLCecLgtvwafnfaCJBdHdwendaCIKqsEokIjxBeaCecwwafwendaqJCafDeK",110,1,82,109,0,109,0,0,0,0,0,36,36,34,34,39,39,26
"2037",36,"[82]GjfffHdwaCxKvBunmwandbCLCecLgtvwafnfaCJBdHdwendaCIKqsEokIjxBeaCecwwafwendaqJCafDeK",107,1,82,106,0,106,0,0,0,0,0,38,38,35,35,33,33,26
"2038",37,"[82]GjfffHdwaCxKvBunmwandbCLCecLgtvwafnfaCJBdHdwendaCIKqsEokIjxBeaCecwwafwendaqJCafDeK",107,1,82,106,0,106,0,0,0,0,0,37,37,36,36,33,33,26
"2039",38,"[82]GjfffHdwaCxKvBunmwandbCLCecLgtvwafnfaCJBdHdwendaCIKqsEokIjxBeaCecwwafwendaqJCafDeK",108,1,82,107,0,107,0,0,0,0,0,36,36,36,36,35,35,26
"2040",39,"[82]GjfffHdwaCxKvBunmwandbCLCecLgtvwafnfaCJBdHdwendaCIKqsEokIjxBeaCecwwafwendaqJCafDeK",111,1,82,110,0,110,0,0,0,0,0,41,41,29,29,40,40,26
"2041",40,"[82]GjfffHdwaCxKvBunmwandbCLCecLgtvwafnfaCJBdHdwendaCIKqsEokIjxBeaCecwwafwendaqJCafDeK",106,0.981651,82,109,2,107,2,2,0,2,2,37,35,36,36,36,36,26
"2042",41,"[82]GjfffHdwaCxKvBunmwandbCLCecLgtvwafnfaCJBdHdwendaCIKqsEokIjxBeaCecwwafwendaqJCafDeK",108,1,82,107,0,107,0,0,0,0,0,28,28,43,43,36,36,26
"2043",42,"[82]GjfffHdwaCxKvBunmwandbCLCecLgtvwafnfaCJBdHdwendaCIKqsEokIjxBeaCecwwafwendaqJCafDeK",104,1,82,103,0,103,0,0,0,0,0,29,29,47,47,27,27,26
"2044",43,"[82]GjfffHdwaCxKvBunmwandbCLCecLgtvwafnfaCJBdHdwendaCIKqsEokIjxBeaCecwwafwendaqJCafDeK",110,0.973913,82,115,3,112,3,3,0,3,3,45,42,24,24,46,46,26
"2045",44,"[82]GjfffHdwaCxKvBunmwandbCLCecLgtvwafnfaCJBdHdwendaCIKqsEokIjxBeaCecwwafwendaqJCafDeK",111,0.991071,82,112,1,111,1,1,0,1,1,39,38,29,29,44,44,26
"2046",45,"[82]GjfffHdwaCxKvBunmwandbCLCecLgtvwafnfaCJBdHdwendaCIKqsEokIjxBeaCecwwafwendaqJCafDeK",107,1,82,106,0,106,0,0,0,0,0,43,43,32,32,31,31,26
"2047",46,"[82]GjfffHdwaCxKvBunmwandbCLCecLgtvwafnfaCJBdHdwendaCIKqsEokIjxBeaCecwwafwendaqJCafDeK",108,1,82,107,0,107,0,0,0,0,0,31,31,40,40,36,36,26
"2048",47,"[82]GjfffHdwaCxKvBunmwandbCLCecLgtvwafnfaCJBdHdwendaCIKqsEokIjxBeaCecwwafwendaqJCafDeK",109,1,82,108,0,108,0,0,0,0,0,42,42,31,31,35,35,26
"2049",48,"[82]GjfffHdwaCxKvBunmwandbCLCecLgtvwafnfaCJBdHdwendaCIKqsEokIjxBeaCecwwafwendaqJCafDeK",106,1,82,105,0,105,0,0,0,0,0,42,42,34,34,29,29,26
"2050",49,"[82]GjfffHdwaCxKvBunmwandbCLCecLgtvwafnfaCJBdHdwendaCIKqsEokIjxBeaCecwwafwendaqJCafDeK",109,0.990909,82,110,1,109,1,1,0,1,1,32,31,38,38,40,40,26
"2051",50,"[82]GjfffHdwaCxKvBunmwandbCLCecLgtvwafnfaCJBdHdwendaCIKqsEokIjxBeaCecwwafwendaqJCafDeK",107,0.990741,82,108,1,107,1,1,0,1,1,32,31,40,40,36,36,26
"2052",51,"[82]GjfffHdwaCxKvBunmwandbCLCecLgtvwafnfaCJBdHdwendaCIKqsEokIjxBeaCecwwafwendaqJCafDeK",106,0.990654,82,107,1,106,1,1,0,1,1,40,39,35,35,32,32,26
"2053",52,"[82]GjfffHdwaCxKvBunmwandbCLCecLgtvwafnfaCJBdHdwendaCIKqsEokIjxBeaCecwwafwendaqJCafDeK",109,1,82,108,0,108,0,0,0,0,0,36,36,35,35,37,37,26
"2054",53,"[82]GjfffHdwaCxKvBunmwandbCLCecLgtvwafnfaCJBdHdwendaCIKqsEokIjxBeaCecwwafwendaqJCafDeK",112,1,82,111,0,111,0,0,0,0,0,31,31,37,37,43,43,26
"2055",54,"[82]GjfffHdwaCxKvBunmwandbCLCecLgtvwafnfaCJBdHdwendaCIKqsEokIjxBeaCecwwafwendaqJCafDeK",107,1,82,106,0,106,0,0,0,0,0,41,41,33,33,32,32,26
"2056",55,"[82]GjfffHdwaCxKvBunmwandbCLCecLgtvwafnfaCJBdHdwendaCIKqsEokIjxBeaCecwwafwendaqJCafDeK",108,1,82,107,0,107,0,0,0,0,0,37,37,36,36,34,34,26
"2057",56,"[82]GjfffHdwaCxKvBunmwandbCLCecLgtvwafnfaCJBdHdwendaCIKqsEokIjxBeaCecwwafwendaqJCafDeK",107,0.990741,82,108,1,107,1,1,0,1,1,35,34,37,37,36,36,26
"2058",57,"[82]GjfffHdwaCxKvBunmwandbCLCecLgtvwafnfaCJBdHdwendaCIKqsEokIjxBeaCecwwafwendaqJCafDeK",107,0.981818,82,110,2,108,2,2,0,2,2,43,41,30,30,37,37,26
"2059",58,"[82]GjfffHdwaCxKvBunmwandbCLCecLgtvwafnfaCJBdHdwendaCIKqsEokIjxBeaCecwwafwendaqJCafDeK",108,1,82,107,0,107,0,0,0,0,0,38,38,35,35,34,34,26
"2060",59,"[82]GjfffHdwaCxKvBunmwandbCLCecLgtvwafnfaCJBdHdwendaCIKqsEokIjxBeaCecwwafwendaqJCafDeK",98,0.961905,82,105,4,101,4,4,0,4,4,34,30,46,46,25,25,26
"2061",60,"[82]GjfffHdwaCxKvBunmwandbCLCecLgtvwafnfaCJBdHdwendaCIKqsEokIjxBeaCecwwafwendaqJCafDeK",105,0.964286,82,112,4,108,4,4,0,4,4,40,36,33,33,39,39,26
"2062",61,"[82]GjfffHdwaCxKvBunmwandbCLCecLgtvwafnfaCJBdHdwendaCIKqsEokIjxBeaCecwwafwendaqJCafDeK",108,1,82,107,0,107,0,0,0,0,0,33,33,40,40,34,34,26
"2063",62,"[82]GjfffHdwaCxKvBunmwandbCLCecLgtvwafnfaCJBdHdwendaCIKqsEokIjxBeaCecwwafwendaqJCafDeK",109,1,82,108,0,108,0,0,0,0,0,35,35,37,37,36,36,26
"2064",63,"[82]GjfffHdwaCxKvBunmwandbCLCecLgtvwafnfaCJBdHdwendaCIKqsEokIjxBeaCecwwafwendaqJCafDeK",104,0.981308,82,107,2,105,2,2,0,2,2,36,34,39,39,32,32,26
"2065",64,"[82]GjfffHdwaCxKvBunmwandbCLCecLgtvwafnfaCJBdHdwendaCIKqsEokIjxBeaCecwwafwendaqJCafDeK",105,1,82,104,0,104,0,0,0,0,0,35,35,40,40,29,29,26
"2066",65,"[82]GjfffHdwaCxKvBunmwandbCLCecLgtvwafnfaCJBdHdwendaCIKqsEokIjxBeaCecwwafwendaqJCafDeK",106,0.981651,82,109,2,107,2,2,0,2,2,29,27,43,43,37,37,26
"2067",66,"[82]GjfffHdwaCxKvBunmwandbCLCecLgtvwafnfaCJBdHdwendaCIKqsEokIjxBeaCecwwafwendaqJCafDeK",115,1,82,114,0,114,0,0,0,0,0,40,40,24,24,50,50,26
"2068",67,"[82]GjfffHdwaCxKvBunmwandbCLCecLgtvwafnfaCJBdHdwendaCIKqsEokIjxBeaCecwwafwendaqJCafDeK",107,0.990741,82,108,1,107,1,1,0,1,1,39,38,34,34,35,35,26
"2069",68,"[82]GjfffHdwaCxKvBunmwandbCLCecLgtvwafnfaCJBdHdwendaCIKqsEokIjxBeaCecwwafwendaqJCafDeK",107,0.981818,82,110,2,108,2,2,0,2,2,35,33,37,37,38,38,26
"2070",69,"[82]GjfffHdwaCxKvBunmwandbCLCecLgtvwafnfaCJBdHdwendaCIKqsEokIjxBeaCecwwafwendaqJCafDeK",114,1,82,113,0,113,0,0,0,0,0,23,23,41,41,49,49,26
"2071",70,"[82]GjfffHdwaCxKvBunmwandbCLCecLgtvwafnfaCJBdHdwendaCIKqsEokIjxBeaCecwwafwendaqJCafDeK",107,1,82,106,0,106,0,0,0,0,0,42,42,33,33,31,31,26
"2072",71,"[82]GjfffHdwaCxKvBunmwandbCLCecLgtvwafnfaCJBdHdwendaCIKqsEokIjxBeaCecwwafwendaqJCafDeK",105,0.95614,82,114,5,109,5,5,0,5,5,36,31,36,36,42,42,26
"2073",72,"[82]GjfffHdwaCxKvBunmwandbCLCecLgtvwafnfaCJBdHdwendaCIKqsEokIjxBeaCecwwafwendaqJCafDeK",107,0.981818,82,110,2,108,2,2,0,2,2,43,41,29,29,38,38,26
"2074",73,"[82]GjfffHdwaCxKvBunmwandbCLCecLgtvwafnfaCJBdHdwendaCIKqsEokIjxBeaCecwwafwendaqJCafDeK",105,1,82,104,0,104,0,0,0,0,0,45,45,32,32,27,27,26
"2075",74,"[82]GjfffHdwaCxKvBunmwandbCLCecLgtvwafnfaCJBdHdwendaCIKqsEokIjxBeaCecwwafwendaqJCafDeK",109,0.982143,82,112,2,110,2,2,0,2,2,42,40,29,29,41,41,26
"2076",75,"[82]GjfffHdwaCxKvBunmwandbCLCecLgtvwafnfaCJBdHdwendaCIKqsEokIjxBeaCecwwafwendaqJCafDeK",109,0.990909,82,110,1,109,1,1,0,1,1,40,39,30,30,40,40,26
"2077",76,"[82]GjfffHdwaCxKvBunmwandbCLCecLgtvwafnfaCJBdHdwendaCIKqsEokIjxBeaCecwwafwendaqJCafDeK",110,1,82,109,0,109,0,0,0,0,0,31,31,39,39,39,39,26
"2078",77,"[82]GjfffHdwaCxKvBunmwandbCLCecLgtvwafnfaCJBdHdwendaCIKqsEokIjxBeaCecwwafwendaqJCafDeK",108,0.990826,82,109,1,108,1,1,0,1,1,34,33,38,38,37,37,26
"2079",78,"[82]GjfffHdwaCxKvBunmwandbCLCecLgtvwafnfaCJBdHdwendaCIKqsEokIjxBeaCecwwafwendaqJCafDeK",108,0.990826,82,109,1,108,1,1,0,1,1,32,31,39,39,38,38,26
"2080",79,"[82]GjfffHdwaCxKvBunmwandbCLCecLgtvwafnfaCJBdHdwendaCIKqsEokIjxBeaCecwwafwendaqJCafDeK",106,0.964602,82,113,4,109,4,4,0,4,4,38,34,34,34,41,41,26
"2081",80,"[82]GjfffHdwaCxKvBunmwandbCLCecLgtvwafnfaCJBdHdwendaCIKqsEokIjxBeaCecwwafwendaqJCafDeK",102,0.963303,82,109,4,105,4,4,0,4,4,43,39,33,33,33,33,26
"2082",81,"[82]GjfffHdwaCxKvBunmwandbCLCecLgtvwafnfaCJBdHdwendaCIKqsEokIjxBeaCecwwafwendaqJCafDeK",103,0.972222,82,108,3,105,3,3,0,3,3,45,42,32,32,31,31,26
"2083",82,"[82]GjfffHdwaCxKvBunmwandbCLCecLgtvwafnfaCJBdHdwendaCIKqsEokIjxBeaCecwwafwendaqJCafDeK",111,1,82,110,0,110,0,0,0,0,0,40,40,30,30,40,40,26
"2084",83,"[82]GjfffHdwaCxKvBunmwandbCLCecLgtvwafnfaCJBdHdwendaCIKqsEokIjxBeaCecwwafwendaqJCafDeK",109,1,82,108,0,108,0,0,0,0,0,43,43,29,29,36,36,26
"2085",84,"[82]GjfffHdwaCxKvBunmwandbCLCecLgtvwafnfaCJBdHdwendaCIKqsEokIjxBeaCecwwafwendaqJCafDeK",112,1,82,111,0,111,0,0,0,0,0,33,33,34,34,44,44,26
"2086",85,"[82]GjfffHdwaCxKvBunmwandbCLCecLgtvwafnfaCJBdHdwendaCIKqsEokIjxBeaCecwwafwendaqJCafDeK",106,1,82,105,0,105,0,0,0,0,0,40,40,36,36,29,29,26
"2087",86,"[82]GjfffHdwaCxKvBunmwandbCLCecLgtvwafnfaCJBdHdwendaCIKqsEokIjxBeaCecwwafwendaqJCafDeK",108,1,82,107,0,107,0,0,0,0,0,39,39,34,34,34,34,26
"2088",87,"[82]GjfffHdwaCxKvBunmwandbCLCecLgtvwafnfaCJBdHdwendaCIKqsEokIjxBeaCecwwafwendaqJCafDeK",111,0.991071,82,112,1,111,1,1,0,1,1,30,29,38,38,44,44,26
"2089",88,"[82]GjfffHdwaCxKvBunmwandbCLCecLgtvwafnfaCJBdHdwendaCIKqsEokIjxBeaCecwwafwendaqJCafDeK",103,0.981132,82,106,2,104,2,2,0,2,2,36,34,40,40,30,30,26
"2090",89,"[82]GjfffHdwaCxKvBunmwandbCLCecLgtvwafnfaCJBdHdwendaCIKqsEokIjxBeaCecwwafwendaqJCafDeK",106,1,82,105,0,105,0,0,0,0,0,38,38,36,36,31,31,26
"2091",90,"[82]GjfffHdwaCxKvBunmwandbCLCecLgtvwafnfaCJBdHdwendaCIKqsEokIjxBeaCecwwafwendaqJCafDeK",105,0.964286,82,112,4,108,4,4,0,4,4,40,36,34,34,38,38,26
"2092",91,"[82]GjfffHdwaCxKvBunmwandbCLCecLgtvwafnfaCJBdHdwendaCIKqsEokIjxBeaCecwwafwendaqJCafDeK",110,1,82,109,0,109,0,0,0,0,0,38,38,32,32,39,39,26
"2093",92,"[82]GjfffHdwaCxKvBunmwandbCLCecLgtvwafnfaCJBdHdwendaCIKqsEokIjxBeaCecwwafwendaqJCafDeK",110,1,82,109,0,109,0,0,0,0,0,38,38,32,32,39,39,26
"2094",93,"[82]GjfffHdwaCxKvBunmwandbCLCecLgtvwafnfaCJBdHdwendaCIKqsEokIjxBeaCecwwafwendaqJCafDeK",106,1,82,105,0,105,0,0,0,0,0,44,44,31,31,30,30,26
"2095",94,"[82]GjfffHdwaCxKvBunmwandbCLCecLgtvwafnfaCJBdHdwendaCIKqsEokIjxBeaCecwwafwendaqJCafDeK",106,1,82,105,0,105,0,0,0,0,0,41,41,35,35,29,29,26
"2096",95,"[82]GjfffHdwaCxKvBunmwandbCLCecLgtvwafnfaCJBdHdwendaCIKqsEokIjxBeaCecwwafwendaqJCafDeK",105,0.990566,82,106,1,105,1,1,0,1,1,40,39,35,35,31,31,26
"2097",96,"[82]GjfffHdwaCxKvBunmwandbCLCecLgtvwafnfaCJBdHdwendaCIKqsEokIjxBeaCecwwafwendaqJCafDeK",110,0.982301,82,113,2,111,2,2,0,2,2,34,32,34,34,45,45,26
"2098",97,"[82]GjfffHdwaCxKvBunmwandbCLCecLgtvwafnfaCJBdHdwendaCIKqsEokIjxBeaCecwwafwendaqJCafDeK",108,1,82,107,0,107,0,0,0,0,0,33,33,38,38,36,36,26
"2099",98,"[82]GjfffHdwaCxKvBunmwandbCLCecLgtvwafnfaCJBdHdwendaCIKqsEokIjxBeaCecwwafwendaqJCafDeK",107,0.973214,82,112,3,109,3,3,0,3,3,35,32,36,36,41,41,26
"2100",99,"[82]GjfffHdwaCxKvBunmwandbCLCecLgtvwafnfaCJBdHdwendaCIKqsEokIjxBeaCecwwafwendaqJCafDeK",110,1,82,109,0,109,0,0,0,0,0,31,31,38,38,40,40,26
"2101",0,"[88]GDfeHdwaCyjFrrulKBmvAwcwandbCLCebkewaeocaCJBdHdwendaCIKqpvdqjBeaFCEJCfddwaendaCJCebwnaeK",121,0.991803,88,122,1,121,1,1,0,1,1,48,47,41,41,33,33,27
"2102",1,"[88]GDfeHdwaCyjFrrulKBmvAwcwandbCLCebkewaeocaCJBdHdwendaCIKqpvdqjBeaFCEJCfddwaendaCJCebwnaeK",129,0.992308,88,130,1,129,1,1,0,1,1,50,49,33,33,47,47,27
"2103",2,"[88]GDfeHdwaCyjFrrulKBmvAwcwandbCLCebkewaeocaCJBdHdwendaCIKqpvdqjBeaFCEJCfddwaendaCJCebwnaeK",126,1,88,125,0,125,0,0,0,0,0,45,45,39,39,41,41,27
"2104",3,"[88]GDfeHdwaCyjFrrulKBmvAwcwandbCLCebkewaeocaCJBdHdwendaCIKqpvdqjBeaFCEJCfddwaendaCJCebwnaeK",128,1,88,127,0,127,0,0,0,0,0,47,47,36,36,44,44,27
"2105",4,"[88]GDfeHdwaCyjFrrulKBmvAwcwandbCLCebkewaeocaCJBdHdwendaCIKqpvdqjBeaFCEJCfddwaendaCJCebwnaeK",125,1,88,124,0,124,0,0,0,0,0,48,48,38,38,38,38,27
"2106",5,"[88]GDfeHdwaCyjFrrulKBmvAwcwandbCLCebkewaeocaCJBdHdwendaCIKqpvdqjBeaFCEJCfddwaendaCJCebwnaeK",123,0.991935,88,124,1,123,1,1,0,1,1,39,38,47,47,38,38,27
"2107",6,"[88]GDfeHdwaCyjFrrulKBmvAwcwandbCLCebkewaeocaCJBdHdwendaCIKqpvdqjBeaFCEJCfddwaendaCJCebwnaeK",123,0.991935,88,124,1,123,1,1,0,1,1,45,44,41,41,38,38,27
"2108",7,"[88]GDfeHdwaCyjFrrulKBmvAwcwandbCLCebkewaeocaCJBdHdwendaCIKqpvdqjBeaFCEJCfddwaendaCJCebwnaeK",131,1,88,130,0,130,0,0,0,0,0,39,39,43,43,48,48,27
"2109",8,"[88]GDfeHdwaCyjFrrulKBmvAwcwandbCLCebkewaeocaCJBdHdwendaCIKqpvdqjBeaFCEJCfddwaendaCJCebwnaeK",134,1,88,133,0,133,0,0,0,0,0,43,43,38,38,52,52,27
"2110",9,"[88]GDfeHdwaCyjFrrulKBmvAwcwandbCLCebkewaeocaCJBdHdwendaCIKqpvdqjBeaFCEJCfddwaendaCJCebwnaeK",131,0.985075,88,134,2,132,2,2,0,2,2,43,41,42,42,49,49,27
"2111",10,"[88]GDfeHdwaCyjFrrulKBmvAwcwandbCLCebkewaeocaCJBdHdwendaCIKqpvdqjBeaFCEJCfddwaendaCJCebwnaeK",134,1,88,133,0,133,0,0,0,0,0,40,40,42,42,51,51,27
"2112",11,"[88]GDfeHdwaCyjFrrulKBmvAwcwandbCLCebkewaeocaCJBdHdwendaCIKqpvdqjBeaFCEJCfddwaendaCJCebwnaeK",120,0.991736,88,121,1,120,1,1,0,1,1,48,47,41,41,32,32,27
"2113",12,"[88]GDfeHdwaCyjFrrulKBmvAwcwandbCLCebkewaeocaCJBdHdwendaCIKqpvdqjBeaFCEJCfddwaendaCJCebwnaeK",129,1,88,128,0,128,0,0,0,0,0,38,38,44,44,46,46,27
"2114",13,"[88]GDfeHdwaCyjFrrulKBmvAwcwandbCLCebkewaeocaCJBdHdwendaCIKqpvdqjBeaFCEJCfddwaendaCJCebwnaeK",131,1,88,130,0,130,0,0,0,0,0,40,40,49,49,41,41,27
"2115",14,"[88]GDfeHdwaCyjFrrulKBmvAwcwandbCLCebkewaeocaCJBdHdwendaCIKqpvdqjBeaFCEJCfddwaendaCJCebwnaeK",125,1,88,124,0,124,0,0,0,0,0,38,38,47,47,39,39,27
"2116",15,"[88]GDfeHdwaCyjFrrulKBmvAwcwandbCLCebkewaeocaCJBdHdwendaCIKqpvdqjBeaFCEJCfddwaendaCJCebwnaeK",124,0.969466,88,131,4,127,4,4,0,4,4,41,37,40,40,50,50,27
"2117",16,"[88]GDfeHdwaCyjFrrulKBmvAwcwandbCLCebkewaeocaCJBdHdwendaCIKqpvdqjBeaFCEJCfddwaendaCJCebwnaeK",115,0.945312,88,128,7,121,7,7,0,7,7,49,42,42,42,37,37,27
"2118",17,"[88]GDfeHdwaCyjFrrulKBmvAwcwandbCLCebkewaeocaCJBdHdwendaCIKqpvdqjBeaFCEJCfddwaendaCJCebwnaeK",122,0.99187,88,123,1,122,1,1,0,1,1,50,49,42,42,31,31,27
"2119",18,"[88]GDfeHdwaCyjFrrulKBmvAwcwandbCLCebkewaeocaCJBdHdwendaCIKqpvdqjBeaFCEJCfddwaendaCJCebwnaeK",123,0.976562,88,128,3,125,3,3,0,3,3,52,49,35,35,41,41,27
"2120",19,"[88]GDfeHdwaCyjFrrulKBmvAwcwandbCLCebkewaeocaCJBdHdwendaCIKqpvdqjBeaFCEJCfddwaendaCJCebwnaeK",130,1,88,129,0,129,0,0,0,0,0,36,36,43,43,50,50,27
"2121",20,"[88]GDfeHdwaCyjFrrulKBmvAwcwandbCLCebkewaeocaCJBdHdwendaCIKqpvdqjBeaFCEJCfddwaendaCJCebwnaeK",130,0.984962,88,133,2,131,2,2,0,2,2,43,41,37,37,53,53,27
"2122",21,"[88]GDfeHdwaCyjFrrulKBmvAwcwandbCLCebkewaeocaCJBdHdwendaCIKqpvdqjBeaFCEJCfddwaendaCJCebwnaeK",123,1,88,122,0,122,0,0,0,0,0,46,46,43,43,33,33,27
"2123",22,"[88]GDfeHdwaCyjFrrulKBmvAwcwandbCLCebkewaeocaCJBdHdwendaCIKqpvdqjBeaFCEJCfddwaendaCJCebwnaeK",121,0.983871,88,124,2,122,2,2,0,2,2,40,38,47,47,37,37,27
"2124",23,"[88]GDfeHdwaCyjFrrulKBmvAwcwandbCLCebkewaeocaCJBdHdwendaCIKqpvdqjBeaFCEJCfddwaendaCJCebwnaeK",134,1,88,133,0,133,0,0,0,0,0,38,38,38,38,57,57,27
"2125",24,"[88]GDfeHdwaCyjFrrulKBmvAwcwandbCLCebkewaeocaCJBdHdwendaCIKqpvdqjBeaFCEJCfddwaendaCJCebwnaeK",121,0.961538,88,130,5,125,5,5,0,5,5,41,36,43,43,46,46,27
"2126",25,"[88]GDfeHdwaCyjFrrulKBmvAwcwandbCLCebkewaeocaCJBdHdwendaCIKqpvdqjBeaFCEJCfddwaendaCJCebwnaeK",131,1,88,130,0,130,0,0,0,0,0,48,48,38,38,44,44,27
"2127",26,"[88]GDfeHdwaCyjFrrulKBmvAwcwandbCLCebkewaeocaCJBdHdwendaCIKqpvdqjBeaFCEJCfddwaendaCJCebwnaeK",124,1,88,123,0,123,0,0,0,0,0,48,48,40,40,35,35,27
"2128",27,"[88]GDfeHdwaCyjFrrulKBmvAwcwandbCLCebkewaeocaCJBdHdwendaCIKqpvdqjBeaFCEJCfddwaendaCJCebwnaeK",132,1,88,131,0,131,0,0,0,0,0,49,49,39,39,43,43,27
"2129",28,"[88]GDfeHdwaCyjFrrulKBmvAwcwandbCLCebkewaeocaCJBdHdwendaCIKqpvdqjBeaFCEJCfddwaendaCJCebwnaeK",121,0.991803,88,122,1,121,1,1,0,1,1,42,41,44,44,36,36,27
"2130",29,"[88]GDfeHdwaCyjFrrulKBmvAwcwandbCLCebkewaeocaCJBdHdwendaCIKqpvdqjBeaFCEJCfddwaendaCJCebwnaeK",127,0.992188,88,128,1,127,1,1,0,1,1,41,40,41,41,46,46,27
"2131",30,"[88]GDfeHdwaCyjFrrulKBmvAwcwandbCLCebkewaeocaCJBdHdwendaCIKqpvdqjBeaFCEJCfddwaendaCJCebwnaeK",126,1,88,125,0,125,0,0,0,0,0,50,50,38,38,37,37,27
"2132",31,"[88]GDfeHdwaCyjFrrulKBmvAwcwandbCLCebkewaeocaCJBdHdwendaCIKqpvdqjBeaFCEJCfddwaendaCJCebwnaeK",111,0.95082,88,122,6,116,6,6,0,6,6,41,35,49,49,32,32,27
"2133",32,"[88]GDfeHdwaCyjFrrulKBmvAwcwandbCLCebkewaeocaCJBdHdwendaCIKqpvdqjBeaFCEJCfddwaendaCJCebwnaeK",131,1,88,130,0,130,0,0,0,0,0,44,44,37,37,49,49,27
"2134",33,"[88]GDfeHdwaCyjFrrulKBmvAwcwandbCLCebkewaeocaCJBdHdwendaCIKqpvdqjBeaFCEJCfddwaendaCJCebwnaeK",123,0.991935,88,124,1,123,1,1,0,1,1,45,44,44,44,35,35,27
"2135",34,"[88]GDfeHdwaCyjFrrulKBmvAwcwandbCLCebkewaeocaCJBdHdwendaCIKqpvdqjBeaFCEJCfddwaendaCJCebwnaeK",130,1,88,129,0,129,0,0,0,0,0,46,46,36,36,47,47,27
"2136",35,"[88]GDfeHdwaCyjFrrulKBmvAwcwandbCLCebkewaeocaCJBdHdwendaCIKqpvdqjBeaFCEJCfddwaendaCJCebwnaeK",122,0.99187,88,123,1,122,1,1,0,1,1,37,36,50,50,36,36,27
"2137",36,"[88]GDfeHdwaCyjFrrulKBmvAwcwandbCLCebkewaeocaCJBdHdwendaCIKqpvdqjBeaFCEJCfddwaendaCJCebwnaeK",124,0.969466,88,131,4,127,4,4,0,4,4,43,39,42,42,46,46,27
"2138",37,"[88]GDfeHdwaCyjFrrulKBmvAwcwandbCLCebkewaeocaCJBdHdwendaCIKqpvdqjBeaFCEJCfddwaendaCJCebwnaeK",131,1,88,130,0,130,0,0,0,0,0,48,48,34,34,48,48,27
"2139",38,"[88]GDfeHdwaCyjFrrulKBmvAwcwandbCLCebkewaeocaCJBdHdwendaCIKqpvdqjBeaFCEJCfddwaendaCJCebwnaeK",120,0.976,88,125,3,122,3,3,0,3,3,53,50,36,36,36,36,27
"2140",39,"[88]GDfeHdwaCyjFrrulKBmvAwcwandbCLCebkewaeocaCJBdHdwendaCIKqpvdqjBeaFCEJCfddwaendaCJCebwnaeK",121,0.97619,88,126,3,123,3,3,0,3,3,50,47,37,37,39,39,27
"2141",40,"[88]GDfeHdwaCyjFrrulKBmvAwcwandbCLCebkewaeocaCJBdHdwendaCIKqpvdqjBeaFCEJCfddwaendaCJCebwnaeK",125,0.992063,88,126,1,125,1,1,0,1,1,43,42,43,43,40,40,27
"2142",41,"[88]GDfeHdwaCyjFrrulKBmvAwcwandbCLCebkewaeocaCJBdHdwendaCIKqpvdqjBeaFCEJCfddwaendaCJCebwnaeK",116,0.96748,88,123,4,119,4,4,0,4,4,40,36,50,50,33,33,27
"2143",42,"[88]GDfeHdwaCyjFrrulKBmvAwcwandbCLCebkewaeocaCJBdHdwendaCIKqpvdqjBeaFCEJCfddwaendaCJCebwnaeK",135,1,88,134,0,134,0,0,0,0,0,42,42,48,48,44,44,27
"2144",43,"[88]GDfeHdwaCyjFrrulKBmvAwcwandbCLCebkewaeocaCJBdHdwendaCIKqpvdqjBeaFCEJCfddwaendaCJCebwnaeK",130,1,88,129,0,129,0,0,0,0,0,39,39,41,41,49,49,27
"2145",44,"[88]GDfeHdwaCyjFrrulKBmvAwcwandbCLCebkewaeocaCJBdHdwendaCIKqpvdqjBeaFCEJCfddwaendaCJCebwnaeK",127,0.992188,88,128,1,127,1,1,0,1,1,38,37,42,42,48,48,27
"2146",45,"[88]GDfeHdwaCyjFrrulKBmvAwcwandbCLCebkewaeocaCJBdHdwendaCIKqpvdqjBeaFCEJCfddwaendaCJCebwnaeK",132,1,88,131,0,131,0,0,0,0,0,44,44,36,36,51,51,27
"2147",46,"[88]GDfeHdwaCyjFrrulKBmvAwcwandbCLCebkewaeocaCJBdHdwendaCIKqpvdqjBeaFCEJCfddwaendaCJCebwnaeK",126,0.984496,88,129,2,127,2,2,0,2,2,50,48,35,35,44,44,27
"2148",47,"[88]GDfeHdwaCyjFrrulKBmvAwcwandbCLCebkewaeocaCJBdHdwendaCIKqpvdqjBeaFCEJCfddwaendaCJCebwnaeK",133,1,88,132,0,132,0,0,0,0,0,45,45,41,41,46,46,27
"2149",48,"[88]GDfeHdwaCyjFrrulKBmvAwcwandbCLCebkewaeocaCJBdHdwendaCIKqpvdqjBeaFCEJCfddwaendaCJCebwnaeK",132,1,88,131,0,131,0,0,0,0,0,45,45,39,39,47,47,27
"2150",49,"[88]GDfeHdwaCyjFrrulKBmvAwcwandbCLCebkewaeocaCJBdHdwendaCIKqpvdqjBeaFCEJCfddwaendaCJCebwnaeK",117,0.97541,88,122,3,119,3,3,0,3,3,41,38,50,50,31,31,27
"2151",50,"[88]GDfeHdwaCyjFrrulKBmvAwcwandbCLCebkewaeocaCJBdHdwendaCIKqpvdqjBeaFCEJCfddwaendaCJCebwnaeK",130,1,88,129,0,129,0,0,0,0,0,37,37,43,43,49,49,27
"2152",51,"[88]GDfeHdwaCyjFrrulKBmvAwcwandbCLCebkewaeocaCJBdHdwendaCIKqpvdqjBeaFCEJCfddwaendaCJCebwnaeK",124,0.984252,88,127,2,125,2,2,0,2,2,48,46,38,38,41,41,27
"2153",52,"[88]GDfeHdwaCyjFrrulKBmvAwcwandbCLCebkewaeocaCJBdHdwendaCIKqpvdqjBeaFCEJCfddwaendaCJCebwnaeK",125,0.992063,88,126,1,125,1,1,0,1,1,39,38,46,46,41,41,27
"2154",53,"[88]GDfeHdwaCyjFrrulKBmvAwcwandbCLCebkewaeocaCJBdHdwendaCIKqpvdqjBeaFCEJCfddwaendaCJCebwnaeK",120,0.991736,88,121,1,120,1,1,0,1,1,47,46,43,43,31,31,27
"2155",54,"[88]GDfeHdwaCyjFrrulKBmvAwcwandbCLCebkewaeocaCJBdHdwendaCIKqpvdqjBeaFCEJCfddwaendaCJCebwnaeK",129,1,88,128,0,128,0,0,0,0,0,32,32,46,46,50,50,27
"2156",55,"[88]GDfeHdwaCyjFrrulKBmvAwcwandbCLCebkewaeocaCJBdHdwendaCIKqpvdqjBeaFCEJCfddwaendaCJCebwnaeK",134,1,88,133,0,133,0,0,0,0,0,43,43,37,37,53,53,27
"2157",56,"[88]GDfeHdwaCyjFrrulKBmvAwcwandbCLCebkewaeocaCJBdHdwendaCIKqpvdqjBeaFCEJCfddwaendaCJCebwnaeK",125,0.992063,88,126,1,125,1,1,0,1,1,36,35,47,47,43,43,27
"2158",57,"[88]GDfeHdwaCyjFrrulKBmvAwcwandbCLCebkewaeocaCJBdHdwendaCIKqpvdqjBeaFCEJCfddwaendaCJCebwnaeK",125,1,88,124,0,124,0,0,0,0,0,43,43,41,41,40,40,27
"2159",58,"[88]GDfeHdwaCyjFrrulKBmvAwcwandbCLCebkewaeocaCJBdHdwendaCIKqpvdqjBeaFCEJCfddwaendaCJCebwnaeK",129,1,88,128,0,128,0,0,0,0,0,40,40,46,46,42,42,27
"2160",59,"[88]GDfeHdwaCyjFrrulKBmvAwcwandbCLCebkewaeocaCJBdHdwendaCIKqpvdqjBeaFCEJCfddwaendaCJCebwnaeK",124,1,88,123,0,123,0,0,0,0,0,47,47,40,40,36,36,27
"2161",60,"[88]GDfeHdwaCyjFrrulKBmvAwcwandbCLCebkewaeocaCJBdHdwendaCIKqpvdqjBeaFCEJCfddwaendaCJCebwnaeK",128,1,88,127,0,127,0,0,0,0,0,42,42,42,42,43,43,27
"2162",61,"[88]GDfeHdwaCyjFrrulKBmvAwcwandbCLCebkewaeocaCJBdHdwendaCIKqpvdqjBeaFCEJCfddwaendaCJCebwnaeK",126,1,88,125,0,125,0,0,0,0,0,47,47,38,38,40,40,27
"2163",62,"[88]GDfeHdwaCyjFrrulKBmvAwcwandbCLCebkewaeocaCJBdHdwendaCIKqpvdqjBeaFCEJCfddwaendaCJCebwnaeK",129,1,88,128,0,128,0,0,0,0,0,38,38,42,42,48,48,27
"2164",63,"[88]GDfeHdwaCyjFrrulKBmvAwcwandbCLCebkewaeocaCJBdHdwendaCIKqpvdqjBeaFCEJCfddwaendaCJCebwnaeK",124,0.992,88,125,1,124,1,1,0,1,1,49,48,38,38,38,38,27
"2165",64,"[88]GDfeHdwaCyjFrrulKBmvAwcwandbCLCebkewaeocaCJBdHdwendaCIKqpvdqjBeaFCEJCfddwaendaCJCebwnaeK",136,0.992701,88,137,1,136,1,1,0,1,1,51,50,31,31,55,55,27
"2166",65,"[88]GDfeHdwaCyjFrrulKBmvAwcwandbCLCebkewaeocaCJBdHdwendaCIKqpvdqjBeaFCEJCfddwaendaCJCebwnaeK",126,0.992126,88,127,1,126,1,1,0,1,1,50,49,35,35,42,42,27
"2167",66,"[88]GDfeHdwaCyjFrrulKBmvAwcwandbCLCebkewaeocaCJBdHdwendaCIKqpvdqjBeaFCEJCfddwaendaCJCebwnaeK",130,0.984962,88,133,2,131,2,2,0,2,2,45,43,40,40,48,48,27
"2168",67,"[88]GDfeHdwaCyjFrrulKBmvAwcwandbCLCebkewaeocaCJBdHdwendaCIKqpvdqjBeaFCEJCfddwaendaCJCebwnaeK",117,0.960317,88,126,5,121,5,5,0,5,5,55,50,39,39,32,32,27
"2169",68,"[88]GDfeHdwaCyjFrrulKBmvAwcwandbCLCebkewaeocaCJBdHdwendaCIKqpvdqjBeaFCEJCfddwaendaCJCebwnaeK",135,1,88,134,0,134,0,0,0,0,0,41,41,46,46,47,47,27
"2170",69,"[88]GDfeHdwaCyjFrrulKBmvAwcwandbCLCebkewaeocaCJBdHdwendaCIKqpvdqjBeaFCEJCfddwaendaCJCebwnaeK",126,1,88,125,0,125,0,0,0,0,0,39,39,45,45,41,41,27
"2171",70,"[88]GDfeHdwaCyjFrrulKBmvAwcwandbCLCebkewaeocaCJBdHdwendaCIKqpvdqjBeaFCEJCfddwaendaCJCebwnaeK",131,0.992424,88,132,1,131,1,1,0,1,1,45,44,36,36,51,51,27
"2172",71,"[88]GDfeHdwaCyjFrrulKBmvAwcwandbCLCebkewaeocaCJBdHdwendaCIKqpvdqjBeaFCEJCfddwaendaCJCebwnaeK",124,0.962406,88,133,5,128,5,5,0,5,5,43,38,39,39,51,51,27
"2173",72,"[88]GDfeHdwaCyjFrrulKBmvAwcwandbCLCebkewaeocaCJBdHdwendaCIKqpvdqjBeaFCEJCfddwaendaCJCebwnaeK",123,0.976562,88,128,3,125,3,3,0,3,3,46,43,39,39,43,43,27
"2174",73,"[88]GDfeHdwaCyjFrrulKBmvAwcwandbCLCebkewaeocaCJBdHdwendaCIKqpvdqjBeaFCEJCfddwaendaCJCebwnaeK",133,1,88,132,0,132,0,0,0,0,0,34,34,41,41,57,57,27
"2175",74,"[88]GDfeHdwaCyjFrrulKBmvAwcwandbCLCebkewaeocaCJBdHdwendaCIKqpvdqjBeaFCEJCfddwaendaCJCebwnaeK",126,1,88,125,0,125,0,0,0,0,0,42,42,42,42,41,41,27
"2176",75,"[88]GDfeHdwaCyjFrrulKBmvAwcwandbCLCebkewaeocaCJBdHdwendaCIKqpvdqjBeaFCEJCfddwaendaCJCebwnaeK",131,1,88,130,0,130,0,0,0,0,0,41,41,39,39,50,50,27
"2177",76,"[88]GDfeHdwaCyjFrrulKBmvAwcwandbCLCebkewaeocaCJBdHdwendaCIKqpvdqjBeaFCEJCfddwaendaCJCebwnaeK",120,0.991736,88,121,1,120,1,1,0,1,1,41,40,46,46,34,34,27
"2178",77,"[88]GDfeHdwaCyjFrrulKBmvAwcwandbCLCebkewaeocaCJBdHdwendaCIKqpvdqjBeaFCEJCfddwaendaCJCebwnaeK",129,1,88,128,0,128,0,0,0,0,0,41,41,41,41,46,46,27
"2179",78,"[88]GDfeHdwaCyjFrrulKBmvAwcwandbCLCebkewaeocaCJBdHdwendaCIKqpvdqjBeaFCEJCfddwaendaCJCebwnaeK",125,1,88,124,0,124,0,0,0,0,0,44,44,43,43,37,37,27
"2180",79,"[88]GDfeHdwaCyjFrrulKBmvAwcwandbCLCebkewaeocaCJBdHdwendaCIKqpvdqjBeaFCEJCfddwaendaCJCebwnaeK",131,1,88,130,0,130,0,0,0,0,0,55,55,40,40,35,35,27
"2181",80,"[88]GDfeHdwaCyjFrrulKBmvAwcwandbCLCebkewaeocaCJBdHdwendaCIKqpvdqjBeaFCEJCfddwaendaCJCebwnaeK",133,0.971429,88,140,4,136,4,4,0,4,4,55,51,35,35,50,50,27
"2182",81,"[88]GDfeHdwaCyjFrrulKBmvAwcwandbCLCebkewaeocaCJBdHdwendaCIKqpvdqjBeaFCEJCfddwaendaCJCebwnaeK",126,1,88,125,0,125,0,0,0,0,0,44,44,41,41,40,40,27
"2183",82,"[88]GDfeHdwaCyjFrrulKBmvAwcwandbCLCebkewaeocaCJBdHdwendaCIKqpvdqjBeaFCEJCfddwaendaCJCebwnaeK",134,1,88,133,0,133,0,0,0,0,0,45,45,38,38,50,50,27
"2184",83,"[88]GDfeHdwaCyjFrrulKBmvAwcwandbCLCebkewaeocaCJBdHdwendaCIKqpvdqjBeaFCEJCfddwaendaCJCebwnaeK",127,0.992188,88,128,1,127,1,1,0,1,1,42,41,42,42,44,44,27
"2185",84,"[88]GDfeHdwaCyjFrrulKBmvAwcwandbCLCebkewaeocaCJBdHdwendaCIKqpvdqjBeaFCEJCfddwaendaCJCebwnaeK",134,1,88,133,0,133,0,0,0,0,0,53,53,33,33,47,47,27
"2186",85,"[88]GDfeHdwaCyjFrrulKBmvAwcwandbCLCebkewaeocaCJBdHdwendaCIKqpvdqjBeaFCEJCfddwaendaCJCebwnaeK",126,0.992126,88,127,1,126,1,1,0,1,1,44,43,41,41,42,42,27
"2187",86,"[88]GDfeHdwaCyjFrrulKBmvAwcwandbCLCebkewaeocaCJBdHdwendaCIKqpvdqjBeaFCEJCfddwaendaCJCebwnaeK",128,0.977444,88,133,3,130,3,3,0,3,3,45,42,41,41,47,47,27
"2188",87,"[88]GDfeHdwaCyjFrrulKBmvAwcwandbCLCebkewaeocaCJBdHdwendaCIKqpvdqjBeaFCEJCfddwaendaCJCebwnaeK",135,0.992647,88,136,1,135,1,1,0,1,1,43,42,42,42,51,51,27
"2189",88,"[88]GDfeHdwaCyjFrrulKBmvAwcwandbCLCebkewaeocaCJBdHdwendaCIKqpvdqjBeaFCEJCfddwaendaCJCebwnaeK",126,0.992126,88,127,1,126,1,1,0,1,1,50,49,35,35,42,42,27
"2190",89,"[88]GDfeHdwaCyjFrrulKBmvAwcwandbCLCebkewaeocaCJBdHdwendaCIKqpvdqjBeaFCEJCfddwaendaCJCebwnaeK",122,0.99187,88,123,1,122,1,1,0,1,1,47,46,42,42,34,34,27
"2191",90,"[88]GDfeHdwaCyjFrrulKBmvAwcwandbCLCebkewaeocaCJBdHdwendaCIKqpvdqjBeaFCEJCfddwaendaCJCebwnaeK",127,1,88,126,0,126,0,0,0,0,0,48,48,41,41,37,37,27
"2192",91,"[88]GDfeHdwaCyjFrrulKBmvAwcwandbCLCebkewaeocaCJBdHdwendaCIKqpvdqjBeaFCEJCfddwaendaCJCebwnaeK",130,1,88,129,0,129,0,0,0,0,0,45,45,39,39,45,45,27
"2193",92,"[88]GDfeHdwaCyjFrrulKBmvAwcwandbCLCebkewaeocaCJBdHdwendaCIKqpvdqjBeaFCEJCfddwaendaCJCebwnaeK",127,1,88,126,0,126,0,0,0,0,0,47,47,37,37,42,42,27
"2194",93,"[88]GDfeHdwaCyjFrrulKBmvAwcwandbCLCebkewaeocaCJBdHdwendaCIKqpvdqjBeaFCEJCfddwaendaCJCebwnaeK",118,0.97561,88,123,3,120,3,3,0,3,3,36,33,49,49,38,38,27
"2195",94,"[88]GDfeHdwaCyjFrrulKBmvAwcwandbCLCebkewaeocaCJBdHdwendaCIKqpvdqjBeaFCEJCfddwaendaCJCebwnaeK",133,1,88,132,0,132,0,0,0,0,0,37,37,40,40,55,55,27
"2196",95,"[88]GDfeHdwaCyjFrrulKBmvAwcwandbCLCebkewaeocaCJBdHdwendaCIKqpvdqjBeaFCEJCfddwaendaCJCebwnaeK",131,0.992424,88,132,1,131,1,1,0,1,1,47,46,37,37,48,48,27
"2197",96,"[88]GDfeHdwaCyjFrrulKBmvAwcwandbCLCebkewaeocaCJBdHdwendaCIKqpvdqjBeaFCEJCfddwaendaCJCebwnaeK",121,0.983871,88,124,2,122,2,2,0,2,2,47,45,41,41,36,36,27
"2198",97,"[88]GDfeHdwaCyjFrrulKBmvAwcwandbCLCebkewaeocaCJBdHdwendaCIKqpvdqjBeaFCEJCfddwaendaCJCebwnaeK",129,1,88,128,0,128,0,0,0,0,0,44,44,39,39,45,45,27
"2199",98,"[88]GDfeHdwaCyjFrrulKBmvAwcwandbCLCebkewaeocaCJBdHdwendaCIKqpvdqjBeaFCEJCfddwaendaCJCebwnaeK",133,1,88,132,0,132,0,0,0,0,0,45,45,36,36,51,51,27
"2200",99,"[88]GDfeHdwaCyjFrrulKBmvAwcwandbCLCebkewaeocaCJBdHdwendaCIKqpvdqjBeaFCEJCfddwaendaCJCebwnaeK",124,0.992,88,125,1,124,1,1,0,1,1,39,38,44,44,42,42,27
"2201",0,"[81]GjfffHdwaCipFoqKLzfwandbCLCecgHjcvafnfCJBdHdwendfCIyKqlLtuCBeaFCiafwendaqFJCabDeK",110,1,81,109,0,109,0,0,0,0,0,36,36,30,30,43,43,28
"2202",1,"[81]GjfffHdwaCipFoqKLzfwandbCLCecgHjcvafnfCJBdHdwendfCIyKqlLtuCBeaFCiafwendaqFJCabDeK",105,0.964286,81,112,4,108,4,4,0,4,4,31,27,36,36,45,45,28
"2203",2,"[81]GjfffHdwaCipFoqKLzfwandbCLCecgHjcvafnfCJBdHdwendfCIyKqlLtuCBeaFCiafwendaqFJCabDeK",113,1,81,112,0,112,0,0,0,0,0,29,29,33,33,50,50,28
"2204",3,"[81]GjfffHdwaCipFoqKLzfwandbCLCecgHjcvafnfCJBdHdwendfCIyKqlLtuCBeaFCiafwendaqFJCabDeK",108,1,81,107,0,107,0,0,0,0,0,30,30,38,38,39,39,28
"2205",4,"[81]GjfffHdwaCipFoqKLzfwandbCLCecgHjcvafnfCJBdHdwendfCIyKqlLtuCBeaFCiafwendaqFJCabDeK",103,0.990385,81,104,1,103,1,1,0,1,1,38,37,34,34,32,32,28
"2206",5,"[81]GjfffHdwaCipFoqKLzfwandbCLCecgHjcvafnfCJBdHdwendfCIyKqlLtuCBeaFCiafwendaqFJCabDeK",100,0.990099,81,101,1,100,1,1,0,1,1,36,35,39,39,26,26,28
"2207",6,"[81]GjfffHdwaCipFoqKLzfwandbCLCecgHjcvafnfCJBdHdwendfCIyKqlLtuCBeaFCiafwendaqFJCabDeK",105,1,81,104,0,104,0,0,0,0,0,30,30,41,41,33,33,28
"2208",7,"[81]GjfffHdwaCipFoqKLzfwandbCLCecgHjcvafnfCJBdHdwendfCIyKqlLtuCBeaFCiafwendaqFJCabDeK",106,0.990654,81,107,1,106,1,1,0,1,1,32,31,37,37,38,38,28
"2209",8,"[81]GjfffHdwaCipFoqKLzfwandbCLCecgHjcvafnfCJBdHdwendfCIyKqlLtuCBeaFCiafwendaqFJCabDeK",106,1,81,105,0,105,0,0,0,0,0,32,32,37,37,36,36,28
"2210",9,"[81]GjfffHdwaCipFoqKLzfwandbCLCecgHjcvafnfCJBdHdwendfCIyKqlLtuCBeaFCiafwendaqFJCabDeK",105,0.990566,81,106,1,105,1,1,0,1,1,34,33,36,36,36,36,28
"2211",10,"[81]GjfffHdwaCipFoqKLzfwandbCLCecgHjcvafnfCJBdHdwendfCIyKqlLtuCBeaFCiafwendaqFJCabDeK",107,1,81,106,0,106,0,0,0,0,0,34,34,34,34,38,38,28
"2212",11,"[81]GjfffHdwaCipFoqKLzfwandbCLCecgHjcvafnfCJBdHdwendfCIyKqlLtuCBeaFCiafwendaqFJCabDeK",103,1,81,102,0,102,0,0,0,0,0,38,38,36,36,28,28,28
"2213",12,"[81]GjfffHdwaCipFoqKLzfwandbCLCecgHjcvafnfCJBdHdwendfCIyKqlLtuCBeaFCiafwendaqFJCabDeK",103,0.990385,81,104,1,103,1,1,0,1,1,27,26,46,46,31,31,28
"2214",13,"[81]GjfffHdwaCipFoqKLzfwandbCLCecgHjcvafnfCJBdHdwendfCIyKqlLtuCBeaFCiafwendaqFJCabDeK",102,1,81,101,0,101,0,0,0,0,0,36,36,38,38,27,27,28
"2215",14,"[81]GjfffHdwaCipFoqKLzfwandbCLCecgHjcvafnfCJBdHdwendfCIyKqlLtuCBeaFCiafwendaqFJCabDeK",101,0.980769,81,104,2,102,2,2,0,2,2,41,39,33,33,30,30,28
"2216",15,"[81]GjfffHdwaCipFoqKLzfwandbCLCecgHjcvafnfCJBdHdwendfCIyKqlLtuCBeaFCiafwendaqFJCabDeK",106,1,81,105,0,105,0,0,0,0,0,35,35,36,36,34,34,28
"2217",16,"[81]GjfffHdwaCipFoqKLzfwandbCLCecgHjcvafnfCJBdHdwendfCIyKqlLtuCBeaFCiafwendaqFJCabDeK",106,1,81,105,0,105,0,0,0,0,0,37,37,32,32,36,36,28
"2218",17,"[81]GjfffHdwaCipFoqKLzfwandbCLCecgHjcvafnfCJBdHdwendfCIyKqlLtuCBeaFCiafwendaqFJCabDeK",107,0.990741,81,108,1,107,1,1,0,1,1,36,35,31,31,41,41,28
"2219",18,"[81]GjfffHdwaCipFoqKLzfwandbCLCecgHjcvafnfCJBdHdwendfCIyKqlLtuCBeaFCiafwendaqFJCabDeK",102,0.990291,81,103,1,102,1,1,0,1,1,29,28,44,44,30,30,28
"2220",19,"[81]GjfffHdwaCipFoqKLzfwandbCLCecgHjcvafnfCJBdHdwendfCIyKqlLtuCBeaFCiafwendaqFJCabDeK",103,0.972222,81,108,3,105,3,3,0,3,3,37,34,33,33,38,38,28
"2221",20,"[81]GjfffHdwaCipFoqKLzfwandbCLCecgHjcvafnfCJBdHdwendfCIyKqlLtuCBeaFCiafwendaqFJCabDeK",105,1,81,104,0,104,0,0,0,0,0,40,40,31,31,33,33,28
"2222",21,"[81]GjfffHdwaCipFoqKLzfwandbCLCecgHjcvafnfCJBdHdwendfCIyKqlLtuCBeaFCiafwendaqFJCabDeK",107,0.981818,81,110,2,108,2,2,0,2,2,35,33,31,31,44,44,28
"2223",22,"[81]GjfffHdwaCipFoqKLzfwandbCLCecgHjcvafnfCJBdHdwendfCIyKqlLtuCBeaFCiafwendaqFJCabDeK",101,0.990196,81,102,1,101,1,1,0,1,1,32,31,43,43,27,27,28
"2224",23,"[81]GjfffHdwaCipFoqKLzfwandbCLCecgHjcvafnfCJBdHdwendfCIyKqlLtuCBeaFCiafwendaqFJCabDeK",106,0.990654,81,107,1,106,1,1,0,1,1,34,33,34,34,39,39,28
"2225",24,"[81]GjfffHdwaCipFoqKLzfwandbCLCecgHjcvafnfCJBdHdwendfCIyKqlLtuCBeaFCiafwendaqFJCabDeK",108,1,81,107,0,107,0,0,0,0,0,35,35,33,33,39,39,28
"2226",25,"[81]GjfffHdwaCipFoqKLzfwandbCLCecgHjcvafnfCJBdHdwendfCIyKqlLtuCBeaFCiafwendaqFJCabDeK",102,1,81,101,0,101,0,0,0,0,0,42,42,32,32,27,27,28
"2227",26,"[81]GjfffHdwaCipFoqKLzfwandbCLCecgHjcvafnfCJBdHdwendfCIyKqlLtuCBeaFCiafwendaqFJCabDeK",108,1,81,107,0,107,0,0,0,0,0,45,45,23,23,39,39,28
"2228",27,"[81]GjfffHdwaCipFoqKLzfwandbCLCecgHjcvafnfCJBdHdwendfCIyKqlLtuCBeaFCiafwendaqFJCabDeK",104,1,81,103,0,103,0,0,0,0,0,39,39,33,33,31,31,28
"2229",28,"[81]GjfffHdwaCipFoqKLzfwandbCLCecgHjcvafnfCJBdHdwendfCIyKqlLtuCBeaFCiafwendaqFJCabDeK",106,1,81,105,0,105,0,0,0,0,0,37,37,33,33,35,35,28
"2230",29,"[81]GjfffHdwaCipFoqKLzfwandbCLCecgHjcvafnfCJBdHdwendfCIyKqlLtuCBeaFCiafwendaqFJCabDeK",107,1,81,106,0,106,0,0,0,0,0,35,35,33,33,38,38,28
"2231",30,"[81]GjfffHdwaCipFoqKLzfwandbCLCecgHjcvafnfCJBdHdwendfCIyKqlLtuCBeaFCiafwendaqFJCabDeK",110,1,81,109,0,109,0,0,0,0,0,30,30,36,36,43,43,28
"2232",31,"[81]GjfffHdwaCipFoqKLzfwandbCLCecgHjcvafnfCJBdHdwendfCIyKqlLtuCBeaFCiafwendaqFJCabDeK",107,0.990741,81,108,1,107,1,1,0,1,1,39,38,29,29,40,40,28
"2233",32,"[81]GjfffHdwaCipFoqKLzfwandbCLCecgHjcvafnfCJBdHdwendfCIyKqlLtuCBeaFCiafwendaqFJCabDeK",105,0.990566,81,106,1,105,1,1,0,1,1,34,33,36,36,36,36,28
"2234",33,"[81]GjfffHdwaCipFoqKLzfwandbCLCecgHjcvafnfCJBdHdwendfCIyKqlLtuCBeaFCiafwendaqFJCabDeK",105,1,81,104,0,104,0,0,0,0,0,36,36,36,36,32,32,28
"2235",34,"[81]GjfffHdwaCipFoqKLzfwandbCLCecgHjcvafnfCJBdHdwendfCIyKqlLtuCBeaFCiafwendaqFJCabDeK",105,0.972727,81,110,3,107,3,3,0,3,3,38,35,31,31,41,41,28
"2236",35,"[81]GjfffHdwaCipFoqKLzfwandbCLCecgHjcvafnfCJBdHdwendfCIyKqlLtuCBeaFCiafwendaqFJCabDeK",107,0.990741,81,108,1,107,1,1,0,1,1,33,32,35,35,40,40,28
"2237",36,"[81]GjfffHdwaCipFoqKLzfwandbCLCecgHjcvafnfCJBdHdwendfCIyKqlLtuCBeaFCiafwendaqFJCabDeK",98,0.961905,81,105,4,101,4,4,0,4,4,37,33,39,39,29,29,28
"2238",37,"[81]GjfffHdwaCipFoqKLzfwandbCLCecgHjcvafnfCJBdHdwendfCIyKqlLtuCBeaFCiafwendaqFJCabDeK",107,1,81,106,0,106,0,0,0,0,0,37,37,31,31,38,38,28
"2239",38,"[81]GjfffHdwaCipFoqKLzfwandbCLCecgHjcvafnfCJBdHdwendfCIyKqlLtuCBeaFCiafwendaqFJCabDeK",106,1,81,105,0,105,0,0,0,0,0,40,40,30,30,35,35,28
"2240",39,"[81]GjfffHdwaCipFoqKLzfwandbCLCecgHjcvafnfCJBdHdwendfCIyKqlLtuCBeaFCiafwendaqFJCabDeK",100,0.971429,81,105,3,102,3,3,0,3,3,41,38,32,32,32,32,28
"2241",40,"[81]GjfffHdwaCipFoqKLzfwandbCLCecgHjcvafnfCJBdHdwendfCIyKqlLtuCBeaFCiafwendaqFJCabDeK",107,1,81,106,0,106,0,0,0,0,0,37,37,31,31,38,38,28
"2242",41,"[81]GjfffHdwaCipFoqKLzfwandbCLCecgHjcvafnfCJBdHdwendfCIyKqlLtuCBeaFCiafwendaqFJCabDeK",105,1,81,104,0,104,0,0,0,0,0,31,31,41,41,32,32,28
"2243",42,"[81]GjfffHdwaCipFoqKLzfwandbCLCecgHjcvafnfCJBdHdwendfCIyKqlLtuCBeaFCiafwendaqFJCabDeK",113,1,81,112,0,112,0,0,0,0,0,36,36,27,27,49,49,28
"2244",43,"[81]GjfffHdwaCipFoqKLzfwandbCLCecgHjcvafnfCJBdHdwendfCIyKqlLtuCBeaFCiafwendaqFJCabDeK",108,1,81,107,0,107,0,0,0,0,0,36,36,32,32,39,39,28
"2245",44,"[81]GjfffHdwaCipFoqKLzfwandbCLCecgHjcvafnfCJBdHdwendfCIyKqlLtuCBeaFCiafwendaqFJCabDeK",103,1,81,102,0,102,0,0,0,0,0,34,34,39,39,29,29,28
"2246",45,"[81]GjfffHdwaCipFoqKLzfwandbCLCecgHjcvafnfCJBdHdwendfCIyKqlLtuCBeaFCiafwendaqFJCabDeK",102,0.971963,81,107,3,104,3,3,0,3,3,31,28,40,40,36,36,28
"2247",46,"[81]GjfffHdwaCipFoqKLzfwandbCLCecgHjcvafnfCJBdHdwendfCIyKqlLtuCBeaFCiafwendaqFJCabDeK",103,0.990385,81,104,1,103,1,1,0,1,1,35,34,38,38,31,31,28
"2248",47,"[81]GjfffHdwaCipFoqKLzfwandbCLCecgHjcvafnfCJBdHdwendfCIyKqlLtuCBeaFCiafwendaqFJCabDeK",104,1,81,103,0,103,0,0,0,0,0,35,35,37,37,31,31,28
"2249",48,"[81]GjfffHdwaCipFoqKLzfwandbCLCecgHjcvafnfCJBdHdwendfCIyKqlLtuCBeaFCiafwendaqFJCabDeK",106,1,81,105,0,105,0,0,0,0,0,39,39,30,30,36,36,28
"2250",49,"[81]GjfffHdwaCipFoqKLzfwandbCLCecgHjcvafnfCJBdHdwendfCIyKqlLtuCBeaFCiafwendaqFJCabDeK",105,0.990566,81,106,1,105,1,1,0,1,1,35,34,36,36,35,35,28
"2251",50,"[81]GjfffHdwaCipFoqKLzfwandbCLCecgHjcvafnfCJBdHdwendfCIyKqlLtuCBeaFCiafwendaqFJCabDeK",94,0.942857,81,105,6,99,6,6,0,6,6,35,29,43,43,27,27,28
"2252",51,"[81]GjfffHdwaCipFoqKLzfwandbCLCecgHjcvafnfCJBdHdwendfCIyKqlLtuCBeaFCiafwendaqFJCabDeK",104,1,81,103,0,103,0,0,0,0,0,39,39,33,33,31,31,28
"2253",52,"[81]GjfffHdwaCipFoqKLzfwandbCLCecgHjcvafnfCJBdHdwendfCIyKqlLtuCBeaFCiafwendaqFJCabDeK",98,0.970874,81,103,3,100,3,3,0,3,3,37,34,38,38,28,28,28
"2254",53,"[81]GjfffHdwaCipFoqKLzfwandbCLCecgHjcvafnfCJBdHdwendfCIyKqlLtuCBeaFCiafwendaqFJCabDeK",105,0.990566,81,106,1,105,1,1,0,1,1,35,34,36,36,35,35,28
"2255",54,"[81]GjfffHdwaCipFoqKLzfwandbCLCecgHjcvafnfCJBdHdwendfCIyKqlLtuCBeaFCiafwendaqFJCabDeK",101,0.990196,81,102,1,101,1,1,0,1,1,39,38,35,35,28,28,28
"2256",55,"[81]GjfffHdwaCipFoqKLzfwandbCLCecgHjcvafnfCJBdHdwendfCIyKqlLtuCBeaFCiafwendaqFJCabDeK",111,1,81,110,0,110,0,0,0,0,0,38,38,27,27,45,45,28
"2257",56,"[81]GjfffHdwaCipFoqKLzfwandbCLCecgHjcvafnfCJBdHdwendfCIyKqlLtuCBeaFCiafwendaqFJCabDeK",104,1,81,103,0,103,0,0,0,0,0,40,40,32,32,31,31,28
"2258",57,"[81]GjfffHdwaCipFoqKLzfwandbCLCecgHjcvafnfCJBdHdwendfCIyKqlLtuCBeaFCiafwendaqFJCabDeK",106,0.990654,81,107,1,106,1,1,0,1,1,40,39,29,29,38,38,28
"2259",58,"[81]GjfffHdwaCipFoqKLzfwandbCLCecgHjcvafnfCJBdHdwendfCIyKqlLtuCBeaFCiafwendaqFJCabDeK",102,0.980952,81,105,2,103,2,2,0,2,2,34,32,39,39,32,32,28
"2260",59,"[81]GjfffHdwaCipFoqKLzfwandbCLCecgHjcvafnfCJBdHdwendfCIyKqlLtuCBeaFCiafwendaqFJCabDeK",107,0.981818,81,110,2,108,2,2,0,2,2,35,33,31,31,44,44,28
"2261",60,"[81]GjfffHdwaCipFoqKLzfwandbCLCecgHjcvafnfCJBdHdwendfCIyKqlLtuCBeaFCiafwendaqFJCabDeK",102,0.990291,81,103,1,102,1,1,0,1,1,28,27,45,45,30,30,28
"2262",61,"[81]GjfffHdwaCipFoqKLzfwandbCLCecgHjcvafnfCJBdHdwendfCIyKqlLtuCBeaFCiafwendaqFJCabDeK",102,0.980952,81,105,2,103,2,2,0,2,2,37,35,35,35,33,33,28
"2263",62,"[81]GjfffHdwaCipFoqKLzfwandbCLCecgHjcvafnfCJBdHdwendfCIyKqlLtuCBeaFCiafwendaqFJCabDeK",102,1,81,101,0,101,0,0,0,0,0,49,49,25,25,27,27,28
"2264",63,"[81]GjfffHdwaCipFoqKLzfwandbCLCecgHjcvafnfCJBdHdwendfCIyKqlLtuCBeaFCiafwendaqFJCabDeK",103,0.990385,81,104,1,103,1,1,0,1,1,35,34,37,37,32,32,28
"2265",64,"[81]GjfffHdwaCipFoqKLzfwandbCLCecgHjcvafnfCJBdHdwendfCIyKqlLtuCBeaFCiafwendaqFJCabDeK",102,0.990291,81,103,1,102,1,1,0,1,1,33,32,41,41,29,29,28
"2266",65,"[81]GjfffHdwaCipFoqKLzfwandbCLCecgHjcvafnfCJBdHdwendfCIyKqlLtuCBeaFCiafwendaqFJCabDeK",102,0.990291,81,103,1,102,1,1,0,1,1,34,33,39,39,30,30,28
"2267",66,"[81]GjfffHdwaCipFoqKLzfwandbCLCecgHjcvafnfCJBdHdwendfCIyKqlLtuCBeaFCiafwendaqFJCabDeK",109,1,81,108,0,108,0,0,0,0,0,33,33,33,33,42,42,28
"2268",67,"[81]GjfffHdwaCipFoqKLzfwandbCLCecgHjcvafnfCJBdHdwendfCIyKqlLtuCBeaFCiafwendaqFJCabDeK",106,1,81,105,0,105,0,0,0,0,0,37,37,32,32,36,36,28
"2269",68,"[81]GjfffHdwaCipFoqKLzfwandbCLCecgHjcvafnfCJBdHdwendfCIyKqlLtuCBeaFCiafwendaqFJCabDeK",105,0.990566,81,106,1,105,1,1,0,1,1,35,34,36,36,35,35,28
"2270",69,"[81]GjfffHdwaCipFoqKLzfwandbCLCecgHjcvafnfCJBdHdwendfCIyKqlLtuCBeaFCiafwendaqFJCabDeK",102,0.990291,81,103,1,102,1,1,0,1,1,35,34,39,39,29,29,28
"2271",70,"[81]GjfffHdwaCipFoqKLzfwandbCLCecgHjcvafnfCJBdHdwendfCIyKqlLtuCBeaFCiafwendaqFJCabDeK",111,0.991071,81,112,1,111,1,1,0,1,1,31,30,32,32,49,49,28
"2272",71,"[81]GjfffHdwaCipFoqKLzfwandbCLCecgHjcvafnfCJBdHdwendfCIyKqlLtuCBeaFCiafwendaqFJCabDeK",103,1,81,102,0,102,0,0,0,0,0,35,35,38,38,29,29,28
"2273",72,"[81]GjfffHdwaCipFoqKLzfwandbCLCecgHjcvafnfCJBdHdwendfCIyKqlLtuCBeaFCiafwendaqFJCabDeK",107,1,81,106,0,106,0,0,0,0,0,36,36,32,32,38,38,28
"2274",73,"[81]GjfffHdwaCipFoqKLzfwandbCLCecgHjcvafnfCJBdHdwendfCIyKqlLtuCBeaFCiafwendaqFJCabDeK",105,1,81,104,0,104,0,0,0,0,0,38,38,34,34,32,32,28
"2275",74,"[81]GjfffHdwaCipFoqKLzfwandbCLCecgHjcvafnfCJBdHdwendfCIyKqlLtuCBeaFCiafwendaqFJCabDeK",110,1,81,109,0,109,0,0,0,0,0,36,36,29,29,44,44,28
"2276",75,"[81]GjfffHdwaCipFoqKLzfwandbCLCecgHjcvafnfCJBdHdwendfCIyKqlLtuCBeaFCiafwendaqFJCabDeK",105,0.981481,81,108,2,106,2,2,0,2,2,31,29,38,38,39,39,28
"2277",76,"[81]GjfffHdwaCipFoqKLzfwandbCLCecgHjcvafnfCJBdHdwendfCIyKqlLtuCBeaFCiafwendaqFJCabDeK",98,0.953271,81,107,5,102,5,5,0,5,5,40,35,33,33,34,34,28
"2278",77,"[81]GjfffHdwaCipFoqKLzfwandbCLCecgHjcvafnfCJBdHdwendfCIyKqlLtuCBeaFCiafwendaqFJCabDeK",103,0.990385,81,104,1,103,1,1,0,1,1,36,35,36,36,32,32,28
"2279",78,"[81]GjfffHdwaCipFoqKLzfwandbCLCecgHjcvafnfCJBdHdwendfCIyKqlLtuCBeaFCiafwendaqFJCabDeK",104,1,81,103,0,103,0,0,0,0,0,40,40,33,33,30,30,28
"2280",79,"[81]GjfffHdwaCipFoqKLzfwandbCLCecgHjcvafnfCJBdHdwendfCIyKqlLtuCBeaFCiafwendaqFJCabDeK",105,0.972727,81,110,3,107,3,3,0,3,3,38,35,31,31,41,41,28
"2281",80,"[81]GjfffHdwaCipFoqKLzfwandbCLCecgHjcvafnfCJBdHdwendfCIyKqlLtuCBeaFCiafwendaqFJCabDeK",103,0.981132,81,106,2,104,2,2,0,2,2,39,37,32,32,35,35,28
"2282",81,"[81]GjfffHdwaCipFoqKLzfwandbCLCecgHjcvafnfCJBdHdwendfCIyKqlLtuCBeaFCiafwendaqFJCabDeK",99,0.99,81,100,1,99,1,1,0,1,1,43,42,34,34,23,23,28
"2283",82,"[81]GjfffHdwaCipFoqKLzfwandbCLCecgHjcvafnfCJBdHdwendfCIyKqlLtuCBeaFCiafwendaqFJCabDeK",104,1,81,103,0,103,0,0,0,0,0,40,40,32,32,31,31,28
"2284",83,"[81]GjfffHdwaCipFoqKLzfwandbCLCecgHjcvafnfCJBdHdwendfCIyKqlLtuCBeaFCiafwendaqFJCabDeK",111,1,81,110,0,110,0,0,0,0,0,28,28,36,36,46,46,28
"2285",84,"[81]GjfffHdwaCipFoqKLzfwandbCLCecgHjcvafnfCJBdHdwendfCIyKqlLtuCBeaFCiafwendaqFJCabDeK",105,1,81,104,0,104,0,0,0,0,0,34,34,38,38,32,32,28
"2286",85,"[81]GjfffHdwaCipFoqKLzfwandbCLCecgHjcvafnfCJBdHdwendfCIyKqlLtuCBeaFCiafwendaqFJCabDeK",106,0.990654,81,107,1,106,1,1,0,1,1,39,38,29,29,39,39,28
"2287",86,"[81]GjfffHdwaCipFoqKLzfwandbCLCecgHjcvafnfCJBdHdwendfCIyKqlLtuCBeaFCiafwendaqFJCabDeK",104,1,81,103,0,103,0,0,0,0,0,33,33,39,39,31,31,28
"2288",87,"[81]GjfffHdwaCipFoqKLzfwandbCLCecgHjcvafnfCJBdHdwendfCIyKqlLtuCBeaFCiafwendaqFJCabDeK",101,0.971698,81,106,3,103,3,3,0,3,3,36,33,36,36,34,34,28
"2289",88,"[81]GjfffHdwaCipFoqKLzfwandbCLCecgHjcvafnfCJBdHdwendfCIyKqlLtuCBeaFCiafwendaqFJCabDeK",107,1,81,106,0,106,0,0,0,0,0,33,33,35,35,38,38,28
"2290",89,"[81]GjfffHdwaCipFoqKLzfwandbCLCecgHjcvafnfCJBdHdwendfCIyKqlLtuCBeaFCiafwendaqFJCabDeK",100,0.954128,81,109,5,104,5,5,0,5,5,35,30,36,36,38,38,28
"2291",90,"[81]GjfffHdwaCipFoqKLzfwandbCLCecgHjcvafnfCJBdHdwendfCIyKqlLtuCBeaFCiafwendaqFJCabDeK",111,1,81,110,0,110,0,0,0,0,0,35,35,29,29,46,46,28
"2292",91,"[81]GjfffHdwaCipFoqKLzfwandbCLCecgHjcvafnfCJBdHdwendfCIyKqlLtuCBeaFCiafwendaqFJCabDeK",107,1,81,106,0,106,0,0,0,0,0,36,36,32,32,38,38,28
"2293",92,"[81]GjfffHdwaCipFoqKLzfwandbCLCecgHjcvafnfCJBdHdwendfCIyKqlLtuCBeaFCiafwendaqFJCabDeK",106,1,81,105,0,105,0,0,0,0,0,33,33,38,38,34,34,28
"2294",93,"[81]GjfffHdwaCipFoqKLzfwandbCLCecgHjcvafnfCJBdHdwendfCIyKqlLtuCBeaFCiafwendaqFJCabDeK",106,0.981651,81,109,2,107,2,2,0,2,2,30,28,39,39,40,40,28
"2295",94,"[81]GjfffHdwaCipFoqKLzfwandbCLCecgHjcvafnfCJBdHdwendfCIyKqlLtuCBeaFCiafwendaqFJCabDeK",103,1,81,102,0,102,0,0,0,0,0,41,41,33,33,28,28,28
"2296",95,"[81]GjfffHdwaCipFoqKLzfwandbCLCecgHjcvafnfCJBdHdwendfCIyKqlLtuCBeaFCiafwendaqFJCabDeK",103,1,81,102,0,102,0,0,0,0,0,37,37,36,36,29,29,28
"2297",96,"[81]GjfffHdwaCipFoqKLzfwandbCLCecgHjcvafnfCJBdHdwendfCIyKqlLtuCBeaFCiafwendaqFJCabDeK",105,0.990566,81,106,1,105,1,1,0,1,1,33,32,38,38,35,35,28
"2298",97,"[81]GjfffHdwaCipFoqKLzfwandbCLCecgHjcvafnfCJBdHdwendfCIyKqlLtuCBeaFCiafwendaqFJCabDeK",107,1,81,106,0,106,0,0,0,0,0,36,36,33,33,37,37,28
"2299",98,"[81]GjfffHdwaCipFoqKLzfwandbCLCecgHjcvafnfCJBdHdwendfCIyKqlLtuCBeaFCiafwendaqFJCabDeK",102,1,81,101,0,101,0,0,0,0,0,43,43,32,32,26,26,28
"2300",99,"[81]GjfffHdwaCipFoqKLzfwandbCLCecgHjcvafnfCJBdHdwendfCIyKqlLtuCBeaFCiafwendaqFJCabDeK",105,0.990566,81,106,1,105,1,1,0,1,1,35,34,35,35,36,36,28
"2301",0,"[83]GjfffHdwaCzCoIEqjzJfdeAGwafndbCLCacqguayjnafsJHdxafndfCIKCebyKAyLGdIhxAqsspcnfdAydp",93,0.761364,83,176,42,134,42,42,0,42,42,91,49,42,42,43,43,29
"2302",1,"[83]GjfffHdwaCzCoIEqjzJfdeAGwafndbCLCacqguayjnafsJHdxafndfCIKCebyKAyLGdIhxAqsspcnfdAydp",85,0.735955,83,178,47,131,47,47,0,47,47,87,40,47,47,44,44,29
"2303",2,"[83]GjfffHdwaCzCoIEqjzJfdeAGwafndbCLCacqguayjnafsJHdxafndfCIKCebyKAyLGdIhxAqsspcnfdAydp",92,0.757062,83,177,43,134,43,43,0,43,43,82,39,43,43,52,52,29
"2304",3,"[83]GjfffHdwaCzCoIEqjzJfdeAGwafndbCLCacqguayjnafsJHdxafndfCIKCebyKAyLGdIhxAqsspcnfdAydp",91,0.752809,83,178,44,134,44,44,0,44,44,97,53,44,44,37,37,29
"2305",4,"[83]GjfffHdwaCzCoIEqjzJfdeAGwafndbCLCacqguayjnafsJHdxafndfCIKCebyKAyLGdIhxAqsspcnfdAydp",93,0.761364,83,176,42,134,42,42,0,42,42,82,40,42,42,52,52,29
"2306",5,"[83]GjfffHdwaCzCoIEqjzJfdeAGwafndbCLCacqguayjnafsJHdxafndfCIKCebyKAyLGdIhxAqsspcnfdAydp",89,0.747191,83,178,45,133,45,45,0,45,45,92,47,45,45,41,41,29
"2307",6,"[83]GjfffHdwaCzCoIEqjzJfdeAGwafndbCLCacqguayjnafsJHdxafndfCIKCebyKAyLGdIhxAqsspcnfdAydp",96,0.765363,83,179,42,137,42,42,0,42,42,92,50,42,42,45,45,29
"2308",7,"[83]GjfffHdwaCzCoIEqjzJfdeAGwafndbCLCacqguayjnafsJHdxafndfCIKCebyKAyLGdIhxAqsspcnfdAydp",89,0.73913,83,184,48,136,48,48,0,48,48,92,44,48,48,44,44,29
"2309",8,"[83]GjfffHdwaCzCoIEqjzJfdeAGwafndbCLCacqguayjnafsJHdxafndfCIKCebyKAyLGdIhxAqsspcnfdAydp",77,0.713483,83,178,51,127,51,51,0,51,51,85,34,51,51,42,42,29
"2310",9,"[83]GjfffHdwaCzCoIEqjzJfdeAGwafndbCLCacqguayjnafsJHdxafndfCIKCebyKAyLGdIhxAqsspcnfdAydp",92,0.757062,83,177,43,134,43,43,0,43,43,96,53,43,43,38,38,29
"2311",10,"[83]GjfffHdwaCzCoIEqjzJfdeAGwafndbCLCacqguayjnafsJHdxafndfCIKCebyKAyLGdIhxAqsspcnfdAydp",77,0.711111,83,180,52,128,52,52,0,52,52,91,39,52,52,37,37,29
"2312",11,"[83]GjfffHdwaCzCoIEqjzJfdeAGwafndbCLCacqguayjnafsJHdxafndfCIKCebyKAyLGdIhxAqsspcnfdAydp",92,0.757062,83,177,43,134,43,43,0,43,43,87,44,43,43,47,47,29
"2313",12,"[83]GjfffHdwaCzCoIEqjzJfdeAGwafndbCLCacqguayjnafsJHdxafndfCIKCebyKAyLGdIhxAqsspcnfdAydp",99,0.778409,83,176,39,137,39,39,0,39,39,96,57,39,39,41,41,29
"2314",13,"[83]GjfffHdwaCzCoIEqjzJfdeAGwafndbCLCacqguayjnafsJHdxafndfCIKCebyKAyLGdIhxAqsspcnfdAydp",85,0.735955,83,178,47,131,47,47,0,47,47,94,47,47,47,37,37,29
"2315",14,"[83]GjfffHdwaCzCoIEqjzJfdeAGwafndbCLCacqguayjnafsJHdxafndfCIKCebyKAyLGdIhxAqsspcnfdAydp",91,0.752809,83,178,44,134,44,44,0,44,44,92,48,44,44,42,42,29
"2316",15,"[83]GjfffHdwaCzCoIEqjzJfdeAGwafndbCLCacqguayjnafsJHdxafndfCIKCebyKAyLGdIhxAqsspcnfdAydp",101,0.784091,83,176,38,138,38,38,0,38,38,82,44,38,38,56,56,29
"2317",16,"[83]GjfffHdwaCzCoIEqjzJfdeAGwafndbCLCacqguayjnafsJHdxafndfCIKCebyKAyLGdIhxAqsspcnfdAydp",81,0.724719,83,178,49,129,49,49,0,49,49,92,43,49,49,37,37,29
"2318",17,"[83]GjfffHdwaCzCoIEqjzJfdeAGwafndbCLCacqguayjnafsJHdxafndfCIKCebyKAyLGdIhxAqsspcnfdAydp",85,0.735955,83,178,47,131,47,47,0,47,47,84,37,47,47,47,47,29
"2319",18,"[83]GjfffHdwaCzCoIEqjzJfdeAGwafndbCLCacqguayjnafsJHdxafndfCIKCebyKAyLGdIhxAqsspcnfdAydp",80,0.72067,83,179,50,129,50,50,0,50,50,91,41,50,50,38,38,29
"2320",19,"[83]GjfffHdwaCzCoIEqjzJfdeAGwafndbCLCacqguayjnafsJHdxafndfCIKCebyKAyLGdIhxAqsspcnfdAydp",85,0.733333,83,180,48,132,48,48,0,48,48,91,43,48,48,41,41,29
"2321",20,"[83]GjfffHdwaCzCoIEqjzJfdeAGwafndbCLCacqguayjnafsJHdxafndfCIKCebyKAyLGdIhxAqsspcnfdAydp",105,0.795455,83,176,36,140,36,36,0,36,36,90,54,36,36,50,50,29
"2322",21,"[83]GjfffHdwaCzCoIEqjzJfdeAGwafndbCLCacqguayjnafsJHdxafndfCIKCebyKAyLGdIhxAqsspcnfdAydp",77,0.711111,83,180,52,128,52,52,0,52,52,95,43,52,52,33,33,29
"2323",22,"[83]GjfffHdwaCzCoIEqjzJfdeAGwafndbCLCacqguayjnafsJHdxafndfCIKCebyKAyLGdIhxAqsspcnfdAydp",95,0.764045,83,178,42,136,42,42,0,42,42,87,45,42,42,49,49,29
"2324",23,"[83]GjfffHdwaCzCoIEqjzJfdeAGwafndbCLCacqguayjnafsJHdxafndfCIKCebyKAyLGdIhxAqsspcnfdAydp",84,0.731844,83,179,48,131,48,48,0,48,48,91,43,48,48,40,40,29
"2325",24,"[83]GjfffHdwaCzCoIEqjzJfdeAGwafndbCLCacqguayjnafsJHdxafndfCIKCebyKAyLGdIhxAqsspcnfdAydp",80,0.72067,83,179,50,129,50,50,0,50,50,95,45,50,50,34,34,29
"2326",25,"[83]GjfffHdwaCzCoIEqjzJfdeAGwafndbCLCacqguayjnafsJHdxafndfCIKCebyKAyLGdIhxAqsspcnfdAydp",96,0.768362,83,177,41,136,41,41,0,41,41,87,46,41,41,49,49,29
"2327",26,"[83]GjfffHdwaCzCoIEqjzJfdeAGwafndbCLCacqguayjnafsJHdxafndfCIKCebyKAyLGdIhxAqsspcnfdAydp",100,0.779661,83,177,39,138,39,39,0,39,39,87,48,39,39,51,51,29
"2328",27,"[83]GjfffHdwaCzCoIEqjzJfdeAGwafndbCLCacqguayjnafsJHdxafndfCIKCebyKAyLGdIhxAqsspcnfdAydp",97,0.769663,83,178,41,137,41,41,0,41,41,98,57,41,41,39,39,29
"2329",28,"[83]GjfffHdwaCzCoIEqjzJfdeAGwafndbCLCacqguayjnafsJHdxafndfCIKCebyKAyLGdIhxAqsspcnfdAydp",81,0.724719,83,178,49,129,49,49,0,49,49,85,36,49,49,44,44,29
"2330",29,"[83]GjfffHdwaCzCoIEqjzJfdeAGwafndbCLCacqguayjnafsJHdxafndfCIKCebyKAyLGdIhxAqsspcnfdAydp",99,0.778409,83,176,39,137,39,39,0,39,39,82,43,39,39,55,55,29
"2331",30,"[83]GjfffHdwaCzCoIEqjzJfdeAGwafndbCLCacqguayjnafsJHdxafndfCIKCebyKAyLGdIhxAqsspcnfdAydp",83,0.730337,83,178,48,130,48,48,0,48,48,84,36,48,48,46,46,29
"2332",31,"[83]GjfffHdwaCzCoIEqjzJfdeAGwafndbCLCacqguayjnafsJHdxafndfCIKCebyKAyLGdIhxAqsspcnfdAydp",96,0.768362,83,177,41,136,41,41,0,41,41,89,48,41,41,47,47,29
"2333",32,"[83]GjfffHdwaCzCoIEqjzJfdeAGwafndbCLCacqguayjnafsJHdxafndfCIKCebyKAyLGdIhxAqsspcnfdAydp",86,0.740113,83,177,46,131,46,46,0,46,46,93,47,46,46,38,38,29
"2334",33,"[83]GjfffHdwaCzCoIEqjzJfdeAGwafndbCLCacqguayjnafsJHdxafndfCIKCebyKAyLGdIhxAqsspcnfdAydp",84,0.729282,83,181,49,132,49,49,0,49,49,83,34,49,49,49,49,29
"2335",34,"[83]GjfffHdwaCzCoIEqjzJfdeAGwafndbCLCacqguayjnafsJHdxafndfCIKCebyKAyLGdIhxAqsspcnfdAydp",99,0.778409,83,176,39,137,39,39,0,39,39,88,49,39,39,49,49,29
"2336",35,"[83]GjfffHdwaCzCoIEqjzJfdeAGwafndbCLCacqguayjnafsJHdxafndfCIKCebyKAyLGdIhxAqsspcnfdAydp",75,0.705556,83,180,53,127,53,53,0,53,53,95,42,53,53,32,32,29
"2337",36,"[83]GjfffHdwaCzCoIEqjzJfdeAGwafndbCLCacqguayjnafsJHdxafndfCIKCebyKAyLGdIhxAqsspcnfdAydp",96,0.768362,83,177,41,136,41,41,0,41,41,90,49,41,41,46,46,29
"2338",37,"[83]GjfffHdwaCzCoIEqjzJfdeAGwafndbCLCacqguayjnafsJHdxafndfCIKCebyKAyLGdIhxAqsspcnfdAydp",84,0.731844,83,179,48,131,48,48,0,48,48,86,38,48,48,45,45,29
"2339",38,"[83]GjfffHdwaCzCoIEqjzJfdeAGwafndbCLCacqguayjnafsJHdxafndfCIKCebyKAyLGdIhxAqsspcnfdAydp",79,0.719101,83,178,50,128,50,50,0,50,50,81,31,50,50,47,47,29
"2340",39,"[83]GjfffHdwaCzCoIEqjzJfdeAGwafndbCLCacqguayjnafsJHdxafndfCIKCebyKAyLGdIhxAqsspcnfdAydp",94,0.762712,83,177,42,135,42,42,0,42,42,88,46,42,42,47,47,29
"2341",40,"[83]GjfffHdwaCzCoIEqjzJfdeAGwafndbCLCacqguayjnafsJHdxafndfCIKCebyKAyLGdIhxAqsspcnfdAydp",85,0.735955,83,178,47,131,47,47,0,47,47,83,36,47,47,48,48,29
"2342",41,"[83]GjfffHdwaCzCoIEqjzJfdeAGwafndbCLCacqguayjnafsJHdxafndfCIKCebyKAyLGdIhxAqsspcnfdAydp",101,0.784091,83,176,38,138,38,38,0,38,38,83,45,38,38,55,55,29
"2343",42,"[83]GjfffHdwaCzCoIEqjzJfdeAGwafndbCLCacqguayjnafsJHdxafndfCIKCebyKAyLGdIhxAqsspcnfdAydp",92,0.757062,83,177,43,134,43,43,0,43,43,86,43,43,43,48,48,29
"2344",43,"[83]GjfffHdwaCzCoIEqjzJfdeAGwafndbCLCacqguayjnafsJHdxafndfCIKCebyKAyLGdIhxAqsspcnfdAydp",83,0.730337,83,178,48,130,48,48,0,48,48,91,43,48,48,39,39,29
"2345",44,"[83]GjfffHdwaCzCoIEqjzJfdeAGwafndbCLCacqguayjnafsJHdxafndfCIKCebyKAyLGdIhxAqsspcnfdAydp",79,0.719101,83,178,50,128,50,50,0,50,50,95,45,50,50,33,33,29
"2346",45,"[83]GjfffHdwaCzCoIEqjzJfdeAGwafndbCLCacqguayjnafsJHdxafndfCIKCebyKAyLGdIhxAqsspcnfdAydp",95,0.767045,83,176,41,135,41,41,0,41,41,88,47,41,41,47,47,29
"2347",46,"[83]GjfffHdwaCzCoIEqjzJfdeAGwafndbCLCacqguayjnafsJHdxafndfCIKCebyKAyLGdIhxAqsspcnfdAydp",98,0.774011,83,177,40,137,40,40,0,40,40,88,48,40,40,49,49,29
"2348",47,"[83]GjfffHdwaCzCoIEqjzJfdeAGwafndbCLCacqguayjnafsJHdxafndfCIKCebyKAyLGdIhxAqsspcnfdAydp",85,0.735955,83,178,47,131,47,47,0,47,47,92,45,47,47,39,39,29
"2349",48,"[83]GjfffHdwaCzCoIEqjzJfdeAGwafndbCLCacqguayjnafsJHdxafndfCIKCebyKAyLGdIhxAqsspcnfdAydp",80,0.72067,83,179,50,129,50,50,0,50,50,89,39,50,50,40,40,29
"2350",49,"[83]GjfffHdwaCzCoIEqjzJfdeAGwafndbCLCacqguayjnafsJHdxafndfCIKCebyKAyLGdIhxAqsspcnfdAydp",103,0.786517,83,178,38,140,38,38,0,38,38,88,50,38,38,52,52,29
"2351",50,"[83]GjfffHdwaCzCoIEqjzJfdeAGwafndbCLCacqguayjnafsJHdxafndfCIKCebyKAyLGdIhxAqsspcnfdAydp",89,0.747191,83,178,45,133,45,45,0,45,45,98,53,45,45,35,35,29
"2352",51,"[83]GjfffHdwaCzCoIEqjzJfdeAGwafndbCLCacqguayjnafsJHdxafndfCIKCebyKAyLGdIhxAqsspcnfdAydp",87,0.741573,83,178,46,132,46,46,0,46,46,92,46,46,46,40,40,29
"2353",52,"[83]GjfffHdwaCzCoIEqjzJfdeAGwafndbCLCacqguayjnafsJHdxafndfCIKCebyKAyLGdIhxAqsspcnfdAydp",92,0.757062,83,177,43,134,43,43,0,43,43,91,48,43,43,43,43,29
"2354",53,"[83]GjfffHdwaCzCoIEqjzJfdeAGwafndbCLCacqguayjnafsJHdxafndfCIKCebyKAyLGdIhxAqsspcnfdAydp",90,0.751412,83,177,44,133,44,44,0,44,44,84,40,44,44,49,49,29
"2355",54,"[83]GjfffHdwaCzCoIEqjzJfdeAGwafndbCLCacqguayjnafsJHdxafndfCIKCebyKAyLGdIhxAqsspcnfdAydp",93,0.761364,83,176,42,134,42,42,0,42,42,85,43,42,42,49,49,29
"2356",55,"[83]GjfffHdwaCzCoIEqjzJfdeAGwafndbCLCacqguayjnafsJHdxafndfCIKCebyKAyLGdIhxAqsspcnfdAydp",81,0.722222,83,180,50,130,50,50,0,50,50,82,32,50,50,48,48,29
"2357",56,"[83]GjfffHdwaCzCoIEqjzJfdeAGwafndbCLCacqguayjnafsJHdxafndfCIKCebyKAyLGdIhxAqsspcnfdAydp",88,0.745763,83,177,45,132,45,45,0,45,45,88,43,45,45,44,44,29
"2358",57,"[83]GjfffHdwaCzCoIEqjzJfdeAGwafndbCLCacqguayjnafsJHdxafndfCIKCebyKAyLGdIhxAqsspcnfdAydp",92,0.757062,83,177,43,134,43,43,0,43,43,89,46,43,43,45,45,29
"2359",58,"[83]GjfffHdwaCzCoIEqjzJfdeAGwafndbCLCacqguayjnafsJHdxafndfCIKCebyKAyLGdIhxAqsspcnfdAydp",99,0.775281,83,178,40,138,40,40,0,40,40,87,47,40,40,51,51,29
"2360",59,"[83]GjfffHdwaCzCoIEqjzJfdeAGwafndbCLCacqguayjnafsJHdxafndfCIKCebyKAyLGdIhxAqsspcnfdAydp",90,0.751412,83,177,44,133,44,44,0,44,44,79,35,44,44,54,54,29
"2361",60,"[83]GjfffHdwaCzCoIEqjzJfdeAGwafndbCLCacqguayjnafsJHdxafndfCIKCebyKAyLGdIhxAqsspcnfdAydp",87,0.738889,83,180,47,133,47,47,0,47,47,91,44,47,47,42,42,29
"2362",61,"[83]GjfffHdwaCzCoIEqjzJfdeAGwafndbCLCacqguayjnafsJHdxafndfCIKCebyKAyLGdIhxAqsspcnfdAydp",93,0.755556,83,180,44,136,44,44,0,44,44,90,46,44,44,46,46,29
"2363",62,"[83]GjfffHdwaCzCoIEqjzJfdeAGwafndbCLCacqguayjnafsJHdxafndfCIKCebyKAyLGdIhxAqsspcnfdAydp",90,0.751412,83,177,44,133,44,44,0,44,44,95,51,44,44,38,38,29
"2364",63,"[83]GjfffHdwaCzCoIEqjzJfdeAGwafndbCLCacqguayjnafsJHdxafndfCIKCebyKAyLGdIhxAqsspcnfdAydp",72,0.698324,83,179,54,125,54,54,0,54,54,101,47,54,54,24,24,29
"2365",64,"[83]GjfffHdwaCzCoIEqjzJfdeAGwafndbCLCacqguayjnafsJHdxafndfCIKCebyKAyLGdIhxAqsspcnfdAydp",85,0.735955,83,178,47,131,47,47,0,47,47,88,41,47,47,43,43,29
"2366",65,"[83]GjfffHdwaCzCoIEqjzJfdeAGwafndbCLCacqguayjnafsJHdxafndfCIKCebyKAyLGdIhxAqsspcnfdAydp",98,0.774011,83,177,40,137,40,40,0,40,40,86,46,40,40,51,51,29
"2367",66,"[83]GjfffHdwaCzCoIEqjzJfdeAGwafndbCLCacqguayjnafsJHdxafndfCIKCebyKAyLGdIhxAqsspcnfdAydp",87,0.741573,83,178,46,132,46,46,0,46,46,81,35,46,46,51,51,29
"2368",67,"[83]GjfffHdwaCzCoIEqjzJfdeAGwafndbCLCacqguayjnafsJHdxafndfCIKCebyKAyLGdIhxAqsspcnfdAydp",89,0.747191,83,178,45,133,45,45,0,45,45,84,39,45,45,49,49,29
"2369",68,"[83]GjfffHdwaCzCoIEqjzJfdeAGwafndbCLCacqguayjnafsJHdxafndfCIKCebyKAyLGdIhxAqsspcnfdAydp",86,0.740113,83,177,46,131,46,46,0,46,46,87,41,46,46,44,44,29
"2370",69,"[83]GjfffHdwaCzCoIEqjzJfdeAGwafndbCLCacqguayjnafsJHdxafndfCIKCebyKAyLGdIhxAqsspcnfdAydp",103,0.783333,83,180,39,141,39,39,0,39,39,85,46,39,39,56,56,29
"2371",70,"[83]GjfffHdwaCzCoIEqjzJfdeAGwafndbCLCacqguayjnafsJHdxafndfCIKCebyKAyLGdIhxAqsspcnfdAydp",78,0.715084,83,179,51,128,51,51,0,51,51,94,43,51,51,34,34,29
"2372",71,"[83]GjfffHdwaCzCoIEqjzJfdeAGwafndbCLCacqguayjnafsJHdxafndfCIKCebyKAyLGdIhxAqsspcnfdAydp",85,0.735955,83,178,47,131,47,47,0,47,47,86,39,47,47,45,45,29
"2373",72,"[83]GjfffHdwaCzCoIEqjzJfdeAGwafndbCLCacqguayjnafsJHdxafndfCIKCebyKAyLGdIhxAqsspcnfdAydp",85,0.735955,83,178,47,131,47,47,0,47,47,95,48,47,47,36,36,29
"2374",73,"[83]GjfffHdwaCzCoIEqjzJfdeAGwafndbCLCacqguayjnafsJHdxafndfCIKCebyKAyLGdIhxAqsspcnfdAydp",88,0.743017,83,179,46,133,46,46,0,46,46,88,42,46,46,45,45,29
"2375",74,"[83]GjfffHdwaCzCoIEqjzJfdeAGwafndbCLCacqguayjnafsJHdxafndfCIKCebyKAyLGdIhxAqsspcnfdAydp",101,0.784091,83,176,38,138,38,38,0,38,38,87,49,38,38,51,51,29
"2376",75,"[83]GjfffHdwaCzCoIEqjzJfdeAGwafndbCLCacqguayjnafsJHdxafndfCIKCebyKAyLGdIhxAqsspcnfdAydp",93,0.761364,83,176,42,134,42,42,0,42,42,85,43,42,42,49,49,29
"2377",76,"[83]GjfffHdwaCzCoIEqjzJfdeAGwafndbCLCacqguayjnafsJHdxafndfCIKCebyKAyLGdIhxAqsspcnfdAydp",92,0.757062,83,177,43,134,43,43,0,43,43,88,45,43,43,46,46,29
"2378",77,"[83]GjfffHdwaCzCoIEqjzJfdeAGwafndbCLCacqguayjnafsJHdxafndfCIKCebyKAyLGdIhxAqsspcnfdAydp",93,0.758427,83,178,43,135,43,43,0,43,43,88,45,43,43,47,47,29
"2379",78,"[83]GjfffHdwaCzCoIEqjzJfdeAGwafndbCLCacqguayjnafsJHdxafndfCIKCebyKAyLGdIhxAqsspcnfdAydp",88,0.745763,83,177,45,132,45,45,0,45,45,92,47,45,45,40,40,29
"2380",79,"[83]GjfffHdwaCzCoIEqjzJfdeAGwafndbCLCacqguayjnafsJHdxafndfCIKCebyKAyLGdIhxAqsspcnfdAydp",86,0.740113,83,177,46,131,46,46,0,46,46,88,42,46,46,43,43,29
"2381",80,"[83]GjfffHdwaCzCoIEqjzJfdeAGwafndbCLCacqguayjnafsJHdxafndfCIKCebyKAyLGdIhxAqsspcnfdAydp",97,0.772727,83,176,40,136,40,40,0,40,40,90,50,40,40,46,46,29
"2382",81,"[83]GjfffHdwaCzCoIEqjzJfdeAGwafndbCLCacqguayjnafsJHdxafndfCIKCebyKAyLGdIhxAqsspcnfdAydp",85,0.735955,83,178,47,131,47,47,0,47,47,85,38,47,47,46,46,29
"2383",82,"[83]GjfffHdwaCzCoIEqjzJfdeAGwafndbCLCacqguayjnafsJHdxafndfCIKCebyKAyLGdIhxAqsspcnfdAydp",85,0.735955,83,178,47,131,47,47,0,47,47,90,43,47,47,41,41,29
"2384",83,"[83]GjfffHdwaCzCoIEqjzJfdeAGwafndbCLCacqguayjnafsJHdxafndfCIKCebyKAyLGdIhxAqsspcnfdAydp",86,0.740113,83,177,46,131,46,46,0,46,46,91,45,46,46,40,40,29
"2385",84,"[83]GjfffHdwaCzCoIEqjzJfdeAGwafndbCLCacqguayjnafsJHdxafndfCIKCebyKAyLGdIhxAqsspcnfdAydp",97,0.772727,83,176,40,136,40,40,0,40,40,94,54,40,40,42,42,29
"2386",85,"[83]GjfffHdwaCzCoIEqjzJfdeAGwafndbCLCacqguayjnafsJHdxafndfCIKCebyKAyLGdIhxAqsspcnfdAydp",106,0.8,83,175,35,140,35,35,0,35,35,83,48,35,35,57,57,29
"2387",86,"[83]GjfffHdwaCzCoIEqjzJfdeAGwafndbCLCacqguayjnafsJHdxafndfCIKCebyKAyLGdIhxAqsspcnfdAydp",89,0.747191,83,178,45,133,45,45,0,45,45,83,38,45,45,50,50,29
"2388",87,"[83]GjfffHdwaCzCoIEqjzJfdeAGwafndbCLCacqguayjnafsJHdxafndfCIKCebyKAyLGdIhxAqsspcnfdAydp",92,0.757062,83,177,43,134,43,43,0,43,43,90,47,43,43,44,44,29
"2389",88,"[83]GjfffHdwaCzCoIEqjzJfdeAGwafndbCLCacqguayjnafsJHdxafndfCIKCebyKAyLGdIhxAqsspcnfdAydp",90,0.751412,83,177,44,133,44,44,0,44,44,84,40,44,44,49,49,29
"2390",89,"[83]GjfffHdwaCzCoIEqjzJfdeAGwafndbCLCacqguayjnafsJHdxafndfCIKCebyKAyLGdIhxAqsspcnfdAydp",101,0.784091,83,176,38,138,38,38,0,38,38,90,52,38,38,48,48,29
"2391",90,"[83]GjfffHdwaCzCoIEqjzJfdeAGwafndbCLCacqguayjnafsJHdxafndfCIKCebyKAyLGdIhxAqsspcnfdAydp",97,0.772727,83,176,40,136,40,40,0,40,40,87,47,40,40,49,49,29
"2392",91,"[83]GjfffHdwaCzCoIEqjzJfdeAGwafndbCLCacqguayjnafsJHdxafndfCIKCebyKAyLGdIhxAqsspcnfdAydp",88,0.743017,83,179,46,133,46,46,0,46,46,91,45,46,46,42,42,29
"2393",92,"[83]GjfffHdwaCzCoIEqjzJfdeAGwafndbCLCacqguayjnafsJHdxafndfCIKCebyKAyLGdIhxAqsspcnfdAydp",86,0.740113,83,177,46,131,46,46,0,46,46,83,37,46,46,48,48,29
"2394",93,"[83]GjfffHdwaCzCoIEqjzJfdeAGwafndbCLCacqguayjnafsJHdxafndfCIKCebyKAyLGdIhxAqsspcnfdAydp",101,0.784091,83,176,38,138,38,38,0,38,38,90,52,38,38,48,48,29
"2395",94,"[83]GjfffHdwaCzCoIEqjzJfdeAGwafndbCLCacqguayjnafsJHdxafndfCIKCebyKAyLGdIhxAqsspcnfdAydp",92,0.757062,83,177,43,134,43,43,0,43,43,86,43,43,43,48,48,29
"2396",95,"[83]GjfffHdwaCzCoIEqjzJfdeAGwafndbCLCacqguayjnafsJHdxafndfCIKCebyKAyLGdIhxAqsspcnfdAydp",83,0.730337,83,178,48,130,48,48,0,48,48,80,32,48,48,50,50,29
"2397",96,"[83]GjfffHdwaCzCoIEqjzJfdeAGwafndbCLCacqguayjnafsJHdxafndfCIKCebyKAyLGdIhxAqsspcnfdAydp",85,0.735955,83,178,47,131,47,47,0,47,47,83,36,47,47,48,48,29
"2398",97,"[83]GjfffHdwaCzCoIEqjzJfdeAGwafndbCLCacqguayjnafsJHdxafndfCIKCebyKAyLGdIhxAqsspcnfdAydp",97,0.769663,83,178,41,137,41,41,0,41,41,87,46,41,41,50,50,29
"2399",98,"[83]GjfffHdwaCzCoIEqjzJfdeAGwafndbCLCacqguayjnafsJHdxafndfCIKCebyKAyLGdIhxAqsspcnfdAydp",82,0.726257,83,179,49,130,49,49,0,49,49,89,40,49,49,41,41,29
"2400",99,"[83]GjfffHdwaCzCoIEqjzJfdeAGwafndbCLCacqguayjnafsJHdxafndfCIKCebyKAyLGdIhxAqsspcnfdAydp",95,0.767045,83,176,41,135,41,41,0,41,41,92,51,41,41,43,43,29
"2401",0,"[91]GjfffHdwaCJmbboluGcwafndbCLCabLlsIviwafqfJBdyHdwendfCIEKqbyuirBeaCabHJndafwaendaCJCecqataeK",103,0.972222,91,108,3,105,3,3,0,3,3,36,33,39,39,33,33,30
"2402",1,"[91]GjfffHdwaCJmbboluGcwafndbCLCabLlsIviwafqfJBdyHdwendfCIEKqbyuirBeaCabHJndafwaendaCJCecqataeK",107,0.990741,91,108,1,107,1,1,0,1,1,39,38,33,33,36,36,30
"2403",2,"[91]GjfffHdwaCJmbboluGcwafndbCLCabLlsIviwafqfJBdyHdwendfCIEKqbyuirBeaCabHJndafwaendaCJCecqataeK",89,0.915094,91,106,9,97,9,9,0,9,9,47,38,37,37,22,22,30
"2404",3,"[91]GjfffHdwaCJmbboluGcwafndbCLCabLlsIviwafqfJBdyHdwendfCIEKqbyuirBeaCabHJndafwaendaCJCecqataeK",102,0.963303,91,109,4,105,4,4,0,4,4,40,36,35,35,34,34,30
"2405",4,"[91]GjfffHdwaCJmbboluGcwafndbCLCabLlsIviwafqfJBdyHdwendfCIEKqbyuirBeaCabHJndafwaendaCJCecqataeK",106,0.990654,91,107,1,106,1,1,0,1,1,45,44,29,29,33,33,30
"2406",5,"[91]GjfffHdwaCJmbboluGcwafndbCLCabLlsIviwafqfJBdyHdwendfCIEKqbyuirBeaCabHJndafwaendaCJCecqataeK",109,0.982143,91,112,2,110,2,2,0,2,2,36,34,32,32,44,44,30
"2407",6,"[91]GjfffHdwaCJmbboluGcwafndbCLCabLlsIviwafqfJBdyHdwendfCIEKqbyuirBeaCabHJndafwaendaCJCecqataeK",106,1,91,105,0,105,0,0,0,0,0,34,34,40,40,31,31,30
"2408",7,"[91]GjfffHdwaCJmbboluGcwafndbCLCabLlsIviwafqfJBdyHdwendfCIEKqbyuirBeaCabHJndafwaendaCJCecqataeK",102,0.963303,91,109,4,105,4,4,0,4,4,41,37,33,33,35,35,30
"2409",8,"[91]GjfffHdwaCJmbboluGcwafndbCLCabLlsIviwafqfJBdyHdwendfCIEKqbyuirBeaCabHJndafwaendaCJCecqataeK",108,1,91,107,0,107,0,0,0,0,0,36,36,37,37,34,34,30
"2410",9,"[91]GjfffHdwaCJmbboluGcwafndbCLCabLlsIviwafqfJBdyHdwendfCIEKqbyuirBeaCabHJndafwaendaCJCecqataeK",106,0.990654,91,107,1,106,1,1,0,1,1,39,38,34,34,34,34,30
"2411",10,"[91]GjfffHdwaCJmbboluGcwafndbCLCabLlsIviwafqfJBdyHdwendfCIEKqbyuirBeaCabHJndafwaendaCJCecqataeK",110,1,91,109,0,109,0,0,0,0,0,37,37,33,33,39,39,30
"2412",11,"[91]GjfffHdwaCJmbboluGcwafndbCLCabLlsIviwafqfJBdyHdwendfCIEKqbyuirBeaCabHJndafwaendaCJCecqataeK",106,0.990654,91,107,1,106,1,1,0,1,1,46,45,29,29,32,32,30
"2413",12,"[91]GjfffHdwaCJmbboluGcwafndbCLCabLlsIviwafqfJBdyHdwendfCIEKqbyuirBeaCabHJndafwaendaCJCecqataeK",107,1,91,106,0,106,0,0,0,0,0,31,31,41,41,34,34,30
"2414",13,"[91]GjfffHdwaCJmbboluGcwafndbCLCabLlsIviwafqfJBdyHdwendfCIEKqbyuirBeaCabHJndafwaendaCJCecqataeK",112,0.99115,91,113,1,112,1,1,0,1,1,34,33,32,32,47,47,30
"2415",14,"[91]GjfffHdwaCJmbboluGcwafndbCLCabLlsIviwafqfJBdyHdwendfCIEKqbyuirBeaCabHJndafwaendaCJCecqataeK",106,0.990654,91,107,1,106,1,1,0,1,1,34,33,38,38,35,35,30
"2416",15,"[91]GjfffHdwaCJmbboluGcwafndbCLCabLlsIviwafqfJBdyHdwendfCIEKqbyuirBeaCabHJndafwaendaCJCecqataeK",106,0.990654,91,107,1,106,1,1,0,1,1,29,28,43,43,35,35,30
"2417",16,"[91]GjfffHdwaCJmbboluGcwafndbCLCabLlsIviwafqfJBdyHdwendfCIEKqbyuirBeaCabHJndafwaendaCJCecqataeK",112,1,91,111,0,111,0,0,0,0,0,39,39,29,29,43,43,30
"2418",17,"[91]GjfffHdwaCJmbboluGcwafndbCLCabLlsIviwafqfJBdyHdwendfCIEKqbyuirBeaCabHJndafwaendaCJCecqataeK",106,1,91,105,0,105,0,0,0,0,0,37,37,37,37,31,31,30
"2419",18,"[91]GjfffHdwaCJmbboluGcwafndbCLCabLlsIviwafqfJBdyHdwendfCIEKqbyuirBeaCabHJndafwaendaCJCecqataeK",107,0.990741,91,108,1,107,1,1,0,1,1,37,36,36,36,35,35,30
"2420",19,"[91]GjfffHdwaCJmbboluGcwafndbCLCabLlsIviwafqfJBdyHdwendfCIEKqbyuirBeaCabHJndafwaendaCJCecqataeK",102,0.954955,91,111,5,106,5,5,0,5,5,32,27,40,40,39,39,30
"2421",20,"[91]GjfffHdwaCJmbboluGcwafndbCLCabLlsIviwafqfJBdyHdwendfCIEKqbyuirBeaCabHJndafwaendaCJCecqataeK",113,1,91,112,0,112,0,0,0,0,0,27,27,39,39,46,46,30
"2422",21,"[91]GjfffHdwaCJmbboluGcwafndbCLCabLlsIviwafqfJBdyHdwendfCIEKqbyuirBeaCabHJndafwaendaCJCecqataeK",106,0.981651,91,109,2,107,2,2,0,2,2,48,46,25,25,36,36,30
"2423",22,"[91]GjfffHdwaCJmbboluGcwafndbCLCabLlsIviwafqfJBdyHdwendfCIEKqbyuirBeaCabHJndafwaendaCJCecqataeK",108,0.990826,91,109,1,108,1,1,0,1,1,35,34,35,35,39,39,30
"2424",23,"[91]GjfffHdwaCJmbboluGcwafndbCLCabLlsIviwafqfJBdyHdwendfCIEKqbyuirBeaCabHJndafwaendaCJCecqataeK",108,1,91,107,0,107,0,0,0,0,0,29,29,42,42,36,36,30
"2425",24,"[91]GjfffHdwaCJmbboluGcwafndbCLCabLlsIviwafqfJBdyHdwendfCIEKqbyuirBeaCabHJndafwaendaCJCecqataeK",99,0.945455,91,110,6,104,6,6,0,6,6,39,33,37,37,34,34,30
"2426",25,"[91]GjfffHdwaCJmbboluGcwafndbCLCabLlsIviwafqfJBdyHdwendfCIEKqbyuirBeaCabHJndafwaendaCJCecqataeK",102,0.971963,91,107,3,104,3,3,0,3,3,37,34,39,39,31,31,30
"2427",26,"[91]GjfffHdwaCJmbboluGcwafndbCLCabLlsIviwafqfJBdyHdwendfCIEKqbyuirBeaCabHJndafwaendaCJCecqataeK",105,0.981481,91,108,2,106,2,2,0,2,2,40,38,33,33,35,35,30
"2428",27,"[91]GjfffHdwaCJmbboluGcwafndbCLCabLlsIviwafqfJBdyHdwendfCIEKqbyuirBeaCabHJndafwaendaCJCecqataeK",105,1,91,104,0,104,0,0,0,0,0,40,40,37,37,27,27,30
"2429",28,"[91]GjfffHdwaCJmbboluGcwafndbCLCabLlsIviwafqfJBdyHdwendfCIEKqbyuirBeaCabHJndafwaendaCJCecqataeK",105,0.990566,91,106,1,105,1,1,0,1,1,35,34,39,39,32,32,30
"2430",29,"[91]GjfffHdwaCJmbboluGcwafndbCLCabLlsIviwafqfJBdyHdwendfCIEKqbyuirBeaCabHJndafwaendaCJCecqataeK",107,1,91,106,0,106,0,0,0,0,0,26,26,45,45,35,35,30
"2431",30,"[91]GjfffHdwaCJmbboluGcwafndbCLCabLlsIviwafqfJBdyHdwendfCIEKqbyuirBeaCabHJndafwaendaCJCecqataeK",111,1,91,110,0,110,0,0,0,0,0,43,43,26,26,41,41,30
"2432",31,"[91]GjfffHdwaCJmbboluGcwafndbCLCabLlsIviwafqfJBdyHdwendfCIEKqbyuirBeaCabHJndafwaendaCJCecqataeK",103,0.972222,91,108,3,105,3,3,0,3,3,37,34,37,37,34,34,30
"2433",32,"[91]GjfffHdwaCJmbboluGcwafndbCLCabLlsIviwafqfJBdyHdwendfCIEKqbyuirBeaCabHJndafwaendaCJCecqataeK",105,1,91,104,0,104,0,0,0,0,0,31,31,43,43,30,30,30
"2434",33,"[91]GjfffHdwaCJmbboluGcwafndbCLCabLlsIviwafqfJBdyHdwendfCIEKqbyuirBeaCabHJndafwaendaCJCecqataeK",101,0.980769,91,104,2,102,2,2,0,2,2,32,30,45,45,27,27,30
"2435",34,"[91]GjfffHdwaCJmbboluGcwafndbCLCabLlsIviwafqfJBdyHdwendfCIEKqbyuirBeaCabHJndafwaendaCJCecqataeK",101,0.962963,91,108,4,104,4,4,0,4,4,42,38,34,34,32,32,30
"2436",35,"[91]GjfffHdwaCJmbboluGcwafndbCLCabLlsIviwafqfJBdyHdwendfCIEKqbyuirBeaCabHJndafwaendaCJCecqataeK",111,1,91,110,0,110,0,0,0,0,0,30,30,37,37,43,43,30
"2437",36,"[91]GjfffHdwaCJmbboluGcwafndbCLCabLlsIviwafqfJBdyHdwendfCIEKqbyuirBeaCabHJndafwaendaCJCecqataeK",110,1,91,109,0,109,0,0,0,0,0,36,36,33,33,40,40,30
"2438",37,"[91]GjfffHdwaCJmbboluGcwafndbCLCabLlsIviwafqfJBdyHdwendfCIEKqbyuirBeaCabHJndafwaendaCJCecqataeK",107,0.990741,91,108,1,107,1,1,0,1,1,35,34,37,37,36,36,30
"2439",38,"[91]GjfffHdwaCJmbboluGcwafndbCLCabLlsIviwafqfJBdyHdwendfCIEKqbyuirBeaCabHJndafwaendaCJCecqataeK",109,1,91,108,0,108,0,0,0,0,0,53,53,21,21,34,34,30
"2440",39,"[91]GjfffHdwaCJmbboluGcwafndbCLCabLlsIviwafqfJBdyHdwendfCIEKqbyuirBeaCabHJndafwaendaCJCecqataeK",107,0.990741,91,108,1,107,1,1,0,1,1,29,28,42,42,37,37,30
"2441",40,"[91]GjfffHdwaCJmbboluGcwafndbCLCabLlsIviwafqfJBdyHdwendfCIEKqbyuirBeaCabHJndafwaendaCJCecqataeK",108,1,91,107,0,107,0,0,0,0,0,36,36,37,37,34,34,30
"2442",41,"[91]GjfffHdwaCJmbboluGcwafndbCLCabLlsIviwafqfJBdyHdwendfCIEKqbyuirBeaCabHJndafwaendaCJCecqataeK",105,0.990566,91,106,1,105,1,1,0,1,1,40,39,35,35,31,31,30
"2443",42,"[91]GjfffHdwaCJmbboluGcwafndbCLCabLlsIviwafqfJBdyHdwendfCIEKqbyuirBeaCabHJndafwaendaCJCecqataeK",106,1,91,105,0,105,0,0,0,0,0,39,39,35,35,31,31,30
"2444",43,"[91]GjfffHdwaCJmbboluGcwafndbCLCabLlsIviwafqfJBdyHdwendfCIEKqbyuirBeaCabHJndafwaendaCJCecqataeK",104,0.972477,91,109,3,106,3,3,0,3,3,34,31,38,38,37,37,30
"2445",44,"[91]GjfffHdwaCJmbboluGcwafndbCLCabLlsIviwafqfJBdyHdwendfCIEKqbyuirBeaCabHJndafwaendaCJCecqataeK",105,0.981481,91,108,2,106,2,2,0,2,2,34,32,39,39,35,35,30
"2446",45,"[91]GjfffHdwaCJmbboluGcwafndbCLCabLlsIviwafqfJBdyHdwendfCIEKqbyuirBeaCabHJndafwaendaCJCecqataeK",109,0.990909,91,110,1,109,1,1,0,1,1,31,30,38,38,41,41,30
"2447",46,"[91]GjfffHdwaCJmbboluGcwafndbCLCabLlsIviwafqfJBdyHdwendfCIEKqbyuirBeaCabHJndafwaendaCJCecqataeK",104,1,91,103,0,103,0,0,0,0,0,31,31,44,44,28,28,30
"2448",47,"[91]GjfffHdwaCJmbboluGcwafndbCLCabLlsIviwafqfJBdyHdwendfCIEKqbyuirBeaCabHJndafwaendaCJCecqataeK",105,0.981481,91,108,2,106,2,2,0,2,2,43,41,31,31,34,34,30
"2449",48,"[91]GjfffHdwaCJmbboluGcwafndbCLCabLlsIviwafqfJBdyHdwendfCIEKqbyuirBeaCabHJndafwaendaCJCecqataeK",107,0.990741,91,108,1,107,1,1,0,1,1,35,34,37,37,36,36,30
"2450",49,"[91]GjfffHdwaCJmbboluGcwafndbCLCabLlsIviwafqfJBdyHdwendfCIEKqbyuirBeaCabHJndafwaendaCJCecqataeK",110,1,91,109,0,109,0,0,0,0,0,34,34,36,36,39,39,30
"2451",50,"[91]GjfffHdwaCJmbboluGcwafndbCLCabLlsIviwafqfJBdyHdwendfCIEKqbyuirBeaCabHJndafwaendaCJCecqataeK",107,0.990741,91,108,1,107,1,1,0,1,1,32,31,39,39,37,37,30
"2452",51,"[91]GjfffHdwaCJmbboluGcwafndbCLCabLlsIviwafqfJBdyHdwendfCIEKqbyuirBeaCabHJndafwaendaCJCecqataeK",103,0.990385,91,104,1,103,1,1,0,1,1,44,43,33,33,27,27,30
"2453",52,"[91]GjfffHdwaCJmbboluGcwafndbCLCabLlsIviwafqfJBdyHdwendfCIEKqbyuirBeaCabHJndafwaendaCJCecqataeK",111,0.982456,91,114,2,112,2,2,0,2,2,28,26,37,37,49,49,30
"2454",53,"[91]GjfffHdwaCJmbboluGcwafndbCLCabLlsIviwafqfJBdyHdwendfCIEKqbyuirBeaCabHJndafwaendaCJCecqataeK",105,1,91,104,0,104,0,0,0,0,0,45,45,31,31,28,28,30
"2455",54,"[91]GjfffHdwaCJmbboluGcwafndbCLCabLlsIviwafqfJBdyHdwendfCIEKqbyuirBeaCabHJndafwaendaCJCecqataeK",110,1,91,109,0,109,0,0,0,0,0,38,38,32,32,39,39,30
"2456",55,"[91]GjfffHdwaCJmbboluGcwafndbCLCabLlsIviwafqfJBdyHdwendfCIEKqbyuirBeaCabHJndafwaendaCJCecqataeK",109,0.973684,91,114,3,111,3,3,0,3,3,36,33,32,32,46,46,30
"2457",56,"[91]GjfffHdwaCJmbboluGcwafndbCLCabLlsIviwafqfJBdyHdwendfCIEKqbyuirBeaCabHJndafwaendaCJCecqataeK",100,0.938053,91,113,7,106,7,7,0,7,7,37,30,36,36,40,40,30
"2458",57,"[91]GjfffHdwaCJmbboluGcwafndbCLCabLlsIviwafqfJBdyHdwendfCIEKqbyuirBeaCabHJndafwaendaCJCecqataeK",101,0.962963,91,108,4,104,4,4,0,4,4,38,34,37,37,33,33,30
"2459",58,"[91]GjfffHdwaCJmbboluGcwafndbCLCabLlsIviwafqfJBdyHdwendfCIEKqbyuirBeaCabHJndafwaendaCJCecqataeK",102,0.971963,91,107,3,104,3,3,0,3,3,34,31,41,41,32,32,30
"2460",59,"[91]GjfffHdwaCJmbboluGcwafndbCLCabLlsIviwafqfJBdyHdwendfCIEKqbyuirBeaCabHJndafwaendaCJCecqataeK",106,0.981651,91,109,2,107,2,2,0,2,2,35,33,37,37,37,37,30
"2461",60,"[91]GjfffHdwaCJmbboluGcwafndbCLCabLlsIviwafqfJBdyHdwendfCIEKqbyuirBeaCabHJndafwaendaCJCecqataeK",108,0.981982,91,111,2,109,2,2,0,2,2,24,22,45,45,42,42,30
"2462",61,"[91]GjfffHdwaCJmbboluGcwafndbCLCabLlsIviwafqfJBdyHdwendfCIEKqbyuirBeaCabHJndafwaendaCJCecqataeK",110,1,91,109,0,109,0,0,0,0,0,31,31,38,38,40,40,30
"2463",62,"[91]GjfffHdwaCJmbboluGcwafndbCLCabLlsIviwafqfJBdyHdwendfCIEKqbyuirBeaCabHJndafwaendaCJCecqataeK",107,0.990741,91,108,1,107,1,1,0,1,1,36,35,36,36,36,36,30
"2464",63,"[91]GjfffHdwaCJmbboluGcwafndbCLCabLlsIviwafqfJBdyHdwendfCIEKqbyuirBeaCabHJndafwaendaCJCecqataeK",107,1,91,106,0,106,0,0,0,0,0,39,39,34,34,33,33,30
"2465",64,"[91]GjfffHdwaCJmbboluGcwafndbCLCabLlsIviwafqfJBdyHdwendfCIEKqbyuirBeaCabHJndafwaendaCJCecqataeK",111,1,91,110,0,110,0,0,0,0,0,38,38,30,30,42,42,30
"2466",65,"[91]GjfffHdwaCJmbboluGcwafndbCLCabLlsIviwafqfJBdyHdwendfCIEKqbyuirBeaCabHJndafwaendaCJCecqataeK",108,0.981982,91,111,2,109,2,2,0,2,2,37,35,33,33,41,41,30
"2467",66,"[91]GjfffHdwaCJmbboluGcwafndbCLCabLlsIviwafqfJBdyHdwendfCIEKqbyuirBeaCabHJndafwaendaCJCecqataeK",109,1,91,108,0,108,0,0,0,0,0,43,43,29,29,36,36,30
"2468",67,"[91]GjfffHdwaCJmbboluGcwafndbCLCabLlsIviwafqfJBdyHdwendfCIEKqbyuirBeaCabHJndafwaendaCJCecqataeK",111,1,91,110,0,110,0,0,0,0,0,29,29,38,38,43,43,30
"2469",68,"[91]GjfffHdwaCJmbboluGcwafndbCLCabLlsIviwafqfJBdyHdwendfCIEKqbyuirBeaCabHJndafwaendaCJCecqataeK",105,0.981481,91,108,2,106,2,2,0,2,2,41,39,32,32,35,35,30
"2470",69,"[91]GjfffHdwaCJmbboluGcwafndbCLCabLlsIviwafqfJBdyHdwendfCIEKqbyuirBeaCabHJndafwaendaCJCecqataeK",104,1,91,103,0,103,0,0,0,0,0,34,34,42,42,27,27,30
"2471",70,"[91]GjfffHdwaCJmbboluGcwafndbCLCabLlsIviwafqfJBdyHdwendfCIEKqbyuirBeaCabHJndafwaendaCJCecqataeK",114,1,91,113,0,113,0,0,0,0,0,42,42,24,24,47,47,30
"2472",71,"[91]GjfffHdwaCJmbboluGcwafndbCLCabLlsIviwafqfJBdyHdwendfCIEKqbyuirBeaCabHJndafwaendaCJCecqataeK",106,0.990654,91,107,1,106,1,1,0,1,1,38,37,36,36,33,33,30
"2473",72,"[91]GjfffHdwaCJmbboluGcwafndbCLCabLlsIviwafqfJBdyHdwendfCIEKqbyuirBeaCabHJndafwaendaCJCecqataeK",100,0.945946,91,111,6,105,6,6,0,6,6,38,32,36,36,37,37,30
"2474",73,"[91]GjfffHdwaCJmbboluGcwafndbCLCabLlsIviwafqfJBdyHdwendfCIEKqbyuirBeaCabHJndafwaendaCJCecqataeK",103,0.990385,91,104,1,103,1,1,0,1,1,39,38,38,38,27,27,30
"2475",74,"[91]GjfffHdwaCJmbboluGcwafndbCLCabLlsIviwafqfJBdyHdwendfCIEKqbyuirBeaCabHJndafwaendaCJCecqataeK",104,1,91,103,0,103,0,0,0,0,0,35,35,41,41,27,27,30
"2476",75,"[91]GjfffHdwaCJmbboluGcwafndbCLCabLlsIviwafqfJBdyHdwendfCIEKqbyuirBeaCabHJndafwaendaCJCecqataeK",105,0.990566,91,106,1,105,1,1,0,1,1,29,28,44,44,33,33,30
"2477",76,"[91]GjfffHdwaCJmbboluGcwafndbCLCabLlsIviwafqfJBdyHdwendfCIEKqbyuirBeaCabHJndafwaendaCJCecqataeK",107,0.981818,91,110,2,108,2,2,0,2,2,30,28,41,41,39,39,30
"2478",77,"[91]GjfffHdwaCJmbboluGcwafndbCLCabLlsIviwafqfJBdyHdwendfCIEKqbyuirBeaCabHJndafwaendaCJCecqataeK",108,1,91,107,0,107,0,0,0,0,0,37,37,36,36,34,34,30
"2479",78,"[91]GjfffHdwaCJmbboluGcwafndbCLCabLlsIviwafqfJBdyHdwendfCIEKqbyuirBeaCabHJndafwaendaCJCecqataeK",107,1,91,106,0,106,0,0,0,0,0,32,32,40,40,34,34,30
"2480",79,"[91]GjfffHdwaCJmbboluGcwafndbCLCabLlsIviwafqfJBdyHdwendfCIEKqbyuirBeaCabHJndafwaendaCJCecqataeK",109,0.990909,91,110,1,109,1,1,0,1,1,41,40,30,30,39,39,30
"2481",80,"[91]GjfffHdwaCJmbboluGcwafndbCLCabLlsIviwafqfJBdyHdwendfCIEKqbyuirBeaCabHJndafwaendaCJCecqataeK",108,1,91,107,0,107,0,0,0,0,0,25,25,46,46,36,36,30
"2482",81,"[91]GjfffHdwaCJmbboluGcwafndbCLCabLlsIviwafqfJBdyHdwendfCIEKqbyuirBeaCabHJndafwaendaCJCecqataeK",106,1,91,105,0,105,0,0,0,0,0,40,40,34,34,31,31,30
"2483",82,"[91]GjfffHdwaCJmbboluGcwafndbCLCabLlsIviwafqfJBdyHdwendfCIEKqbyuirBeaCabHJndafwaendaCJCecqataeK",110,1,91,109,0,109,0,0,0,0,0,33,33,37,37,39,39,30
"2484",83,"[91]GjfffHdwaCJmbboluGcwafndbCLCabLlsIviwafqfJBdyHdwendfCIEKqbyuirBeaCabHJndafwaendaCJCecqataeK",108,1,91,107,0,107,0,0,0,0,0,37,37,35,35,35,35,30
"2485",84,"[91]GjfffHdwaCJmbboluGcwafndbCLCabLlsIviwafqfJBdyHdwendfCIEKqbyuirBeaCabHJndafwaendaCJCecqataeK",105,0.981481,91,108,2,106,2,2,0,2,2,45,43,29,29,34,34,30
"2486",85,"[91]GjfffHdwaCJmbboluGcwafndbCLCabLlsIviwafqfJBdyHdwendfCIEKqbyuirBeaCabHJndafwaendaCJCecqataeK",104,0.981308,91,107,2,105,2,2,0,2,2,41,39,33,33,33,33,30
"2487",86,"[91]GjfffHdwaCJmbboluGcwafndbCLCabLlsIviwafqfJBdyHdwendfCIEKqbyuirBeaCabHJndafwaendaCJCecqataeK",102,0.971963,91,107,3,104,3,3,0,3,3,39,36,37,37,31,31,30
"2488",87,"[91]GjfffHdwaCJmbboluGcwafndbCLCabLlsIviwafqfJBdyHdwendfCIEKqbyuirBeaCabHJndafwaendaCJCecqataeK",105,0.972727,91,110,3,107,3,3,0,3,3,41,38,31,31,38,38,30
"2489",88,"[91]GjfffHdwaCJmbboluGcwafndbCLCabLlsIviwafqfJBdyHdwendfCIEKqbyuirBeaCabHJndafwaendaCJCecqataeK",104,0.963964,91,111,4,107,4,4,0,4,4,41,37,32,32,38,38,30
"2490",89,"[91]GjfffHdwaCJmbboluGcwafndbCLCabLlsIviwafqfJBdyHdwendfCIEKqbyuirBeaCabHJndafwaendaCJCecqataeK",96,0.93578,91,109,7,102,7,7,0,7,7,39,32,40,40,30,30,30
"2491",90,"[91]GjfffHdwaCJmbboluGcwafndbCLCabLlsIviwafqfJBdyHdwendfCIEKqbyuirBeaCabHJndafwaendaCJCecqataeK",113,1,91,112,0,112,0,0,0,0,0,25,25,41,41,46,46,30
"2492",91,"[91]GjfffHdwaCJmbboluGcwafndbCLCabLlsIviwafqfJBdyHdwendfCIEKqbyuirBeaCabHJndafwaendaCJCecqataeK",105,1,91,104,0,104,0,0,0,0,0,47,47,30,30,27,27,30
"2493",92,"[91]GjfffHdwaCJmbboluGcwafndbCLCabLlsIviwafqfJBdyHdwendfCIEKqbyuirBeaCabHJndafwaendaCJCecqataeK",106,0.990654,91,107,1,106,1,1,0,1,1,33,32,39,39,35,35,30
"2494",93,"[91]GjfffHdwaCJmbboluGcwafndbCLCabLlsIviwafqfJBdyHdwendfCIEKqbyuirBeaCabHJndafwaendaCJCecqataeK",109,1,91,108,0,108,0,0,0,0,0,34,34,37,37,37,37,30
"2495",94,"[91]GjfffHdwaCJmbboluGcwafndbCLCabLlsIviwafqfJBdyHdwendfCIEKqbyuirBeaCabHJndafwaendaCJCecqataeK",105,1,91,104,0,104,0,0,0,0,0,41,41,36,36,27,27,30
"2496",95,"[91]GjfffHdwaCJmbboluGcwafndbCLCabLlsIviwafqfJBdyHdwendfCIEKqbyuirBeaCabHJndafwaendaCJCecqataeK",108,0.990826,91,109,1,108,1,1,0,1,1,38,37,33,33,38,38,30
"2497",96,"[91]GjfffHdwaCJmbboluGcwafndbCLCabLlsIviwafqfJBdyHdwendfCIEKqbyuirBeaCabHJndafwaendaCJCecqataeK",93,0.933962,91,106,7,99,7,7,0,7,7,44,37,38,38,24,24,30
"2498",97,"[91]GjfffHdwaCJmbboluGcwafndbCLCabLlsIviwafqfJBdyHdwendfCIEKqbyuirBeaCabHJndafwaendaCJCecqataeK",103,0.963636,91,110,4,106,4,4,0,4,4,34,30,38,38,38,38,30
"2499",98,"[91]GjfffHdwaCJmbboluGcwafndbCLCabLlsIviwafqfJBdyHdwendfCIEKqbyuirBeaCabHJndafwaendaCJCecqataeK",106,0.981651,91,109,2,107,2,2,0,2,2,37,35,35,35,37,37,30
"2500",99,"[91]GjfffHdwaCJmbboluGcwafndbCLCabLlsIviwafqfJBdyHdwendfCIEKqbyuirBeaCabHJndafwaendaCJCecqataeK",112,0.99115,91,113,1,112,1,1,0,1,1,31,30,35,35,47,47,30
"2501",0,"[85]GjfffHdwandbCwbqFsIhHyLrhbLCefjCqwaenfCJBdHdwandfCFIKCwGBhaDfCebmGEbswwaendeCJCaftaeK",127,1,85,126,0,126,0,0,0,0,0,44,44,52,52,30,30,31
"2502",1,"[85]GjfffHdwandbCwbqFsIhHyLrhbLCefjCqwaenfCJBdHdwandfCFIKCwGBhaDfCebmGEbswwaendeCJCaftaeK",133,1,85,132,0,132,0,0,0,0,0,38,38,44,44,50,50,31
"2503",2,"[85]GjfffHdwandbCwbqFsIhHyLrhbLCefjCqwaenfCJBdHdwandfCFIKCwGBhaDfCebmGEbswwaendeCJCaftaeK",129,0.992308,85,130,1,129,1,1,0,1,1,41,40,44,44,45,45,31
"2504",3,"[85]GjfffHdwandbCwbqFsIhHyLrhbLCefjCqwaenfCJBdHdwandfCFIKCwGBhaDfCebmGEbswwaendeCJCaftaeK",129,0.992308,85,130,1,129,1,1,0,1,1,45,44,45,45,40,40,31
"2505",4,"[85]GjfffHdwandbCwbqFsIhHyLrhbLCefjCqwaenfCJBdHdwandfCFIKCwGBhaDfCebmGEbswwaendeCJCaftaeK",124,0.984252,85,127,2,125,2,2,0,2,2,37,35,53,53,37,37,31
"2506",5,"[85]GjfffHdwandbCwbqFsIhHyLrhbLCefjCqwaenfCJBdHdwandfCFIKCwGBhaDfCebmGEbswwaendeCJCaftaeK",127,0.970149,85,134,4,130,4,4,0,4,4,46,42,41,41,47,47,31
"2507",6,"[85]GjfffHdwandbCwbqFsIhHyLrhbLCefjCqwaenfCJBdHdwandfCFIKCwGBhaDfCebmGEbswwaendeCJCaftaeK",132,1,85,131,0,131,0,0,0,0,0,46,46,41,41,44,44,31
"2508",7,"[85]GjfffHdwandbCwbqFsIhHyLrhbLCefjCqwaenfCJBdHdwandfCFIKCwGBhaDfCebmGEbswwaendeCJCaftaeK",123,0.969231,85,130,4,126,4,4,0,4,4,31,27,55,55,44,44,31
"2509",8,"[85]GjfffHdwandbCwbqFsIhHyLrhbLCefjCqwaenfCJBdHdwandfCFIKCwGBhaDfCebmGEbswwaendeCJCaftaeK",130,1,85,129,0,129,0,0,0,0,0,46,46,40,40,43,43,31
"2510",9,"[85]GjfffHdwandbCwbqFsIhHyLrhbLCefjCqwaenfCJBdHdwandfCFIKCwGBhaDfCebmGEbswwaendeCJCaftaeK",130,0.992366,85,131,1,130,1,1,0,1,1,35,34,48,48,48,48,31
"2511",10,"[85]GjfffHdwandbCwbqFsIhHyLrhbLCefjCqwaenfCJBdHdwandfCFIKCwGBhaDfCebmGEbswwaendeCJCaftaeK",132,1,85,131,0,131,0,0,0,0,0,50,50,38,38,43,43,31
"2512",11,"[85]GjfffHdwandbCwbqFsIhHyLrhbLCefjCqwaenfCJBdHdwandfCFIKCwGBhaDfCebmGEbswwaendeCJCaftaeK",131,0.992424,85,132,1,131,1,1,0,1,1,37,36,41,41,54,54,31
"2513",12,"[85]GjfffHdwandbCwbqFsIhHyLrhbLCefjCqwaenfCJBdHdwandfCFIKCwGBhaDfCebmGEbswwaendeCJCaftaeK",133,1,85,132,0,132,0,0,0,0,0,45,45,38,38,49,49,31
"2514",13,"[85]GjfffHdwandbCwbqFsIhHyLrhbLCefjCqwaenfCJBdHdwandfCFIKCwGBhaDfCebmGEbswwaendeCJCaftaeK",125,0.984375,85,128,2,126,2,2,0,2,2,36,34,53,53,39,39,31
"2515",14,"[85]GjfffHdwandbCwbqFsIhHyLrhbLCefjCqwaenfCJBdHdwandfCFIKCwGBhaDfCebmGEbswwaendeCJCaftaeK",124,0.955556,85,135,6,129,6,6,0,6,6,51,45,42,42,42,42,31
"2516",15,"[85]GjfffHdwandbCwbqFsIhHyLrhbLCefjCqwaenfCJBdHdwandfCFIKCwGBhaDfCebmGEbswwaendeCJCaftaeK",132,1,85,131,0,131,0,0,0,0,0,48,48,37,37,46,46,31
"2517",16,"[85]GjfffHdwandbCwbqFsIhHyLrhbLCefjCqwaenfCJBdHdwandfCFIKCwGBhaDfCebmGEbswwaendeCJCaftaeK",129,0.992308,85,130,1,129,1,1,0,1,1,43,42,44,44,43,43,31
"2518",17,"[85]GjfffHdwandbCwbqFsIhHyLrhbLCefjCqwaenfCJBdHdwandfCFIKCwGBhaDfCebmGEbswwaendeCJCaftaeK",131,1,85,130,0,130,0,0,0,0,0,42,42,47,47,41,41,31
"2519",18,"[85]GjfffHdwandbCwbqFsIhHyLrhbLCefjCqwaenfCJBdHdwandfCFIKCwGBhaDfCebmGEbswwaendeCJCaftaeK",130,1,85,129,0,129,0,0,0,0,0,41,41,46,46,42,42,31
"2520",19,"[85]GjfffHdwandbCwbqFsIhHyLrhbLCefjCqwaenfCJBdHdwandfCFIKCwGBhaDfCebmGEbswwaendeCJCaftaeK",134,0.985401,85,137,2,135,2,2,0,2,2,53,51,40,40,44,44,31
"2521",20,"[85]GjfffHdwandbCwbqFsIhHyLrhbLCefjCqwaenfCJBdHdwandfCFIKCwGBhaDfCebmGEbswwaendeCJCaftaeK",123,0.935714,85,140,9,131,9,9,0,9,9,50,41,34,34,56,56,31
"2522",21,"[85]GjfffHdwandbCwbqFsIhHyLrhbLCefjCqwaenfCJBdHdwandfCFIKCwGBhaDfCebmGEbswwaendeCJCaftaeK",127,0.977273,85,132,3,129,3,3,0,3,3,44,41,44,44,44,44,31
"2523",22,"[85]GjfffHdwandbCwbqFsIhHyLrhbLCefjCqwaenfCJBdHdwandfCFIKCwGBhaDfCebmGEbswwaendeCJCaftaeK",132,1,85,131,0,131,0,0,0,0,0,53,53,36,36,42,42,31
"2524",23,"[85]GjfffHdwandbCwbqFsIhHyLrhbLCefjCqwaenfCJBdHdwandfCFIKCwGBhaDfCebmGEbswwaendeCJCaftaeK",131,1,85,130,0,130,0,0,0,0,0,38,38,45,45,47,47,31
"2525",24,"[85]GjfffHdwandbCwbqFsIhHyLrhbLCefjCqwaenfCJBdHdwandfCFIKCwGBhaDfCebmGEbswwaendeCJCaftaeK",129,1,85,128,0,128,0,0,0,0,0,44,44,44,44,40,40,31
"2526",25,"[85]GjfffHdwandbCwbqFsIhHyLrhbLCefjCqwaenfCJBdHdwandfCFIKCwGBhaDfCebmGEbswwaendeCJCaftaeK",129,0.992308,85,130,1,129,1,1,0,1,1,37,36,46,46,47,47,31
"2527",26,"[85]GjfffHdwandbCwbqFsIhHyLrhbLCefjCqwaenfCJBdHdwandfCFIKCwGBhaDfCebmGEbswwaendeCJCaftaeK",132,0.992481,85,133,1,132,1,1,0,1,1,49,48,40,40,44,44,31
"2528",27,"[85]GjfffHdwandbCwbqFsIhHyLrhbLCefjCqwaenfCJBdHdwandfCFIKCwGBhaDfCebmGEbswwaendeCJCaftaeK",132,1,85,131,0,131,0,0,0,0,0,44,44,45,45,42,42,31
"2529",28,"[85]GjfffHdwandbCwbqFsIhHyLrhbLCefjCqwaenfCJBdHdwandfCFIKCwGBhaDfCebmGEbswwaendeCJCaftaeK",126,0.977099,85,131,3,128,3,3,0,3,3,45,42,45,45,41,41,31
"2530",29,"[85]GjfffHdwandbCwbqFsIhHyLrhbLCefjCqwaenfCJBdHdwandfCFIKCwGBhaDfCebmGEbswwaendeCJCaftaeK",127,1,85,126,0,126,0,0,0,0,0,45,45,48,48,33,33,31
"2531",30,"[85]GjfffHdwandbCwbqFsIhHyLrhbLCefjCqwaenfCJBdHdwandfCFIKCwGBhaDfCebmGEbswwaendeCJCaftaeK",129,0.970588,85,136,4,132,4,4,0,4,4,41,37,42,42,53,53,31
"2532",31,"[85]GjfffHdwandbCwbqFsIhHyLrhbLCefjCqwaenfCJBdHdwandfCFIKCwGBhaDfCebmGEbswwaendeCJCaftaeK",137,0.992754,85,138,1,137,1,1,0,1,1,50,49,41,41,47,47,31
"2533",32,"[85]GjfffHdwandbCwbqFsIhHyLrhbLCefjCqwaenfCJBdHdwandfCFIKCwGBhaDfCebmGEbswwaendeCJCaftaeK",136,1,85,135,0,135,0,0,0,0,0,58,58,31,31,46,46,31
"2534",33,"[85]GjfffHdwandbCwbqFsIhHyLrhbLCefjCqwaenfCJBdHdwandfCFIKCwGBhaDfCebmGEbswwaendeCJCaftaeK",124,0.984252,85,127,2,125,2,2,0,2,2,48,46,47,47,32,32,31
"2535",34,"[85]GjfffHdwandbCwbqFsIhHyLrhbLCefjCqwaenfCJBdHdwandfCFIKCwGBhaDfCebmGEbswwaendeCJCaftaeK",133,1,85,132,0,132,0,0,0,0,0,40,40,38,38,54,54,31
"2536",35,"[85]GjfffHdwandbCwbqFsIhHyLrhbLCefjCqwaenfCJBdHdwandfCFIKCwGBhaDfCebmGEbswwaendeCJCaftaeK",127,0.977273,85,132,3,129,3,3,0,3,3,49,46,41,41,42,42,31
"2537",36,"[85]GjfffHdwandbCwbqFsIhHyLrhbLCefjCqwaenfCJBdHdwandfCFIKCwGBhaDfCebmGEbswwaendeCJCaftaeK",134,1,85,133,0,133,0,0,0,0,0,53,53,34,34,46,46,31
"2538",37,"[85]GjfffHdwandbCwbqFsIhHyLrhbLCefjCqwaenfCJBdHdwandfCFIKCwGBhaDfCebmGEbswwaendeCJCaftaeK",127,0.984615,85,130,2,128,2,2,0,2,2,44,42,43,43,43,43,31
"2539",38,"[85]GjfffHdwandbCwbqFsIhHyLrhbLCefjCqwaenfCJBdHdwandfCFIKCwGBhaDfCebmGEbswwaendeCJCaftaeK",133,1,85,132,0,132,0,0,0,0,0,40,40,40,40,52,52,31
"2540",39,"[85]GjfffHdwandbCwbqFsIhHyLrhbLCefjCqwaenfCJBdHdwandfCFIKCwGBhaDfCebmGEbswwaendeCJCaftaeK",134,1,85,133,0,133,0,0,0,0,0,43,43,48,48,42,42,31
"2541",40,"[85]GjfffHdwandbCwbqFsIhHyLrhbLCefjCqwaenfCJBdHdwandfCFIKCwGBhaDfCebmGEbswwaendeCJCaftaeK",128,0.984733,85,131,2,129,2,2,0,2,2,38,36,49,49,44,44,31
"2542",41,"[85]GjfffHdwandbCwbqFsIhHyLrhbLCefjCqwaenfCJBdHdwandfCFIKCwGBhaDfCebmGEbswwaendeCJCaftaeK",127,0.977273,85,132,3,129,3,3,0,3,3,51,48,44,44,37,37,31
"2543",42,"[85]GjfffHdwandbCwbqFsIhHyLrhbLCefjCqwaenfCJBdHdwandfCFIKCwGBhaDfCebmGEbswwaendeCJCaftaeK",130,1,85,129,0,129,0,0,0,0,0,35,35,47,47,47,47,31
"2544",43,"[85]GjfffHdwandbCwbqFsIhHyLrhbLCefjCqwaenfCJBdHdwandfCFIKCwGBhaDfCebmGEbswwaendeCJCaftaeK",134,1,85,133,0,133,0,0,0,0,0,48,48,36,36,49,49,31
"2545",44,"[85]GjfffHdwandbCwbqFsIhHyLrhbLCefjCqwaenfCJBdHdwandfCFIKCwGBhaDfCebmGEbswwaendeCJCaftaeK",129,0.977612,85,134,3,131,3,3,0,3,3,47,44,44,44,43,43,31
"2546",45,"[85]GjfffHdwandbCwbqFsIhHyLrhbLCefjCqwaenfCJBdHdwandfCFIKCwGBhaDfCebmGEbswwaendeCJCaftaeK",122,0.976378,85,127,3,124,3,3,0,3,3,45,42,48,48,34,34,31
"2547",46,"[85]GjfffHdwandbCwbqFsIhHyLrhbLCefjCqwaenfCJBdHdwandfCFIKCwGBhaDfCebmGEbswwaendeCJCaftaeK",130,1,85,129,0,129,0,0,0,0,0,44,44,44,44,41,41,31
"2548",47,"[85]GjfffHdwandbCwbqFsIhHyLrhbLCefjCqwaenfCJBdHdwandfCFIKCwGBhaDfCebmGEbswwaendeCJCaftaeK",134,0.992593,85,135,1,134,1,1,0,1,1,50,49,42,42,43,43,31
"2549",48,"[85]GjfffHdwandbCwbqFsIhHyLrhbLCefjCqwaenfCJBdHdwandfCFIKCwGBhaDfCebmGEbswwaendeCJCaftaeK",127,0.984615,85,130,2,128,2,2,0,2,2,50,48,40,40,40,40,31
"2550",49,"[85]GjfffHdwandbCwbqFsIhHyLrhbLCefjCqwaenfCJBdHdwandfCFIKCwGBhaDfCebmGEbswwaendeCJCaftaeK",134,0.992593,85,135,1,134,1,1,0,1,1,42,41,40,40,53,53,31
"2551",50,"[85]GjfffHdwandbCwbqFsIhHyLrhbLCefjCqwaenfCJBdHdwandfCFIKCwGBhaDfCebmGEbswwaendeCJCaftaeK",131,1,85,130,0,130,0,0,0,0,0,45,45,40,40,45,45,31
"2552",51,"[85]GjfffHdwandbCwbqFsIhHyLrhbLCefjCqwaenfCJBdHdwandfCFIKCwGBhaDfCebmGEbswwaendeCJCaftaeK",130,0.992366,85,131,1,130,1,1,0,1,1,36,35,45,45,50,50,31
"2553",52,"[85]GjfffHdwandbCwbqFsIhHyLrhbLCefjCqwaenfCJBdHdwandfCFIKCwGBhaDfCebmGEbswwaendeCJCaftaeK",122,0.984,85,125,2,123,2,2,0,2,2,41,39,55,55,29,29,31
"2554",53,"[85]GjfffHdwandbCwbqFsIhHyLrhbLCefjCqwaenfCJBdHdwandfCFIKCwGBhaDfCebmGEbswwaendeCJCaftaeK",134,1,85,133,0,133,0,0,0,0,0,41,41,45,45,47,47,31
"2555",54,"[85]GjfffHdwandbCwbqFsIhHyLrhbLCefjCqwaenfCJBdHdwandfCFIKCwGBhaDfCebmGEbswwaendeCJCaftaeK",130,0.992366,85,131,1,130,1,1,0,1,1,50,49,42,42,39,39,31
"2556",55,"[85]GjfffHdwandbCwbqFsIhHyLrhbLCefjCqwaenfCJBdHdwandfCFIKCwGBhaDfCebmGEbswwaendeCJCaftaeK",134,0.965035,85,143,5,138,5,5,0,5,5,47,42,50,50,46,46,31
"2557",56,"[85]GjfffHdwandbCwbqFsIhHyLrhbLCefjCqwaenfCJBdHdwandfCFIKCwGBhaDfCebmGEbswwaendeCJCaftaeK",130,1,85,129,0,129,0,0,0,0,0,45,45,42,42,42,42,31
"2558",57,"[85]GjfffHdwandbCwbqFsIhHyLrhbLCefjCqwaenfCJBdHdwandfCFIKCwGBhaDfCebmGEbswwaendeCJCaftaeK",132,1,85,131,0,131,0,0,0,0,0,44,44,37,37,50,50,31
"2559",58,"[85]GjfffHdwandbCwbqFsIhHyLrhbLCefjCqwaenfCJBdHdwandfCFIKCwGBhaDfCebmGEbswwaendeCJCaftaeK",126,0.977099,85,131,3,128,3,3,0,3,3,60,57,35,35,36,36,31
"2560",59,"[85]GjfffHdwandbCwbqFsIhHyLrhbLCefjCqwaenfCJBdHdwandfCFIKCwGBhaDfCebmGEbswwaendeCJCaftaeK",131,0.985075,85,134,2,132,2,2,0,2,2,55,53,29,29,50,50,31
"2561",60,"[85]GjfffHdwandbCwbqFsIhHyLrhbLCefjCqwaenfCJBdHdwandfCFIKCwGBhaDfCebmGEbswwaendeCJCaftaeK",127,1,85,126,0,126,0,0,0,0,0,37,37,52,52,37,37,31
"2562",61,"[85]GjfffHdwandbCwbqFsIhHyLrhbLCefjCqwaenfCJBdHdwandfCFIKCwGBhaDfCebmGEbswwaendeCJCaftaeK",126,0.984496,85,129,2,127,2,2,0,2,2,48,46,44,44,37,37,31
"2563",62,"[85]GjfffHdwandbCwbqFsIhHyLrhbLCefjCqwaenfCJBdHdwandfCFIKCwGBhaDfCebmGEbswwaendeCJCaftaeK",125,0.992063,85,126,1,125,1,1,0,1,1,45,44,48,48,33,33,31
"2564",63,"[85]GjfffHdwandbCwbqFsIhHyLrhbLCefjCqwaenfCJBdHdwandfCFIKCwGBhaDfCebmGEbswwaendeCJCaftaeK",128,0.984733,85,131,2,129,2,2,0,2,2,48,46,40,40,43,43,31
"2565",64,"[85]GjfffHdwandbCwbqFsIhHyLrhbLCefjCqwaenfCJBdHdwandfCFIKCwGBhaDfCebmGEbswwaendeCJCaftaeK",134,1,85,133,0,133,0,0,0,0,0,40,40,39,39,54,54,31
"2566",65,"[85]GjfffHdwandbCwbqFsIhHyLrhbLCefjCqwaenfCJBdHdwandfCFIKCwGBhaDfCebmGEbswwaendeCJCaftaeK",136,1,85,135,0,135,0,0,0,0,0,47,47,50,50,38,38,31
"2567",66,"[85]GjfffHdwandbCwbqFsIhHyLrhbLCefjCqwaenfCJBdHdwandfCFIKCwGBhaDfCebmGEbswwaendeCJCaftaeK",129,0.992308,85,130,1,129,1,1,0,1,1,45,44,44,44,41,41,31
"2568",67,"[85]GjfffHdwandbCwbqFsIhHyLrhbLCefjCqwaenfCJBdHdwandfCFIKCwGBhaDfCebmGEbswwaendeCJCaftaeK",136,1,85,135,0,135,0,0,0,0,0,42,42,41,41,52,52,31
"2569",68,"[85]GjfffHdwandbCwbqFsIhHyLrhbLCefjCqwaenfCJBdHdwandfCFIKCwGBhaDfCebmGEbswwaendeCJCaftaeK",131,1,85,130,0,130,0,0,0,0,0,45,45,39,39,46,46,31
"2570",69,"[85]GjfffHdwandbCwbqFsIhHyLrhbLCefjCqwaenfCJBdHdwandfCFIKCwGBhaDfCebmGEbswwaendeCJCaftaeK",130,0.977778,85,135,3,132,3,3,0,3,3,41,38,51,51,43,43,31
"2571",70,"[85]GjfffHdwandbCwbqFsIhHyLrhbLCefjCqwaenfCJBdHdwandfCFIKCwGBhaDfCebmGEbswwaendeCJCaftaeK",133,0.985294,85,136,2,134,2,2,0,2,2,47,45,40,40,49,49,31
"2572",71,"[85]GjfffHdwandbCwbqFsIhHyLrhbLCefjCqwaenfCJBdHdwandfCFIKCwGBhaDfCebmGEbswwaendeCJCaftaeK",129,1,85,128,0,128,0,0,0,0,0,46,46,42,42,40,40,31
"2573",72,"[85]GjfffHdwandbCwbqFsIhHyLrhbLCefjCqwaenfCJBdHdwandfCFIKCwGBhaDfCebmGEbswwaendeCJCaftaeK",121,0.96875,85,128,4,124,4,4,0,4,4,41,37,52,52,35,35,31
"2574",73,"[85]GjfffHdwandbCwbqFsIhHyLrhbLCefjCqwaenfCJBdHdwandfCFIKCwGBhaDfCebmGEbswwaendeCJCaftaeK",135,1,85,134,0,134,0,0,0,0,0,41,41,48,48,45,45,31
"2575",74,"[85]GjfffHdwandbCwbqFsIhHyLrhbLCefjCqwaenfCJBdHdwandfCFIKCwGBhaDfCebmGEbswwaendeCJCaftaeK",131,0.992424,85,132,1,131,1,1,0,1,1,47,46,41,41,44,44,31
"2576",75,"[85]GjfffHdwandbCwbqFsIhHyLrhbLCefjCqwaenfCJBdHdwandfCFIKCwGBhaDfCebmGEbswwaendeCJCaftaeK",130,1,85,129,0,129,0,0,0,0,0,38,38,46,46,45,45,31
"2577",76,"[85]GjfffHdwandbCwbqFsIhHyLrhbLCefjCqwaenfCJBdHdwandfCFIKCwGBhaDfCebmGEbswwaendeCJCaftaeK",131,0.985075,85,134,2,132,2,2,0,2,2,39,37,51,51,44,44,31
"2578",77,"[85]GjfffHdwandbCwbqFsIhHyLrhbLCefjCqwaenfCJBdHdwandfCFIKCwGBhaDfCebmGEbswwaendeCJCaftaeK",127,0.977273,85,132,3,129,3,3,0,3,3,35,32,47,47,50,50,31
"2579",78,"[85]GjfffHdwandbCwbqFsIhHyLrhbLCefjCqwaenfCJBdHdwandfCFIKCwGBhaDfCebmGEbswwaendeCJCaftaeK",130,1,85,129,0,129,0,0,0,0,0,44,44,47,47,38,38,31
"2580",79,"[85]GjfffHdwandbCwbqFsIhHyLrhbLCefjCqwaenfCJBdHdwandfCFIKCwGBhaDfCebmGEbswwaendeCJCaftaeK",128,1,85,127,0,127,0,0,0,0,0,48,48,43,43,36,36,31
"2581",80,"[85]GjfffHdwandbCwbqFsIhHyLrhbLCefjCqwaenfCJBdHdwandfCFIKCwGBhaDfCebmGEbswwaendeCJCaftaeK",131,0.985075,85,134,2,132,2,2,0,2,2,53,51,31,31,50,50,31
"2582",81,"[85]GjfffHdwandbCwbqFsIhHyLrhbLCefjCqwaenfCJBdHdwandfCFIKCwGBhaDfCebmGEbswwaendeCJCaftaeK",128,0.992248,85,129,1,128,1,1,0,1,1,47,46,41,41,41,41,31
"2583",82,"[85]GjfffHdwandbCwbqFsIhHyLrhbLCefjCqwaenfCJBdHdwandfCFIKCwGBhaDfCebmGEbswwaendeCJCaftaeK",133,0.992537,85,134,1,133,1,1,0,1,1,52,51,30,30,52,52,31
"2584",83,"[85]GjfffHdwandbCwbqFsIhHyLrhbLCefjCqwaenfCJBdHdwandfCFIKCwGBhaDfCebmGEbswwaendeCJCaftaeK",130,0.977778,85,135,3,132,3,3,0,3,3,43,40,39,39,53,53,31
"2585",84,"[85]GjfffHdwandbCwbqFsIhHyLrhbLCefjCqwaenfCJBdHdwandfCFIKCwGBhaDfCebmGEbswwaendeCJCaftaeK",132,1,85,131,0,131,0,0,0,0,0,38,38,47,47,46,46,31
"2586",85,"[85]GjfffHdwandbCwbqFsIhHyLrhbLCefjCqwaenfCJBdHdwandfCFIKCwGBhaDfCebmGEbswwaendeCJCaftaeK",130,0.984962,85,133,2,131,2,2,0,2,2,42,40,42,42,49,49,31
"2587",86,"[85]GjfffHdwandbCwbqFsIhHyLrhbLCefjCqwaenfCJBdHdwandfCFIKCwGBhaDfCebmGEbswwaendeCJCaftaeK",132,1,85,131,0,131,0,0,0,0,0,49,49,37,37,45,45,31
"2588",87,"[85]GjfffHdwandbCwbqFsIhHyLrhbLCefjCqwaenfCJBdHdwandfCFIKCwGBhaDfCebmGEbswwaendeCJCaftaeK",131,1,85,130,0,130,0,0,0,0,0,41,41,44,44,45,45,31
"2589",88,"[85]GjfffHdwandbCwbqFsIhHyLrhbLCefjCqwaenfCJBdHdwandfCFIKCwGBhaDfCebmGEbswwaendeCJCaftaeK",135,0.992647,85,136,1,135,1,1,0,1,1,46,45,36,36,54,54,31
"2590",89,"[85]GjfffHdwandbCwbqFsIhHyLrhbLCefjCqwaenfCJBdHdwandfCFIKCwGBhaDfCebmGEbswwaendeCJCaftaeK",129,1,85,128,0,128,0,0,0,0,0,50,50,39,39,39,39,31
"2591",90,"[85]GjfffHdwandbCwbqFsIhHyLrhbLCefjCqwaenfCJBdHdwandfCFIKCwGBhaDfCebmGEbswwaendeCJCaftaeK",127,0.992188,85,128,1,127,1,1,0,1,1,39,38,47,47,42,42,31
"2592",91,"[85]GjfffHdwandbCwbqFsIhHyLrhbLCefjCqwaenfCJBdHdwandfCFIKCwGBhaDfCebmGEbswwaendeCJCaftaeK",129,1,85,128,0,128,0,0,0,0,0,44,44,47,47,37,37,31
"2593",92,"[85]GjfffHdwandbCwbqFsIhHyLrhbLCefjCqwaenfCJBdHdwandfCFIKCwGBhaDfCebmGEbswwaendeCJCaftaeK",127,1,85,126,0,126,0,0,0,0,0,44,44,46,46,36,36,31
"2594",93,"[85]GjfffHdwandbCwbqFsIhHyLrhbLCefjCqwaenfCJBdHdwandfCFIKCwGBhaDfCebmGEbswwaendeCJCaftaeK",134,1,85,133,0,133,0,0,0,0,0,45,45,39,39,49,49,31
"2595",94,"[85]GjfffHdwandbCwbqFsIhHyLrhbLCefjCqwaenfCJBdHdwandfCFIKCwGBhaDfCebmGEbswwaendeCJCaftaeK",128,1,85,127,0,127,0,0,0,0,0,36,36,49,49,42,42,31
"2596",95,"[85]GjfffHdwandbCwbqFsIhHyLrhbLCefjCqwaenfCJBdHdwandfCFIKCwGBhaDfCebmGEbswwaendeCJCaftaeK",134,1,85,133,0,133,0,0,0,0,0,52,52,41,41,40,40,31
"2597",96,"[85]GjfffHdwandbCwbqFsIhHyLrhbLCefjCqwaenfCJBdHdwandfCFIKCwGBhaDfCebmGEbswwaendeCJCaftaeK",130,1,85,129,0,129,0,0,0,0,0,42,42,44,44,43,43,31
"2598",97,"[85]GjfffHdwandbCwbqFsIhHyLrhbLCefjCqwaenfCJBdHdwandfCFIKCwGBhaDfCebmGEbswwaendeCJCaftaeK",132,0.992481,85,133,1,132,1,1,0,1,1,51,50,36,36,46,46,31
"2599",98,"[85]GjfffHdwandbCwbqFsIhHyLrhbLCefjCqwaenfCJBdHdwandfCFIKCwGBhaDfCebmGEbswwaendeCJCaftaeK",131,1,85,130,0,130,0,0,0,0,0,56,56,36,36,38,38,31
"2600",99,"[85]GjfffHdwandbCwbqFsIhHyLrhbLCefjCqwaenfCJBdHdwandfCFIKCwGBhaDfCebmGEbswwaendeCJCaftaeK",130,0.984962,85,133,2,131,2,2,0,2,2,47,45,38,38,48,48,31
"2601",0,"[89]GjfffHdwaCjGeeALAKjqmHBfinxIwafndbCLCabLwafnfCJBdHdwendfCIKqrszFcBBeaCebdxafwendaqJCayDeK",102,0.980952,89,105,2,103,2,2,0,2,2,35,33,38,38,32,32,33
"2602",1,"[89]GjfffHdwaCjGeeALAKjqmHBfinxIwafndbCLCabLwafnfCJBdHdwendfCIKqrszFcBBeaCebdxafwendaqJCayDeK",105,1,89,104,0,104,0,0,0,0,0,38,38,33,33,33,33,33
"2603",2,"[89]GjfffHdwaCjGeeALAKjqmHBfinxIwafndbCLCabLwafnfCJBdHdwendfCIKqrszFcBBeaCebdxafwendaqJCayDeK",107,1,89,106,0,106,0,0,0,0,0,33,33,37,37,36,36,33
"2604",3,"[89]GjfffHdwaCjGeeALAKjqmHBfinxIwafndbCLCabLwafnfCJBdHdwendfCIKqrszFcBBeaCebdxafwendaqJCayDeK",106,1,89,105,0,105,0,0,0,0,0,32,32,38,38,35,35,33
"2605",4,"[89]GjfffHdwaCjGeeALAKjqmHBfinxIwafndbCLCabLwafnfCJBdHdwendfCIKqrszFcBBeaCebdxafwendaqJCayDeK",104,0.990476,89,105,1,104,1,1,0,1,1,41,40,31,31,33,33,33
"2606",5,"[89]GjfffHdwaCjGeeALAKjqmHBfinxIwafndbCLCabLwafnfCJBdHdwendfCIKqrszFcBBeaCebdxafwendaqJCayDeK",108,1,89,107,0,107,0,0,0,0,0,36,36,33,33,38,38,33
"2607",6,"[89]GjfffHdwaCjGeeALAKjqmHBfinxIwafndbCLCabLwafnfCJBdHdwendfCIKqrszFcBBeaCebdxafwendaqJCayDeK",100,0.990099,89,101,1,100,1,1,0,1,1,40,39,36,36,25,25,33
"2608",7,"[89]GjfffHdwaCjGeeALAKjqmHBfinxIwafndbCLCabLwafnfCJBdHdwendfCIKqrszFcBBeaCebdxafwendaqJCayDeK",105,1,89,104,0,104,0,0,0,0,0,36,36,36,36,32,32,33
"2609",8,"[89]GjfffHdwaCjGeeALAKjqmHBfinxIwafndbCLCabLwafnfCJBdHdwendfCIKqrszFcBBeaCebdxafwendaqJCayDeK",104,0.990476,89,105,1,104,1,1,0,1,1,32,31,40,40,33,33,33
"2610",9,"[89]GjfffHdwaCjGeeALAKjqmHBfinxIwafndbCLCabLwafnfCJBdHdwendfCIKqrszFcBBeaCebdxafwendaqJCayDeK",105,1,89,104,0,104,0,0,0,0,0,34,34,38,38,32,32,33
"2611",10,"[89]GjfffHdwaCjGeeALAKjqmHBfinxIwafndbCLCabLwafnfCJBdHdwendfCIKqrszFcBBeaCebdxafwendaqJCayDeK",103,0.990385,89,104,1,103,1,1,0,1,1,26,25,46,46,32,32,33
"2612",11,"[89]GjfffHdwaCjGeeALAKjqmHBfinxIwafndbCLCabLwafnfCJBdHdwendfCIKqrszFcBBeaCebdxafwendaqJCayDeK",110,0.990991,89,111,1,110,1,1,0,1,1,31,30,35,35,45,45,33
"2613",12,"[89]GjfffHdwaCjGeeALAKjqmHBfinxIwafndbCLCabLwafnfCJBdHdwendfCIKqrszFcBBeaCebdxafwendaqJCayDeK",111,0.991071,89,112,1,111,1,1,0,1,1,32,31,33,33,47,47,33
"2614",13,"[89]GjfffHdwaCjGeeALAKjqmHBfinxIwafndbCLCabLwafnfCJBdHdwendfCIKqrszFcBBeaCebdxafwendaqJCayDeK",109,1,89,108,0,108,0,0,0,0,0,35,35,31,31,42,42,33
"2615",14,"[89]GjfffHdwaCjGeeALAKjqmHBfinxIwafndbCLCabLwafnfCJBdHdwendfCIKqrszFcBBeaCebdxafwendaqJCayDeK",103,0.981132,89,106,2,104,2,2,0,2,2,31,29,42,42,33,33,33
"2616",15,"[89]GjfffHdwaCjGeeALAKjqmHBfinxIwafndbCLCabLwafnfCJBdHdwendfCIKqrszFcBBeaCebdxafwendaqJCayDeK",104,0.981308,89,107,2,105,2,2,0,2,2,37,35,34,34,36,36,33
"2617",16,"[89]GjfffHdwaCjGeeALAKjqmHBfinxIwafndbCLCabLwafnfCJBdHdwendfCIKqrszFcBBeaCebdxafwendaqJCayDeK",103,0.990385,89,104,1,103,1,1,0,1,1,39,38,33,33,32,32,33
"2618",17,"[89]GjfffHdwaCjGeeALAKjqmHBfinxIwafndbCLCabLwafnfCJBdHdwendfCIKqrszFcBBeaCebdxafwendaqJCayDeK",105,1,89,104,0,104,0,0,0,0,0,36,36,35,35,33,33,33
"2619",18,"[89]GjfffHdwaCjGeeALAKjqmHBfinxIwafndbCLCabLwafnfCJBdHdwendfCIKqrszFcBBeaCebdxafwendaqJCayDeK",101,0.962963,89,108,4,104,4,4,0,4,4,34,30,39,39,35,35,33
"2620",19,"[89]GjfffHdwaCjGeeALAKjqmHBfinxIwafndbCLCabLwafnfCJBdHdwendfCIKqrszFcBBeaCebdxafwendaqJCayDeK",109,1,89,108,0,108,0,0,0,0,0,36,36,31,31,41,41,33
"2621",20,"[89]GjfffHdwaCjGeeALAKjqmHBfinxIwafndbCLCabLwafnfCJBdHdwendfCIKqrszFcBBeaCebdxafwendaqJCayDeK",105,0.990566,89,106,1,105,1,1,0,1,1,42,41,28,28,36,36,33
"2622",21,"[89]GjfffHdwaCjGeeALAKjqmHBfinxIwafndbCLCabLwafnfCJBdHdwendfCIKqrszFcBBeaCebdxafwendaqJCayDeK",108,1,89,107,0,107,0,0,0,0,0,31,31,38,38,38,38,33
"2623",22,"[89]GjfffHdwaCjGeeALAKjqmHBfinxIwafndbCLCabLwafnfCJBdHdwendfCIKqrszFcBBeaCebdxafwendaqJCayDeK",104,1,89,103,0,103,0,0,0,0,0,42,42,30,30,31,31,33
"2624",23,"[89]GjfffHdwaCjGeeALAKjqmHBfinxIwafndbCLCabLwafnfCJBdHdwendfCIKqrszFcBBeaCebdxafwendaqJCayDeK",106,1,89,105,0,105,0,0,0,0,0,32,32,39,39,34,34,33
"2625",24,"[89]GjfffHdwaCjGeeALAKjqmHBfinxIwafndbCLCabLwafnfCJBdHdwendfCIKqrszFcBBeaCebdxafwendaqJCayDeK",103,0.990385,89,104,1,103,1,1,0,1,1,38,37,35,35,31,31,33
"2626",25,"[89]GjfffHdwaCjGeeALAKjqmHBfinxIwafndbCLCabLwafnfCJBdHdwendfCIKqrszFcBBeaCebdxafwendaqJCayDeK",108,0.990826,89,109,1,108,1,1,0,1,1,31,30,37,37,41,41,33
"2627",26,"[89]GjfffHdwaCjGeeALAKjqmHBfinxIwafndbCLCabLwafnfCJBdHdwendfCIKqrszFcBBeaCebdxafwendaqJCayDeK",108,1,89,107,0,107,0,0,0,0,0,29,29,40,40,38,38,33
"2628",27,"[89]GjfffHdwaCjGeeALAKjqmHBfinxIwafndbCLCabLwafnfCJBdHdwendfCIKqrszFcBBeaCebdxafwendaqJCayDeK",111,1,89,110,0,110,0,0,0,0,0,33,33,32,32,45,45,33
"2629",28,"[89]GjfffHdwaCjGeeALAKjqmHBfinxIwafndbCLCabLwafnfCJBdHdwendfCIKqrszFcBBeaCebdxafwendaqJCayDeK",103,1,89,102,0,102,0,0,0,0,0,33,33,41,41,28,28,33
"2630",29,"[89]GjfffHdwaCjGeeALAKjqmHBfinxIwafndbCLCabLwafnfCJBdHdwendfCIKqrszFcBBeaCebdxafwendaqJCayDeK",105,0.964286,89,112,4,108,4,4,0,4,4,37,33,32,32,43,43,33
"2631",30,"[89]GjfffHdwaCjGeeALAKjqmHBfinxIwafndbCLCabLwafnfCJBdHdwendfCIKqrszFcBBeaCebdxafwendaqJCayDeK",105,0.990566,89,106,1,105,1,1,0,1,1,35,34,36,36,35,35,33
"2632",31,"[89]GjfffHdwaCjGeeALAKjqmHBfinxIwafndbCLCabLwafnfCJBdHdwendfCIKqrszFcBBeaCebdxafwendaqJCayDeK",108,1,89,107,0,107,0,0,0,0,0,33,33,34,34,40,40,33
"2633",32,"[89]GjfffHdwaCjGeeALAKjqmHBfinxIwafndbCLCabLwafnfCJBdHdwendfCIKqrszFcBBeaCebdxafwendaqJCayDeK",101,0.962963,89,108,4,104,4,4,0,4,4,50,46,23,23,35,35,33
"2634",33,"[89]GjfffHdwaCjGeeALAKjqmHBfinxIwafndbCLCabLwafnfCJBdHdwendfCIKqrszFcBBeaCebdxafwendaqJCayDeK",100,1,89,99,0,99,0,0,0,0,0,45,45,32,32,22,22,33
"2635",34,"[89]GjfffHdwaCjGeeALAKjqmHBfinxIwafndbCLCabLwafnfCJBdHdwendfCIKqrszFcBBeaCebdxafwendaqJCayDeK",109,0.990909,89,110,1,109,1,1,0,1,1,32,31,35,35,43,43,33
"2636",35,"[89]GjfffHdwaCjGeeALAKjqmHBfinxIwafndbCLCabLwafnfCJBdHdwendfCIKqrszFcBBeaCebdxafwendaqJCayDeK",107,1,89,106,0,106,0,0,0,0,0,34,34,36,36,36,36,33
"2637",36,"[89]GjfffHdwaCjGeeALAKjqmHBfinxIwafndbCLCabLwafnfCJBdHdwendfCIKqrszFcBBeaCebdxafwendaqJCayDeK",108,1,89,107,0,107,0,0,0,0,0,40,40,27,27,40,40,33
"2638",37,"[89]GjfffHdwaCjGeeALAKjqmHBfinxIwafndbCLCabLwafnfCJBdHdwendfCIKqrszFcBBeaCebdxafwendaqJCayDeK",107,1,89,106,0,106,0,0,0,0,0,29,29,40,40,37,37,33
"2639",38,"[89]GjfffHdwaCjGeeALAKjqmHBfinxIwafndbCLCabLwafnfCJBdHdwendfCIKqrszFcBBeaCebdxafwendaqJCayDeK",105,1,89,104,0,104,0,0,0,0,0,30,30,41,41,33,33,33
"2640",39,"[89]GjfffHdwaCjGeeALAKjqmHBfinxIwafndbCLCabLwafnfCJBdHdwendfCIKqrszFcBBeaCebdxafwendaqJCayDeK",101,0.980769,89,104,2,102,2,2,0,2,2,37,35,37,37,30,30,33
"2641",40,"[89]GjfffHdwaCjGeeALAKjqmHBfinxIwafndbCLCabLwafnfCJBdHdwendfCIKqrszFcBBeaCebdxafwendaqJCayDeK",108,1,89,107,0,107,0,0,0,0,0,32,32,36,36,39,39,33
"2642",41,"[89]GjfffHdwaCjGeeALAKjqmHBfinxIwafndbCLCabLwafnfCJBdHdwendfCIKqrszFcBBeaCebdxafwendaqJCayDeK",109,1,89,108,0,108,0,0,0,0,0,35,35,31,31,42,42,33
"2643",42,"[89]GjfffHdwaCjGeeALAKjqmHBfinxIwafndbCLCabLwafnfCJBdHdwendfCIKqrszFcBBeaCebdxafwendaqJCayDeK",106,1,89,105,0,105,0,0,0,0,0,34,34,37,37,34,34,33
"2644",43,"[89]GjfffHdwaCjGeeALAKjqmHBfinxIwafndbCLCabLwafnfCJBdHdwendfCIKqrszFcBBeaCebdxafwendaqJCayDeK",104,1,89,103,0,103,0,0,0,0,0,36,36,36,36,31,31,33
"2645",44,"[89]GjfffHdwaCjGeeALAKjqmHBfinxIwafndbCLCabLwafnfCJBdHdwendfCIKqrszFcBBeaCebdxafwendaqJCayDeK",107,0.990741,89,108,1,107,1,1,0,1,1,37,36,32,32,39,39,33
"2646",45,"[89]GjfffHdwaCjGeeALAKjqmHBfinxIwafndbCLCabLwafnfCJBdHdwendfCIKqrszFcBBeaCebdxafwendaqJCayDeK",106,1,89,105,0,105,0,0,0,0,0,35,35,35,35,35,35,33
"2647",46,"[89]GjfffHdwaCjGeeALAKjqmHBfinxIwafndbCLCabLwafnfCJBdHdwendfCIKqrszFcBBeaCebdxafwendaqJCayDeK",104,0.963964,89,111,4,107,4,4,0,4,4,32,28,39,39,40,40,33
"2648",47,"[89]GjfffHdwaCjGeeALAKjqmHBfinxIwafndbCLCabLwafnfCJBdHdwendfCIKqrszFcBBeaCebdxafwendaqJCayDeK",109,1,89,108,0,108,0,0,0,0,0,32,32,35,35,41,41,33
"2649",48,"[89]GjfffHdwaCjGeeALAKjqmHBfinxIwafndbCLCabLwafnfCJBdHdwendfCIKqrszFcBBeaCebdxafwendaqJCayDeK",110,1,89,109,0,109,0,0,0,0,0,33,33,32,32,44,44,33
"2650",49,"[89]GjfffHdwaCjGeeALAKjqmHBfinxIwafndbCLCabLwafnfCJBdHdwendfCIKqrszFcBBeaCebdxafwendaqJCayDeK",108,1,89,107,0,107,0,0,0,0,0,40,40,29,29,38,38,33
"2651",50,"[89]GjfffHdwaCjGeeALAKjqmHBfinxIwafndbCLCabLwafnfCJBdHdwendfCIKqrszFcBBeaCebdxafwendaqJCayDeK",102,0.980952,89,105,2,103,2,2,0,2,2,39,37,34,34,32,32,33
"2652",51,"[89]GjfffHdwaCjGeeALAKjqmHBfinxIwafndbCLCabLwafnfCJBdHdwendfCIKqrszFcBBeaCebdxafwendaqJCayDeK",105,0.981481,89,108,2,106,2,2,0,2,2,33,31,37,37,38,38,33
"2653",52,"[89]GjfffHdwaCjGeeALAKjqmHBfinxIwafndbCLCabLwafnfCJBdHdwendfCIKqrszFcBBeaCebdxafwendaqJCayDeK",111,1,89,110,0,110,0,0,0,0,0,34,34,30,30,46,46,33
"2654",53,"[89]GjfffHdwaCjGeeALAKjqmHBfinxIwafndbCLCabLwafnfCJBdHdwendfCIKqrszFcBBeaCebdxafwendaqJCayDeK",104,0.981308,89,107,2,105,2,2,0,2,2,35,33,36,36,36,36,33
"2655",54,"[89]GjfffHdwaCjGeeALAKjqmHBfinxIwafndbCLCabLwafnfCJBdHdwendfCIKqrszFcBBeaCebdxafwendaqJCayDeK",104,1,89,103,0,103,0,0,0,0,0,41,41,31,31,31,31,33
"2656",55,"[89]GjfffHdwaCjGeeALAKjqmHBfinxIwafndbCLCabLwafnfCJBdHdwendfCIKqrszFcBBeaCebdxafwendaqJCayDeK",107,0.990741,89,108,1,107,1,1,0,1,1,27,26,41,41,40,40,33
"2657",56,"[89]GjfffHdwaCjGeeALAKjqmHBfinxIwafndbCLCabLwafnfCJBdHdwendfCIKqrszFcBBeaCebdxafwendaqJCayDeK",103,0.963636,89,110,4,106,4,4,0,4,4,38,34,34,34,38,38,33
"2658",57,"[89]GjfffHdwaCjGeeALAKjqmHBfinxIwafndbCLCabLwafnfCJBdHdwendfCIKqrszFcBBeaCebdxafwendaqJCayDeK",112,1,89,111,0,111,0,0,0,0,0,33,33,30,30,48,48,33
"2659",58,"[89]GjfffHdwaCjGeeALAKjqmHBfinxIwafndbCLCabLwafnfCJBdHdwendfCIKqrszFcBBeaCebdxafwendaqJCayDeK",106,0.990654,89,107,1,106,1,1,0,1,1,29,28,41,41,37,37,33
"2660",59,"[89]GjfffHdwaCjGeeALAKjqmHBfinxIwafndbCLCabLwafnfCJBdHdwendfCIKqrszFcBBeaCebdxafwendaqJCayDeK",103,1,89,102,0,102,0,0,0,0,0,32,32,41,41,29,29,33
"2661",60,"[89]GjfffHdwaCjGeeALAKjqmHBfinxIwafndbCLCabLwafnfCJBdHdwendfCIKqrszFcBBeaCebdxafwendaqJCayDeK",106,0.981651,89,109,2,107,2,2,0,2,2,34,32,34,34,41,41,33
"2662",61,"[89]GjfffHdwaCjGeeALAKjqmHBfinxIwafndbCLCabLwafnfCJBdHdwendfCIKqrszFcBBeaCebdxafwendaqJCayDeK",106,0.990654,89,107,1,106,1,1,0,1,1,38,37,32,32,37,37,33
"2663",62,"[89]GjfffHdwaCjGeeALAKjqmHBfinxIwafndbCLCabLwafnfCJBdHdwendfCIKqrszFcBBeaCebdxafwendaqJCayDeK",101,0.990196,89,102,1,101,1,1,0,1,1,41,40,35,35,26,26,33
"2664",63,"[89]GjfffHdwaCjGeeALAKjqmHBfinxIwafndbCLCabLwafnfCJBdHdwendfCIKqrszFcBBeaCebdxafwendaqJCayDeK",105,1,89,104,0,104,0,0,0,0,0,42,42,30,30,32,32,33
"2665",64,"[89]GjfffHdwaCjGeeALAKjqmHBfinxIwafndbCLCabLwafnfCJBdHdwendfCIKqrszFcBBeaCebdxafwendaqJCayDeK",106,1,89,105,0,105,0,0,0,0,0,33,33,38,38,34,34,33
"2666",65,"[89]GjfffHdwaCjGeeALAKjqmHBfinxIwafndbCLCabLwafnfCJBdHdwendfCIKqrszFcBBeaCebdxafwendaqJCayDeK",102,0.980952,89,105,2,103,2,2,0,2,2,39,37,34,34,32,32,33
"2667",66,"[89]GjfffHdwaCjGeeALAKjqmHBfinxIwafndbCLCabLwafnfCJBdHdwendfCIKqrszFcBBeaCebdxafwendaqJCayDeK",104,0.981308,89,107,2,105,2,2,0,2,2,32,30,39,39,36,36,33
"2668",67,"[89]GjfffHdwaCjGeeALAKjqmHBfinxIwafndbCLCabLwafnfCJBdHdwendfCIKqrszFcBBeaCebdxafwendaqJCayDeK",102,0.980952,89,105,2,103,2,2,0,2,2,32,30,41,41,32,32,33
"2669",68,"[89]GjfffHdwaCjGeeALAKjqmHBfinxIwafndbCLCabLwafnfCJBdHdwendfCIKqrszFcBBeaCebdxafwendaqJCayDeK",101,0.990196,89,102,1,101,1,1,0,1,1,35,34,40,40,27,27,33
"2670",69,"[89]GjfffHdwaCjGeeALAKjqmHBfinxIwafndbCLCabLwafnfCJBdHdwendfCIKqrszFcBBeaCebdxafwendaqJCayDeK",109,1,89,108,0,108,0,0,0,0,0,32,32,34,34,42,42,33
"2671",70,"[89]GjfffHdwaCjGeeALAKjqmHBfinxIwafndbCLCabLwafnfCJBdHdwendfCIKqrszFcBBeaCebdxafwendaqJCayDeK",105,0.990566,89,106,1,105,1,1,0,1,1,38,37,32,32,36,36,33
"2672",71,"[89]GjfffHdwaCjGeeALAKjqmHBfinxIwafndbCLCabLwafnfCJBdHdwendfCIKqrszFcBBeaCebdxafwendaqJCayDeK",104,1,89,103,0,103,0,0,0,0,0,36,36,36,36,31,31,33
"2673",72,"[89]GjfffHdwaCjGeeALAKjqmHBfinxIwafndbCLCabLwafnfCJBdHdwendfCIKqrszFcBBeaCebdxafwendaqJCayDeK",108,1,89,107,0,107,0,0,0,0,0,34,34,34,34,39,39,33
"2674",73,"[89]GjfffHdwaCjGeeALAKjqmHBfinxIwafndbCLCabLwafnfCJBdHdwendfCIKqrszFcBBeaCebdxafwendaqJCayDeK",108,1,89,107,0,107,0,0,0,0,0,40,40,29,29,38,38,33
"2675",74,"[89]GjfffHdwaCjGeeALAKjqmHBfinxIwafndbCLCabLwafnfCJBdHdwendfCIKqrszFcBBeaCebdxafwendaqJCayDeK",102,0.980952,89,105,2,103,2,2,0,2,2,38,36,35,35,32,32,33
"2676",75,"[89]GjfffHdwaCjGeeALAKjqmHBfinxIwafndbCLCabLwafnfCJBdHdwendfCIKqrszFcBBeaCebdxafwendaqJCayDeK",108,0.990826,89,109,1,108,1,1,0,1,1,35,34,33,33,41,41,33
"2677",76,"[89]GjfffHdwaCjGeeALAKjqmHBfinxIwafndbCLCabLwafnfCJBdHdwendfCIKqrszFcBBeaCebdxafwendaqJCayDeK",106,1,89,105,0,105,0,0,0,0,0,39,39,31,31,35,35,33
"2678",77,"[89]GjfffHdwaCjGeeALAKjqmHBfinxIwafndbCLCabLwafnfCJBdHdwendfCIKqrszFcBBeaCebdxafwendaqJCayDeK",105,1,89,104,0,104,0,0,0,0,0,40,40,32,32,32,32,33
"2679",78,"[89]GjfffHdwaCjGeeALAKjqmHBfinxIwafndbCLCabLwafnfCJBdHdwendfCIKqrszFcBBeaCebdxafwendaqJCayDeK",105,1,89,104,0,104,0,0,0,0,0,39,39,32,32,33,33,33
"2680",79,"[89]GjfffHdwaCjGeeALAKjqmHBfinxIwafndbCLCabLwafnfCJBdHdwendfCIKqrszFcBBeaCebdxafwendaqJCayDeK",106,1,89,105,0,105,0,0,0,0,0,35,35,36,36,34,34,33
"2681",80,"[89]GjfffHdwaCjGeeALAKjqmHBfinxIwafndbCLCabLwafnfCJBdHdwendfCIKqrszFcBBeaCebdxafwendaqJCayDeK",104,0.972477,89,109,3,106,3,3,0,3,3,35,32,36,36,38,38,33
"2682",81,"[89]GjfffHdwaCjGeeALAKjqmHBfinxIwafndbCLCabLwafnfCJBdHdwendfCIKqrszFcBBeaCebdxafwendaqJCayDeK",102,1,89,101,0,101,0,0,0,0,0,34,34,40,40,27,27,33
"2683",82,"[89]GjfffHdwaCjGeeALAKjqmHBfinxIwafndbCLCabLwafnfCJBdHdwendfCIKqrszFcBBeaCebdxafwendaqJCayDeK",101,1,89,100,0,100,0,0,0,0,0,39,39,36,36,25,25,33
"2684",83,"[89]GjfffHdwaCjGeeALAKjqmHBfinxIwafndbCLCabLwafnfCJBdHdwendfCIKqrszFcBBeaCebdxafwendaqJCayDeK",108,0.990826,89,109,1,108,1,1,0,1,1,35,34,32,32,42,42,33
"2685",84,"[89]GjfffHdwaCjGeeALAKjqmHBfinxIwafndbCLCabLwafnfCJBdHdwendfCIKqrszFcBBeaCebdxafwendaqJCayDeK",103,1,89,102,0,102,0,0,0,0,0,44,44,29,29,29,29,33
"2686",85,"[89]GjfffHdwaCjGeeALAKjqmHBfinxIwafndbCLCabLwafnfCJBdHdwendfCIKqrszFcBBeaCebdxafwendaqJCayDeK",108,1,89,107,0,107,0,0,0,0,0,29,29,39,39,39,39,33
"2687",86,"[89]GjfffHdwaCjGeeALAKjqmHBfinxIwafndbCLCabLwafnfCJBdHdwendfCIKqrszFcBBeaCebdxafwendaqJCayDeK",104,0.972477,89,109,3,106,3,3,0,3,3,40,37,30,30,39,39,33
"2688",87,"[89]GjfffHdwaCjGeeALAKjqmHBfinxIwafndbCLCabLwafnfCJBdHdwendfCIKqrszFcBBeaCebdxafwendaqJCayDeK",108,1,89,107,0,107,0,0,0,0,0,28,28,41,41,38,38,33
"2689",88,"[89]GjfffHdwaCjGeeALAKjqmHBfinxIwafndbCLCabLwafnfCJBdHdwendfCIKqrszFcBBeaCebdxafwendaqJCayDeK",102,1,89,101,0,101,0,0,0,0,0,34,34,40,40,27,27,33
"2690",89,"[89]GjfffHdwaCjGeeALAKjqmHBfinxIwafndbCLCabLwafnfCJBdHdwendfCIKqrszFcBBeaCebdxafwendaqJCayDeK",108,1,89,107,0,107,0,0,0,0,0,36,36,33,33,38,38,33
"2691",90,"[89]GjfffHdwaCjGeeALAKjqmHBfinxIwafndbCLCabLwafnfCJBdHdwendfCIKqrszFcBBeaCebdxafwendaqJCayDeK",108,0.990826,89,109,1,108,1,1,0,1,1,31,30,36,36,42,42,33
"2692",91,"[89]GjfffHdwaCjGeeALAKjqmHBfinxIwafndbCLCabLwafnfCJBdHdwendfCIKqrszFcBBeaCebdxafwendaqJCayDeK",98,0.989899,89,99,1,98,1,1,0,1,1,31,30,47,47,21,21,33
"2693",92,"[89]GjfffHdwaCjGeeALAKjqmHBfinxIwafndbCLCabLwafnfCJBdHdwendfCIKqrszFcBBeaCebdxafwendaqJCayDeK",100,0.990099,89,101,1,100,1,1,0,1,1,38,37,38,38,25,25,33
"2694",93,"[89]GjfffHdwaCjGeeALAKjqmHBfinxIwafndbCLCabLwafnfCJBdHdwendfCIKqrszFcBBeaCebdxafwendaqJCayDeK",106,0.990654,89,107,1,106,1,1,0,1,1,37,36,32,32,38,38,33
"2695",94,"[89]GjfffHdwaCjGeeALAKjqmHBfinxIwafndbCLCabLwafnfCJBdHdwendfCIKqrszFcBBeaCebdxafwendaqJCayDeK",107,0.990741,89,108,1,107,1,1,0,1,1,36,35,32,32,40,40,33
"2696",95,"[89]GjfffHdwaCjGeeALAKjqmHBfinxIwafndbCLCabLwafnfCJBdHdwendfCIKqrszFcBBeaCebdxafwendaqJCayDeK",105,1,89,104,0,104,0,0,0,0,0,23,23,48,48,33,33,33
"2697",96,"[89]GjfffHdwaCjGeeALAKjqmHBfinxIwafndbCLCabLwafnfCJBdHdwendfCIKqrszFcBBeaCebdxafwendaqJCayDeK",105,0.990566,89,106,1,105,1,1,0,1,1,41,40,30,30,35,35,33
"2698",97,"[89]GjfffHdwaCjGeeALAKjqmHBfinxIwafndbCLCabLwafnfCJBdHdwendfCIKqrszFcBBeaCebdxafwendaqJCayDeK",109,1,89,108,0,108,0,0,0,0,0,35,35,32,32,41,41,33
"2699",98,"[89]GjfffHdwaCjGeeALAKjqmHBfinxIwafndbCLCabLwafnfCJBdHdwendfCIKqrszFcBBeaCebdxafwendaqJCayDeK",105,1,89,104,0,104,0,0,0,0,0,35,35,37,37,32,32,33
"2700",99,"[89]GjfffHdwaCjGeeALAKjqmHBfinxIwafndbCLCabLwafnfCJBdHdwendfCIKqrszFcBBeaCebdxafwendaqJCayDeK",108,1,89,107,0,107,0,0,0,0,0,31,31,36,36,40,40,33
"2701",0,"[87]GjfffHdwaCHDELdmtlgwafndbCLCacibHunbcwafnfCJBdHdwendfCIKqcIBIBeaCabqpnafwendaqJCabBKleK",108,1,87,107,0,107,0,0,0,0,0,41,41,31,31,35,35,34
"2702",1,"[87]GjfffHdwaCHDELdmtlgwafndbCLCacibHunbcwafnfCJBdHdwendfCIKqcIBIBeaCabqpnafwendaqJCabBKleK",110,1,87,109,0,109,0,0,0,0,0,40,40,31,31,38,38,34
"2703",2,"[87]GjfffHdwaCHDELdmtlgwafndbCLCacibHunbcwafnfCJBdHdwendfCIKqcIBIBeaCabqpnafwendaqJCabBKleK",110,1,87,109,0,109,0,0,0,0,0,25,25,44,44,40,40,34
"2704",3,"[87]GjfffHdwaCHDELdmtlgwafndbCLCacibHunbcwafnfCJBdHdwendfCIKqcIBIBeaCabqpnafwendaqJCabBKleK",104,0.981308,87,107,2,105,2,2,0,2,2,33,31,41,41,33,33,34
"2705",4,"[87]GjfffHdwaCHDELdmtlgwafndbCLCacibHunbcwafnfCJBdHdwendfCIKqcIBIBeaCabqpnafwendaqJCabBKleK",107,0.990741,87,108,1,107,1,1,0,1,1,36,35,36,36,36,36,34
"2706",5,"[87]GjfffHdwaCHDELdmtlgwafndbCLCacibHunbcwafnfCJBdHdwendfCIKqcIBIBeaCabqpnafwendaqJCabBKleK",112,1,87,111,0,111,0,0,0,0,0,36,36,31,31,44,44,34
"2707",6,"[87]GjfffHdwaCHDELdmtlgwafndbCLCacibHunbcwafnfCJBdHdwendfCIKqcIBIBeaCabqpnafwendaqJCabBKleK",102,1,87,101,0,101,0,0,0,0,0,38,38,42,42,21,21,34
"2708",7,"[87]GjfffHdwaCHDELdmtlgwafndbCLCacibHunbcwafnfCJBdHdwendfCIKqcIBIBeaCabqpnafwendaqJCabBKleK",110,0.990991,87,111,1,110,1,1,0,1,1,33,32,36,36,42,42,34
"2709",8,"[87]GjfffHdwaCHDELdmtlgwafndbCLCacibHunbcwafnfCJBdHdwendfCIKqcIBIBeaCabqpnafwendaqJCabBKleK",105,1,87,104,0,104,0,0,0,0,0,41,41,35,35,28,28,34
"2710",9,"[87]GjfffHdwaCHDELdmtlgwafndbCLCacibHunbcwafnfCJBdHdwendfCIKqcIBIBeaCabqpnafwendaqJCabBKleK",109,1,87,108,0,108,0,0,0,0,0,36,36,35,35,37,37,34
"2711",10,"[87]GjfffHdwaCHDELdmtlgwafndbCLCacibHunbcwafnfCJBdHdwendfCIKqcIBIBeaCabqpnafwendaqJCabBKleK",111,0.991071,87,112,1,111,1,1,0,1,1,36,35,33,33,43,43,34
"2712",11,"[87]GjfffHdwaCHDELdmtlgwafndbCLCacibHunbcwafnfCJBdHdwendfCIKqcIBIBeaCabqpnafwendaqJCabBKleK",115,1,87,114,0,114,0,0,0,0,0,31,31,32,32,51,51,34
"2713",12,"[87]GjfffHdwaCHDELdmtlgwafndbCLCacibHunbcwafnfCJBdHdwendfCIKqcIBIBeaCabqpnafwendaqJCabBKleK",105,0.990566,87,106,1,105,1,1,0,1,1,36,35,39,39,31,31,34
"2714",13,"[87]GjfffHdwaCHDELdmtlgwafndbCLCacibHunbcwafnfCJBdHdwendfCIKqcIBIBeaCabqpnafwendaqJCabBKleK",110,0.990991,87,111,1,110,1,1,0,1,1,42,41,29,29,40,40,34
"2715",14,"[87]GjfffHdwaCHDELdmtlgwafndbCLCacibHunbcwafnfCJBdHdwendfCIKqcIBIBeaCabqpnafwendaqJCabBKleK",106,1,87,105,0,105,0,0,0,0,0,37,37,37,37,31,31,34
"2716",15,"[87]GjfffHdwaCHDELdmtlgwafndbCLCacibHunbcwafnfCJBdHdwendfCIKqcIBIBeaCabqpnafwendaqJCabBKleK",108,1,87,107,0,107,0,0,0,0,0,36,36,36,36,35,35,34
"2717",16,"[87]GjfffHdwaCHDELdmtlgwafndbCLCacibHunbcwafnfCJBdHdwendfCIKqcIBIBeaCabqpnafwendaqJCabBKleK",111,1,87,110,0,110,0,0,0,0,0,29,29,40,40,41,41,34
"2718",17,"[87]GjfffHdwaCHDELdmtlgwafndbCLCacibHunbcwafnfCJBdHdwendfCIKqcIBIBeaCabqpnafwendaqJCabBKleK",109,1,87,108,0,108,0,0,0,0,0,35,35,37,37,36,36,34
"2719",18,"[87]GjfffHdwaCHDELdmtlgwafndbCLCacibHunbcwafnfCJBdHdwendfCIKqcIBIBeaCabqpnafwendaqJCabBKleK",99,0.9375,87,112,7,105,7,7,0,7,7,39,32,38,38,35,35,34
"2720",19,"[87]GjfffHdwaCHDELdmtlgwafndbCLCacibHunbcwafnfCJBdHdwendfCIKqcIBIBeaCabqpnafwendaqJCabBKleK",104,0.981308,87,107,2,105,2,2,0,2,2,41,39,36,36,30,30,34
"2721",20,"[87]GjfffHdwaCHDELdmtlgwafndbCLCacibHunbcwafnfCJBdHdwendfCIKqcIBIBeaCabqpnafwendaqJCabBKleK",106,0.972973,87,111,3,108,3,3,0,3,3,36,33,37,37,38,38,34
"2722",21,"[87]GjfffHdwaCHDELdmtlgwafndbCLCacibHunbcwafnfCJBdHdwendfCIKqcIBIBeaCabqpnafwendaqJCabBKleK",102,0.971963,87,107,3,104,3,3,0,3,3,35,32,41,41,31,31,34
"2723",22,"[87]GjfffHdwaCHDELdmtlgwafndbCLCacibHunbcwafnfCJBdHdwendfCIKqcIBIBeaCabqpnafwendaqJCabBKleK",106,1,87,105,0,105,0,0,0,0,0,35,35,39,39,31,31,34
"2724",23,"[87]GjfffHdwaCHDELdmtlgwafndbCLCacibHunbcwafnfCJBdHdwendfCIKqcIBIBeaCabqpnafwendaqJCabBKleK",105,0.990566,87,106,1,105,1,1,0,1,1,32,31,43,43,31,31,34
"2725",24,"[87]GjfffHdwaCHDELdmtlgwafndbCLCacibHunbcwafnfCJBdHdwendfCIKqcIBIBeaCabqpnafwendaqJCabBKleK",107,1,87,106,0,106,0,0,0,0,0,32,32,42,42,32,32,34
"2726",25,"[87]GjfffHdwaCHDELdmtlgwafndbCLCacibHunbcwafnfCJBdHdwendfCIKqcIBIBeaCabqpnafwendaqJCabBKleK",112,1,87,111,0,111,0,0,0,0,0,34,34,33,33,44,44,34
"2727",26,"[87]GjfffHdwaCHDELdmtlgwafndbCLCacibHunbcwafnfCJBdHdwendfCIKqcIBIBeaCabqpnafwendaqJCabBKleK",108,0.990826,87,109,1,108,1,1,0,1,1,30,29,40,40,39,39,34
"2728",27,"[87]GjfffHdwaCHDELdmtlgwafndbCLCacibHunbcwafnfCJBdHdwendfCIKqcIBIBeaCabqpnafwendaqJCabBKleK",101,0.962963,87,108,4,104,4,4,0,4,4,42,38,35,35,31,31,34
"2729",28,"[87]GjfffHdwaCHDELdmtlgwafndbCLCacibHunbcwafnfCJBdHdwendfCIKqcIBIBeaCabqpnafwendaqJCabBKleK",104,0.981308,87,107,2,105,2,2,0,2,2,31,29,44,44,32,32,34
"2730",29,"[87]GjfffHdwaCHDELdmtlgwafndbCLCacibHunbcwafnfCJBdHdwendfCIKqcIBIBeaCabqpnafwendaqJCabBKleK",111,1,87,110,0,110,0,0,0,0,0,39,39,30,30,41,41,34
"2731",30,"[87]GjfffHdwaCHDELdmtlgwafndbCLCacibHunbcwafnfCJBdHdwendfCIKqcIBIBeaCabqpnafwendaqJCabBKleK",106,0.990654,87,107,1,106,1,1,0,1,1,37,36,37,37,33,33,34
"2732",31,"[87]GjfffHdwaCHDELdmtlgwafndbCLCacibHunbcwafnfCJBdHdwendfCIKqcIBIBeaCabqpnafwendaqJCabBKleK",103,0.981132,87,106,2,104,2,2,0,2,2,40,38,36,36,30,30,34
"2733",32,"[87]GjfffHdwaCHDELdmtlgwafndbCLCacibHunbcwafnfCJBdHdwendfCIKqcIBIBeaCabqpnafwendaqJCabBKleK",100,0.990099,87,101,1,100,1,1,0,1,1,31,30,48,48,22,22,34
"2734",33,"[87]GjfffHdwaCHDELdmtlgwafndbCLCacibHunbcwafnfCJBdHdwendfCIKqcIBIBeaCabqpnafwendaqJCabBKleK",110,1,87,109,0,109,0,0,0,0,0,25,25,44,44,40,40,34
"2735",34,"[87]GjfffHdwaCHDELdmtlgwafndbCLCacibHunbcwafnfCJBdHdwendfCIKqcIBIBeaCabqpnafwendaqJCabBKleK",106,0.990654,87,107,1,106,1,1,0,1,1,34,33,39,39,34,34,34
"2736",35,"[87]GjfffHdwaCHDELdmtlgwafndbCLCacibHunbcwafnfCJBdHdwendfCIKqcIBIBeaCabqpnafwendaqJCabBKleK",106,1,87,105,0,105,0,0,0,0,0,44,44,31,31,30,30,34
"2737",36,"[87]GjfffHdwaCHDELdmtlgwafndbCLCacibHunbcwafnfCJBdHdwendfCIKqcIBIBeaCabqpnafwendaqJCabBKleK",101,0.990196,87,102,1,101,1,1,0,1,1,47,46,33,33,22,22,34
"2738",37,"[87]GjfffHdwaCHDELdmtlgwafndbCLCacibHunbcwafnfCJBdHdwendfCIKqcIBIBeaCabqpnafwendaqJCabBKleK",110,0.990991,87,111,1,110,1,1,0,1,1,30,29,38,38,43,43,34
"2739",38,"[87]GjfffHdwaCHDELdmtlgwafndbCLCacibHunbcwafnfCJBdHdwendfCIKqcIBIBeaCabqpnafwendaqJCabBKleK",112,1,87,111,0,111,0,0,0,0,0,39,39,30,30,42,42,34
"2740",39,"[87]GjfffHdwaCHDELdmtlgwafndbCLCacibHunbcwafnfCJBdHdwendfCIKqcIBIBeaCabqpnafwendaqJCabBKleK",108,1,87,107,0,107,0,0,0,0,0,29,29,43,43,35,35,34
"2741",40,"[87]GjfffHdwaCHDELdmtlgwafndbCLCacibHunbcwafnfCJBdHdwendfCIKqcIBIBeaCabqpnafwendaqJCabBKleK",104,1,87,103,0,103,0,0,0,0,0,37,37,40,40,26,26,34
"2742",41,"[87]GjfffHdwaCHDELdmtlgwafndbCLCacibHunbcwafnfCJBdHdwendfCIKqcIBIBeaCabqpnafwendaqJCabBKleK",104,1,87,103,0,103,0,0,0,0,0,40,40,37,37,26,26,34
"2743",42,"[87]GjfffHdwaCHDELdmtlgwafndbCLCacibHunbcwafnfCJBdHdwendfCIKqcIBIBeaCabqpnafwendaqJCabBKleK",103,0.981132,87,106,2,104,2,2,0,2,2,44,42,33,33,29,29,34
"2744",43,"[87]GjfffHdwaCHDELdmtlgwafndbCLCacibHunbcwafnfCJBdHdwendfCIKqcIBIBeaCabqpnafwendaqJCabBKleK",106,0.981651,87,109,2,107,2,2,0,2,2,35,33,38,38,36,36,34
"2745",44,"[87]GjfffHdwaCHDELdmtlgwafndbCLCacibHunbcwafnfCJBdHdwendfCIKqcIBIBeaCabqpnafwendaqJCabBKleK",109,0.990909,87,110,1,109,1,1,0,1,1,35,34,35,35,40,40,34
"2746",45,"[87]GjfffHdwaCHDELdmtlgwafndbCLCacibHunbcwafnfCJBdHdwendfCIKqcIBIBeaCabqpnafwendaqJCabBKleK",105,0.990566,87,106,1,105,1,1,0,1,1,40,39,35,35,31,31,34
"2747",46,"[87]GjfffHdwaCHDELdmtlgwafndbCLCacibHunbcwafnfCJBdHdwendfCIKqcIBIBeaCabqpnafwendaqJCabBKleK",104,0.972477,87,109,3,106,3,3,0,3,3,35,32,39,39,35,35,34
"2748",47,"[87]GjfffHdwaCHDELdmtlgwafndbCLCacibHunbcwafnfCJBdHdwendfCIKqcIBIBeaCabqpnafwendaqJCabBKleK",110,1,87,109,0,109,0,0,0,0,0,34,34,36,36,39,39,34
"2749",48,"[87]GjfffHdwaCHDELdmtlgwafndbCLCacibHunbcwafnfCJBdHdwendfCIKqcIBIBeaCabqpnafwendaqJCabBKleK",105,0.981481,87,108,2,106,2,2,0,2,2,40,38,34,34,34,34,34
"2750",49,"[87]GjfffHdwaCHDELdmtlgwafndbCLCacibHunbcwafnfCJBdHdwendfCIKqcIBIBeaCabqpnafwendaqJCabBKleK",111,0.982456,87,114,2,112,2,2,0,2,2,34,32,33,33,47,47,34
"2751",50,"[87]GjfffHdwaCHDELdmtlgwafndbCLCacibHunbcwafnfCJBdHdwendfCIKqcIBIBeaCabqpnafwendaqJCabBKleK",111,0.991071,87,112,1,111,1,1,0,1,1,42,41,26,26,44,44,34
"2752",51,"[87]GjfffHdwaCHDELdmtlgwafndbCLCacibHunbcwafnfCJBdHdwendfCIKqcIBIBeaCabqpnafwendaqJCabBKleK",114,1,87,113,0,113,0,0,0,0,0,34,34,31,31,48,48,34
"2753",52,"[87]GjfffHdwaCHDELdmtlgwafndbCLCacibHunbcwafnfCJBdHdwendfCIKqcIBIBeaCabqpnafwendaqJCabBKleK",109,0.990909,87,110,1,109,1,1,0,1,1,47,46,25,25,38,38,34
"2754",53,"[87]GjfffHdwaCHDELdmtlgwafndbCLCacibHunbcwafnfCJBdHdwendfCIKqcIBIBeaCabqpnafwendaqJCabBKleK",104,0.990476,87,105,1,104,1,1,0,1,1,41,40,36,36,28,28,34
"2755",54,"[87]GjfffHdwaCHDELdmtlgwafndbCLCacibHunbcwafnfCJBdHdwendfCIKqcIBIBeaCabqpnafwendaqJCabBKleK",111,0.991071,87,112,1,111,1,1,0,1,1,45,44,25,25,42,42,34
"2756",55,"[87]GjfffHdwaCHDELdmtlgwafndbCLCacibHunbcwafnfCJBdHdwendfCIKqcIBIBeaCabqpnafwendaqJCabBKleK",111,1,87,110,0,110,0,0,0,0,0,33,33,36,36,41,41,34
"2757",56,"[87]GjfffHdwaCHDELdmtlgwafndbCLCacibHunbcwafnfCJBdHdwendfCIKqcIBIBeaCabqpnafwendaqJCabBKleK",111,1,87,110,0,110,0,0,0,0,0,34,34,35,35,41,41,34
"2758",57,"[87]GjfffHdwaCHDELdmtlgwafndbCLCacibHunbcwafnfCJBdHdwendfCIKqcIBIBeaCabqpnafwendaqJCabBKleK",107,1,87,106,0,106,0,0,0,0,0,34,34,39,39,33,33,34
"2759",58,"[87]GjfffHdwaCHDELdmtlgwafndbCLCacibHunbcwafnfCJBdHdwendfCIKqcIBIBeaCabqpnafwendaqJCabBKleK",110,1,87,109,0,109,0,0,0,0,0,39,39,31,31,39,39,34
"2760",59,"[87]GjfffHdwaCHDELdmtlgwafndbCLCacibHunbcwafnfCJBdHdwendfCIKqcIBIBeaCabqpnafwendaqJCabBKleK",102,0.990291,87,103,1,102,1,1,0,1,1,31,30,47,47,25,25,34
"2761",60,"[87]GjfffHdwaCHDELdmtlgwafndbCLCacibHunbcwafnfCJBdHdwendfCIKqcIBIBeaCabqpnafwendaqJCabBKleK",106,1,87,105,0,105,0,0,0,0,0,37,37,37,37,31,31,34
"2762",61,"[87]GjfffHdwaCHDELdmtlgwafndbCLCacibHunbcwafnfCJBdHdwendfCIKqcIBIBeaCabqpnafwendaqJCabBKleK",110,0.990991,87,111,1,110,1,1,0,1,1,46,45,24,24,41,41,34
"2763",62,"[87]GjfffHdwaCHDELdmtlgwafndbCLCacibHunbcwafnfCJBdHdwendfCIKqcIBIBeaCabqpnafwendaqJCabBKleK",108,0.990826,87,109,1,108,1,1,0,1,1,33,32,39,39,37,37,34
"2764",63,"[87]GjfffHdwaCHDELdmtlgwafndbCLCacibHunbcwafnfCJBdHdwendfCIKqcIBIBeaCabqpnafwendaqJCabBKleK",112,0.99115,87,113,1,112,1,1,0,1,1,31,30,35,35,47,47,34
"2765",64,"[87]GjfffHdwaCHDELdmtlgwafndbCLCacibHunbcwafnfCJBdHdwendfCIKqcIBIBeaCabqpnafwendaqJCabBKleK",115,1,87,114,0,114,0,0,0,0,0,32,32,31,31,51,51,34
"2766",65,"[87]GjfffHdwaCHDELdmtlgwafndbCLCacibHunbcwafnfCJBdHdwendfCIKqcIBIBeaCabqpnafwendaqJCabBKleK",108,0.990826,87,109,1,108,1,1,0,1,1,36,35,35,35,38,38,34
"2767",66,"[87]GjfffHdwaCHDELdmtlgwafndbCLCacibHunbcwafnfCJBdHdwendfCIKqcIBIBeaCabqpnafwendaqJCabBKleK",106,1,87,105,0,105,0,0,0,0,0,28,28,46,46,31,31,34
"2768",67,"[87]GjfffHdwaCHDELdmtlgwafndbCLCacibHunbcwafnfCJBdHdwendfCIKqcIBIBeaCabqpnafwendaqJCabBKleK",106,0.981651,87,109,2,107,2,2,0,2,2,37,35,36,36,36,36,34
"2769",68,"[87]GjfffHdwaCHDELdmtlgwafndbCLCacibHunbcwafnfCJBdHdwendfCIKqcIBIBeaCabqpnafwendaqJCabBKleK",108,0.990826,87,109,1,108,1,1,0,1,1,40,39,32,32,37,37,34
"2770",69,"[87]GjfffHdwaCHDELdmtlgwafndbCLCacibHunbcwafnfCJBdHdwendfCIKqcIBIBeaCabqpnafwendaqJCabBKleK",105,0.990566,87,106,1,105,1,1,0,1,1,33,32,41,41,32,32,34
"2771",70,"[87]GjfffHdwaCHDELdmtlgwafndbCLCacibHunbcwafnfCJBdHdwendfCIKqcIBIBeaCabqpnafwendaqJCabBKleK",102,0.971963,87,107,3,104,3,3,0,3,3,29,26,47,47,31,31,34
"2772",71,"[87]GjfffHdwaCHDELdmtlgwafndbCLCacibHunbcwafnfCJBdHdwendfCIKqcIBIBeaCabqpnafwendaqJCabBKleK",110,1,87,109,0,109,0,0,0,0,0,44,44,28,28,37,37,34
"2773",72,"[87]GjfffHdwaCHDELdmtlgwafndbCLCacibHunbcwafnfCJBdHdwendfCIKqcIBIBeaCabqpnafwendaqJCabBKleK",108,0.990826,87,109,1,108,1,1,0,1,1,34,33,37,37,38,38,34
"2774",73,"[87]GjfffHdwaCHDELdmtlgwafndbCLCacibHunbcwafnfCJBdHdwendfCIKqcIBIBeaCabqpnafwendaqJCabBKleK",105,0.990566,87,106,1,105,1,1,0,1,1,44,43,31,31,31,31,34
"2775",74,"[87]GjfffHdwaCHDELdmtlgwafndbCLCacibHunbcwafnfCJBdHdwendfCIKqcIBIBeaCabqpnafwendaqJCabBKleK",106,0.990654,87,107,1,106,1,1,0,1,1,34,33,39,39,34,34,34
"2776",75,"[87]GjfffHdwaCHDELdmtlgwafndbCLCacibHunbcwafnfCJBdHdwendfCIKqcIBIBeaCabqpnafwendaqJCabBKleK",108,1,87,107,0,107,0,0,0,0,0,43,43,30,30,34,34,34
"2777",76,"[87]GjfffHdwaCHDELdmtlgwafndbCLCacibHunbcwafnfCJBdHdwendfCIKqcIBIBeaCabqpnafwendaqJCabBKleK",110,0.982301,87,113,2,111,2,2,0,2,2,33,31,35,35,45,45,34
"2778",77,"[87]GjfffHdwaCHDELdmtlgwafndbCLCacibHunbcwafnfCJBdHdwendfCIKqcIBIBeaCabqpnafwendaqJCabBKleK",105,1,87,104,0,104,0,0,0,0,0,37,37,38,38,29,29,34
"2779",78,"[87]GjfffHdwaCHDELdmtlgwafndbCLCacibHunbcwafnfCJBdHdwendfCIKqcIBIBeaCabqpnafwendaqJCabBKleK",108,1,87,107,0,107,0,0,0,0,0,42,42,32,32,33,33,34
"2780",79,"[87]GjfffHdwaCHDELdmtlgwafndbCLCacibHunbcwafnfCJBdHdwendfCIKqcIBIBeaCabqpnafwendaqJCabBKleK",105,1,87,104,0,104,0,0,0,0,0,45,45,32,32,27,27,34
"2781",80,"[87]GjfffHdwaCHDELdmtlgwafndbCLCacibHunbcwafnfCJBdHdwendfCIKqcIBIBeaCabqpnafwendaqJCabBKleK",107,0.990741,87,108,1,107,1,1,0,1,1,35,34,37,37,36,36,34
"2782",81,"[87]GjfffHdwaCHDELdmtlgwafndbCLCacibHunbcwafnfCJBdHdwendfCIKqcIBIBeaCabqpnafwendaqJCabBKleK",115,0.991379,87,116,1,115,1,1,0,1,1,33,32,30,30,53,53,34
"2783",82,"[87]GjfffHdwaCHDELdmtlgwafndbCLCacibHunbcwafnfCJBdHdwendfCIKqcIBIBeaCabqpnafwendaqJCabBKleK",109,1,87,108,0,108,0,0,0,0,0,26,26,43,43,39,39,34
"2784",83,"[87]GjfffHdwaCHDELdmtlgwafndbCLCacibHunbcwafnfCJBdHdwendfCIKqcIBIBeaCabqpnafwendaqJCabBKleK",111,1,87,110,0,110,0,0,0,0,0,37,37,33,33,40,40,34
"2785",84,"[87]GjfffHdwaCHDELdmtlgwafndbCLCacibHunbcwafnfCJBdHdwendfCIKqcIBIBeaCabqpnafwendaqJCabBKleK",107,0.990741,87,108,1,107,1,1,0,1,1,38,37,35,35,35,35,34
"2786",85,"[87]GjfffHdwaCHDELdmtlgwafndbCLCacibHunbcwafnfCJBdHdwendfCIKqcIBIBeaCabqpnafwendaqJCabBKleK",111,1,87,110,0,110,0,0,0,0,0,36,36,33,33,41,41,34
"2787",86,"[87]GjfffHdwaCHDELdmtlgwafndbCLCacibHunbcwafnfCJBdHdwendfCIKqcIBIBeaCabqpnafwendaqJCabBKleK",109,1,87,108,0,108,0,0,0,0,0,40,40,31,31,37,37,34
"2788",87,"[87]GjfffHdwaCHDELdmtlgwafndbCLCacibHunbcwafnfCJBdHdwendfCIKqcIBIBeaCabqpnafwendaqJCabBKleK",111,1,87,110,0,110,0,0,0,0,0,37,37,33,33,40,40,34
"2789",88,"[87]GjfffHdwaCHDELdmtlgwafndbCLCacibHunbcwafnfCJBdHdwendfCIKqcIBIBeaCabqpnafwendaqJCabBKleK",108,1,87,107,0,107,0,0,0,0,0,34,34,38,38,35,35,34
"2790",89,"[87]GjfffHdwaCHDELdmtlgwafndbCLCacibHunbcwafnfCJBdHdwendfCIKqcIBIBeaCabqpnafwendaqJCabBKleK",103,0.981132,87,106,2,104,2,2,0,2,2,36,34,41,41,29,29,34
"2791",90,"[87]GjfffHdwaCHDELdmtlgwafndbCLCacibHunbcwafnfCJBdHdwendfCIKqcIBIBeaCabqpnafwendaqJCabBKleK",98,0.944954,87,109,6,103,6,6,0,6,6,36,30,43,43,30,30,34
"2792",91,"[87]GjfffHdwaCHDELdmtlgwafndbCLCacibHunbcwafnfCJBdHdwendfCIKqcIBIBeaCabqpnafwendaqJCabBKleK",113,1,87,112,0,112,0,0,0,0,0,39,39,28,28,45,45,34
"2793",92,"[87]GjfffHdwaCHDELdmtlgwafndbCLCacibHunbcwafnfCJBdHdwendfCIKqcIBIBeaCabqpnafwendaqJCabBKleK",109,0.973684,87,114,3,111,3,3,0,3,3,36,33,33,33,45,45,34
"2794",93,"[87]GjfffHdwaCHDELdmtlgwafndbCLCacibHunbcwafnfCJBdHdwendfCIKqcIBIBeaCabqpnafwendaqJCabBKleK",107,0.981818,87,110,2,108,2,2,0,2,2,39,37,34,34,37,37,34
"2795",94,"[87]GjfffHdwaCHDELdmtlgwafndbCLCacibHunbcwafnfCJBdHdwendfCIKqcIBIBeaCabqpnafwendaqJCabBKleK",110,0.990991,87,111,1,110,1,1,0,1,1,38,37,32,32,41,41,34
"2796",95,"[87]GjfffHdwaCHDELdmtlgwafndbCLCacibHunbcwafnfCJBdHdwendfCIKqcIBIBeaCabqpnafwendaqJCabBKleK",113,1,87,112,0,112,0,0,0,0,0,38,38,29,29,45,45,34
"2797",96,"[87]GjfffHdwaCHDELdmtlgwafndbCLCacibHunbcwafnfCJBdHdwendfCIKqcIBIBeaCabqpnafwendaqJCabBKleK",109,1,87,108,0,108,0,0,0,0,0,36,36,35,35,37,37,34
"2798",97,"[87]GjfffHdwaCHDELdmtlgwafndbCLCacibHunbcwafnfCJBdHdwendfCIKqcIBIBeaCabqpnafwendaqJCabBKleK",105,0.990566,87,106,1,105,1,1,0,1,1,48,47,28,28,30,30,34
"2799",98,"[87]GjfffHdwaCHDELdmtlgwafndbCLCacibHunbcwafnfCJBdHdwendfCIKqcIBIBeaCabqpnafwendaqJCabBKleK",106,0.990654,87,107,1,106,1,1,0,1,1,36,35,37,37,34,34,34
"2800",99,"[87]GjfffHdwaCHDELdmtlgwafndbCLCacibHunbcwafnfCJBdHdwendfCIKqcIBIBeaCabqpnafwendaqJCabBKleK",95,0.927273,87,110,8,102,8,8,0,8,8,41,33,41,41,28,28,34
"2801",0,"[81]jfffHdwaCBxbmEdiHcJhwandbCLCebksAwafnfCJBdHdwendaCIKqrGryFBeaCabFtafwendaCJCafGeK",115,1,81,114,0,114,0,0,0,0,0,36,36,39,39,39,39,36
"2802",1,"[81]jfffHdwaCBxbmEdiHcJhwandbCLCebksAwafnfCJBdHdwendaCIKqrGryFBeaCabFtafwendaCJCafGeK",114,0.991304,81,115,1,114,1,1,0,1,1,43,42,31,31,41,41,36
"2803",2,"[81]jfffHdwaCBxbmEdiHcJhwandbCLCebksAwafnfCJBdHdwendaCIKqrGryFBeaCabFtafwendaCJCafGeK",115,0.983051,81,118,2,116,2,2,0,2,2,38,36,34,34,46,46,36
"2804",3,"[81]jfffHdwaCBxbmEdiHcJhwandbCLCebksAwafnfCJBdHdwendaCIKqrGryFBeaCabFtafwendaCJCafGeK",125,1,81,124,0,124,0,0,0,0,0,37,37,43,43,44,44,36
"2805",4,"[81]jfffHdwaCBxbmEdiHcJhwandbCLCebksAwafnfCJBdHdwendaCIKqrGryFBeaCabFtafwendaCJCafGeK",114,0.982906,81,117,2,115,2,2,0,2,2,46,44,30,30,41,41,36
"2806",5,"[81]jfffHdwaCBxbmEdiHcJhwandbCLCebksAwafnfCJBdHdwendaCIKqrGryFBeaCabFtafwendaCJCafGeK",117,0.991525,81,118,1,117,1,1,0,1,1,45,44,33,33,40,40,36
"2807",6,"[81]jfffHdwaCBxbmEdiHcJhwandbCLCebksAwafnfCJBdHdwendaCIKqrGryFBeaCabFtafwendaCJCafGeK",116,0.983193,81,119,2,117,2,2,0,2,2,42,40,33,33,44,44,36
"2808",7,"[81]jfffHdwaCBxbmEdiHcJhwandbCLCebksAwafnfCJBdHdwendaCIKqrGryFBeaCabFtafwendaCJCafGeK",110,1,81,109,0,109,0,0,0,0,0,37,37,41,41,31,31,36
"2809",8,"[81]jfffHdwaCBxbmEdiHcJhwandbCLCebksAwafnfCJBdHdwendaCIKqrGryFBeaCabFtafwendaCJCafGeK",114,0.991304,81,115,1,114,1,1,0,1,1,32,31,42,42,41,41,36
"2810",9,"[81]jfffHdwaCBxbmEdiHcJhwandbCLCebksAwafnfCJBdHdwendaCIKqrGryFBeaCabFtafwendaCJCafGeK",111,0.991071,81,112,1,111,1,1,0,1,1,39,38,37,37,36,36,36
"2811",10,"[81]jfffHdwaCBxbmEdiHcJhwandbCLCebksAwafnfCJBdHdwendaCIKqrGryFBeaCabFtafwendaCJCafGeK",108,1,81,107,0,107,0,0,0,0,0,33,33,46,46,28,28,36
"2812",11,"[81]jfffHdwaCBxbmEdiHcJhwandbCLCebksAwafnfCJBdHdwendaCIKqrGryFBeaCabFtafwendaCJCafGeK",126,1,81,125,0,125,0,0,0,0,0,38,38,33,33,54,54,36
"2813",12,"[81]jfffHdwaCBxbmEdiHcJhwandbCLCebksAwafnfCJBdHdwendaCIKqrGryFBeaCabFtafwendaCJCafGeK",110,0.990991,81,111,1,110,1,1,0,1,1,42,41,36,36,33,33,36
"2814",13,"[81]jfffHdwaCBxbmEdiHcJhwandbCLCebksAwafnfCJBdHdwendaCIKqrGryFBeaCabFtafwendaCJCafGeK",113,0.974576,81,118,3,115,3,3,0,3,3,44,41,32,32,42,42,36
"2815",14,"[81]jfffHdwaCBxbmEdiHcJhwandbCLCebksAwafnfCJBdHdwendaCIKqrGryFBeaCabFtafwendaCJCafGeK",123,1,81,122,0,122,0,0,0,0,0,35,35,33,33,54,54,36
"2816",15,"[81]jfffHdwaCBxbmEdiHcJhwandbCLCebksAwafnfCJBdHdwendaCIKqrGryFBeaCabFtafwendaCJCafGeK",111,0.974138,81,116,3,113,3,3,0,3,3,43,40,38,38,35,35,36
"2817",16,"[81]jfffHdwaCBxbmEdiHcJhwandbCLCebksAwafnfCJBdHdwendaCIKqrGryFBeaCabFtafwendaCJCafGeK",114,0.982906,81,117,2,115,2,2,0,2,2,43,41,36,36,38,38,36
"2818",17,"[81]jfffHdwaCBxbmEdiHcJhwandbCLCebksAwafnfCJBdHdwendaCIKqrGryFBeaCabFtafwendaCJCafGeK",108,0.990826,81,109,1,108,1,1,0,1,1,39,38,40,40,30,30,36
"2819",18,"[81]jfffHdwaCBxbmEdiHcJhwandbCLCebksAwafnfCJBdHdwendaCIKqrGryFBeaCabFtafwendaCJCafGeK",114,1,81,113,0,113,0,0,0,0,0,49,49,28,28,36,36,36
"2820",19,"[81]jfffHdwaCBxbmEdiHcJhwandbCLCebksAwafnfCJBdHdwendaCIKqrGryFBeaCabFtafwendaCJCafGeK",117,0.991525,81,118,1,117,1,1,0,1,1,41,40,33,33,44,44,36
"2821",20,"[81]jfffHdwaCBxbmEdiHcJhwandbCLCebksAwafnfCJBdHdwendaCIKqrGryFBeaCabFtafwendaCJCafGeK",113,1,81,112,0,112,0,0,0,0,0,34,34,40,40,38,38,36
"2822",21,"[81]jfffHdwaCBxbmEdiHcJhwandbCLCebksAwafnfCJBdHdwendaCIKqrGryFBeaCabFtafwendaCJCafGeK",118,0.991597,81,119,1,118,1,1,0,1,1,36,35,41,41,42,42,36
"2823",22,"[81]jfffHdwaCBxbmEdiHcJhwandbCLCebksAwafnfCJBdHdwendaCIKqrGryFBeaCabFtafwendaCJCafGeK",113,1,81,112,0,112,0,0,0,0,0,29,29,45,45,38,38,36
"2824",23,"[81]jfffHdwaCBxbmEdiHcJhwandbCLCebksAwafnfCJBdHdwendaCIKqrGryFBeaCabFtafwendaCJCafGeK",111,0.991071,81,112,1,111,1,1,0,1,1,40,39,39,39,33,33,36
"2825",24,"[81]jfffHdwaCBxbmEdiHcJhwandbCLCebksAwafnfCJBdHdwendaCIKqrGryFBeaCabFtafwendaCJCafGeK",116,0.991453,81,117,1,116,1,1,0,1,1,46,45,30,30,41,41,36
"2826",25,"[81]jfffHdwaCBxbmEdiHcJhwandbCLCebksAwafnfCJBdHdwendaCIKqrGryFBeaCabFtafwendaCJCafGeK",121,1,81,120,0,120,0,0,0,0,0,45,45,26,26,49,49,36
"2827",26,"[81]jfffHdwaCBxbmEdiHcJhwandbCLCebksAwafnfCJBdHdwendaCIKqrGryFBeaCabFtafwendaCJCafGeK",113,0.991228,81,114,1,113,1,1,0,1,1,35,34,38,38,41,41,36
"2828",27,"[81]jfffHdwaCBxbmEdiHcJhwandbCLCebksAwafnfCJBdHdwendaCIKqrGryFBeaCabFtafwendaCJCafGeK",113,0.991228,81,114,1,113,1,1,0,1,1,49,48,28,28,37,37,36
"2829",28,"[81]jfffHdwaCBxbmEdiHcJhwandbCLCebksAwafnfCJBdHdwendaCIKqrGryFBeaCabFtafwendaCJCafGeK",112,1,81,111,0,111,0,0,0,0,0,31,31,43,43,37,37,36
"2830",29,"[81]jfffHdwaCBxbmEdiHcJhwandbCLCebksAwafnfCJBdHdwendaCIKqrGryFBeaCabFtafwendaCJCafGeK",115,0.983051,81,118,2,116,2,2,0,2,2,46,44,37,37,35,35,36
"2831",30,"[81]jfffHdwaCBxbmEdiHcJhwandbCLCebksAwafnfCJBdHdwendaCIKqrGryFBeaCabFtafwendaCJCafGeK",100,0.902439,81,123,12,111,12,12,0,12,12,39,27,42,42,42,42,36
"2832",31,"[81]jfffHdwaCBxbmEdiHcJhwandbCLCebksAwafnfCJBdHdwendaCIKqrGryFBeaCabFtafwendaCJCafGeK",113,1,81,112,0,112,0,0,0,0,0,43,43,38,38,31,31,36
"2833",32,"[81]jfffHdwaCBxbmEdiHcJhwandbCLCebksAwafnfCJBdHdwendaCIKqrGryFBeaCabFtafwendaCJCafGeK",104,0.972477,81,109,3,106,3,3,0,3,3,45,42,38,38,26,26,36
"2834",33,"[81]jfffHdwaCBxbmEdiHcJhwandbCLCebksAwafnfCJBdHdwendaCIKqrGryFBeaCabFtafwendaCJCafGeK",117,1,81,116,0,116,0,0,0,0,0,37,37,37,37,42,42,36
"2835",34,"[81]jfffHdwaCBxbmEdiHcJhwandbCLCebksAwafnfCJBdHdwendaCIKqrGryFBeaCabFtafwendaCJCafGeK",113,0.991228,81,114,1,113,1,1,0,1,1,30,29,43,43,41,41,36
"2836",35,"[81]jfffHdwaCBxbmEdiHcJhwandbCLCebksAwafnfCJBdHdwendaCIKqrGryFBeaCabFtafwendaCJCafGeK",120,1,81,119,0,119,0,0,0,0,0,34,34,40,40,45,45,36
"2837",36,"[81]jfffHdwaCBxbmEdiHcJhwandbCLCebksAwafnfCJBdHdwendaCIKqrGryFBeaCabFtafwendaCJCafGeK",118,1,81,117,0,117,0,0,0,0,0,40,40,33,33,44,44,36
"2838",37,"[81]jfffHdwaCBxbmEdiHcJhwandbCLCebksAwafnfCJBdHdwendaCIKqrGryFBeaCabFtafwendaCJCafGeK",119,1,81,118,0,118,0,0,0,0,0,41,41,29,29,48,48,36
"2839",38,"[81]jfffHdwaCBxbmEdiHcJhwandbCLCebksAwafnfCJBdHdwendaCIKqrGryFBeaCabFtafwendaCJCafGeK",115,1,81,114,0,114,0,0,0,0,0,38,38,34,34,42,42,36
"2840",39,"[81]jfffHdwaCBxbmEdiHcJhwandbCLCebksAwafnfCJBdHdwendaCIKqrGryFBeaCabFtafwendaCJCafGeK",112,0.966387,81,119,4,115,4,4,0,4,4,42,38,43,43,34,34,36
"2841",40,"[81]jfffHdwaCBxbmEdiHcJhwandbCLCebksAwafnfCJBdHdwendaCIKqrGryFBeaCabFtafwendaCJCafGeK",114,1,81,113,0,113,0,0,0,0,0,39,39,36,36,38,38,36
"2842",41,"[81]jfffHdwaCBxbmEdiHcJhwandbCLCebksAwafnfCJBdHdwendaCIKqrGryFBeaCabFtafwendaCJCafGeK",128,1,81,127,0,127,0,0,0,0,0,39,39,32,32,56,56,36
"2843",42,"[81]jfffHdwaCBxbmEdiHcJhwandbCLCebksAwafnfCJBdHdwendaCIKqrGryFBeaCabFtafwendaCJCafGeK",114,0.982906,81,117,2,115,2,2,0,2,2,37,35,37,37,43,43,36
"2844",43,"[81]jfffHdwaCBxbmEdiHcJhwandbCLCebksAwafnfCJBdHdwendaCIKqrGryFBeaCabFtafwendaCJCafGeK",113,1,81,112,0,112,0,0,0,0,0,43,43,37,37,32,32,36
"2845",44,"[81]jfffHdwaCBxbmEdiHcJhwandbCLCebksAwafnfCJBdHdwendaCIKqrGryFBeaCabFtafwendaCJCafGeK",111,0.991071,81,112,1,111,1,1,0,1,1,44,43,34,34,34,34,36
"2846",45,"[81]jfffHdwaCBxbmEdiHcJhwandbCLCebksAwafnfCJBdHdwendaCIKqrGryFBeaCabFtafwendaCJCafGeK",114,1,81,113,0,113,0,0,0,0,0,46,46,34,34,33,33,36
"2847",46,"[81]jfffHdwaCBxbmEdiHcJhwandbCLCebksAwafnfCJBdHdwendaCIKqrGryFBeaCabFtafwendaCJCafGeK",106,0.981651,81,109,2,107,2,2,0,2,2,35,33,46,46,28,28,36
"2848",47,"[81]jfffHdwaCBxbmEdiHcJhwandbCLCebksAwafnfCJBdHdwendaCIKqrGryFBeaCabFtafwendaCJCafGeK",103,1,81,102,0,102,0,0,0,0,0,41,41,43,43,18,18,36
"2849",48,"[81]jfffHdwaCBxbmEdiHcJhwandbCLCebksAwafnfCJBdHdwendaCIKqrGryFBeaCabFtafwendaCJCafGeK",108,0.965217,81,115,4,111,4,4,0,4,4,42,38,38,38,35,35,36
"2850",49,"[81]jfffHdwaCBxbmEdiHcJhwandbCLCebksAwafnfCJBdHdwendaCIKqrGryFBeaCabFtafwendaCJCafGeK",116,0.991453,81,117,1,116,1,1,0,1,1,37,36,40,40,40,40,36
"2851",50,"[81]jfffHdwaCBxbmEdiHcJhwandbCLCebksAwafnfCJBdHdwendaCIKqrGryFBeaCabFtafwendaCJCafGeK",113,0.991228,81,114,1,113,1,1,0,1,1,43,42,32,32,39,39,36
"2852",51,"[81]jfffHdwaCBxbmEdiHcJhwandbCLCebksAwafnfCJBdHdwendaCIKqrGryFBeaCabFtafwendaCJCafGeK",106,0.956522,81,115,5,110,5,5,0,5,5,43,38,41,41,31,31,36
"2853",52,"[81]jfffHdwaCBxbmEdiHcJhwandbCLCebksAwafnfCJBdHdwendaCIKqrGryFBeaCabFtafwendaCJCafGeK",108,0.973451,81,113,3,110,3,3,0,3,3,38,35,40,40,35,35,36
"2854",53,"[81]jfffHdwaCBxbmEdiHcJhwandbCLCebksAwafnfCJBdHdwendaCIKqrGryFBeaCabFtafwendaCJCafGeK",111,1,81,110,0,110,0,0,0,0,0,41,41,36,36,33,33,36
"2855",54,"[81]jfffHdwaCBxbmEdiHcJhwandbCLCebksAwafnfCJBdHdwendaCIKqrGryFBeaCabFtafwendaCJCafGeK",114,0.982906,81,117,2,115,2,2,0,2,2,43,41,35,35,39,39,36
"2856",55,"[81]jfffHdwaCBxbmEdiHcJhwandbCLCebksAwafnfCJBdHdwendaCIKqrGryFBeaCabFtafwendaCJCafGeK",114,1,81,113,0,113,0,0,0,0,0,38,38,40,40,35,35,36
"2857",56,"[81]jfffHdwaCBxbmEdiHcJhwandbCLCebksAwafnfCJBdHdwendaCIKqrGryFBeaCabFtafwendaCJCafGeK",115,1,81,114,0,114,0,0,0,0,0,44,44,31,31,39,39,36
"2858",57,"[81]jfffHdwaCBxbmEdiHcJhwandbCLCebksAwafnfCJBdHdwendaCIKqrGryFBeaCabFtafwendaCJCafGeK",118,1,81,117,0,117,0,0,0,0,0,38,38,33,33,46,46,36
"2859",58,"[81]jfffHdwaCBxbmEdiHcJhwandbCLCebksAwafnfCJBdHdwendaCIKqrGryFBeaCabFtafwendaCJCafGeK",113,0.991228,81,114,1,113,1,1,0,1,1,38,37,38,38,38,38,36
"2860",59,"[81]jfffHdwaCBxbmEdiHcJhwandbCLCebksAwafnfCJBdHdwendaCIKqrGryFBeaCabFtafwendaCJCafGeK",110,1,81,109,0,109,0,0,0,0,0,42,42,37,37,30,30,36
"2861",60,"[81]jfffHdwaCBxbmEdiHcJhwandbCLCebksAwafnfCJBdHdwendaCIKqrGryFBeaCabFtafwendaCJCafGeK",107,1,81,106,0,106,0,0,0,0,0,41,41,39,39,26,26,36
"2862",61,"[81]jfffHdwaCBxbmEdiHcJhwandbCLCebksAwafnfCJBdHdwendaCIKqrGryFBeaCabFtafwendaCJCafGeK",117,1,81,116,0,116,0,0,0,0,0,37,37,38,38,41,41,36
"2863",62,"[81]jfffHdwaCBxbmEdiHcJhwandbCLCebksAwafnfCJBdHdwendaCIKqrGryFBeaCabFtafwendaCJCafGeK",116,1,81,115,0,115,0,0,0,0,0,36,36,38,38,41,41,36
"2864",63,"[81]jfffHdwaCBxbmEdiHcJhwandbCLCebksAwafnfCJBdHdwendaCIKqrGryFBeaCabFtafwendaCJCafGeK",118,1,81,117,0,117,0,0,0,0,0,41,41,33,33,43,43,36
"2865",64,"[81]jfffHdwaCBxbmEdiHcJhwandbCLCebksAwafnfCJBdHdwendaCIKqrGryFBeaCabFtafwendaCJCafGeK",114,1,81,113,0,113,0,0,0,0,0,37,37,40,40,36,36,36
"2866",65,"[81]jfffHdwaCBxbmEdiHcJhwandbCLCebksAwafnfCJBdHdwendaCIKqrGryFBeaCabFtafwendaCJCafGeK",111,0.991071,81,112,1,111,1,1,0,1,1,37,36,41,41,34,34,36
"2867",66,"[81]jfffHdwaCBxbmEdiHcJhwandbCLCebksAwafnfCJBdHdwendaCIKqrGryFBeaCabFtafwendaCJCafGeK",118,1,81,117,0,117,0,0,0,0,0,44,44,31,31,42,42,36
"2868",67,"[81]jfffHdwaCBxbmEdiHcJhwandbCLCebksAwafnfCJBdHdwendaCIKqrGryFBeaCabFtafwendaCJCafGeK",117,0.991525,81,118,1,117,1,1,0,1,1,39,38,36,36,43,43,36
"2869",68,"[81]jfffHdwaCBxbmEdiHcJhwandbCLCebksAwafnfCJBdHdwendaCIKqrGryFBeaCabFtafwendaCJCafGeK",117,1,81,116,0,116,0,0,0,0,0,42,42,33,33,41,41,36
"2870",69,"[81]jfffHdwaCBxbmEdiHcJhwandbCLCebksAwafnfCJBdHdwendaCIKqrGryFBeaCabFtafwendaCJCafGeK",113,1,81,112,0,112,0,0,0,0,0,39,39,38,38,35,35,36
"2871",70,"[81]jfffHdwaCBxbmEdiHcJhwandbCLCebksAwafnfCJBdHdwendaCIKqrGryFBeaCabFtafwendaCJCafGeK",112,0.95122,81,123,6,117,6,6,0,6,6,32,26,41,41,50,50,36
"2872",71,"[81]jfffHdwaCBxbmEdiHcJhwandbCLCebksAwafnfCJBdHdwendaCIKqrGryFBeaCabFtafwendaCJCafGeK",108,1,81,107,0,107,0,0,0,0,0,40,40,41,41,26,26,36
"2873",72,"[81]jfffHdwaCBxbmEdiHcJhwandbCLCebksAwafnfCJBdHdwendaCIKqrGryFBeaCabFtafwendaCJCafGeK",115,1,81,114,0,114,0,0,0,0,0,42,42,37,37,35,35,36
"2874",73,"[81]jfffHdwaCBxbmEdiHcJhwandbCLCebksAwafnfCJBdHdwendaCIKqrGryFBeaCabFtafwendaCJCafGeK",107,0.990741,81,108,1,107,1,1,0,1,1,37,36,42,42,29,29,36
"2875",74,"[81]jfffHdwaCBxbmEdiHcJhwandbCLCebksAwafnfCJBdHdwendaCIKqrGryFBeaCabFtafwendaCJCafGeK",117,1,81,116,0,116,0,0,0,0,0,35,35,36,36,45,45,36
"2876",75,"[81]jfffHdwaCBxbmEdiHcJhwandbCLCebksAwafnfCJBdHdwendaCIKqrGryFBeaCabFtafwendaCJCafGeK",114,1,81,113,0,113,0,0,0,0,0,41,41,37,37,35,35,36
"2877",76,"[81]jfffHdwaCBxbmEdiHcJhwandbCLCebksAwafnfCJBdHdwendaCIKqrGryFBeaCabFtafwendaCJCafGeK",124,1,81,123,0,123,0,0,0,0,0,39,39,31,31,53,53,36
"2878",77,"[81]jfffHdwaCBxbmEdiHcJhwandbCLCebksAwafnfCJBdHdwendaCIKqrGryFBeaCabFtafwendaCJCafGeK",109,1,81,108,0,108,0,0,0,0,0,37,37,41,41,30,30,36
"2879",78,"[81]jfffHdwaCBxbmEdiHcJhwandbCLCebksAwafnfCJBdHdwendaCIKqrGryFBeaCabFtafwendaCJCafGeK",116,0.983193,81,119,2,117,2,2,0,2,2,34,32,37,37,48,48,36
"2880",79,"[81]jfffHdwaCBxbmEdiHcJhwandbCLCebksAwafnfCJBdHdwendaCIKqrGryFBeaCabFtafwendaCJCafGeK",116,0.991453,81,117,1,116,1,1,0,1,1,35,34,38,38,44,44,36
"2881",80,"[81]jfffHdwaCBxbmEdiHcJhwandbCLCebksAwafnfCJBdHdwendaCIKqrGryFBeaCabFtafwendaCJCafGeK",116,0.983193,81,119,2,117,2,2,0,2,2,38,36,34,34,47,47,36
"2882",81,"[81]jfffHdwaCBxbmEdiHcJhwandbCLCebksAwafnfCJBdHdwendaCIKqrGryFBeaCabFtafwendaCJCafGeK",121,0.991803,81,122,1,121,1,1,0,1,1,45,44,33,33,44,44,36
"2883",82,"[81]jfffHdwaCBxbmEdiHcJhwandbCLCebksAwafnfCJBdHdwendaCIKqrGryFBeaCabFtafwendaCJCafGeK",115,0.983051,81,118,2,116,2,2,0,2,2,36,34,41,41,41,41,36
"2884",83,"[81]jfffHdwaCBxbmEdiHcJhwandbCLCebksAwafnfCJBdHdwendaCIKqrGryFBeaCabFtafwendaCJCafGeK",118,0.991597,81,119,1,118,1,1,0,1,1,47,46,29,29,43,43,36
"2885",84,"[81]jfffHdwaCBxbmEdiHcJhwandbCLCebksAwafnfCJBdHdwendaCIKqrGryFBeaCabFtafwendaCJCafGeK",115,1,81,114,0,114,0,0,0,0,0,40,40,36,36,38,38,36
"2886",85,"[81]jfffHdwaCBxbmEdiHcJhwandbCLCebksAwafnfCJBdHdwendaCIKqrGryFBeaCabFtafwendaCJCafGeK",113,1,81,112,0,112,0,0,0,0,0,46,46,30,30,36,36,36
"2887",86,"[81]jfffHdwaCBxbmEdiHcJhwandbCLCebksAwafnfCJBdHdwendaCIKqrGryFBeaCabFtafwendaCJCafGeK",114,0.982906,81,117,2,115,2,2,0,2,2,38,36,38,38,41,41,36
"2888",87,"[81]jfffHdwaCBxbmEdiHcJhwandbCLCebksAwafnfCJBdHdwendaCIKqrGryFBeaCabFtafwendaCJCafGeK",119,1,81,118,0,118,0,0,0,0,0,34,34,38,38,46,46,36
"2889",88,"[81]jfffHdwaCBxbmEdiHcJhwandbCLCebksAwafnfCJBdHdwendaCIKqrGryFBeaCabFtafwendaCJCafGeK",112,1,81,111,0,111,0,0,0,0,0,25,25,48,48,38,38,36
"2890",89,"[81]jfffHdwaCBxbmEdiHcJhwandbCLCebksAwafnfCJBdHdwendaCIKqrGryFBeaCabFtafwendaCJCafGeK",112,1,81,111,0,111,0,0,0,0,0,45,45,38,38,28,28,36
"2891",90,"[81]jfffHdwaCBxbmEdiHcJhwandbCLCebksAwafnfCJBdHdwendaCIKqrGryFBeaCabFtafwendaCJCafGeK",112,1,81,111,0,111,0,0,0,0,0,38,38,38,38,35,35,36
"2892",91,"[81]jfffHdwaCBxbmEdiHcJhwandbCLCebksAwafnfCJBdHdwendaCIKqrGryFBeaCabFtafwendaCJCafGeK",115,1,81,114,0,114,0,0,0,0,0,36,36,39,39,39,39,36
"2893",92,"[81]jfffHdwaCBxbmEdiHcJhwandbCLCebksAwafnfCJBdHdwendaCIKqrGryFBeaCabFtafwendaCJCafGeK",108,0.981982,81,111,2,109,2,2,0,2,2,42,40,38,38,31,31,36
"2894",93,"[81]jfffHdwaCBxbmEdiHcJhwandbCLCebksAwafnfCJBdHdwendaCIKqrGryFBeaCabFtafwendaCJCafGeK",108,0.981982,81,111,2,109,2,2,0,2,2,36,34,42,42,33,33,36
"2895",94,"[81]jfffHdwaCBxbmEdiHcJhwandbCLCebksAwafnfCJBdHdwendaCIKqrGryFBeaCabFtafwendaCJCafGeK",109,0.957627,81,118,5,113,5,5,0,5,5,42,37,38,38,38,38,36
"2896",95,"[81]jfffHdwaCBxbmEdiHcJhwandbCLCebksAwafnfCJBdHdwendaCIKqrGryFBeaCabFtafwendaCJCafGeK",110,0.965812,81,117,4,113,4,4,0,4,4,36,32,39,39,42,42,36
"2897",96,"[81]jfffHdwaCBxbmEdiHcJhwandbCLCebksAwafnfCJBdHdwendaCIKqrGryFBeaCabFtafwendaCJCafGeK",107,1,81,106,0,106,0,0,0,0,0,42,42,38,38,26,26,36
"2898",97,"[81]jfffHdwaCBxbmEdiHcJhwandbCLCebksAwafnfCJBdHdwendaCIKqrGryFBeaCabFtafwendaCJCafGeK",117,1,81,116,0,116,0,0,0,0,0,39,39,36,36,41,41,36
"2899",98,"[81]jfffHdwaCBxbmEdiHcJhwandbCLCebksAwafnfCJBdHdwendaCIKqrGryFBeaCabFtafwendaCJCafGeK",117,1,81,116,0,116,0,0,0,0,0,37,37,39,39,40,40,36
"2900",99,"[81]jfffHdwaCBxbmEdiHcJhwandbCLCebksAwafnfCJBdHdwendaCIKqrGryFBeaCabFtafwendaCJCafGeK",111,1,81,110,0,110,0,0,0,0,0,32,32,43,43,35,35,36
"2901",0,"[74]GncHdwaCitJjlHpLxwandbCLCebBFwafofCJBdHdwendaCIKqvlBBeaCabsafwendaCJCacueK",101,1,74,100,0,100,0,0,0,0,0,40,40,41,41,19,19,37
"2902",1,"[74]GncHdwaCitJjlHpLxwandbCLCebBFwafofCJBdHdwendaCIKqvlBBeaCabsafwendaCJCacueK",103,0.972222,74,108,3,105,3,3,0,3,3,42,39,34,34,32,32,37
"2903",2,"[74]GncHdwaCitJjlHpLxwandbCLCebBFwafofCJBdHdwendaCIKqvlBBeaCabsafwendaCJCacueK",108,1,74,107,0,107,0,0,0,0,0,41,41,31,31,35,35,37
"2904",3,"[74]GncHdwaCitJjlHpLxwandbCLCebBFwafofCJBdHdwendaCIKqvlBBeaCabsafwendaCJCacueK",115,1,74,114,0,114,0,0,0,0,0,31,31,32,32,51,51,37
"2905",4,"[74]GncHdwaCitJjlHpLxwandbCLCebBFwafofCJBdHdwendaCIKqvlBBeaCabsafwendaCJCacueK",113,1,74,112,0,112,0,0,0,0,0,37,37,29,29,46,46,37
"2906",5,"[74]GncHdwaCitJjlHpLxwandbCLCebBFwafofCJBdHdwendaCIKqvlBBeaCabsafwendaCJCacueK",106,1,74,105,0,105,0,0,0,0,0,39,39,37,37,29,29,37
"2907",6,"[74]GncHdwaCitJjlHpLxwandbCLCebBFwafofCJBdHdwendaCIKqvlBBeaCabsafwendaCJCacueK",108,0.981982,74,111,2,109,2,2,0,2,2,29,27,40,40,42,42,37
"2908",7,"[74]GncHdwaCitJjlHpLxwandbCLCebBFwafofCJBdHdwendaCIKqvlBBeaCabsafwendaCJCacueK",106,1,74,105,0,105,0,0,0,0,0,28,28,45,45,32,32,37
"2909",8,"[74]GncHdwaCitJjlHpLxwandbCLCebBFwafofCJBdHdwendaCIKqvlBBeaCabsafwendaCJCacueK",108,0.990826,74,109,1,108,1,1,0,1,1,36,35,36,36,37,37,37
"2910",9,"[74]GncHdwaCitJjlHpLxwandbCLCebBFwafofCJBdHdwendaCIKqvlBBeaCabsafwendaCJCacueK",107,1,74,106,0,106,0,0,0,0,0,41,41,34,34,31,31,37
"2911",10,"[74]GncHdwaCitJjlHpLxwandbCLCebBFwafofCJBdHdwendaCIKqvlBBeaCabsafwendaCJCacueK",104,0.990476,74,105,1,104,1,1,0,1,1,36,35,41,41,28,28,37
"2912",11,"[74]GncHdwaCitJjlHpLxwandbCLCebBFwafofCJBdHdwendaCIKqvlBBeaCabsafwendaCJCacueK",105,0.981481,74,108,2,106,2,2,0,2,2,37,35,38,38,33,33,37
"2913",12,"[74]GncHdwaCitJjlHpLxwandbCLCebBFwafofCJBdHdwendaCIKqvlBBeaCabsafwendaCJCacueK",109,0.982143,74,112,2,110,2,2,0,2,2,43,41,27,27,42,42,37
"2914",13,"[74]GncHdwaCitJjlHpLxwandbCLCebBFwafofCJBdHdwendaCIKqvlBBeaCabsafwendaCJCacueK",104,1,74,103,0,103,0,0,0,0,0,39,39,38,38,26,26,37
"2915",14,"[74]GncHdwaCitJjlHpLxwandbCLCebBFwafofCJBdHdwendaCIKqvlBBeaCabsafwendaCJCacueK",108,0.990826,74,109,1,108,1,1,0,1,1,34,33,37,37,38,38,37
"2916",15,"[74]GncHdwaCitJjlHpLxwandbCLCebBFwafofCJBdHdwendaCIKqvlBBeaCabsafwendaCJCacueK",110,1,74,109,0,109,0,0,0,0,0,41,41,29,29,39,39,37
"2917",16,"[74]GncHdwaCitJjlHpLxwandbCLCebBFwafofCJBdHdwendaCIKqvlBBeaCabsafwendaCJCacueK",109,1,74,108,0,108,0,0,0,0,0,34,34,37,37,37,37,37
"2918",17,"[74]GncHdwaCitJjlHpLxwandbCLCebBFwafofCJBdHdwendaCIKqvlBBeaCabsafwendaCJCacueK",107,1,74,106,0,106,0,0,0,0,0,35,35,38,38,33,33,37
"2919",18,"[74]GncHdwaCitJjlHpLxwandbCLCebBFwafofCJBdHdwendaCIKqvlBBeaCabsafwendaCJCacueK",109,1,74,108,0,108,0,0,0,0,0,38,38,33,33,37,37,37
"2920",19,"[74]GncHdwaCitJjlHpLxwandbCLCebBFwafofCJBdHdwendaCIKqvlBBeaCabsafwendaCJCacueK",121,1,74,120,0,120,0,0,0,0,0,41,41,18,18,61,61,37
"2921",20,"[74]GncHdwaCitJjlHpLxwandbCLCebBFwafofCJBdHdwendaCIKqvlBBeaCabsafwendaCJCacueK",105,0.990566,74,106,1,105,1,1,0,1,1,30,29,44,44,32,32,37
"2922",21,"[74]GncHdwaCitJjlHpLxwandbCLCebBFwafofCJBdHdwendaCIKqvlBBeaCabsafwendaCJCacueK",108,0.981982,74,111,2,109,2,2,0,2,2,42,40,29,29,40,40,37
"2923",22,"[74]GncHdwaCitJjlHpLxwandbCLCebBFwafofCJBdHdwendaCIKqvlBBeaCabsafwendaCJCacueK",104,0.972477,74,109,3,106,3,3,0,3,3,34,31,40,40,35,35,37
"2924",23,"[74]GncHdwaCitJjlHpLxwandbCLCebBFwafofCJBdHdwendaCIKqvlBBeaCabsafwendaCJCacueK",102,0.980952,74,105,2,103,2,2,0,2,2,41,39,37,37,27,27,37
"2925",24,"[74]GncHdwaCitJjlHpLxwandbCLCebBFwafofCJBdHdwendaCIKqvlBBeaCabsafwendaCJCacueK",108,0.990826,74,109,1,108,1,1,0,1,1,45,44,27,27,37,37,37
"2926",25,"[74]GncHdwaCitJjlHpLxwandbCLCebBFwafofCJBdHdwendaCIKqvlBBeaCabsafwendaCJCacueK",104,1,74,103,0,103,0,0,0,0,0,34,34,42,42,27,27,37
"2927",26,"[74]GncHdwaCitJjlHpLxwandbCLCebBFwafofCJBdHdwendaCIKqvlBBeaCabsafwendaCJCacueK",107,0.981818,74,110,2,108,2,2,0,2,2,37,35,35,35,38,38,37
"2928",27,"[74]GncHdwaCitJjlHpLxwandbCLCebBFwafofCJBdHdwendaCIKqvlBBeaCabsafwendaCJCacueK",107,1,74,106,0,106,0,0,0,0,0,29,29,43,43,34,34,37
"2929",28,"[74]GncHdwaCitJjlHpLxwandbCLCebBFwafofCJBdHdwendaCIKqvlBBeaCabsafwendaCJCacueK",108,0.990826,74,109,1,108,1,1,0,1,1,38,37,34,34,37,37,37
"2930",29,"[74]GncHdwaCitJjlHpLxwandbCLCebBFwafofCJBdHdwendaCIKqvlBBeaCabsafwendaCJCacueK",101,0.962963,74,108,4,104,4,4,0,4,4,39,35,39,39,30,30,37
"2931",30,"[74]GncHdwaCitJjlHpLxwandbCLCebBFwafofCJBdHdwendaCIKqvlBBeaCabsafwendaCJCacueK",102,0.980952,74,105,2,103,2,2,0,2,2,43,41,36,36,26,26,37
"2932",31,"[74]GncHdwaCitJjlHpLxwandbCLCebBFwafofCJBdHdwendaCIKqvlBBeaCabsafwendaCJCacueK",107,0.990741,74,108,1,107,1,1,0,1,1,37,36,36,36,35,35,37
"2933",32,"[74]GncHdwaCitJjlHpLxwandbCLCebBFwafofCJBdHdwendaCIKqvlBBeaCabsafwendaCJCacueK",112,1,74,111,0,111,0,0,0,0,0,36,36,32,32,43,43,37
"2934",33,"[74]GncHdwaCitJjlHpLxwandbCLCebBFwafofCJBdHdwendaCIKqvlBBeaCabsafwendaCJCacueK",101,0.971698,74,106,3,103,3,3,0,3,3,32,29,45,45,29,29,37
"2935",34,"[74]GncHdwaCitJjlHpLxwandbCLCebBFwafofCJBdHdwendaCIKqvlBBeaCabsafwendaCJCacueK",107,0.990741,74,108,1,107,1,1,0,1,1,33,32,40,40,35,35,37
"2936",35,"[74]GncHdwaCitJjlHpLxwandbCLCebBFwafofCJBdHdwendaCIKqvlBBeaCabsafwendaCJCacueK",98,0.944954,74,109,6,103,6,6,0,6,6,35,29,43,43,31,31,37
"2937",36,"[74]GncHdwaCitJjlHpLxwandbCLCebBFwafofCJBdHdwendaCIKqvlBBeaCabsafwendaCJCacueK",106,0.990654,74,107,1,106,1,1,0,1,1,42,41,33,33,32,32,37
"2938",37,"[74]GncHdwaCitJjlHpLxwandbCLCebBFwafofCJBdHdwendaCIKqvlBBeaCabsafwendaCJCacueK",104,0.990476,74,105,1,104,1,1,0,1,1,30,29,45,45,30,30,37
"2939",38,"[74]GncHdwaCitJjlHpLxwandbCLCebBFwafofCJBdHdwendaCIKqvlBBeaCabsafwendaCJCacueK",109,0.990909,74,110,1,109,1,1,0,1,1,36,35,34,34,40,40,37
"2940",39,"[74]GncHdwaCitJjlHpLxwandbCLCebBFwafofCJBdHdwendaCIKqvlBBeaCabsafwendaCJCacueK",108,1,74,107,0,107,0,0,0,0,0,38,38,34,34,35,35,37
"2941",40,"[74]GncHdwaCitJjlHpLxwandbCLCebBFwafofCJBdHdwendaCIKqvlBBeaCabsafwendaCJCacueK",104,0.963964,74,111,4,107,4,4,0,4,4,37,33,38,38,36,36,37
"2942",41,"[74]GncHdwaCitJjlHpLxwandbCLCebBFwafofCJBdHdwendaCIKqvlBBeaCabsafwendaCJCacueK",109,0.990909,74,110,1,109,1,1,0,1,1,41,40,31,31,38,38,37
"2943",42,"[74]GncHdwaCitJjlHpLxwandbCLCebBFwafofCJBdHdwendaCIKqvlBBeaCabsafwendaCJCacueK",106,0.964602,74,113,4,109,4,4,0,4,4,37,33,34,34,42,42,37
"2944",43,"[74]GncHdwaCitJjlHpLxwandbCLCebBFwafofCJBdHdwendaCIKqvlBBeaCabsafwendaCJCacueK",108,1,74,107,0,107,0,0,0,0,0,36,36,36,36,35,35,37
"2945",44,"[74]GncHdwaCitJjlHpLxwandbCLCebBFwafofCJBdHdwendaCIKqvlBBeaCabsafwendaCJCacueK",106,1,74,105,0,105,0,0,0,0,0,36,36,38,38,31,31,37
"2946",45,"[74]GncHdwaCitJjlHpLxwandbCLCebBFwafofCJBdHdwendaCIKqvlBBeaCabsafwendaCJCacueK",108,1,74,107,0,107,0,0,0,0,0,37,37,35,35,35,35,37
"2947",46,"[74]GncHdwaCitJjlHpLxwandbCLCebBFwafofCJBdHdwendaCIKqvlBBeaCabsafwendaCJCacueK",111,0.991071,74,112,1,111,1,1,0,1,1,34,33,34,34,44,44,37
"2948",47,"[74]GncHdwaCitJjlHpLxwandbCLCebBFwafofCJBdHdwendaCIKqvlBBeaCabsafwendaCJCacueK",107,0.990741,74,108,1,107,1,1,0,1,1,33,32,39,39,36,36,37
"2949",48,"[74]GncHdwaCitJjlHpLxwandbCLCebBFwafofCJBdHdwendaCIKqvlBBeaCabsafwendaCJCacueK",107,0.990741,74,108,1,107,1,1,0,1,1,40,39,33,33,35,35,37
"2950",49,"[74]GncHdwaCitJjlHpLxwandbCLCebBFwafofCJBdHdwendaCIKqvlBBeaCabsafwendaCJCacueK",105,0.990566,74,106,1,105,1,1,0,1,1,32,31,42,42,32,32,37
"2951",50,"[74]GncHdwaCitJjlHpLxwandbCLCebBFwafofCJBdHdwendaCIKqvlBBeaCabsafwendaCJCacueK",104,0.981308,74,107,2,105,2,2,0,2,2,34,32,41,41,32,32,37
"2952",51,"[74]GncHdwaCitJjlHpLxwandbCLCebBFwafofCJBdHdwendaCIKqvlBBeaCabsafwendaCJCacueK",108,0.990826,74,109,1,108,1,1,0,1,1,36,35,35,35,38,38,37
"2953",52,"[74]GncHdwaCitJjlHpLxwandbCLCebBFwafofCJBdHdwendaCIKqvlBBeaCabsafwendaCJCacueK",104,1,74,103,0,103,0,0,0,0,0,45,45,33,33,25,25,37
"2954",53,"[74]GncHdwaCitJjlHpLxwandbCLCebBFwafofCJBdHdwendaCIKqvlBBeaCabsafwendaCJCacueK",112,1,74,111,0,111,0,0,0,0,0,32,32,35,35,44,44,37
"2955",54,"[74]GncHdwaCitJjlHpLxwandbCLCebBFwafofCJBdHdwendaCIKqvlBBeaCabsafwendaCJCacueK",109,1,74,108,0,108,0,0,0,0,0,34,34,36,36,38,38,37
"2956",55,"[74]GncHdwaCitJjlHpLxwandbCLCebBFwafofCJBdHdwendaCIKqvlBBeaCabsafwendaCJCacueK",109,1,74,108,0,108,0,0,0,0,0,35,35,36,36,37,37,37
"2957",56,"[74]GncHdwaCitJjlHpLxwandbCLCebBFwafofCJBdHdwendaCIKqvlBBeaCabsafwendaCJCacueK",109,1,74,108,0,108,0,0,0,0,0,41,41,30,30,37,37,37
"2958",57,"[74]GncHdwaCitJjlHpLxwandbCLCebBFwafofCJBdHdwendaCIKqvlBBeaCabsafwendaCJCacueK",108,0.981982,74,111,2,109,2,2,0,2,2,41,39,30,30,40,40,37
"2959",58,"[74]GncHdwaCitJjlHpLxwandbCLCebBFwafofCJBdHdwendaCIKqvlBBeaCabsafwendaCJCacueK",108,0.981982,74,111,2,109,2,2,0,2,2,37,35,34,34,40,40,37
"2960",59,"[74]GncHdwaCitJjlHpLxwandbCLCebBFwafofCJBdHdwendaCIKqvlBBeaCabsafwendaCJCacueK",109,0.990909,74,110,1,109,1,1,0,1,1,29,28,40,40,41,41,37
"2961",60,"[74]GncHdwaCitJjlHpLxwandbCLCebBFwafofCJBdHdwendaCIKqvlBBeaCabsafwendaCJCacueK",103,1,74,102,0,102,0,0,0,0,0,37,37,41,41,24,24,37
"2962",61,"[74]GncHdwaCitJjlHpLxwandbCLCebBFwafofCJBdHdwendaCIKqvlBBeaCabsafwendaCJCacueK",110,0.990991,74,111,1,110,1,1,0,1,1,36,35,33,33,42,42,37
"2963",62,"[74]GncHdwaCitJjlHpLxwandbCLCebBFwafofCJBdHdwendaCIKqvlBBeaCabsafwendaCJCacueK",112,1,74,111,0,111,0,0,0,0,0,38,38,31,31,42,42,37
"2964",63,"[74]GncHdwaCitJjlHpLxwandbCLCebBFwafofCJBdHdwendaCIKqvlBBeaCabsafwendaCJCacueK",105,0.990566,74,106,1,105,1,1,0,1,1,32,31,42,42,32,32,37
"2965",64,"[74]GncHdwaCitJjlHpLxwandbCLCebBFwafofCJBdHdwendaCIKqvlBBeaCabsafwendaCJCacueK",111,0.991071,74,112,1,111,1,1,0,1,1,29,28,39,39,44,44,37
"2966",65,"[74]GncHdwaCitJjlHpLxwandbCLCebBFwafofCJBdHdwendaCIKqvlBBeaCabsafwendaCJCacueK",107,0.990741,74,108,1,107,1,1,0,1,1,43,42,30,30,35,35,37
"2967",66,"[74]GncHdwaCitJjlHpLxwandbCLCebBFwafofCJBdHdwendaCIKqvlBBeaCabsafwendaCJCacueK",111,1,74,110,0,110,0,0,0,0,0,30,30,39,39,41,41,37
"2968",67,"[74]GncHdwaCitJjlHpLxwandbCLCebBFwafofCJBdHdwendaCIKqvlBBeaCabsafwendaCJCacueK",110,0.990991,74,111,1,110,1,1,0,1,1,41,40,29,29,41,41,37
"2969",68,"[74]GncHdwaCitJjlHpLxwandbCLCebBFwafofCJBdHdwendaCIKqvlBBeaCabsafwendaCJCacueK",105,1,74,104,0,104,0,0,0,0,0,38,38,37,37,29,29,37
"2970",69,"[74]GncHdwaCitJjlHpLxwandbCLCebBFwafofCJBdHdwendaCIKqvlBBeaCabsafwendaCJCacueK",110,1,74,109,0,109,0,0,0,0,0,37,37,34,34,38,38,37
"2971",70,"[74]GncHdwaCitJjlHpLxwandbCLCebBFwafofCJBdHdwendaCIKqvlBBeaCabsafwendaCJCacueK",106,0.956522,74,115,5,110,5,5,0,5,5,42,37,30,30,43,43,37
"2972",71,"[74]GncHdwaCitJjlHpLxwandbCLCebBFwafofCJBdHdwendaCIKqvlBBeaCabsafwendaCJCacueK",106,0.990654,74,107,1,106,1,1,0,1,1,43,42,31,31,33,33,37
"2973",72,"[74]GncHdwaCitJjlHpLxwandbCLCebBFwafofCJBdHdwendaCIKqvlBBeaCabsafwendaCJCacueK",101,0.931034,74,116,8,108,8,8,0,8,8,33,25,40,40,43,43,37
"2974",73,"[74]GncHdwaCitJjlHpLxwandbCLCebBFwafofCJBdHdwendaCIKqvlBBeaCabsafwendaCJCacueK",106,0.990654,74,107,1,106,1,1,0,1,1,39,38,35,35,33,33,37
"2975",74,"[74]GncHdwaCitJjlHpLxwandbCLCebBFwafofCJBdHdwendaCIKqvlBBeaCabsafwendaCJCacueK",107,0.990741,74,108,1,107,1,1,0,1,1,41,40,32,32,35,35,37
"2976",75,"[74]GncHdwaCitJjlHpLxwandbCLCebBFwafofCJBdHdwendaCIKqvlBBeaCabsafwendaCJCacueK",107,0.990741,74,108,1,107,1,1,0,1,1,35,34,37,37,36,36,37
"2977",76,"[74]GncHdwaCitJjlHpLxwandbCLCebBFwafofCJBdHdwendaCIKqvlBBeaCabsafwendaCJCacueK",106,1,74,105,0,105,0,0,0,0,0,35,35,39,39,31,31,37
"2978",77,"[74]GncHdwaCitJjlHpLxwandbCLCebBFwafofCJBdHdwendaCIKqvlBBeaCabsafwendaCJCacueK",108,0.981982,74,111,2,109,2,2,0,2,2,37,35,34,34,40,40,37
"2979",78,"[74]GncHdwaCitJjlHpLxwandbCLCebBFwafofCJBdHdwendaCIKqvlBBeaCabsafwendaCJCacueK",109,0.990909,74,110,1,109,1,1,0,1,1,34,33,37,37,39,39,37
"2980",79,"[74]GncHdwaCitJjlHpLxwandbCLCebBFwafofCJBdHdwendaCIKqvlBBeaCabsafwendaCJCacueK",106,0.990654,74,107,1,106,1,1,0,1,1,46,45,29,29,32,32,37
"2981",80,"[74]GncHdwaCitJjlHpLxwandbCLCebBFwafofCJBdHdwendaCIKqvlBBeaCabsafwendaCJCacueK",107,1,74,106,0,106,0,0,0,0,0,31,31,41,41,34,34,37
"2982",81,"[74]GncHdwaCitJjlHpLxwandbCLCebBFwafofCJBdHdwendaCIKqvlBBeaCabsafwendaCJCacueK",107,1,74,106,0,106,0,0,0,0,0,32,32,42,42,32,32,37
"2983",82,"[74]GncHdwaCitJjlHpLxwandbCLCebBFwafofCJBdHdwendaCIKqvlBBeaCabsafwendaCJCacueK",104,0.981308,74,107,2,105,2,2,0,2,2,41,39,35,35,31,31,37
"2984",83,"[74]GncHdwaCitJjlHpLxwandbCLCebBFwafofCJBdHdwendaCIKqvlBBeaCabsafwendaCJCacueK",105,0.981481,74,108,2,106,2,2,0,2,2,34,32,39,39,35,35,37
"2985",84,"[74]GncHdwaCitJjlHpLxwandbCLCebBFwafofCJBdHdwendaCIKqvlBBeaCabsafwendaCJCacueK",106,1,74,105,0,105,0,0,0,0,0,35,35,39,39,31,31,37
"2986",85,"[74]GncHdwaCitJjlHpLxwandbCLCebBFwafofCJBdHdwendaCIKqvlBBeaCabsafwendaCJCacueK",106,0.990654,74,107,1,106,1,1,0,1,1,42,41,32,32,33,33,37
"2987",86,"[74]GncHdwaCitJjlHpLxwandbCLCebBFwafofCJBdHdwendaCIKqvlBBeaCabsafwendaCJCacueK",106,0.990654,74,107,1,106,1,1,0,1,1,35,34,38,38,34,34,37
"2988",87,"[74]GncHdwaCitJjlHpLxwandbCLCebBFwafofCJBdHdwendaCIKqvlBBeaCabsafwendaCJCacueK",104,0.981308,74,107,2,105,2,2,0,2,2,46,44,30,30,31,31,37
"2989",88,"[74]GncHdwaCitJjlHpLxwandbCLCebBFwafofCJBdHdwendaCIKqvlBBeaCabsafwendaCJCacueK",108,0.990826,74,109,1,108,1,1,0,1,1,34,33,38,38,37,37,37
"2990",89,"[74]GncHdwaCitJjlHpLxwandbCLCebBFwafofCJBdHdwendaCIKqvlBBeaCabsafwendaCJCacueK",108,0.990826,74,109,1,108,1,1,0,1,1,39,38,32,32,38,38,37
"2991",90,"[74]GncHdwaCitJjlHpLxwandbCLCebBFwafofCJBdHdwendaCIKqvlBBeaCabsafwendaCJCacueK",110,0.990991,74,111,1,110,1,1,0,1,1,40,39,29,29,42,42,37
"2992",91,"[74]GncHdwaCitJjlHpLxwandbCLCebBFwafofCJBdHdwendaCIKqvlBBeaCabsafwendaCJCacueK",104,0.963964,74,111,4,107,4,4,0,4,4,37,33,37,37,37,37,37
"2993",92,"[74]GncHdwaCitJjlHpLxwandbCLCebBFwafofCJBdHdwendaCIKqvlBBeaCabsafwendaCJCacueK",102,0.963303,74,109,4,105,4,4,0,4,4,36,32,41,41,32,32,37
"2994",93,"[74]GncHdwaCitJjlHpLxwandbCLCebBFwafofCJBdHdwendaCIKqvlBBeaCabsafwendaCJCacueK",108,1,74,107,0,107,0,0,0,0,0,32,32,39,39,36,36,37
"2995",94,"[74]GncHdwaCitJjlHpLxwandbCLCebBFwafofCJBdHdwendaCIKqvlBBeaCabsafwendaCJCacueK",111,1,74,110,0,110,0,0,0,0,0,27,27,40,40,43,43,37
"2996",95,"[74]GncHdwaCitJjlHpLxwandbCLCebBFwafofCJBdHdwendaCIKqvlBBeaCabsafwendaCJCacueK",102,0.990291,74,103,1,102,1,1,0,1,1,38,37,40,40,25,25,37
"2997",96,"[74]GncHdwaCitJjlHpLxwandbCLCebBFwafofCJBdHdwendaCIKqvlBBeaCabsafwendaCJCacueK",105,0.964286,74,112,4,108,4,4,0,4,4,38,34,35,35,39,39,37
"2998",97,"[74]GncHdwaCitJjlHpLxwandbCLCebBFwafofCJBdHdwendaCIKqvlBBeaCabsafwendaCJCacueK",106,1,74,105,0,105,0,0,0,0,0,45,45,30,30,30,30,37
"2999",98,"[74]GncHdwaCitJjlHpLxwandbCLCebBFwafofCJBdHdwendaCIKqvlBBeaCabsafwendaCJCacueK",107,1,74,106,0,106,0,0,0,0,0,45,45,29,29,32,32,37
"3000",99,"[74]GncHdwaCitJjlHpLxwandbCLCebBFwafofCJBdHdwendaCIKqvlBBeaCabsafwendaCJCacueK",107,1,74,106,0,106,0,0,0,0,0,32,32,41,41,33,33,37
"3001",0,"[88]GjfffHdwaCuELKCcHHwandbCLCebFphwafnfCJBdlffHaFofCIKqnEJcsbfLcIHvKFDafwandqJCecgzeGnqEmaK",113,1,88,112,0,112,0,0,0,0,0,37,37,29,29,46,46,39
"3002",1,"[88]GjfffHdwaCuELKCcHHwandbCLCebFphwafnfCJBdlffHaFofCIKqnEJcsbfLcIHvKFDafwandqJCecgzeGnqEmaK",105,1,88,104,0,104,0,0,0,0,0,34,34,42,42,28,28,39
"3003",2,"[88]GjfffHdwaCuELKCcHHwandbCLCebFphwafnfCJBdlffHaFofCIKqnEJcsbfLcIHvKFDafwandqJCecgzeGnqEmaK",109,1,88,108,0,108,0,0,0,0,0,37,37,35,35,36,36,39
"3004",3,"[88]GjfffHdwaCuELKCcHHwandbCLCebFphwafnfCJBdlffHaFofCIKqnEJcsbfLcIHvKFDafwandqJCecgzeGnqEmaK",107,1,88,106,0,106,0,0,0,0,0,41,41,34,34,31,31,39
"3005",4,"[88]GjfffHdwaCuELKCcHHwandbCLCebFphwafnfCJBdlffHaFofCIKqnEJcsbfLcIHvKFDafwandqJCecgzeGnqEmaK",112,1,88,111,0,111,0,0,0,0,0,37,37,30,30,44,44,39
"3006",5,"[88]GjfffHdwaCuELKCcHHwandbCLCebFphwafnfCJBdlffHaFofCIKqnEJcsbfLcIHvKFDafwandqJCecgzeGnqEmaK",109,1,88,108,0,108,0,0,0,0,0,37,37,35,35,36,36,39
"3007",6,"[88]GjfffHdwaCuELKCcHHwandbCLCebFphwafnfCJBdlffHaFofCIKqnEJcsbfLcIHvKFDafwandqJCecgzeGnqEmaK",110,1,88,109,0,109,0,0,0,0,0,31,31,38,38,40,40,39
"3008",7,"[88]GjfffHdwaCuELKCcHHwandbCLCebFphwafnfCJBdlffHaFofCIKqnEJcsbfLcIHvKFDafwandqJCecgzeGnqEmaK",107,0.956897,88,116,5,111,5,5,0,5,5,37,32,34,34,45,45,39
"3009",8,"[88]GjfffHdwaCuELKCcHHwandbCLCebFphwafnfCJBdlffHaFofCIKqnEJcsbfLcIHvKFDafwandqJCecgzeGnqEmaK",111,0.991071,88,112,1,111,1,1,0,1,1,39,38,29,29,44,44,39
"3010",9,"[88]GjfffHdwaCuELKCcHHwandbCLCebFphwafnfCJBdlffHaFofCIKqnEJcsbfLcIHvKFDafwandqJCecgzeGnqEmaK",104,0.990476,88,105,1,104,1,1,0,1,1,39,38,37,37,29,29,39
"3011",10,"[88]GjfffHdwaCuELKCcHHwandbCLCebFphwafnfCJBdlffHaFofCIKqnEJcsbfLcIHvKFDafwandqJCecgzeGnqEmaK",107,0.981818,88,110,2,108,2,2,0,2,2,30,28,41,41,39,39,39
"3012",11,"[88]GjfffHdwaCuELKCcHHwandbCLCebFphwafnfCJBdlffHaFofCIKqnEJcsbfLcIHvKFDafwandqJCecgzeGnqEmaK",106,1,88,105,0,105,0,0,0,0,0,42,42,33,33,30,30,39
"3013",12,"[88]GjfffHdwaCuELKCcHHwandbCLCebFphwafnfCJBdlffHaFofCIKqnEJcsbfLcIHvKFDafwandqJCecgzeGnqEmaK",106,0.990654,88,107,1,106,1,1,0,1,1,34,33,40,40,33,33,39
"3014",13,"[88]GjfffHdwaCuELKCcHHwandbCLCebFphwafnfCJBdlffHaFofCIKqnEJcsbfLcIHvKFDafwandqJCecgzeGnqEmaK",107,1,88,106,0,106,0,0,0,0,0,46,46,29,29,31,31,39
"3015",14,"[88]GjfffHdwaCuELKCcHHwandbCLCebFphwafnfCJBdlffHaFofCIKqnEJcsbfLcIHvKFDafwandqJCecgzeGnqEmaK",107,1,88,106,0,106,0,0,0,0,0,33,33,40,40,33,33,39
"3016",15,"[88]GjfffHdwaCuELKCcHHwandbCLCebFphwafnfCJBdlffHaFofCIKqnEJcsbfLcIHvKFDafwandqJCecgzeGnqEmaK",109,1,88,108,0,108,0,0,0,0,0,30,30,40,40,38,38,39
"3017",16,"[88]GjfffHdwaCuELKCcHHwandbCLCebFphwafnfCJBdlffHaFofCIKqnEJcsbfLcIHvKFDafwandqJCecgzeGnqEmaK",111,1,88,110,0,110,0,0,0,0,0,37,37,33,33,40,40,39
"3018",17,"[88]GjfffHdwaCuELKCcHHwandbCLCebFphwafnfCJBdlffHaFofCIKqnEJcsbfLcIHvKFDafwandqJCecgzeGnqEmaK",109,1,88,108,0,108,0,0,0,0,0,36,36,36,36,36,36,39
"3019",18,"[88]GjfffHdwaCuELKCcHHwandbCLCebFphwafnfCJBdlffHaFofCIKqnEJcsbfLcIHvKFDafwandqJCecgzeGnqEmaK",105,1,88,104,0,104,0,0,0,0,0,31,31,44,44,29,29,39
"3020",19,"[88]GjfffHdwaCuELKCcHHwandbCLCebFphwafnfCJBdlffHaFofCIKqnEJcsbfLcIHvKFDafwandqJCecgzeGnqEmaK",106,1,88,105,0,105,0,0,0,0,0,40,40,35,35,30,30,39
"3021",20,"[88]GjfffHdwaCuELKCcHHwandbCLCebFphwafnfCJBdlffHaFofCIKqnEJcsbfLcIHvKFDafwandqJCecgzeGnqEmaK",103,0.990385,88,104,1,103,1,1,0,1,1,42,41,35,35,27,27,39
"3022",21,"[88]GjfffHdwaCuELKCcHHwandbCLCebFphwafnfCJBdlffHaFofCIKqnEJcsbfLcIHvKFDafwandqJCecgzeGnqEmaK",105,0.990566,88,106,1,105,1,1,0,1,1,44,43,31,31,31,31,39
"3023",22,"[88]GjfffHdwaCuELKCcHHwandbCLCebFphwafnfCJBdlffHaFofCIKqnEJcsbfLcIHvKFDafwandqJCecgzeGnqEmaK",110,1,88,109,0,109,0,0,0,0,0,36,36,33,33,40,40,39
"3024",23,"[88]GjfffHdwaCuELKCcHHwandbCLCebFphwafnfCJBdlffHaFofCIKqnEJcsbfLcIHvKFDafwandqJCecgzeGnqEmaK",107,1,88,106,0,106,0,0,0,0,0,38,38,36,36,32,32,39
"3025",24,"[88]GjfffHdwaCuELKCcHHwandbCLCebFphwafnfCJBdlffHaFofCIKqnEJcsbfLcIHvKFDafwandqJCecgzeGnqEmaK",109,0.990909,88,110,1,109,1,1,0,1,1,38,37,32,32,40,40,39
"3026",25,"[88]GjfffHdwaCuELKCcHHwandbCLCebFphwafnfCJBdlffHaFofCIKqnEJcsbfLcIHvKFDafwandqJCecgzeGnqEmaK",110,1,88,109,0,109,0,0,0,0,0,37,37,33,33,39,39,39
"3027",26,"[88]GjfffHdwaCuELKCcHHwandbCLCebFphwafnfCJBdlffHaFofCIKqnEJcsbfLcIHvKFDafwandqJCecgzeGnqEmaK",99,0.9375,88,112,7,105,7,7,0,7,7,45,38,34,34,33,33,39
"3028",27,"[88]GjfffHdwaCuELKCcHHwandbCLCebFphwafnfCJBdlffHaFofCIKqnEJcsbfLcIHvKFDafwandqJCecgzeGnqEmaK",107,1,88,106,0,106,0,0,0,0,0,37,37,37,37,32,32,39
"3029",28,"[88]GjfffHdwaCuELKCcHHwandbCLCebFphwafnfCJBdlffHaFofCIKqnEJcsbfLcIHvKFDafwandqJCecgzeGnqEmaK",107,0.990741,88,108,1,107,1,1,0,1,1,36,35,36,36,36,36,39
"3030",29,"[88]GjfffHdwaCuELKCcHHwandbCLCebFphwafnfCJBdlffHaFofCIKqnEJcsbfLcIHvKFDafwandqJCecgzeGnqEmaK",111,0.991071,88,112,1,111,1,1,0,1,1,32,31,35,35,45,45,39
"3031",30,"[88]GjfffHdwaCuELKCcHHwandbCLCebFphwafnfCJBdlffHaFofCIKqnEJcsbfLcIHvKFDafwandqJCecgzeGnqEmaK",106,0.990654,88,107,1,106,1,1,0,1,1,37,36,38,38,32,32,39
"3032",31,"[88]GjfffHdwaCuELKCcHHwandbCLCebFphwafnfCJBdlffHaFofCIKqnEJcsbfLcIHvKFDafwandqJCecgzeGnqEmaK",109,1,88,108,0,108,0,0,0,0,0,41,41,30,30,37,37,39
"3033",32,"[88]GjfffHdwaCuELKCcHHwandbCLCebFphwafnfCJBdlffHaFofCIKqnEJcsbfLcIHvKFDafwandqJCecgzeGnqEmaK",106,0.981651,88,109,2,107,2,2,0,2,2,31,29,41,41,37,37,39
"3034",33,"[88]GjfffHdwaCuELKCcHHwandbCLCebFphwafnfCJBdlffHaFofCIKqnEJcsbfLcIHvKFDafwandqJCecgzeGnqEmaK",97,0.936364,88,110,7,103,7,7,0,7,7,38,31,42,42,30,30,39
"3035",34,"[88]GjfffHdwaCuELKCcHHwandbCLCebFphwafnfCJBdlffHaFofCIKqnEJcsbfLcIHvKFDafwandqJCecgzeGnqEmaK",100,0.945946,88,111,6,105,6,6,0,6,6,44,38,34,34,33,33,39
"3036",35,"[88]GjfffHdwaCuELKCcHHwandbCLCebFphwafnfCJBdlffHaFofCIKqnEJcsbfLcIHvKFDafwandqJCecgzeGnqEmaK",107,1,88,106,0,106,0,0,0,0,0,32,32,40,40,34,34,39
"3037",36,"[88]GjfffHdwaCuELKCcHHwandbCLCebFphwafnfCJBdlffHaFofCIKqnEJcsbfLcIHvKFDafwandqJCecgzeGnqEmaK",109,1,88,108,0,108,0,0,0,0,0,42,42,29,29,37,37,39
"3038",37,"[88]GjfffHdwaCuELKCcHHwandbCLCebFphwafnfCJBdlffHaFofCIKqnEJcsbfLcIHvKFDafwandqJCecgzeGnqEmaK",111,1,88,110,0,110,0,0,0,0,0,43,43,27,27,40,40,39
"3039",38,"[88]GjfffHdwaCuELKCcHHwandbCLCebFphwafnfCJBdlffHaFofCIKqnEJcsbfLcIHvKFDafwandqJCecgzeGnqEmaK",113,1,88,112,0,112,0,0,0,0,0,29,29,37,37,46,46,39
"3040",39,"[88]GjfffHdwaCuELKCcHHwandbCLCebFphwafnfCJBdlffHaFofCIKqnEJcsbfLcIHvKFDafwandqJCecgzeGnqEmaK",112,1,88,111,0,111,0,0,0,0,0,35,35,32,32,44,44,39
"3041",40,"[88]GjfffHdwaCuELKCcHHwandbCLCebFphwafnfCJBdlffHaFofCIKqnEJcsbfLcIHvKFDafwandqJCecgzeGnqEmaK",107,0.990741,88,108,1,107,1,1,0,1,1,38,37,35,35,35,35,39
"3042",41,"[88]GjfffHdwaCuELKCcHHwandbCLCebFphwafnfCJBdlffHaFofCIKqnEJcsbfLcIHvKFDafwandqJCecgzeGnqEmaK",108,0.981982,88,111,2,109,2,2,0,2,2,41,39,31,31,39,39,39
"3043",42,"[88]GjfffHdwaCuELKCcHHwandbCLCebFphwafnfCJBdlffHaFofCIKqnEJcsbfLcIHvKFDafwandqJCecgzeGnqEmaK",105,0.981481,88,108,2,106,2,2,0,2,2,48,46,27,27,33,33,39
"3044",43,"[88]GjfffHdwaCuELKCcHHwandbCLCebFphwafnfCJBdlffHaFofCIKqnEJcsbfLcIHvKFDafwandqJCecgzeGnqEmaK",108,0.981982,88,111,2,109,2,2,0,2,2,41,39,30,30,40,40,39
"3045",44,"[88]GjfffHdwaCuELKCcHHwandbCLCebFphwafnfCJBdlffHaFofCIKqnEJcsbfLcIHvKFDafwandqJCecgzeGnqEmaK",107,1,88,106,0,106,0,0,0,0,0,37,37,36,36,33,33,39
"3046",45,"[88]GjfffHdwaCuELKCcHHwandbCLCebFphwafnfCJBdlffHaFofCIKqnEJcsbfLcIHvKFDafwandqJCecgzeGnqEmaK",107,0.990741,88,108,1,107,1,1,0,1,1,39,38,35,35,34,34,39
"3047",46,"[88]GjfffHdwaCuELKCcHHwandbCLCebFphwafnfCJBdlffHaFofCIKqnEJcsbfLcIHvKFDafwandqJCecgzeGnqEmaK",106,0.990654,88,107,1,106,1,1,0,1,1,37,36,37,37,33,33,39
"3048",47,"[88]GjfffHdwaCuELKCcHHwandbCLCebFphwafnfCJBdlffHaFofCIKqnEJcsbfLcIHvKFDafwandqJCecgzeGnqEmaK",107,0.964912,88,114,4,110,4,4,0,4,4,37,33,35,35,42,42,39
"3049",48,"[88]GjfffHdwaCuELKCcHHwandbCLCebFphwafnfCJBdlffHaFofCIKqnEJcsbfLcIHvKFDafwandqJCecgzeGnqEmaK",110,1,88,109,0,109,0,0,0,0,0,36,36,34,34,39,39,39
"3050",49,"[88]GjfffHdwaCuELKCcHHwandbCLCebFphwafnfCJBdlffHaFofCIKqnEJcsbfLcIHvKFDafwandqJCecgzeGnqEmaK",109,0.982143,88,112,2,110,2,2,0,2,2,33,31,36,36,43,43,39
"3051",50,"[88]GjfffHdwaCuELKCcHHwandbCLCebFphwafnfCJBdlffHaFofCIKqnEJcsbfLcIHvKFDafwandqJCecgzeGnqEmaK",108,1,88,107,0,107,0,0,0,0,0,41,41,32,32,34,34,39
"3052",51,"[88]GjfffHdwaCuELKCcHHwandbCLCebFphwafnfCJBdlffHaFofCIKqnEJcsbfLcIHvKFDafwandqJCecgzeGnqEmaK",107,0.973214,88,112,3,109,3,3,0,3,3,35,32,36,36,41,41,39
"3053",52,"[88]GjfffHdwaCuELKCcHHwandbCLCebFphwafnfCJBdlffHaFofCIKqnEJcsbfLcIHvKFDafwandqJCecgzeGnqEmaK",102,0.990291,88,103,1,102,1,1,0,1,1,40,39,38,38,25,25,39
"3054",53,"[88]GjfffHdwaCuELKCcHHwandbCLCebFphwafnfCJBdlffHaFofCIKqnEJcsbfLcIHvKFDafwandqJCecgzeGnqEmaK",110,0.990991,88,111,1,110,1,1,0,1,1,35,34,35,35,41,41,39
"3055",54,"[88]GjfffHdwaCuELKCcHHwandbCLCebFphwafnfCJBdlffHaFofCIKqnEJcsbfLcIHvKFDafwandqJCecgzeGnqEmaK",108,1,88,107,0,107,0,0,0,0,0,26,26,45,45,36,36,39
"3056",55,"[88]GjfffHdwaCuELKCcHHwandbCLCebFphwafnfCJBdlffHaFofCIKqnEJcsbfLcIHvKFDafwandqJCecgzeGnqEmaK",109,1,88,108,0,108,0,0,0,0,0,38,38,34,34,36,36,39
"3057",56,"[88]GjfffHdwaCuELKCcHHwandbCLCebFphwafnfCJBdlffHaFofCIKqnEJcsbfLcIHvKFDafwandqJCecgzeGnqEmaK",104,1,88,103,0,103,0,0,0,0,0,43,43,34,34,26,26,39
"3058",57,"[88]GjfffHdwaCuELKCcHHwandbCLCebFphwafnfCJBdlffHaFofCIKqnEJcsbfLcIHvKFDafwandqJCecgzeGnqEmaK",106,1,88,105,0,105,0,0,0,0,0,41,41,34,34,30,30,39
"3059",58,"[88]GjfffHdwaCuELKCcHHwandbCLCebFphwafnfCJBdlffHaFofCIKqnEJcsbfLcIHvKFDafwandqJCecgzeGnqEmaK",108,1,88,107,0,107,0,0,0,0,0,43,43,30,30,34,34,39
"3060",59,"[88]GjfffHdwaCuELKCcHHwandbCLCebFphwafnfCJBdlffHaFofCIKqnEJcsbfLcIHvKFDafwandqJCecgzeGnqEmaK",110,1,88,109,0,109,0,0,0,0,0,35,35,35,35,39,39,39
"3061",60,"[88]GjfffHdwaCuELKCcHHwandbCLCebFphwafnfCJBdlffHaFofCIKqnEJcsbfLcIHvKFDafwandqJCecgzeGnqEmaK",108,1,88,107,0,107,0,0,0,0,0,39,39,34,34,34,34,39
"3062",61,"[88]GjfffHdwaCuELKCcHHwandbCLCebFphwafnfCJBdlffHaFofCIKqnEJcsbfLcIHvKFDafwandqJCecgzeGnqEmaK",108,0.990826,88,109,1,108,1,1,0,1,1,33,32,38,38,38,38,39
"3063",62,"[88]GjfffHdwaCuELKCcHHwandbCLCebFphwafnfCJBdlffHaFofCIKqnEJcsbfLcIHvKFDafwandqJCecgzeGnqEmaK",105,1,88,104,0,104,0,0,0,0,0,40,40,36,36,28,28,39
"3064",63,"[88]GjfffHdwaCuELKCcHHwandbCLCebFphwafnfCJBdlffHaFofCIKqnEJcsbfLcIHvKFDafwandqJCecgzeGnqEmaK",111,1,88,110,0,110,0,0,0,0,0,28,28,39,39,43,43,39
"3065",64,"[88]GjfffHdwaCuELKCcHHwandbCLCebFphwafnfCJBdlffHaFofCIKqnEJcsbfLcIHvKFDafwandqJCecgzeGnqEmaK",105,0.972727,88,110,3,107,3,3,0,3,3,36,33,38,38,36,36,39
"3066",65,"[88]GjfffHdwaCuELKCcHHwandbCLCebFphwafnfCJBdlffHaFofCIKqnEJcsbfLcIHvKFDafwandqJCecgzeGnqEmaK",105,0.972727,88,110,3,107,3,3,0,3,3,34,31,39,39,37,37,39
"3067",66,"[88]GjfffHdwaCuELKCcHHwandbCLCebFphwafnfCJBdlffHaFofCIKqnEJcsbfLcIHvKFDafwandqJCecgzeGnqEmaK",113,0.991228,88,114,1,113,1,1,0,1,1,28,27,38,38,48,48,39
"3068",67,"[88]GjfffHdwaCuELKCcHHwandbCLCebFphwafnfCJBdlffHaFofCIKqnEJcsbfLcIHvKFDafwandqJCecgzeGnqEmaK",106,0.972973,88,111,3,108,3,3,0,3,3,46,43,28,28,37,37,39
"3069",68,"[88]GjfffHdwaCuELKCcHHwandbCLCebFphwafnfCJBdlffHaFofCIKqnEJcsbfLcIHvKFDafwandqJCecgzeGnqEmaK",111,1,88,110,0,110,0,0,0,0,0,32,32,37,37,41,41,39
"3070",69,"[88]GjfffHdwaCuELKCcHHwandbCLCebFphwafnfCJBdlffHaFofCIKqnEJcsbfLcIHvKFDafwandqJCecgzeGnqEmaK",108,1,88,107,0,107,0,0,0,0,0,36,36,36,36,35,35,39
"3071",70,"[88]GjfffHdwaCuELKCcHHwandbCLCebFphwafnfCJBdlffHaFofCIKqnEJcsbfLcIHvKFDafwandqJCecgzeGnqEmaK",110,1,88,109,0,109,0,0,0,0,0,36,36,33,33,40,40,39
"3072",71,"[88]GjfffHdwaCuELKCcHHwandbCLCebFphwafnfCJBdlffHaFofCIKqnEJcsbfLcIHvKFDafwandqJCecgzeGnqEmaK",105,0.990566,88,106,1,105,1,1,0,1,1,32,31,42,42,32,32,39
"3073",72,"[88]GjfffHdwaCuELKCcHHwandbCLCebFphwafnfCJBdlffHaFofCIKqnEJcsbfLcIHvKFDafwandqJCecgzeGnqEmaK",110,1,88,109,0,109,0,0,0,0,0,33,33,36,36,40,40,39
"3074",73,"[88]GjfffHdwaCuELKCcHHwandbCLCebFphwafnfCJBdlffHaFofCIKqnEJcsbfLcIHvKFDafwandqJCecgzeGnqEmaK",108,0.990826,88,109,1,108,1,1,0,1,1,38,37,33,33,38,38,39
"3075",74,"[88]GjfffHdwaCuELKCcHHwandbCLCebFphwafnfCJBdlffHaFofCIKqnEJcsbfLcIHvKFDafwandqJCecgzeGnqEmaK",101,0.971698,88,106,3,103,3,3,0,3,3,37,34,41,41,28,28,39
"3076",75,"[88]GjfffHdwaCuELKCcHHwandbCLCebFphwafnfCJBdlffHaFofCIKqnEJcsbfLcIHvKFDafwandqJCecgzeGnqEmaK",100,1,88,99,0,99,0,0,0,0,0,38,38,43,43,18,18,39
"3077",76,"[88]GjfffHdwaCuELKCcHHwandbCLCebFphwafnfCJBdlffHaFofCIKqnEJcsbfLcIHvKFDafwandqJCecgzeGnqEmaK",109,1,88,108,0,108,0,0,0,0,0,39,39,33,33,36,36,39
"3078",77,"[88]GjfffHdwaCuELKCcHHwandbCLCebFphwafnfCJBdlffHaFofCIKqnEJcsbfLcIHvKFDafwandqJCecgzeGnqEmaK",112,1,88,111,0,111,0,0,0,0,0,35,35,32,32,44,44,39
"3079",78,"[88]GjfffHdwaCuELKCcHHwandbCLCebFphwafnfCJBdlffHaFofCIKqnEJcsbfLcIHvKFDafwandqJCecgzeGnqEmaK",105,0.981481,88,108,2,106,2,2,0,2,2,35,33,39,39,34,34,39
"3080",79,"[88]GjfffHdwaCuELKCcHHwandbCLCebFphwafnfCJBdlffHaFofCIKqnEJcsbfLcIHvKFDafwandqJCecgzeGnqEmaK",105,1,88,104,0,104,0,0,0,0,0,41,41,35,35,28,28,39
"3081",80,"[88]GjfffHdwaCuELKCcHHwandbCLCebFphwafnfCJBdlffHaFofCIKqnEJcsbfLcIHvKFDafwandqJCecgzeGnqEmaK",109,0.990909,88,110,1,109,1,1,0,1,1,35,34,35,35,40,40,39
"3082",81,"[88]GjfffHdwaCuELKCcHHwandbCLCebFphwafnfCJBdlffHaFofCIKqnEJcsbfLcIHvKFDafwandqJCecgzeGnqEmaK",105,1,88,104,0,104,0,0,0,0,0,42,42,35,35,27,27,39
"3083",82,"[88]GjfffHdwaCuELKCcHHwandbCLCebFphwafnfCJBdlffHaFofCIKqnEJcsbfLcIHvKFDafwandqJCecgzeGnqEmaK",109,0.990909,88,110,1,109,1,1,0,1,1,37,36,33,33,40,40,39
"3084",83,"[88]GjfffHdwaCuELKCcHHwandbCLCebFphwafnfCJBdlffHaFofCIKqnEJcsbfLcIHvKFDafwandqJCecgzeGnqEmaK",110,1,88,109,0,109,0,0,0,0,0,31,31,38,38,40,40,39
"3085",84,"[88]GjfffHdwaCuELKCcHHwandbCLCebFphwafnfCJBdlffHaFofCIKqnEJcsbfLcIHvKFDafwandqJCecgzeGnqEmaK",107,0.990741,88,108,1,107,1,1,0,1,1,38,37,35,35,35,35,39
"3086",85,"[88]GjfffHdwaCuELKCcHHwandbCLCebFphwafnfCJBdlffHaFofCIKqnEJcsbfLcIHvKFDafwandqJCecgzeGnqEmaK",110,1,88,109,0,109,0,0,0,0,0,33,33,36,36,40,40,39
"3087",86,"[88]GjfffHdwaCuELKCcHHwandbCLCebFphwafnfCJBdlffHaFofCIKqnEJcsbfLcIHvKFDafwandqJCecgzeGnqEmaK",107,1,88,106,0,106,0,0,0,0,0,43,43,32,32,31,31,39
"3088",87,"[88]GjfffHdwaCuELKCcHHwandbCLCebFphwafnfCJBdlffHaFofCIKqnEJcsbfLcIHvKFDafwandqJCecgzeGnqEmaK",103,0.990385,88,104,1,103,1,1,0,1,1,43,42,35,35,26,26,39
"3089",88,"[88]GjfffHdwaCuELKCcHHwandbCLCebFphwafnfCJBdlffHaFofCIKqnEJcsbfLcIHvKFDafwandqJCecgzeGnqEmaK",103,0.981132,88,106,2,104,2,2,0,2,2,36,34,40,40,30,30,39
"3090",89,"[88]GjfffHdwaCuELKCcHHwandbCLCebFphwafnfCJBdlffHaFofCIKqnEJcsbfLcIHvKFDafwandqJCecgzeGnqEmaK",108,0.990826,88,109,1,108,1,1,0,1,1,46,45,27,27,36,36,39
"3091",90,"[88]GjfffHdwaCuELKCcHHwandbCLCebFphwafnfCJBdlffHaFofCIKqnEJcsbfLcIHvKFDafwandqJCecgzeGnqEmaK",97,0.944444,88,108,6,102,6,6,0,6,6,39,33,42,42,27,27,39
"3092",91,"[88]GjfffHdwaCuELKCcHHwandbCLCebFphwafnfCJBdlffHaFofCIKqnEJcsbfLcIHvKFDafwandqJCecgzeGnqEmaK",112,0.99115,88,113,1,112,1,1,0,1,1,33,32,33,33,47,47,39
"3093",92,"[88]GjfffHdwaCuELKCcHHwandbCLCebFphwafnfCJBdlffHaFofCIKqnEJcsbfLcIHvKFDafwandqJCecgzeGnqEmaK",103,0.990385,88,104,1,103,1,1,0,1,1,41,40,36,36,27,27,39
"3094",93,"[88]GjfffHdwaCuELKCcHHwandbCLCebFphwafnfCJBdlffHaFofCIKqnEJcsbfLcIHvKFDafwandqJCecgzeGnqEmaK",108,0.981982,88,111,2,109,2,2,0,2,2,48,46,25,25,38,38,39
"3095",94,"[88]GjfffHdwaCuELKCcHHwandbCLCebFphwafnfCJBdlffHaFofCIKqnEJcsbfLcIHvKFDafwandqJCecgzeGnqEmaK",103,0.972222,88,108,3,105,3,3,0,3,3,41,38,36,36,31,31,39
"3096",95,"[88]GjfffHdwaCuELKCcHHwandbCLCebFphwafnfCJBdlffHaFofCIKqnEJcsbfLcIHvKFDafwandqJCecgzeGnqEmaK",101,0.980769,88,104,2,102,2,2,0,2,2,41,39,38,38,25,25,39
"3097",96,"[88]GjfffHdwaCuELKCcHHwandbCLCebFphwafnfCJBdlffHaFofCIKqnEJcsbfLcIHvKFDafwandqJCecgzeGnqEmaK",108,0.981982,88,111,2,109,2,2,0,2,2,36,34,35,35,40,40,39
"3098",97,"[88]GjfffHdwaCuELKCcHHwandbCLCebFphwafnfCJBdlffHaFofCIKqnEJcsbfLcIHvKFDafwandqJCecgzeGnqEmaK",104,0.972477,88,109,3,106,3,3,0,3,3,45,42,30,30,34,34,39
"3099",98,"[88]GjfffHdwaCuELKCcHHwandbCLCebFphwafnfCJBdlffHaFofCIKqnEJcsbfLcIHvKFDafwandqJCecgzeGnqEmaK",104,0.955752,88,113,5,108,5,5,0,5,5,34,29,39,39,40,40,39
"3100",99,"[88]GjfffHdwaCuELKCcHHwandbCLCebFphwafnfCJBdlffHaFofCIKqnEJcsbfLcIHvKFDafwandqJCecgzeGnqEmaK",102,0.954955,88,111,5,106,5,5,0,5,5,37,32,40,40,34,34,39
"3101",0,"[83]GjfffHdwaCyKrJJoKqxxwafndbCLCabGpJgnwafnfCJBdHdwendaCIKqFlBeaFqAHiafwendaCJCacKbzeK",109,1,83,108,0,108,0,0,0,0,0,33,33,37,37,38,38,40
"3102",1,"[83]GjfffHdwaCyKrJJoKqxxwafndbCLCabGpJgnwafnfCJBdHdwendaCIKqFlBeaFqAHiafwendaCJCacKbzeK",105,0.990566,83,106,1,105,1,1,0,1,1,46,45,31,31,29,29,40
"3103",2,"[83]GjfffHdwaCyKrJJoKqxxwafndbCLCabGpJgnwafnfCJBdHdwendaCIKqFlBeaFqAHiafwendaCJCacKbzeK",109,0.982143,83,112,2,110,2,2,0,2,2,31,29,38,38,43,43,40
"3104",3,"[83]GjfffHdwaCyKrJJoKqxxwafndbCLCabGpJgnwafnfCJBdHdwendaCIKqFlBeaFqAHiafwendaCJCacKbzeK",107,1,83,106,0,106,0,0,0,0,0,38,38,35,35,33,33,40
"3105",4,"[83]GjfffHdwaCyKrJJoKqxxwafndbCLCabGpJgnwafnfCJBdHdwendaCIKqFlBeaFqAHiafwendaCJCacKbzeK",113,1,83,112,0,112,0,0,0,0,0,34,34,32,32,46,46,40
"3106",5,"[83]GjfffHdwaCyKrJJoKqxxwafndbCLCabGpJgnwafnfCJBdHdwendaCIKqFlBeaFqAHiafwendaCJCacKbzeK",107,0.981818,83,110,2,108,2,2,0,2,2,32,30,39,39,39,39,40
"3107",6,"[83]GjfffHdwaCyKrJJoKqxxwafndbCLCabGpJgnwafnfCJBdHdwendaCIKqFlBeaFqAHiafwendaCJCacKbzeK",110,1,83,109,0,109,0,0,0,0,0,30,30,39,39,40,40,40
"3108",7,"[83]GjfffHdwaCyKrJJoKqxxwafndbCLCabGpJgnwafnfCJBdHdwendaCIKqFlBeaFqAHiafwendaCJCacKbzeK",106,0.981651,83,109,2,107,2,2,0,2,2,40,38,34,34,35,35,40
"3109",8,"[83]GjfffHdwaCyKrJJoKqxxwafndbCLCabGpJgnwafnfCJBdHdwendaCIKqFlBeaFqAHiafwendaCJCacKbzeK",104,0.990476,83,105,1,104,1,1,0,1,1,40,39,36,36,29,29,40
"3110",9,"[83]GjfffHdwaCyKrJJoKqxxwafndbCLCabGpJgnwafnfCJBdHdwendaCIKqFlBeaFqAHiafwendaCJCacKbzeK",107,0.990741,83,108,1,107,1,1,0,1,1,40,39,32,32,36,36,40
"3111",10,"[83]GjfffHdwaCyKrJJoKqxxwafndbCLCabGpJgnwafnfCJBdHdwendaCIKqFlBeaFqAHiafwendaCJCacKbzeK",111,1,83,110,0,110,0,0,0,0,0,38,38,31,31,41,41,40
"3112",11,"[83]GjfffHdwaCyKrJJoKqxxwafndbCLCabGpJgnwafnfCJBdHdwendaCIKqFlBeaFqAHiafwendaCJCacKbzeK",104,0.963964,83,111,4,107,4,4,0,4,4,38,34,35,35,38,38,40
"3113",12,"[83]GjfffHdwaCyKrJJoKqxxwafndbCLCabGpJgnwafnfCJBdHdwendaCIKqFlBeaFqAHiafwendaCJCacKbzeK",100,0.971429,83,105,3,102,3,3,0,3,3,41,38,38,38,26,26,40
"3114",13,"[83]GjfffHdwaCyKrJJoKqxxwafndbCLCabGpJgnwafnfCJBdHdwendaCIKqFlBeaFqAHiafwendaCJCacKbzeK",105,0.990566,83,106,1,105,1,1,0,1,1,42,41,34,34,30,30,40
"3115",14,"[83]GjfffHdwaCyKrJJoKqxxwafndbCLCabGpJgnwafnfCJBdHdwendaCIKqFlBeaFqAHiafwendaCJCacKbzeK",102,0.990291,83,103,1,102,1,1,0,1,1,40,39,38,38,25,25,40
"3116",15,"[83]GjfffHdwaCyKrJJoKqxxwafndbCLCabGpJgnwafnfCJBdHdwendaCIKqFlBeaFqAHiafwendaCJCacKbzeK",108,1,83,107,0,107,0,0,0,0,0,41,41,32,32,34,34,40
"3117",16,"[83]GjfffHdwaCyKrJJoKqxxwafndbCLCabGpJgnwafnfCJBdHdwendaCIKqFlBeaFqAHiafwendaCJCacKbzeK",111,1,83,110,0,110,0,0,0,0,0,37,37,32,32,41,41,40
"3118",17,"[83]GjfffHdwaCyKrJJoKqxxwafndbCLCabGpJgnwafnfCJBdHdwendaCIKqFlBeaFqAHiafwendaCJCacKbzeK",108,0.990826,83,109,1,108,1,1,0,1,1,33,32,37,37,39,39,40
"3119",18,"[83]GjfffHdwaCyKrJJoKqxxwafndbCLCabGpJgnwafnfCJBdHdwendaCIKqFlBeaFqAHiafwendaCJCacKbzeK",111,1,83,110,0,110,0,0,0,0,0,33,33,35,35,42,42,40
"3120",19,"[83]GjfffHdwaCyKrJJoKqxxwafndbCLCabGpJgnwafnfCJBdHdwendaCIKqFlBeaFqAHiafwendaCJCacKbzeK",106,1,83,105,0,105,0,0,0,0,0,40,40,35,35,30,30,40
"3121",20,"[83]GjfffHdwaCyKrJJoKqxxwafndbCLCabGpJgnwafnfCJBdHdwendaCIKqFlBeaFqAHiafwendaCJCacKbzeK",104,0.972477,83,109,3,106,3,3,0,3,3,39,36,35,35,35,35,40
"3122",21,"[83]GjfffHdwaCyKrJJoKqxxwafndbCLCabGpJgnwafnfCJBdHdwendaCIKqFlBeaFqAHiafwendaCJCacKbzeK",102,0.971963,83,107,3,104,3,3,0,3,3,39,36,37,37,31,31,40
"3123",22,"[83]GjfffHdwaCyKrJJoKqxxwafndbCLCabGpJgnwafnfCJBdHdwendaCIKqFlBeaFqAHiafwendaCJCacKbzeK",111,1,83,110,0,110,0,0,0,0,0,34,34,35,35,41,41,40
"3124",23,"[83]GjfffHdwaCyKrJJoKqxxwafndbCLCabGpJgnwafnfCJBdHdwendaCIKqFlBeaFqAHiafwendaCJCacKbzeK",111,1,83,110,0,110,0,0,0,0,0,40,40,30,30,40,40,40
"3125",24,"[83]GjfffHdwaCyKrJJoKqxxwafndbCLCabGpJgnwafnfCJBdHdwendaCIKqFlBeaFqAHiafwendaCJCacKbzeK",115,1,83,114,0,114,0,0,0,0,0,29,29,35,35,50,50,40
"3126",25,"[83]GjfffHdwaCyKrJJoKqxxwafndbCLCabGpJgnwafnfCJBdHdwendaCIKqFlBeaFqAHiafwendaCJCacKbzeK",107,0.981818,83,110,2,108,2,2,0,2,2,44,42,28,28,38,38,40
"3127",26,"[83]GjfffHdwaCyKrJJoKqxxwafndbCLCabGpJgnwafnfCJBdHdwendaCIKqFlBeaFqAHiafwendaCJCacKbzeK",110,1,83,109,0,109,0,0,0,0,0,32,32,37,37,40,40,40
"3128",27,"[83]GjfffHdwaCyKrJJoKqxxwafndbCLCabGpJgnwafnfCJBdHdwendaCIKqFlBeaFqAHiafwendaCJCacKbzeK",104,0.990476,83,105,1,104,1,1,0,1,1,37,36,39,39,29,29,40
"3129",28,"[83]GjfffHdwaCyKrJJoKqxxwafndbCLCabGpJgnwafnfCJBdHdwendaCIKqFlBeaFqAHiafwendaCJCacKbzeK",109,1,83,108,0,108,0,0,0,0,0,29,29,42,42,37,37,40
"3130",29,"[83]GjfffHdwaCyKrJJoKqxxwafndbCLCabGpJgnwafnfCJBdHdwendaCIKqFlBeaFqAHiafwendaCJCacKbzeK",110,0.990991,83,111,1,110,1,1,0,1,1,42,41,27,27,42,42,40
"3131",30,"[83]GjfffHdwaCyKrJJoKqxxwafndbCLCabGpJgnwafnfCJBdHdwendaCIKqFlBeaFqAHiafwendaCJCacKbzeK",106,0.990654,83,107,1,106,1,1,0,1,1,39,38,35,35,33,33,40
"3132",31,"[83]GjfffHdwaCyKrJJoKqxxwafndbCLCabGpJgnwafnfCJBdHdwendaCIKqFlBeaFqAHiafwendaCJCacKbzeK",108,0.990826,83,109,1,108,1,1,0,1,1,33,32,39,39,37,37,40
"3133",32,"[83]GjfffHdwaCyKrJJoKqxxwafndbCLCabGpJgnwafnfCJBdHdwendaCIKqFlBeaFqAHiafwendaCJCacKbzeK",111,1,83,110,0,110,0,0,0,0,0,33,33,36,36,41,41,40
"3134",33,"[83]GjfffHdwaCyKrJJoKqxxwafndbCLCabGpJgnwafnfCJBdHdwendaCIKqFlBeaFqAHiafwendaCJCacKbzeK",108,1,83,107,0,107,0,0,0,0,0,41,41,31,31,35,35,40
"3135",34,"[83]GjfffHdwaCyKrJJoKqxxwafndbCLCabGpJgnwafnfCJBdHdwendaCIKqFlBeaFqAHiafwendaCJCacKbzeK",100,0.945946,83,111,6,105,6,6,0,6,6,44,38,33,33,34,34,40
"3136",35,"[83]GjfffHdwaCyKrJJoKqxxwafndbCLCabGpJgnwafnfCJBdHdwendaCIKqFlBeaFqAHiafwendaCJCacKbzeK",104,1,83,103,0,103,0,0,0,0,0,38,38,38,38,27,27,40
"3137",36,"[83]GjfffHdwaCyKrJJoKqxxwafndbCLCabGpJgnwafnfCJBdHdwendaCIKqFlBeaFqAHiafwendaCJCacKbzeK",106,0.981651,83,109,2,107,2,2,0,2,2,36,34,37,37,36,36,40
"3138",37,"[83]GjfffHdwaCyKrJJoKqxxwafndbCLCabGpJgnwafnfCJBdHdwendaCIKqFlBeaFqAHiafwendaCJCacKbzeK",110,1,83,109,0,109,0,0,0,0,0,40,40,30,30,39,39,40
"3139",38,"[83]GjfffHdwaCyKrJJoKqxxwafndbCLCabGpJgnwafnfCJBdHdwendaCIKqFlBeaFqAHiafwendaCJCacKbzeK",105,0.981481,83,108,2,106,2,2,0,2,2,41,39,33,33,34,34,40
"3140",39,"[83]GjfffHdwaCyKrJJoKqxxwafndbCLCabGpJgnwafnfCJBdHdwendaCIKqFlBeaFqAHiafwendaCJCacKbzeK",112,1,83,111,0,111,0,0,0,0,0,34,34,34,34,43,43,40
"3141",40,"[83]GjfffHdwaCyKrJJoKqxxwafndbCLCabGpJgnwafnfCJBdHdwendaCIKqFlBeaFqAHiafwendaCJCacKbzeK",105,0.981481,83,108,2,106,2,2,0,2,2,44,42,30,30,34,34,40
"3142",41,"[83]GjfffHdwaCyKrJJoKqxxwafndbCLCabGpJgnwafnfCJBdHdwendaCIKqFlBeaFqAHiafwendaCJCacKbzeK",105,0.990566,83,106,1,105,1,1,0,1,1,44,43,31,31,31,31,40
"3143",42,"[83]GjfffHdwaCyKrJJoKqxxwafndbCLCabGpJgnwafnfCJBdHdwendaCIKqFlBeaFqAHiafwendaCJCacKbzeK",106,0.981651,83,109,2,107,2,2,0,2,2,39,37,35,35,35,35,40
"3144",43,"[83]GjfffHdwaCyKrJJoKqxxwafndbCLCabGpJgnwafnfCJBdHdwendaCIKqFlBeaFqAHiafwendaCJCacKbzeK",110,0.990991,83,111,1,110,1,1,0,1,1,31,30,37,37,43,43,40
"3145",44,"[83]GjfffHdwaCyKrJJoKqxxwafndbCLCabGpJgnwafnfCJBdHdwendaCIKqFlBeaFqAHiafwendaCJCacKbzeK",112,1,83,111,0,111,0,0,0,0,0,35,35,32,32,44,44,40
"3146",45,"[83]GjfffHdwaCyKrJJoKqxxwafndbCLCabGpJgnwafnfCJBdHdwendaCIKqFlBeaFqAHiafwendaCJCacKbzeK",116,1,83,115,0,115,0,0,0,0,0,27,27,35,35,53,53,40
"3147",46,"[83]GjfffHdwaCyKrJJoKqxxwafndbCLCabGpJgnwafnfCJBdHdwendaCIKqFlBeaFqAHiafwendaCJCacKbzeK",107,0.990741,83,108,1,107,1,1,0,1,1,37,36,35,35,36,36,40
"3148",47,"[83]GjfffHdwaCyKrJJoKqxxwafndbCLCabGpJgnwafnfCJBdHdwendaCIKqFlBeaFqAHiafwendaCJCacKbzeK",107,0.990741,83,108,1,107,1,1,0,1,1,39,38,34,34,35,35,40
"3149",48,"[83]GjfffHdwaCyKrJJoKqxxwafndbCLCabGpJgnwafnfCJBdHdwendaCIKqFlBeaFqAHiafwendaCJCacKbzeK",108,0.990826,83,109,1,108,1,1,0,1,1,40,39,31,31,38,38,40
"3150",49,"[83]GjfffHdwaCyKrJJoKqxxwafndbCLCabGpJgnwafnfCJBdHdwendaCIKqFlBeaFqAHiafwendaCJCacKbzeK",105,1,83,104,0,104,0,0,0,0,0,39,39,37,37,28,28,40
"3151",50,"[83]GjfffHdwaCyKrJJoKqxxwafndbCLCabGpJgnwafnfCJBdHdwendaCIKqFlBeaFqAHiafwendaCJCacKbzeK",110,1,83,109,0,109,0,0,0,0,0,38,38,32,32,39,39,40
"3152",51,"[83]GjfffHdwaCyKrJJoKqxxwafndbCLCabGpJgnwafnfCJBdHdwendaCIKqFlBeaFqAHiafwendaCJCacKbzeK",110,1,83,109,0,109,0,0,0,0,0,48,48,24,24,37,37,40
"3153",52,"[83]GjfffHdwaCyKrJJoKqxxwafndbCLCabGpJgnwafnfCJBdHdwendaCIKqFlBeaFqAHiafwendaCJCacKbzeK",112,1,83,111,0,111,0,0,0,0,0,34,34,34,34,43,43,40
"3154",53,"[83]GjfffHdwaCyKrJJoKqxxwafndbCLCabGpJgnwafnfCJBdHdwendaCIKqFlBeaFqAHiafwendaCJCacKbzeK",106,0.981651,83,109,2,107,2,2,0,2,2,39,37,34,34,36,36,40
"3155",54,"[83]GjfffHdwaCyKrJJoKqxxwafndbCLCabGpJgnwafnfCJBdHdwendaCIKqFlBeaFqAHiafwendaCJCacKbzeK",108,0.990826,83,109,1,108,1,1,0,1,1,34,33,37,37,38,38,40
"3156",55,"[83]GjfffHdwaCyKrJJoKqxxwafndbCLCabGpJgnwafnfCJBdHdwendaCIKqFlBeaFqAHiafwendaCJCacKbzeK",104,0.963964,83,111,4,107,4,4,0,4,4,33,29,39,39,39,39,40
"3157",56,"[83]GjfffHdwaCyKrJJoKqxxwafndbCLCabGpJgnwafnfCJBdHdwendaCIKqFlBeaFqAHiafwendaCJCacKbzeK",111,1,83,110,0,110,0,0,0,0,0,33,33,35,35,42,42,40
"3158",57,"[83]GjfffHdwaCyKrJJoKqxxwafndbCLCabGpJgnwafnfCJBdHdwendaCIKqFlBeaFqAHiafwendaCJCacKbzeK",111,1,83,110,0,110,0,0,0,0,0,46,46,25,25,39,39,40
"3159",58,"[83]GjfffHdwaCyKrJJoKqxxwafndbCLCabGpJgnwafnfCJBdHdwendaCIKqFlBeaFqAHiafwendaCJCacKbzeK",104,0.990476,83,105,1,104,1,1,0,1,1,31,30,44,44,30,30,40
"3160",59,"[83]GjfffHdwaCyKrJJoKqxxwafndbCLCabGpJgnwafnfCJBdHdwendaCIKqFlBeaFqAHiafwendaCJCacKbzeK",106,1,83,105,0,105,0,0,0,0,0,30,30,44,44,31,31,40
"3161",60,"[83]GjfffHdwaCyKrJJoKqxxwafndbCLCabGpJgnwafnfCJBdHdwendaCIKqFlBeaFqAHiafwendaCJCacKbzeK",112,1,83,111,0,111,0,0,0,0,0,35,35,32,32,44,44,40
"3162",61,"[83]GjfffHdwaCyKrJJoKqxxwafndbCLCabGpJgnwafnfCJBdHdwendaCIKqFlBeaFqAHiafwendaCJCacKbzeK",108,0.990826,83,109,1,108,1,1,0,1,1,34,33,37,37,38,38,40
"3163",62,"[83]GjfffHdwaCyKrJJoKqxxwafndbCLCabGpJgnwafnfCJBdHdwendaCIKqFlBeaFqAHiafwendaCJCacKbzeK",104,0.981308,83,107,2,105,2,2,0,2,2,33,31,42,42,32,32,40
"3164",63,"[83]GjfffHdwaCyKrJJoKqxxwafndbCLCabGpJgnwafnfCJBdHdwendaCIKqFlBeaFqAHiafwendaCJCacKbzeK",108,1,83,107,0,107,0,0,0,0,0,31,31,40,40,36,36,40
"3165",64,"[83]GjfffHdwaCyKrJJoKqxxwafndbCLCabGpJgnwafnfCJBdHdwendaCIKqFlBeaFqAHiafwendaCJCacKbzeK",104,0.990476,83,105,1,104,1,1,0,1,1,38,37,39,39,28,28,40
"3166",65,"[83]GjfffHdwaCyKrJJoKqxxwafndbCLCabGpJgnwafnfCJBdHdwendaCIKqFlBeaFqAHiafwendaCJCacKbzeK",104,0.981308,83,107,2,105,2,2,0,2,2,37,35,38,38,32,32,40
"3167",66,"[83]GjfffHdwaCyKrJJoKqxxwafndbCLCabGpJgnwafnfCJBdHdwendaCIKqFlBeaFqAHiafwendaCJCacKbzeK",107,0.981818,83,110,2,108,2,2,0,2,2,37,35,35,35,38,38,40
"3168",67,"[83]GjfffHdwaCyKrJJoKqxxwafndbCLCabGpJgnwafnfCJBdHdwendaCIKqFlBeaFqAHiafwendaCJCacKbzeK",109,0.990909,83,110,1,109,1,1,0,1,1,28,27,42,42,40,40,40
"3169",68,"[83]GjfffHdwaCyKrJJoKqxxwafndbCLCabGpJgnwafnfCJBdHdwendaCIKqFlBeaFqAHiafwendaCJCacKbzeK",106,0.990654,83,107,1,106,1,1,0,1,1,31,30,42,42,34,34,40
"3170",69,"[83]GjfffHdwaCyKrJJoKqxxwafndbCLCabGpJgnwafnfCJBdHdwendaCIKqFlBeaFqAHiafwendaCJCacKbzeK",103,0.981132,83,106,2,104,2,2,0,2,2,33,31,43,43,30,30,40
"3171",70,"[83]GjfffHdwaCyKrJJoKqxxwafndbCLCabGpJgnwafnfCJBdHdwendaCIKqFlBeaFqAHiafwendaCJCacKbzeK",109,0.982143,83,112,2,110,2,2,0,2,2,31,29,38,38,43,43,40
"3172",71,"[83]GjfffHdwaCyKrJJoKqxxwafndbCLCabGpJgnwafnfCJBdHdwendaCIKqFlBeaFqAHiafwendaCJCacKbzeK",108,1,83,107,0,107,0,0,0,0,0,32,32,39,39,36,36,40
"3173",72,"[83]GjfffHdwaCyKrJJoKqxxwafndbCLCabGpJgnwafnfCJBdHdwendaCIKqFlBeaFqAHiafwendaCJCacKbzeK",109,1,83,108,0,108,0,0,0,0,0,31,31,39,39,38,38,40
"3174",73,"[83]GjfffHdwaCyKrJJoKqxxwafndbCLCabGpJgnwafnfCJBdHdwendaCIKqFlBeaFqAHiafwendaCJCacKbzeK",108,1,83,107,0,107,0,0,0,0,0,36,36,36,36,35,35,40
"3175",74,"[83]GjfffHdwaCyKrJJoKqxxwafndbCLCabGpJgnwafnfCJBdHdwendaCIKqFlBeaFqAHiafwendaCJCacKbzeK",112,1,83,111,0,111,0,0,0,0,0,40,40,28,28,43,43,40
"3176",75,"[83]GjfffHdwaCyKrJJoKqxxwafndbCLCabGpJgnwafnfCJBdHdwendaCIKqFlBeaFqAHiafwendaCJCacKbzeK",107,0.990741,83,108,1,107,1,1,0,1,1,36,35,36,36,36,36,40
"3177",76,"[83]GjfffHdwaCyKrJJoKqxxwafndbCLCabGpJgnwafnfCJBdHdwendaCIKqFlBeaFqAHiafwendaCJCacKbzeK",104,1,83,103,0,103,0,0,0,0,0,43,43,35,35,25,25,40
"3178",77,"[83]GjfffHdwaCyKrJJoKqxxwafndbCLCabGpJgnwafnfCJBdHdwendaCIKqFlBeaFqAHiafwendaCJCacKbzeK",104,0.981308,83,107,2,105,2,2,0,2,2,44,42,32,32,31,31,40
"3179",78,"[83]GjfffHdwaCyKrJJoKqxxwafndbCLCabGpJgnwafnfCJBdHdwendaCIKqFlBeaFqAHiafwendaCJCacKbzeK",105,0.990566,83,106,1,105,1,1,0,1,1,36,35,38,38,32,32,40
"3180",79,"[83]GjfffHdwaCyKrJJoKqxxwafndbCLCabGpJgnwafnfCJBdHdwendaCIKqFlBeaFqAHiafwendaCJCacKbzeK",101,0.962963,83,108,4,104,4,4,0,4,4,41,37,36,36,31,31,40
"3181",80,"[83]GjfffHdwaCyKrJJoKqxxwafndbCLCabGpJgnwafnfCJBdHdwendaCIKqFlBeaFqAHiafwendaCJCacKbzeK",110,1,83,109,0,109,0,0,0,0,0,31,31,39,39,39,39,40
"3182",81,"[83]GjfffHdwaCyKrJJoKqxxwafndbCLCabGpJgnwafnfCJBdHdwendaCIKqFlBeaFqAHiafwendaCJCacKbzeK",108,1,83,107,0,107,0,0,0,0,0,37,37,35,35,35,35,40
"3183",82,"[83]GjfffHdwaCyKrJJoKqxxwafndbCLCabGpJgnwafnfCJBdHdwendaCIKqFlBeaFqAHiafwendaCJCacKbzeK",103,0.981132,83,106,2,104,2,2,0,2,2,45,43,33,33,28,28,40
"3184",83,"[83]GjfffHdwaCyKrJJoKqxxwafndbCLCabGpJgnwafnfCJBdHdwendaCIKqFlBeaFqAHiafwendaCJCacKbzeK",107,0.990741,83,108,1,107,1,1,0,1,1,41,40,32,32,35,35,40
"3185",84,"[83]GjfffHdwaCyKrJJoKqxxwafndbCLCabGpJgnwafnfCJBdHdwendaCIKqFlBeaFqAHiafwendaCJCacKbzeK",112,0.99115,83,113,1,112,1,1,0,1,1,28,27,37,37,48,48,40
"3186",85,"[83]GjfffHdwaCyKrJJoKqxxwafndbCLCabGpJgnwafnfCJBdHdwendaCIKqFlBeaFqAHiafwendaCJCacKbzeK",109,1,83,108,0,108,0,0,0,0,0,39,39,32,32,37,37,40
"3187",86,"[83]GjfffHdwaCyKrJJoKqxxwafndbCLCabGpJgnwafnfCJBdHdwendaCIKqFlBeaFqAHiafwendaCJCacKbzeK",105,0.990566,83,106,1,105,1,1,0,1,1,41,40,35,35,30,30,40
"3188",87,"[83]GjfffHdwaCyKrJJoKqxxwafndbCLCabGpJgnwafnfCJBdHdwendaCIKqFlBeaFqAHiafwendaCJCacKbzeK",104,1,83,103,0,103,0,0,0,0,0,37,37,39,39,27,27,40
"3189",88,"[83]GjfffHdwaCyKrJJoKqxxwafndbCLCabGpJgnwafnfCJBdHdwendaCIKqFlBeaFqAHiafwendaCJCacKbzeK",107,0.990741,83,108,1,107,1,1,0,1,1,40,39,32,32,36,36,40
"3190",89,"[83]GjfffHdwaCyKrJJoKqxxwafndbCLCabGpJgnwafnfCJBdHdwendaCIKqFlBeaFqAHiafwendaCJCacKbzeK",101,0.980769,83,104,2,102,2,2,0,2,2,48,46,31,31,25,25,40
"3191",90,"[83]GjfffHdwaCyKrJJoKqxxwafndbCLCabGpJgnwafnfCJBdHdwendaCIKqFlBeaFqAHiafwendaCJCacKbzeK",113,1,83,112,0,112,0,0,0,0,0,30,30,35,35,47,47,40
"3192",91,"[83]GjfffHdwaCyKrJJoKqxxwafndbCLCabGpJgnwafnfCJBdHdwendaCIKqFlBeaFqAHiafwendaCJCacKbzeK",110,1,83,109,0,109,0,0,0,0,0,44,44,28,28,37,37,40
"3193",92,"[83]GjfffHdwaCyKrJJoKqxxwafndbCLCabGpJgnwafnfCJBdHdwendaCIKqFlBeaFqAHiafwendaCJCacKbzeK",108,1,83,107,0,107,0,0,0,0,0,34,34,38,38,35,35,40
"3194",93,"[83]GjfffHdwaCyKrJJoKqxxwafndbCLCabGpJgnwafnfCJBdHdwendaCIKqFlBeaFqAHiafwendaCJCacKbzeK",108,1,83,107,0,107,0,0,0,0,0,42,42,30,30,35,35,40
"3195",94,"[83]GjfffHdwaCyKrJJoKqxxwafndbCLCabGpJgnwafnfCJBdHdwendaCIKqFlBeaFqAHiafwendaCJCacKbzeK",108,1,83,107,0,107,0,0,0,0,0,39,39,33,33,35,35,40
"3196",95,"[83]GjfffHdwaCyKrJJoKqxxwafndbCLCabGpJgnwafnfCJBdHdwendaCIKqFlBeaFqAHiafwendaCJCacKbzeK",105,0.981481,83,108,2,106,2,2,0,2,2,30,28,43,43,35,35,40
"3197",96,"[83]GjfffHdwaCyKrJJoKqxxwafndbCLCabGpJgnwafnfCJBdHdwendaCIKqFlBeaFqAHiafwendaCJCacKbzeK",108,1,83,107,0,107,0,0,0,0,0,42,42,32,32,33,33,40
"3198",97,"[83]GjfffHdwaCyKrJJoKqxxwafndbCLCabGpJgnwafnfCJBdHdwendaCIKqFlBeaFqAHiafwendaCJCacKbzeK",116,1,83,115,0,115,0,0,0,0,0,34,34,30,30,51,51,40
"3199",98,"[83]GjfffHdwaCyKrJJoKqxxwafndbCLCabGpJgnwafnfCJBdHdwendaCIKqFlBeaFqAHiafwendaCJCacKbzeK",105,0.990566,83,106,1,105,1,1,0,1,1,40,39,36,36,30,30,40
"3200",99,"[83]GjfffHdwaCyKrJJoKqxxwafndbCLCabGpJgnwafnfCJBdHdwendaCIKqFlBeaFqAHiafwendaCJCacKbzeK",106,0.990654,83,107,1,106,1,1,0,1,1,29,28,44,44,34,34,40
"3201",0,"[75]GHdwaCJdHoqqpzwafndbCLCecfrJwafofCJBdHdsswendaCIKqgfBeaCebvafwendaqJDafmmeK",120,0.98374,75,123,2,121,2,2,0,2,2,39,37,37,37,47,47,41
"3202",1,"[75]GHdwaCJdHoqqpzwafndbCLCecfrJwafofCJBdHdsswendaCIKqgfBeaCebvafwendaqJDafmmeK",122,1,75,121,0,121,0,0,0,0,0,34,34,42,42,45,45,41
"3203",2,"[75]GHdwaCJdHoqqpzwafndbCLCecfrJwafofCJBdHdsswendaCIKqgfBeaCebvafwendaqJDafmmeK",118,1,75,117,0,117,0,0,0,0,0,43,43,38,38,36,36,41
"3204",3,"[75]GHdwaCJdHoqqpzwafndbCLCecfrJwafofCJBdHdsswendaCIKqgfBeaCebvafwendaqJDafmmeK",119,0.991667,75,120,1,119,1,1,0,1,1,39,38,42,42,39,39,41
"3205",4,"[75]GHdwaCJdHoqqpzwafndbCLCecfrJwafofCJBdHdsswendaCIKqgfBeaCebvafwendaqJDafmmeK",119,1,75,118,0,118,0,0,0,0,0,32,32,45,45,41,41,41
"3206",5,"[75]GHdwaCJdHoqqpzwafndbCLCecfrJwafofCJBdHdsswendaCIKqgfBeaCebvafwendaqJDafmmeK",118,1,75,117,0,117,0,0,0,0,0,41,41,41,41,35,35,41
"3207",6,"[75]GHdwaCJdHoqqpzwafndbCLCecfrJwafofCJBdHdsswendaCIKqgfBeaCebvafwendaqJDafmmeK",118,1,75,117,0,117,0,0,0,0,0,38,38,42,42,37,37,41
"3208",7,"[75]GHdwaCJdHoqqpzwafndbCLCecfrJwafofCJBdHdsswendaCIKqgfBeaCebvafwendaqJDafmmeK",123,1,75,122,0,122,0,0,0,0,0,32,32,42,42,48,48,41
"3209",8,"[75]GHdwaCJdHoqqpzwafndbCLCecfrJwafofCJBdHdsswendaCIKqgfBeaCebvafwendaqJDafmmeK",122,0.984,75,125,2,123,2,2,0,2,2,44,42,33,33,48,48,41
"3210",9,"[75]GHdwaCJdHoqqpzwafndbCLCecfrJwafofCJBdHdsswendaCIKqgfBeaCebvafwendaqJDafmmeK",118,0.97561,75,123,3,120,3,3,0,3,3,45,42,35,35,43,43,41
"3211",10,"[75]GHdwaCJdHoqqpzwafndbCLCecfrJwafofCJBdHdsswendaCIKqgfBeaCebvafwendaqJDafmmeK",116,0.975207,75,121,3,118,3,3,0,3,3,35,32,43,43,43,43,41
"3212",11,"[75]GHdwaCJdHoqqpzwafndbCLCecfrJwafofCJBdHdsswendaCIKqgfBeaCebvafwendaqJDafmmeK",117,1,75,116,0,116,0,0,0,0,0,39,39,42,42,35,35,41
"3213",12,"[75]GHdwaCJdHoqqpzwafndbCLCecfrJwafofCJBdHdsswendaCIKqgfBeaCebvafwendaqJDafmmeK",115,1,75,114,0,114,0,0,0,0,0,46,46,40,40,28,28,41
"3214",13,"[75]GHdwaCJdHoqqpzwafndbCLCecfrJwafofCJBdHdsswendaCIKqgfBeaCebvafwendaqJDafmmeK",115,0.975,75,120,3,117,3,3,0,3,3,40,37,40,40,40,40,41
"3215",14,"[75]GHdwaCJdHoqqpzwafndbCLCecfrJwafofCJBdHdsswendaCIKqgfBeaCebvafwendaqJDafmmeK",111,0.982456,75,114,2,112,2,2,0,2,2,37,35,48,48,29,29,41
"3216",15,"[75]GHdwaCJdHoqqpzwafndbCLCecfrJwafofCJBdHdsswendaCIKqgfBeaCebvafwendaqJDafmmeK",117,1,75,116,0,116,0,0,0,0,0,42,42,43,43,31,31,41
"3217",16,"[75]GHdwaCJdHoqqpzwafndbCLCecfrJwafofCJBdHdsswendaCIKqgfBeaCebvafwendaqJDafmmeK",119,0.991667,75,120,1,119,1,1,0,1,1,40,39,39,39,41,41,41
"3218",17,"[75]GHdwaCJdHoqqpzwafndbCLCecfrJwafofCJBdHdsswendaCIKqgfBeaCebvafwendaqJDafmmeK",118,0.983471,75,121,2,119,2,2,0,2,2,41,39,39,39,41,41,41
"3219",18,"[75]GHdwaCJdHoqqpzwafndbCLCecfrJwafofCJBdHdsswendaCIKqgfBeaCebvafwendaqJDafmmeK",119,1,75,118,0,118,0,0,0,0,0,40,40,41,41,37,37,41
"3220",19,"[75]GHdwaCJdHoqqpzwafndbCLCecfrJwafofCJBdHdsswendaCIKqgfBeaCebvafwendaqJDafmmeK",112,0.982609,75,115,2,113,2,2,0,2,2,40,38,44,44,31,31,41
"3221",20,"[75]GHdwaCJdHoqqpzwafndbCLCecfrJwafofCJBdHdsswendaCIKqgfBeaCebvafwendaqJDafmmeK",115,1,75,114,0,114,0,0,0,0,0,42,42,42,42,30,30,41
"3222",21,"[75]GHdwaCJdHoqqpzwafndbCLCecfrJwafofCJBdHdsswendaCIKqgfBeaCebvafwendaqJDafmmeK",116,0.983193,75,119,2,117,2,2,0,2,2,46,44,37,37,36,36,41
"3223",22,"[75]GHdwaCJdHoqqpzwafndbCLCecfrJwafofCJBdHdsswendaCIKqgfBeaCebvafwendaqJDafmmeK",110,0.965812,75,117,4,113,4,4,0,4,4,46,42,40,40,31,31,41
"3224",23,"[75]GHdwaCJdHoqqpzwafndbCLCecfrJwafofCJBdHdsswendaCIKqgfBeaCebvafwendaqJDafmmeK",122,1,75,121,0,121,0,0,0,0,0,39,39,40,40,42,42,41
"3225",24,"[75]GHdwaCJdHoqqpzwafndbCLCecfrJwafofCJBdHdsswendaCIKqgfBeaCebvafwendaqJDafmmeK",117,1,75,116,0,116,0,0,0,0,0,43,43,40,40,33,33,41
"3226",25,"[75]GHdwaCJdHoqqpzwafndbCLCecfrJwafofCJBdHdsswendaCIKqgfBeaCebvafwendaqJDafmmeK",111,0.966102,75,118,4,114,4,4,0,4,4,45,41,41,41,32,32,41
"3227",26,"[75]GHdwaCJdHoqqpzwafndbCLCecfrJwafofCJBdHdsswendaCIKqgfBeaCebvafwendaqJDafmmeK",120,0.991736,75,121,1,120,1,1,0,1,1,38,37,39,39,44,44,41
"3228",27,"[75]GHdwaCJdHoqqpzwafndbCLCecfrJwafofCJBdHdsswendaCIKqgfBeaCebvafwendaqJDafmmeK",118,0.991597,75,119,1,118,1,1,0,1,1,38,37,46,46,35,35,41
"3229",28,"[75]GHdwaCJdHoqqpzwafndbCLCecfrJwafofCJBdHdsswendaCIKqgfBeaCebvafwendaqJDafmmeK",125,0.992063,75,126,1,125,1,1,0,1,1,36,35,38,38,52,52,41
"3230",29,"[75]GHdwaCJdHoqqpzwafndbCLCecfrJwafofCJBdHdsswendaCIKqgfBeaCebvafwendaqJDafmmeK",120,1,75,119,0,119,0,0,0,0,0,32,32,44,44,43,43,41
"3231",30,"[75]GHdwaCJdHoqqpzwafndbCLCecfrJwafofCJBdHdsswendaCIKqgfBeaCebvafwendaqJDafmmeK",120,0.991736,75,121,1,120,1,1,0,1,1,43,42,38,38,40,40,41
"3232",31,"[75]GHdwaCJdHoqqpzwafndbCLCecfrJwafofCJBdHdsswendaCIKqgfBeaCebvafwendaqJDafmmeK",116,0.983193,75,119,2,117,2,2,0,2,2,37,35,43,43,39,39,41
"3233",32,"[75]GHdwaCJdHoqqpzwafndbCLCecfrJwafofCJBdHdsswendaCIKqgfBeaCebvafwendaqJDafmmeK",116,0.983193,75,119,2,117,2,2,0,2,2,43,41,38,38,38,38,41
"3234",33,"[75]GHdwaCJdHoqqpzwafndbCLCecfrJwafofCJBdHdsswendaCIKqgfBeaCebvafwendaqJDafmmeK",112,1,75,111,0,111,0,0,0,0,0,48,48,41,41,22,22,41
"3235",34,"[75]GHdwaCJdHoqqpzwafndbCLCecfrJwafofCJBdHdsswendaCIKqgfBeaCebvafwendaqJDafmmeK",122,1,75,121,0,121,0,0,0,0,0,50,50,31,31,40,40,41
"3236",35,"[75]GHdwaCJdHoqqpzwafndbCLCecfrJwafofCJBdHdsswendaCIKqgfBeaCebvafwendaqJDafmmeK",121,1,75,120,0,120,0,0,0,0,0,37,37,42,42,41,41,41
"3237",36,"[75]GHdwaCJdHoqqpzwafndbCLCecfrJwafofCJBdHdsswendaCIKqgfBeaCebvafwendaqJDafmmeK",122,1,75,121,0,121,0,0,0,0,0,47,47,33,33,41,41,41
"3238",37,"[75]GHdwaCJdHoqqpzwafndbCLCecfrJwafofCJBdHdsswendaCIKqgfBeaCebvafwendaqJDafmmeK",123,1,75,122,0,122,0,0,0,0,0,44,44,35,35,43,43,41
"3239",38,"[75]GHdwaCJdHoqqpzwafndbCLCecfrJwafofCJBdHdsswendaCIKqgfBeaCebvafwendaqJDafmmeK",117,0.991525,75,118,1,117,1,1,0,1,1,40,39,40,40,38,38,41
"3240",39,"[75]GHdwaCJdHoqqpzwafndbCLCecfrJwafofCJBdHdsswendaCIKqgfBeaCebvafwendaqJDafmmeK",118,0.983471,75,121,2,119,2,2,0,2,2,43,41,39,39,39,39,41
"3241",40,"[75]GHdwaCJdHoqqpzwafndbCLCecfrJwafofCJBdHdsswendaCIKqgfBeaCebvafwendaqJDafmmeK",123,1,75,122,0,122,0,0,0,0,0,40,40,36,36,46,46,41
"3242",41,"[75]GHdwaCJdHoqqpzwafndbCLCecfrJwafofCJBdHdsswendaCIKqgfBeaCebvafwendaqJDafmmeK",119,1,75,118,0,118,0,0,0,0,0,36,36,44,44,38,38,41
"3243",42,"[75]GHdwaCJdHoqqpzwafndbCLCecfrJwafofCJBdHdsswendaCIKqgfBeaCebvafwendaqJDafmmeK",120,1,75,119,0,119,0,0,0,0,0,40,40,39,39,40,40,41
"3244",43,"[75]GHdwaCJdHoqqpzwafndbCLCecfrJwafofCJBdHdsswendaCIKqgfBeaCebvafwendaqJDafmmeK",119,1,75,118,0,118,0,0,0,0,0,39,39,41,41,38,38,41
"3245",44,"[75]GHdwaCJdHoqqpzwafndbCLCecfrJwafofCJBdHdsswendaCIKqgfBeaCebvafwendaqJDafmmeK",121,1,75,120,0,120,0,0,0,0,0,38,38,40,40,42,42,41
"3246",45,"[75]GHdwaCJdHoqqpzwafndbCLCecfrJwafofCJBdHdsswendaCIKqgfBeaCebvafwendaqJDafmmeK",117,0.991525,75,118,1,117,1,1,0,1,1,49,48,35,35,34,34,41
"3247",46,"[75]GHdwaCJdHoqqpzwafndbCLCecfrJwafofCJBdHdsswendaCIKqgfBeaCebvafwendaqJDafmmeK",119,1,75,118,0,118,0,0,0,0,0,40,40,39,39,39,39,41
"3248",47,"[75]GHdwaCJdHoqqpzwafndbCLCecfrJwafofCJBdHdsswendaCIKqgfBeaCebvafwendaqJDafmmeK",118,1,75,117,0,117,0,0,0,0,0,46,46,36,36,35,35,41
"3249",48,"[75]GHdwaCJdHoqqpzwafndbCLCecfrJwafofCJBdHdsswendaCIKqgfBeaCebvafwendaqJDafmmeK",122,0.99187,75,123,1,122,1,1,0,1,1,50,49,29,29,44,44,41
"3250",49,"[75]GHdwaCJdHoqqpzwafndbCLCecfrJwafofCJBdHdsswendaCIKqgfBeaCebvafwendaqJDafmmeK",119,1,75,118,0,118,0,0,0,0,0,36,36,43,43,39,39,41
"3251",50,"[75]GHdwaCJdHoqqpzwafndbCLCecfrJwafofCJBdHdsswendaCIKqgfBeaCebvafwendaqJDafmmeK",115,0.991379,75,116,1,115,1,1,0,1,1,42,41,41,41,33,33,41
"3252",51,"[75]GHdwaCJdHoqqpzwafndbCLCecfrJwafofCJBdHdsswendaCIKqgfBeaCebvafwendaqJDafmmeK",113,0.966667,75,120,4,116,4,4,0,4,4,31,27,48,48,41,41,41
"3253",52,"[75]GHdwaCJdHoqqpzwafndbCLCecfrJwafofCJBdHdsswendaCIKqgfBeaCebvafwendaqJDafmmeK",118,0.983471,75,121,2,119,2,2,0,2,2,43,41,38,38,40,40,41
"3254",53,"[75]GHdwaCJdHoqqpzwafndbCLCecfrJwafofCJBdHdsswendaCIKqgfBeaCebvafwendaqJDafmmeK",125,0.992063,75,126,1,125,1,1,0,1,1,38,37,36,36,52,52,41
"3255",54,"[75]GHdwaCJdHoqqpzwafndbCLCecfrJwafofCJBdHdsswendaCIKqgfBeaCebvafwendaqJDafmmeK",121,0.991803,75,122,1,121,1,1,0,1,1,39,38,38,38,45,45,41
"3256",55,"[75]GHdwaCJdHoqqpzwafndbCLCecfrJwafofCJBdHdsswendaCIKqgfBeaCebvafwendaqJDafmmeK",116,0.991453,75,117,1,116,1,1,0,1,1,33,32,50,50,34,34,41
"3257",56,"[75]GHdwaCJdHoqqpzwafndbCLCecfrJwafofCJBdHdsswendaCIKqgfBeaCebvafwendaqJDafmmeK",123,1,75,122,0,122,0,0,0,0,0,43,43,34,34,45,45,41
"3258",57,"[75]GHdwaCJdHoqqpzwafndbCLCecfrJwafofCJBdHdsswendaCIKqgfBeaCebvafwendaqJDafmmeK",117,0.983333,75,120,2,118,2,2,0,2,2,34,32,45,45,41,41,41
"3259",58,"[75]GHdwaCJdHoqqpzwafndbCLCecfrJwafofCJBdHdsswendaCIKqgfBeaCebvafwendaqJDafmmeK",122,1,75,121,0,121,0,0,0,0,0,45,45,34,34,42,42,41
"3260",59,"[75]GHdwaCJdHoqqpzwafndbCLCecfrJwafofCJBdHdsswendaCIKqgfBeaCebvafwendaqJDafmmeK",117,0.991525,75,118,1,117,1,1,0,1,1,43,42,38,38,37,37,41
"3261",60,"[75]GHdwaCJdHoqqpzwafndbCLCecfrJwafofCJBdHdsswendaCIKqgfBeaCebvafwendaqJDafmmeK",122,1,75,121,0,121,0,0,0,0,0,45,45,34,34,42,42,41
"3262",61,"[75]GHdwaCJdHoqqpzwafndbCLCecfrJwafofCJBdHdsswendaCIKqgfBeaCebvafwendaqJDafmmeK",115,1,75,114,0,114,0,0,0,0,0,31,31,51,51,32,32,41
"3263",62,"[75]GHdwaCJdHoqqpzwafndbCLCecfrJwafofCJBdHdsswendaCIKqgfBeaCebvafwendaqJDafmmeK",121,1,75,120,0,120,0,0,0,0,0,45,45,35,35,40,40,41
"3264",63,"[75]GHdwaCJdHoqqpzwafndbCLCecfrJwafofCJBdHdsswendaCIKqgfBeaCebvafwendaqJDafmmeK",125,1,75,124,0,124,0,0,0,0,0,32,32,40,40,52,52,41
"3265",64,"[75]GHdwaCJdHoqqpzwafndbCLCecfrJwafofCJBdHdsswendaCIKqgfBeaCebvafwendaqJDafmmeK",125,1,75,124,0,124,0,0,0,0,0,30,30,42,42,52,52,41
"3266",65,"[75]GHdwaCJdHoqqpzwafndbCLCecfrJwafofCJBdHdsswendaCIKqgfBeaCebvafwendaqJDafmmeK",112,0.974359,75,117,3,114,3,3,0,3,3,35,32,47,47,35,35,41
"3267",66,"[75]GHdwaCJdHoqqpzwafndbCLCecfrJwafofCJBdHdsswendaCIKqgfBeaCebvafwendaqJDafmmeK",125,1,75,124,0,124,0,0,0,0,0,45,45,31,31,48,48,41
"3268",67,"[75]GHdwaCJdHoqqpzwafndbCLCecfrJwafofCJBdHdsswendaCIKqgfBeaCebvafwendaqJDafmmeK",118,0.991597,75,119,1,118,1,1,0,1,1,49,48,34,34,36,36,41
"3269",68,"[75]GHdwaCJdHoqqpzwafndbCLCecfrJwafofCJBdHdsswendaCIKqgfBeaCebvafwendaqJDafmmeK",119,1,75,118,0,118,0,0,0,0,0,51,51,31,31,36,36,41
"3270",69,"[75]GHdwaCJdHoqqpzwafndbCLCecfrJwafofCJBdHdsswendaCIKqgfBeaCebvafwendaqJDafmmeK",118,1,75,117,0,117,0,0,0,0,0,39,39,42,42,36,36,41
"3271",70,"[75]GHdwaCJdHoqqpzwafndbCLCecfrJwafofCJBdHdsswendaCIKqgfBeaCebvafwendaqJDafmmeK",117,0.991525,75,118,1,117,1,1,0,1,1,37,36,43,43,38,38,41
"3272",71,"[75]GHdwaCJdHoqqpzwafndbCLCecfrJwafofCJBdHdsswendaCIKqgfBeaCebvafwendaqJDafmmeK",121,1,75,120,0,120,0,0,0,0,0,41,41,37,37,42,42,41
"3273",72,"[75]GHdwaCJdHoqqpzwafndbCLCecfrJwafofCJBdHdsswendaCIKqgfBeaCebvafwendaqJDafmmeK",120,1,75,119,0,119,0,0,0,0,0,40,40,40,40,39,39,41
"3274",73,"[75]GHdwaCJdHoqqpzwafndbCLCecfrJwafofCJBdHdsswendaCIKqgfBeaCebvafwendaqJDafmmeK",122,0.976378,75,127,3,124,3,3,0,3,3,30,27,42,42,55,55,41
"3275",74,"[75]GHdwaCJdHoqqpzwafndbCLCecfrJwafofCJBdHdsswendaCIKqgfBeaCebvafwendaqJDafmmeK",117,0.991525,75,118,1,117,1,1,0,1,1,36,35,43,43,39,39,41
"3276",75,"[75]GHdwaCJdHoqqpzwafndbCLCecfrJwafofCJBdHdsswendaCIKqgfBeaCebvafwendaqJDafmmeK",122,1,75,121,0,121,0,0,0,0,0,42,42,36,36,43,43,41
"3277",76,"[75]GHdwaCJdHoqqpzwafndbCLCecfrJwafofCJBdHdsswendaCIKqgfBeaCebvafwendaqJDafmmeK",121,1,75,120,0,120,0,0,0,0,0,49,49,31,31,40,40,41
"3278",77,"[75]GHdwaCJdHoqqpzwafndbCLCecfrJwafofCJBdHdsswendaCIKqgfBeaCebvafwendaqJDafmmeK",111,0.982456,75,114,2,112,2,2,0,2,2,36,34,48,48,30,30,41
"3279",78,"[75]GHdwaCJdHoqqpzwafndbCLCecfrJwafofCJBdHdsswendaCIKqgfBeaCebvafwendaqJDafmmeK",118,0.991597,75,119,1,118,1,1,0,1,1,48,47,33,33,38,38,41
"3280",79,"[75]GHdwaCJdHoqqpzwafndbCLCecfrJwafofCJBdHdsswendaCIKqgfBeaCebvafwendaqJDafmmeK",121,1,75,120,0,120,0,0,0,0,0,38,38,39,39,43,43,41
"3281",80,"[75]GHdwaCJdHoqqpzwafndbCLCecfrJwafofCJBdHdsswendaCIKqgfBeaCebvafwendaqJDafmmeK",109,0.990909,75,110,1,109,1,1,0,1,1,40,39,48,48,22,22,41
"3282",81,"[75]GHdwaCJdHoqqpzwafndbCLCecfrJwafofCJBdHdsswendaCIKqgfBeaCebvafwendaqJDafmmeK",114,0.97479,75,119,3,116,3,3,0,3,3,42,39,43,43,34,34,41
"3283",82,"[75]GHdwaCJdHoqqpzwafndbCLCecfrJwafofCJBdHdsswendaCIKqgfBeaCebvafwendaqJDafmmeK",118,0.983471,75,121,2,119,2,2,0,2,2,41,39,38,38,42,42,41
"3284",83,"[75]GHdwaCJdHoqqpzwafndbCLCecfrJwafofCJBdHdsswendaCIKqgfBeaCebvafwendaqJDafmmeK",111,0.974138,75,116,3,113,3,3,0,3,3,39,36,48,48,29,29,41
"3285",84,"[75]GHdwaCJdHoqqpzwafndbCLCecfrJwafofCJBdHdsswendaCIKqgfBeaCebvafwendaqJDafmmeK",116,1,75,115,0,115,0,0,0,0,0,47,47,37,37,31,31,41
"3286",85,"[75]GHdwaCJdHoqqpzwafndbCLCecfrJwafofCJBdHdsswendaCIKqgfBeaCebvafwendaqJDafmmeK",125,1,75,124,0,124,0,0,0,0,0,32,32,39,39,53,53,41
"3287",86,"[75]GHdwaCJdHoqqpzwafndbCLCecfrJwafofCJBdHdsswendaCIKqgfBeaCebvafwendaqJDafmmeK",121,0.991803,75,122,1,121,1,1,0,1,1,48,47,32,32,42,42,41
"3288",87,"[75]GHdwaCJdHoqqpzwafndbCLCecfrJwafofCJBdHdsswendaCIKqgfBeaCebvafwendaqJDafmmeK",117,0.991525,75,118,1,117,1,1,0,1,1,37,36,43,43,38,38,41
"3289",88,"[75]GHdwaCJdHoqqpzwafndbCLCecfrJwafofCJBdHdsswendaCIKqgfBeaCebvafwendaqJDafmmeK",117,1,75,116,0,116,0,0,0,0,0,47,47,36,36,33,33,41
"3290",89,"[75]GHdwaCJdHoqqpzwafndbCLCecfrJwafofCJBdHdsswendaCIKqgfBeaCebvafwendaqJDafmmeK",108,0.973451,75,113,3,110,3,3,0,3,3,37,34,50,50,26,26,41
"3291",90,"[75]GHdwaCJdHoqqpzwafndbCLCecfrJwafofCJBdHdsswendaCIKqgfBeaCebvafwendaqJDafmmeK",120,1,75,119,0,119,0,0,0,0,0,32,32,45,45,42,42,41
"3292",91,"[75]GHdwaCJdHoqqpzwafndbCLCecfrJwafofCJBdHdsswendaCIKqgfBeaCebvafwendaqJDafmmeK",117,0.967742,75,124,4,120,4,4,0,4,4,45,41,35,35,44,44,41
"3293",92,"[75]GHdwaCJdHoqqpzwafndbCLCecfrJwafofCJBdHdsswendaCIKqgfBeaCebvafwendaqJDafmmeK",126,1,75,125,0,125,0,0,0,0,0,44,44,34,34,47,47,41
"3294",93,"[75]GHdwaCJdHoqqpzwafndbCLCecfrJwafofCJBdHdsswendaCIKqgfBeaCebvafwendaqJDafmmeK",119,1,75,118,0,118,0,0,0,0,0,41,41,40,40,37,37,41
"3295",94,"[75]GHdwaCJdHoqqpzwafndbCLCecfrJwafofCJBdHdsswendaCIKqgfBeaCebvafwendaqJDafmmeK",122,0.99187,75,123,1,122,1,1,0,1,1,43,42,33,33,47,47,41
"3296",95,"[75]GHdwaCJdHoqqpzwafndbCLCecfrJwafofCJBdHdsswendaCIKqgfBeaCebvafwendaqJDafmmeK",118,0.991597,75,119,1,118,1,1,0,1,1,41,40,40,40,38,38,41
"3297",96,"[75]GHdwaCJdHoqqpzwafndbCLCecfrJwafofCJBdHdsswendaCIKqgfBeaCebvafwendaqJDafmmeK",110,0.936,75,125,8,117,8,8,0,8,8,40,32,41,41,44,44,41
"3298",97,"[75]GHdwaCJdHoqqpzwafndbCLCecfrJwafofCJBdHdsswendaCIKqgfBeaCebvafwendaqJDafmmeK",119,0.991667,75,120,1,119,1,1,0,1,1,44,43,35,35,41,41,41
"3299",98,"[75]GHdwaCJdHoqqpzwafndbCLCecfrJwafofCJBdHdsswendaCIKqgfBeaCebvafwendaqJDafmmeK",114,0.982906,75,117,2,115,2,2,0,2,2,37,35,46,46,34,34,41
"3300",99,"[75]GHdwaCJdHoqqpzwafndbCLCecfrJwafofCJBdHdsswendaCIKqgfBeaCebvafwendaqJDafmmeK",124,1,75,123,0,123,0,0,0,0,0,36,36,38,38,49,49,41
"3301",0,"[86]GjfffHdwaCqFDslwswtwafndbCLCebKtwafofCJBdHdwandfCIKqBqnmhaFqLpJqjrcwsiafwendqJCabFGkeK",103,0.955357,86,112,5,107,5,5,0,5,5,38,33,37,37,37,37,42
"3302",1,"[86]GjfffHdwaCqFDslwswtwafndbCLCebKtwafofCJBdHdwandfCIKqBqnmhaFqLpJqjrcwsiafwendqJCabFGkeK",109,1,86,108,0,108,0,0,0,0,0,47,47,26,26,35,35,42
"3303",2,"[86]GjfffHdwaCqFDslwswtwafndbCLCebKtwafofCJBdHdwandfCIKqBqnmhaFqLpJqjrcwsiafwendqJCabFGkeK",103,0.981132,86,106,2,104,2,2,0,2,2,34,32,43,43,29,29,42
"3304",3,"[86]GjfffHdwaCqFDslwswtwafndbCLCebKtwafofCJBdHdwandfCIKqBqnmhaFqLpJqjrcwsiafwendqJCabFGkeK",106,0.981651,86,109,2,107,2,2,0,2,2,37,35,36,36,36,36,42
"3305",4,"[86]GjfffHdwaCqFDslwswtwafndbCLCebKtwafofCJBdHdwandfCIKqBqnmhaFqLpJqjrcwsiafwendqJCabFGkeK",105,0.990566,86,106,1,105,1,1,0,1,1,39,38,37,37,30,30,42
"3306",5,"[86]GjfffHdwaCqFDslwswtwafndbCLCebKtwafofCJBdHdwandfCIKqBqnmhaFqLpJqjrcwsiafwendqJCabFGkeK",109,0.990909,86,110,1,109,1,1,0,1,1,34,33,36,36,40,40,42
"3307",6,"[86]GjfffHdwaCqFDslwswtwafndbCLCebKtwafofCJBdHdwandfCIKqBqnmhaFqLpJqjrcwsiafwendqJCabFGkeK",100,0.962617,86,107,4,103,4,4,0,4,4,40,36,39,39,28,28,42
"3308",7,"[86]GjfffHdwaCqFDslwswtwafndbCLCebKtwafofCJBdHdwandfCIKqBqnmhaFqLpJqjrcwsiafwendqJCabFGkeK",107,1,86,106,0,106,0,0,0,0,0,37,37,36,36,33,33,42
"3309",8,"[86]GjfffHdwaCqFDslwswtwafndbCLCebKtwafofCJBdHdwandfCIKqBqnmhaFqLpJqjrcwsiafwendqJCabFGkeK",107,0.990741,86,108,1,107,1,1,0,1,1,29,28,42,42,37,37,42
"3310",9,"[86]GjfffHdwaCqFDslwswtwafndbCLCebKtwafofCJBdHdwandfCIKqBqnmhaFqLpJqjrcwsiafwendqJCabFGkeK",106,1,86,105,0,105,0,0,0,0,0,33,33,41,41,31,31,42
"3311",10,"[86]GjfffHdwaCqFDslwswtwafndbCLCebKtwafofCJBdHdwandfCIKqBqnmhaFqLpJqjrcwsiafwendqJCabFGkeK",109,1,86,108,0,108,0,0,0,0,0,38,38,33,33,37,37,42
"3312",11,"[86]GjfffHdwaCqFDslwswtwafndbCLCebKtwafofCJBdHdwandfCIKqBqnmhaFqLpJqjrcwsiafwendqJCabFGkeK",108,1,86,107,0,107,0,0,0,0,0,36,36,36,36,35,35,42
"3313",12,"[86]GjfffHdwaCqFDslwswtwafndbCLCebKtwafofCJBdHdwandfCIKqBqnmhaFqLpJqjrcwsiafwendqJCabFGkeK",109,1,86,108,0,108,0,0,0,0,0,40,40,32,32,36,36,42
"3314",13,"[86]GjfffHdwaCqFDslwswtwafndbCLCebKtwafofCJBdHdwandfCIKqBqnmhaFqLpJqjrcwsiafwendqJCabFGkeK",111,1,86,110,0,110,0,0,0,0,0,29,29,38,38,43,43,42
"3315",14,"[86]GjfffHdwaCqFDslwswtwafndbCLCebKtwafofCJBdHdwandfCIKqBqnmhaFqLpJqjrcwsiafwendqJCabFGkeK",99,0.953704,86,108,5,103,5,5,0,5,5,42,37,37,37,29,29,42
"3316",15,"[86]GjfffHdwaCqFDslwswtwafndbCLCebKtwafofCJBdHdwandfCIKqBqnmhaFqLpJqjrcwsiafwendqJCabFGkeK",110,1,86,109,0,109,0,0,0,0,0,31,31,39,39,39,39,42
"3317",16,"[86]GjfffHdwaCqFDslwswtwafndbCLCebKtwafofCJBdHdwandfCIKqBqnmhaFqLpJqjrcwsiafwendqJCabFGkeK",110,1,86,109,0,109,0,0,0,0,0,32,32,38,38,39,39,42
"3318",17,"[86]GjfffHdwaCqFDslwswtwafndbCLCebKtwafofCJBdHdwandfCIKqBqnmhaFqLpJqjrcwsiafwendqJCabFGkeK",111,1,86,110,0,110,0,0,0,0,0,38,38,32,32,40,40,42
"3319",18,"[86]GjfffHdwaCqFDslwswtwafndbCLCebKtwafofCJBdHdwandfCIKqBqnmhaFqLpJqjrcwsiafwendqJCabFGkeK",103,0.955357,86,112,5,107,5,5,0,5,5,46,41,30,30,36,36,42
"3320",19,"[86]GjfffHdwaCqFDslwswtwafndbCLCebKtwafofCJBdHdwandfCIKqBqnmhaFqLpJqjrcwsiafwendqJCabFGkeK",107,1,86,106,0,106,0,0,0,0,0,44,44,31,31,31,31,42
"3321",20,"[86]GjfffHdwaCqFDslwswtwafndbCLCebKtwafofCJBdHdwandfCIKqBqnmhaFqLpJqjrcwsiafwendqJCabFGkeK",110,1,86,109,0,109,0,0,0,0,0,55,55,18,18,36,36,42
"3322",21,"[86]GjfffHdwaCqFDslwswtwafndbCLCebKtwafofCJBdHdwandfCIKqBqnmhaFqLpJqjrcwsiafwendqJCabFGkeK",105,0.990566,86,106,1,105,1,1,0,1,1,38,37,38,38,30,30,42
"3323",22,"[86]GjfffHdwaCqFDslwswtwafndbCLCebKtwafofCJBdHdwandfCIKqBqnmhaFqLpJqjrcwsiafwendqJCabFGkeK",111,1,86,110,0,110,0,0,0,0,0,34,34,34,34,42,42,42
"3324",23,"[86]GjfffHdwaCqFDslwswtwafndbCLCebKtwafofCJBdHdwandfCIKqBqnmhaFqLpJqjrcwsiafwendqJCabFGkeK",112,0.99115,86,113,1,112,1,1,0,1,1,35,34,32,32,46,46,42
"3325",24,"[86]GjfffHdwaCqFDslwswtwafndbCLCebKtwafofCJBdHdwandfCIKqBqnmhaFqLpJqjrcwsiafwendqJCabFGkeK",113,1,86,112,0,112,0,0,0,0,0,39,39,27,27,46,46,42
"3326",25,"[86]GjfffHdwaCqFDslwswtwafndbCLCebKtwafofCJBdHdwandfCIKqBqnmhaFqLpJqjrcwsiafwendqJCabFGkeK",111,1,86,110,0,110,0,0,0,0,0,45,45,25,25,40,40,42
"3327",26,"[86]GjfffHdwaCqFDslwswtwafndbCLCebKtwafofCJBdHdwandfCIKqBqnmhaFqLpJqjrcwsiafwendqJCabFGkeK",107,1,86,106,0,106,0,0,0,0,0,40,40,33,33,33,33,42
"3328",27,"[86]GjfffHdwaCqFDslwswtwafndbCLCebKtwafofCJBdHdwandfCIKqBqnmhaFqLpJqjrcwsiafwendqJCabFGkeK",110,1,86,109,0,109,0,0,0,0,0,34,34,36,36,39,39,42
"3329",28,"[86]GjfffHdwaCqFDslwswtwafndbCLCebKtwafofCJBdHdwandfCIKqBqnmhaFqLpJqjrcwsiafwendqJCabFGkeK",105,1,86,104,0,104,0,0,0,0,0,43,43,34,34,27,27,42
"3330",29,"[86]GjfffHdwaCqFDslwswtwafndbCLCebKtwafofCJBdHdwandfCIKqBqnmhaFqLpJqjrcwsiafwendqJCabFGkeK",112,1,86,111,0,111,0,0,0,0,0,41,41,27,27,43,43,42
"3331",30,"[86]GjfffHdwaCqFDslwswtwafndbCLCebKtwafofCJBdHdwandfCIKqBqnmhaFqLpJqjrcwsiafwendqJCabFGkeK",105,0.981481,86,108,2,106,2,2,0,2,2,38,36,36,36,34,34,42
"3332",31,"[86]GjfffHdwaCqFDslwswtwafndbCLCebKtwafofCJBdHdwandfCIKqBqnmhaFqLpJqjrcwsiafwendqJCabFGkeK",110,1,86,109,0,109,0,0,0,0,0,34,34,35,35,40,40,42
"3333",32,"[86]GjfffHdwaCqFDslwswtwafndbCLCebKtwafofCJBdHdwandfCIKqBqnmhaFqLpJqjrcwsiafwendqJCabFGkeK",106,0.990654,86,107,1,106,1,1,0,1,1,38,37,35,35,34,34,42
"3334",33,"[86]GjfffHdwaCqFDslwswtwafndbCLCebKtwafofCJBdHdwandfCIKqBqnmhaFqLpJqjrcwsiafwendqJCabFGkeK",113,1,86,112,0,112,0,0,0,0,0,32,32,35,35,45,45,42
"3335",34,"[86]GjfffHdwaCqFDslwswtwafndbCLCebKtwafofCJBdHdwandfCIKqBqnmhaFqLpJqjrcwsiafwendqJCabFGkeK",109,0.982143,86,112,2,110,2,2,0,2,2,42,40,29,29,41,41,42
"3336",35,"[86]GjfffHdwaCqFDslwswtwafndbCLCebKtwafofCJBdHdwandfCIKqBqnmhaFqLpJqjrcwsiafwendqJCabFGkeK",113,1,86,112,0,112,0,0,0,0,0,31,31,36,36,45,45,42
"3337",36,"[86]GjfffHdwaCqFDslwswtwafndbCLCebKtwafofCJBdHdwandfCIKqBqnmhaFqLpJqjrcwsiafwendqJCabFGkeK",108,1,86,107,0,107,0,0,0,0,0,43,43,31,31,33,33,42
"3338",37,"[86]GjfffHdwaCqFDslwswtwafndbCLCebKtwafofCJBdHdwandfCIKqBqnmhaFqLpJqjrcwsiafwendqJCabFGkeK",107,0.990741,86,108,1,107,1,1,0,1,1,28,27,43,43,37,37,42
"3339",38,"[86]GjfffHdwaCqFDslwswtwafndbCLCebKtwafofCJBdHdwandfCIKqBqnmhaFqLpJqjrcwsiafwendqJCabFGkeK",106,0.990654,86,107,1,106,1,1,0,1,1,39,38,36,36,32,32,42
"3340",39,"[86]GjfffHdwaCqFDslwswtwafndbCLCebKtwafofCJBdHdwandfCIKqBqnmhaFqLpJqjrcwsiafwendqJCabFGkeK",108,0.981982,86,111,2,109,2,2,0,2,2,35,33,35,35,41,41,42
"3341",40,"[86]GjfffHdwaCqFDslwswtwafndbCLCebKtwafofCJBdHdwandfCIKqBqnmhaFqLpJqjrcwsiafwendqJCabFGkeK",108,0.990826,86,109,1,108,1,1,0,1,1,48,47,26,26,35,35,42
"3342",41,"[86]GjfffHdwaCqFDslwswtwafndbCLCebKtwafofCJBdHdwandfCIKqBqnmhaFqLpJqjrcwsiafwendqJCabFGkeK",101,0.990196,86,102,1,101,1,1,0,1,1,35,34,44,44,23,23,42
"3343",42,"[86]GjfffHdwaCqFDslwswtwafndbCLCebKtwafofCJBdHdwandfCIKqBqnmhaFqLpJqjrcwsiafwendqJCabFGkeK",112,1,86,111,0,111,0,0,0,0,0,31,31,37,37,43,43,42
"3344",43,"[86]GjfffHdwaCqFDslwswtwafndbCLCebKtwafofCJBdHdwandfCIKqBqnmhaFqLpJqjrcwsiafwendqJCabFGkeK",112,1,86,111,0,111,0,0,0,0,0,38,38,29,29,44,44,42
"3345",44,"[86]GjfffHdwaCqFDslwswtwafndbCLCebKtwafofCJBdHdwandfCIKqBqnmhaFqLpJqjrcwsiafwendqJCabFGkeK",109,0.982143,86,112,2,110,2,2,0,2,2,32,30,38,38,42,42,42
"3346",45,"[86]GjfffHdwaCqFDslwswtwafndbCLCebKtwafofCJBdHdwandfCIKqBqnmhaFqLpJqjrcwsiafwendqJCabFGkeK",110,0.990991,86,111,1,110,1,1,0,1,1,34,33,36,36,41,41,42
"3347",46,"[86]GjfffHdwaCqFDslwswtwafndbCLCebKtwafofCJBdHdwandfCIKqBqnmhaFqLpJqjrcwsiafwendqJCabFGkeK",109,0.990909,86,110,1,109,1,1,0,1,1,38,37,33,33,39,39,42
"3348",47,"[86]GjfffHdwaCqFDslwswtwafndbCLCebKtwafofCJBdHdwandfCIKqBqnmhaFqLpJqjrcwsiafwendqJCabFGkeK",104,0.955752,86,113,5,108,5,5,0,5,5,42,37,31,31,40,40,42
"3349",48,"[86]GjfffHdwaCqFDslwswtwafndbCLCebKtwafofCJBdHdwandfCIKqBqnmhaFqLpJqjrcwsiafwendqJCabFGkeK",109,1,86,108,0,108,0,0,0,0,0,31,31,39,39,38,38,42
"3350",49,"[86]GjfffHdwaCqFDslwswtwafndbCLCebKtwafofCJBdHdwandfCIKqBqnmhaFqLpJqjrcwsiafwendqJCabFGkeK",107,0.990741,86,108,1,107,1,1,0,1,1,32,31,40,40,36,36,42
"3351",50,"[86]GjfffHdwaCqFDslwswtwafndbCLCebKtwafofCJBdHdwandfCIKqBqnmhaFqLpJqjrcwsiafwendqJCabFGkeK",105,0.990566,86,106,1,105,1,1,0,1,1,40,39,35,35,31,31,42
"3352",51,"[86]GjfffHdwaCqFDslwswtwafndbCLCebKtwafofCJBdHdwandfCIKqBqnmhaFqLpJqjrcwsiafwendqJCabFGkeK",105,0.972727,86,110,3,107,3,3,0,3,3,34,31,39,39,37,37,42
"3353",52,"[86]GjfffHdwaCqFDslwswtwafndbCLCebKtwafofCJBdHdwandfCIKqBqnmhaFqLpJqjrcwsiafwendqJCabFGkeK",99,0.9375,86,112,7,105,7,7,0,7,7,35,28,41,41,36,36,42
"3354",53,"[86]GjfffHdwaCqFDslwswtwafndbCLCebKtwafofCJBdHdwandfCIKqBqnmhaFqLpJqjrcwsiafwendqJCabFGkeK",112,1,86,111,0,111,0,0,0,0,0,34,34,34,34,43,43,42
"3355",54,"[86]GjfffHdwaCqFDslwswtwafndbCLCebKtwafofCJBdHdwandfCIKqBqnmhaFqLpJqjrcwsiafwendqJCabFGkeK",107,1,86,106,0,106,0,0,0,0,0,40,40,33,33,33,33,42
"3356",55,"[86]GjfffHdwaCqFDslwswtwafndbCLCebKtwafofCJBdHdwandfCIKqBqnmhaFqLpJqjrcwsiafwendqJCabFGkeK",107,1,86,106,0,106,0,0,0,0,0,36,36,38,38,32,32,42
"3357",56,"[86]GjfffHdwaCqFDslwswtwafndbCLCebKtwafofCJBdHdwandfCIKqBqnmhaFqLpJqjrcwsiafwendqJCabFGkeK",104,0.972477,86,109,3,106,3,3,0,3,3,30,27,43,43,36,36,42
"3358",57,"[86]GjfffHdwaCqFDslwswtwafndbCLCebKtwafofCJBdHdwandfCIKqBqnmhaFqLpJqjrcwsiafwendqJCabFGkeK",104,0.990476,86,105,1,104,1,1,0,1,1,39,38,37,37,29,29,42
"3359",58,"[86]GjfffHdwaCqFDslwswtwafndbCLCebKtwafofCJBdHdwandfCIKqBqnmhaFqLpJqjrcwsiafwendqJCabFGkeK",103,0.990385,86,104,1,103,1,1,0,1,1,34,33,42,42,28,28,42
"3360",59,"[86]GjfffHdwaCqFDslwswtwafndbCLCebKtwafofCJBdHdwandfCIKqBqnmhaFqLpJqjrcwsiafwendqJCabFGkeK",104,0.990476,86,105,1,104,1,1,0,1,1,37,36,39,39,29,29,42
"3361",60,"[86]GjfffHdwaCqFDslwswtwafndbCLCebKtwafofCJBdHdwandfCIKqBqnmhaFqLpJqjrcwsiafwendqJCabFGkeK",104,1,86,103,0,103,0,0,0,0,0,35,35,42,42,26,26,42
"3362",61,"[86]GjfffHdwaCqFDslwswtwafndbCLCebKtwafofCJBdHdwandfCIKqBqnmhaFqLpJqjrcwsiafwendqJCabFGkeK",112,1,86,111,0,111,0,0,0,0,0,35,35,32,32,44,44,42
"3363",62,"[86]GjfffHdwaCqFDslwswtwafndbCLCebKtwafofCJBdHdwandfCIKqBqnmhaFqLpJqjrcwsiafwendqJCabFGkeK",107,1,86,106,0,106,0,0,0,0,0,32,32,40,40,34,34,42
"3364",63,"[86]GjfffHdwaCqFDslwswtwafndbCLCebKtwafofCJBdHdwandfCIKqBqnmhaFqLpJqjrcwsiafwendqJCabFGkeK",107,0.973214,86,112,3,109,3,3,0,3,3,34,31,36,36,42,42,42
"3365",64,"[86]GjfffHdwaCqFDslwswtwafndbCLCebKtwafofCJBdHdwandfCIKqBqnmhaFqLpJqjrcwsiafwendqJCabFGkeK",103,0.990385,86,104,1,103,1,1,0,1,1,42,41,36,36,26,26,42
"3366",65,"[86]GjfffHdwaCqFDslwswtwafndbCLCebKtwafofCJBdHdwandfCIKqBqnmhaFqLpJqjrcwsiafwendqJCabFGkeK",103,0.972222,86,108,3,105,3,3,0,3,3,35,32,41,41,32,32,42
"3367",66,"[86]GjfffHdwaCqFDslwswtwafndbCLCebKtwafofCJBdHdwandfCIKqBqnmhaFqLpJqjrcwsiafwendqJCabFGkeK",106,1,86,105,0,105,0,0,0,0,0,44,44,31,31,30,30,42
"3368",67,"[86]GjfffHdwaCqFDslwswtwafndbCLCebKtwafofCJBdHdwandfCIKqBqnmhaFqLpJqjrcwsiafwendqJCabFGkeK",104,0.990476,86,105,1,104,1,1,0,1,1,40,39,36,36,29,29,42
"3369",68,"[86]GjfffHdwaCqFDslwswtwafndbCLCebKtwafofCJBdHdwandfCIKqBqnmhaFqLpJqjrcwsiafwendqJCabFGkeK",108,1,86,107,0,107,0,0,0,0,0,36,36,36,36,35,35,42
"3370",69,"[86]GjfffHdwaCqFDslwswtwafndbCLCebKtwafofCJBdHdwandfCIKqBqnmhaFqLpJqjrcwsiafwendqJCabFGkeK",106,0.990654,86,107,1,106,1,1,0,1,1,42,41,32,32,33,33,42
"3371",70,"[86]GjfffHdwaCqFDslwswtwafndbCLCebKtwafofCJBdHdwandfCIKqBqnmhaFqLpJqjrcwsiafwendqJCabFGkeK",111,1,86,110,0,110,0,0,0,0,0,37,37,32,32,41,41,42
"3372",71,"[86]GjfffHdwaCqFDslwswtwafndbCLCebKtwafofCJBdHdwandfCIKqBqnmhaFqLpJqjrcwsiafwendqJCabFGkeK",111,1,86,110,0,110,0,0,0,0,0,32,32,37,37,41,41,42
"3373",72,"[86]GjfffHdwaCqFDslwswtwafndbCLCebKtwafofCJBdHdwandfCIKqBqnmhaFqLpJqjrcwsiafwendqJCabFGkeK",108,1,86,107,0,107,0,0,0,0,0,31,31,41,41,35,35,42
"3374",73,"[86]GjfffHdwaCqFDslwswtwafndbCLCebKtwafofCJBdHdwandfCIKqBqnmhaFqLpJqjrcwsiafwendqJCabFGkeK",109,0.990909,86,110,1,109,1,1,0,1,1,32,31,38,38,40,40,42
"3375",74,"[86]GjfffHdwaCqFDslwswtwafndbCLCebKtwafofCJBdHdwandfCIKqBqnmhaFqLpJqjrcwsiafwendqJCabFGkeK",106,1,86,105,0,105,0,0,0,0,0,37,37,37,37,31,31,42
"3376",75,"[86]GjfffHdwaCqFDslwswtwafndbCLCebKtwafofCJBdHdwandfCIKqBqnmhaFqLpJqjrcwsiafwendqJCabFGkeK",108,0.990826,86,109,1,108,1,1,0,1,1,33,32,38,38,38,38,42
"3377",76,"[86]GjfffHdwaCqFDslwswtwafndbCLCebKtwafofCJBdHdwandfCIKqBqnmhaFqLpJqjrcwsiafwendqJCabFGkeK",103,0.981132,86,106,2,104,2,2,0,2,2,28,26,47,47,31,31,42
"3378",77,"[86]GjfffHdwaCqFDslwswtwafndbCLCebKtwafofCJBdHdwandfCIKqBqnmhaFqLpJqjrcwsiafwendqJCabFGkeK",111,1,86,110,0,110,0,0,0,0,0,37,37,31,31,42,42,42
"3379",78,"[86]GjfffHdwaCqFDslwswtwafndbCLCebKtwafofCJBdHdwandfCIKqBqnmhaFqLpJqjrcwsiafwendqJCabFGkeK",109,0.990909,86,110,1,109,1,1,0,1,1,35,34,35,35,40,40,42
"3380",79,"[86]GjfffHdwaCqFDslwswtwafndbCLCebKtwafofCJBdHdwandfCIKqBqnmhaFqLpJqjrcwsiafwendqJCabFGkeK",104,1,86,103,0,103,0,0,0,0,0,36,36,40,40,27,27,42
"3381",80,"[86]GjfffHdwaCqFDslwswtwafndbCLCebKtwafofCJBdHdwandfCIKqBqnmhaFqLpJqjrcwsiafwendqJCabFGkeK",108,1,86,107,0,107,0,0,0,0,0,27,27,45,45,35,35,42
"3382",81,"[86]GjfffHdwaCqFDslwswtwafndbCLCebKtwafofCJBdHdwandfCIKqBqnmhaFqLpJqjrcwsiafwendqJCabFGkeK",108,1,86,107,0,107,0,0,0,0,0,39,39,34,34,34,34,42
"3383",82,"[86]GjfffHdwaCqFDslwswtwafndbCLCebKtwafofCJBdHdwandfCIKqBqnmhaFqLpJqjrcwsiafwendqJCabFGkeK",108,1,86,107,0,107,0,0,0,0,0,35,35,38,38,34,34,42
"3384",83,"[86]GjfffHdwaCqFDslwswtwafndbCLCebKtwafofCJBdHdwandfCIKqBqnmhaFqLpJqjrcwsiafwendqJCabFGkeK",105,0.981481,86,108,2,106,2,2,0,2,2,30,28,44,44,34,34,42
"3385",84,"[86]GjfffHdwaCqFDslwswtwafndbCLCebKtwafofCJBdHdwandfCIKqBqnmhaFqLpJqjrcwsiafwendqJCabFGkeK",109,0.990909,86,110,1,109,1,1,0,1,1,34,33,36,36,40,40,42
"3386",85,"[86]GjfffHdwaCqFDslwswtwafndbCLCebKtwafofCJBdHdwandfCIKqBqnmhaFqLpJqjrcwsiafwendqJCabFGkeK",112,1,86,111,0,111,0,0,0,0,0,42,42,27,27,42,42,42
"3387",86,"[86]GjfffHdwaCqFDslwswtwafndbCLCebKtwafofCJBdHdwandfCIKqBqnmhaFqLpJqjrcwsiafwendqJCabFGkeK",100,0.962617,86,107,4,103,4,4,0,4,4,37,33,41,41,29,29,42
"3388",87,"[86]GjfffHdwaCqFDslwswtwafndbCLCebKtwafofCJBdHdwandfCIKqBqnmhaFqLpJqjrcwsiafwendqJCabFGkeK",107,1,86,106,0,106,0,0,0,0,0,39,39,35,35,32,32,42
"3389",88,"[86]GjfffHdwaCqFDslwswtwafndbCLCebKtwafofCJBdHdwandfCIKqBqnmhaFqLpJqjrcwsiafwendqJCabFGkeK",106,1,86,105,0,105,0,0,0,0,0,37,37,38,38,30,30,42
"3390",89,"[86]GjfffHdwaCqFDslwswtwafndbCLCebKtwafofCJBdHdwandfCIKqBqnmhaFqLpJqjrcwsiafwendqJCabFGkeK",106,0.990654,86,107,1,106,1,1,0,1,1,28,27,44,44,35,35,42
"3391",90,"[86]GjfffHdwaCqFDslwswtwafndbCLCebKtwafofCJBdHdwandfCIKqBqnmhaFqLpJqjrcwsiafwendqJCabFGkeK",113,1,86,112,0,112,0,0,0,0,0,38,38,28,28,46,46,42
"3392",91,"[86]GjfffHdwaCqFDslwswtwafndbCLCebKtwafofCJBdHdwandfCIKqBqnmhaFqLpJqjrcwsiafwendqJCabFGkeK",107,0.990741,86,108,1,107,1,1,0,1,1,31,30,42,42,35,35,42
"3393",92,"[86]GjfffHdwaCqFDslwswtwafndbCLCebKtwafofCJBdHdwandfCIKqBqnmhaFqLpJqjrcwsiafwendqJCabFGkeK",110,1,86,109,0,109,0,0,0,0,0,33,33,36,36,40,40,42
"3394",93,"[86]GjfffHdwaCqFDslwswtwafndbCLCebKtwafofCJBdHdwandfCIKqBqnmhaFqLpJqjrcwsiafwendqJCabFGkeK",100,0.980583,86,103,2,101,2,2,0,2,2,36,34,44,44,23,23,42
"3395",94,"[86]GjfffHdwaCqFDslwswtwafndbCLCebKtwafofCJBdHdwandfCIKqBqnmhaFqLpJqjrcwsiafwendqJCabFGkeK",108,1,86,107,0,107,0,0,0,0,0,40,40,32,32,35,35,42
"3396",95,"[86]GjfffHdwaCqFDslwswtwafndbCLCebKtwafofCJBdHdwandfCIKqBqnmhaFqLpJqjrcwsiafwendqJCabFGkeK",109,1,86,108,0,108,0,0,0,0,0,36,36,35,35,37,37,42
"3397",96,"[86]GjfffHdwaCqFDslwswtwafndbCLCebKtwafofCJBdHdwandfCIKqBqnmhaFqLpJqjrcwsiafwendqJCabFGkeK",109,0.990909,86,110,1,109,1,1,0,1,1,46,45,25,25,39,39,42
"3398",97,"[86]GjfffHdwaCqFDslwswtwafndbCLCebKtwafofCJBdHdwandfCIKqBqnmhaFqLpJqjrcwsiafwendqJCabFGkeK",107,1,86,106,0,106,0,0,0,0,0,35,35,38,38,33,33,42
"3399",98,"[86]GjfffHdwaCqFDslwswtwafndbCLCebKtwafofCJBdHdwandfCIKqBqnmhaFqLpJqjrcwsiafwendqJCabFGkeK",111,0.974138,86,116,3,113,3,3,0,3,3,29,26,37,37,50,50,42
"3400",99,"[86]GjfffHdwaCqFDslwswtwafndbCLCebKtwafofCJBdHdwandfCIKqBqnmhaFqLpJqjrcwsiafwendqJCabFGkeK",103,0.981132,86,106,2,104,2,2,0,2,2,37,35,39,39,30,30,42
"3401",0,"[82]GvCfeHdwaCEzIoctrEedwafndbCLCabIwwafofCJBdxHdwendaCIKquHAGcEyBeaCacuafwendaqJCabeK",116,1,82,115,0,115,0,0,0,0,0,36,36,34,34,45,45,43
"3402",1,"[82]GvCfeHdwaCEzIoctrEedwafndbCLCabIwwafofCJBdxHdwendaCIKquHAGcEyBeaCacuafwendaqJCabeK",112,1,82,111,0,111,0,0,0,0,0,40,40,35,35,36,36,43
"3403",2,"[82]GvCfeHdwaCEzIoctrEedwafndbCLCabIwwafofCJBdxHdwendaCIKquHAGcEyBeaCacuafwendaqJCabeK",102,0.946903,82,113,6,107,6,6,0,6,6,34,28,44,44,35,35,43
"3404",3,"[82]GvCfeHdwaCEzIoctrEedwafndbCLCabIwwafofCJBdxHdwendaCIKquHAGcEyBeaCacuafwendaqJCabeK",119,0.991667,82,120,1,119,1,1,0,1,1,40,39,33,33,47,47,43
"3405",4,"[82]GvCfeHdwaCEzIoctrEedwafndbCLCabIwwafofCJBdxHdwendaCIKquHAGcEyBeaCacuafwendaqJCabeK",114,0.991304,82,115,1,114,1,1,0,1,1,36,35,41,41,38,38,43
"3406",5,"[82]GvCfeHdwaCEzIoctrEedwafndbCLCabIwwafofCJBdxHdwendaCIKquHAGcEyBeaCacuafwendaqJCabeK",109,0.990909,82,110,1,109,1,1,0,1,1,39,38,40,40,31,31,43
"3407",6,"[82]GvCfeHdwaCEzIoctrEedwafndbCLCabIwwafofCJBdxHdwendaCIKquHAGcEyBeaCacuafwendaqJCabeK",123,1,82,122,0,122,0,0,0,0,0,36,36,31,31,55,55,43
"3408",7,"[82]GvCfeHdwaCEzIoctrEedwafndbCLCabIwwafofCJBdxHdwendaCIKquHAGcEyBeaCacuafwendaqJCabeK",109,1,82,108,0,108,0,0,0,0,0,39,39,36,36,33,33,43
"3409",8,"[82]GvCfeHdwaCEzIoctrEedwafndbCLCabIwwafofCJBdxHdwendaCIKquHAGcEyBeaCacuafwendaqJCabeK",110,1,82,109,0,109,0,0,0,0,0,40,40,38,38,31,31,43
"3410",9,"[82]GvCfeHdwaCEzIoctrEedwafndbCLCabIwwafofCJBdxHdwendaCIKquHAGcEyBeaCacuafwendaqJCabeK",113,0.982759,82,116,2,114,2,2,0,2,2,34,32,37,37,45,45,43
"3411",10,"[82]GvCfeHdwaCEzIoctrEedwafndbCLCabIwwafofCJBdxHdwendaCIKquHAGcEyBeaCacuafwendaqJCabeK",107,0.964912,82,114,4,110,4,4,0,4,4,44,40,37,37,33,33,43
"3412",11,"[82]GvCfeHdwaCEzIoctrEedwafndbCLCabIwwafofCJBdxHdwendaCIKquHAGcEyBeaCacuafwendaqJCabeK",111,0.991071,82,112,1,111,1,1,0,1,1,45,44,38,38,29,29,43
"3413",12,"[82]GvCfeHdwaCEzIoctrEedwafndbCLCabIwwafofCJBdxHdwendaCIKquHAGcEyBeaCacuafwendaqJCabeK",116,1,82,115,0,115,0,0,0,0,0,41,41,30,30,44,44,43
"3414",13,"[82]GvCfeHdwaCEzIoctrEedwafndbCLCabIwwafofCJBdxHdwendaCIKquHAGcEyBeaCacuafwendaqJCabeK",117,0.983333,82,120,2,118,2,2,0,2,2,50,48,26,26,44,44,43
"3415",14,"[82]GvCfeHdwaCEzIoctrEedwafndbCLCabIwwafofCJBdxHdwendaCIKquHAGcEyBeaCacuafwendaqJCabeK",101,1,82,100,0,100,0,0,0,0,0,31,31,48,48,21,21,43
"3416",15,"[82]GvCfeHdwaCEzIoctrEedwafndbCLCabIwwafofCJBdxHdwendaCIKquHAGcEyBeaCacuafwendaqJCabeK",109,0.965517,82,116,4,112,4,4,0,4,4,49,45,32,32,35,35,43
"3417",16,"[82]GvCfeHdwaCEzIoctrEedwafndbCLCabIwwafofCJBdxHdwendaCIKquHAGcEyBeaCacuafwendaqJCabeK",110,1,82,109,0,109,0,0,0,0,0,37,37,37,37,35,35,43
"3418",17,"[82]GvCfeHdwaCEzIoctrEedwafndbCLCabIwwafofCJBdxHdwendaCIKquHAGcEyBeaCacuafwendaqJCabeK",106,1,82,105,0,105,0,0,0,0,0,44,44,36,36,25,25,43
"3419",18,"[82]GvCfeHdwaCEzIoctrEedwafndbCLCabIwwafofCJBdxHdwendaCIKquHAGcEyBeaCacuafwendaqJCabeK",110,0.982301,82,113,2,111,2,2,0,2,2,35,33,45,45,33,33,43
"3420",19,"[82]GvCfeHdwaCEzIoctrEedwafndbCLCabIwwafofCJBdxHdwendaCIKquHAGcEyBeaCacuafwendaqJCabeK",117,0.991525,82,118,1,117,1,1,0,1,1,37,36,33,33,48,48,43
"3421",20,"[82]GvCfeHdwaCEzIoctrEedwafndbCLCabIwwafofCJBdxHdwendaCIKquHAGcEyBeaCacuafwendaqJCabeK",114,1,82,113,0,113,0,0,0,0,0,32,32,40,40,41,41,43
"3422",21,"[82]GvCfeHdwaCEzIoctrEedwafndbCLCabIwwafofCJBdxHdwendaCIKquHAGcEyBeaCacuafwendaqJCabeK",111,0.991071,82,112,1,111,1,1,0,1,1,49,48,29,29,34,34,43
"3423",22,"[82]GvCfeHdwaCEzIoctrEedwafndbCLCabIwwafofCJBdxHdwendaCIKquHAGcEyBeaCacuafwendaqJCabeK",109,1,82,108,0,108,0,0,0,0,0,32,32,43,43,33,33,43
"3424",23,"[82]GvCfeHdwaCEzIoctrEedwafndbCLCabIwwafofCJBdxHdwendaCIKquHAGcEyBeaCacuafwendaqJCabeK",107,1,82,106,0,106,0,0,0,0,0,41,41,38,38,27,27,43
"3425",24,"[82]GvCfeHdwaCEzIoctrEedwafndbCLCabIwwafofCJBdxHdwendaCIKquHAGcEyBeaCacuafwendaqJCabeK",119,1,82,118,0,118,0,0,0,0,0,31,31,34,34,53,53,43
"3426",25,"[82]GvCfeHdwaCEzIoctrEedwafndbCLCabIwwafofCJBdxHdwendaCIKquHAGcEyBeaCacuafwendaqJCabeK",111,0.991071,82,112,1,111,1,1,0,1,1,49,48,37,37,26,26,43
"3427",26,"[82]GvCfeHdwaCEzIoctrEedwafndbCLCabIwwafofCJBdxHdwendaCIKquHAGcEyBeaCacuafwendaqJCabeK",114,1,82,113,0,113,0,0,0,0,0,36,36,35,35,42,42,43
"3428",27,"[82]GvCfeHdwaCEzIoctrEedwafndbCLCabIwwafofCJBdxHdwendaCIKquHAGcEyBeaCacuafwendaqJCabeK",113,1,82,112,0,112,0,0,0,0,0,37,37,35,35,40,40,43
"3429",28,"[82]GvCfeHdwaCEzIoctrEedwafndbCLCabIwwafofCJBdxHdwendaCIKquHAGcEyBeaCacuafwendaqJCabeK",109,0.990909,82,110,1,109,1,1,0,1,1,38,37,42,42,30,30,43
"3430",29,"[82]GvCfeHdwaCEzIoctrEedwafndbCLCabIwwafofCJBdxHdwendaCIKquHAGcEyBeaCacuafwendaqJCabeK",114,1,82,113,0,113,0,0,0,0,0,46,46,37,37,30,30,43
"3431",30,"[82]GvCfeHdwaCEzIoctrEedwafndbCLCabIwwafofCJBdxHdwendaCIKquHAGcEyBeaCacuafwendaqJCabeK",113,1,82,112,0,112,0,0,0,0,0,34,34,38,38,40,40,43
"3432",31,"[82]GvCfeHdwaCEzIoctrEedwafndbCLCabIwwafofCJBdxHdwendaCIKquHAGcEyBeaCacuafwendaqJCabeK",111,0.982456,82,114,2,112,2,2,0,2,2,36,34,39,39,39,39,43
"3433",32,"[82]GvCfeHdwaCEzIoctrEedwafndbCLCabIwwafofCJBdxHdwendaCIKquHAGcEyBeaCacuafwendaqJCabeK",120,1,82,119,0,119,0,0,0,0,0,39,39,29,29,51,51,43
"3434",33,"[82]GvCfeHdwaCEzIoctrEedwafndbCLCabIwwafofCJBdxHdwendaCIKquHAGcEyBeaCacuafwendaqJCabeK",111,0.974138,82,116,3,113,3,3,0,3,3,41,38,31,31,44,44,43
"3435",34,"[82]GvCfeHdwaCEzIoctrEedwafndbCLCabIwwafofCJBdxHdwendaCIKquHAGcEyBeaCacuafwendaqJCabeK",110,0.990991,82,111,1,110,1,1,0,1,1,35,34,38,38,38,38,43
"3436",35,"[82]GvCfeHdwaCEzIoctrEedwafndbCLCabIwwafofCJBdxHdwendaCIKquHAGcEyBeaCacuafwendaqJCabeK",111,1,82,110,0,110,0,0,0,0,0,47,47,30,30,33,33,43
"3437",36,"[82]GvCfeHdwaCEzIoctrEedwafndbCLCabIwwafofCJBdxHdwendaCIKquHAGcEyBeaCacuafwendaqJCabeK",109,1,82,108,0,108,0,0,0,0,0,42,42,39,39,27,27,43
"3438",37,"[82]GvCfeHdwaCEzIoctrEedwafndbCLCabIwwafofCJBdxHdwendaCIKquHAGcEyBeaCacuafwendaqJCabeK",114,0.991304,82,115,1,114,1,1,0,1,1,43,42,29,29,43,43,43
"3439",38,"[82]GvCfeHdwaCEzIoctrEedwafndbCLCabIwwafofCJBdxHdwendaCIKquHAGcEyBeaCacuafwendaqJCabeK",117,1,82,116,0,116,0,0,0,0,0,42,42,29,29,45,45,43
"3440",39,"[82]GvCfeHdwaCEzIoctrEedwafndbCLCabIwwafofCJBdxHdwendaCIKquHAGcEyBeaCacuafwendaqJCabeK",114,1,82,113,0,113,0,0,0,0,0,33,33,41,41,39,39,43
"3441",40,"[82]GvCfeHdwaCEzIoctrEedwafndbCLCabIwwafofCJBdxHdwendaCIKquHAGcEyBeaCacuafwendaqJCabeK",118,0.97561,82,123,3,120,3,3,0,3,3,40,37,34,34,49,49,43
"3442",41,"[82]GvCfeHdwaCEzIoctrEedwafndbCLCabIwwafofCJBdxHdwendaCIKquHAGcEyBeaCacuafwendaqJCabeK",115,0.983051,82,118,2,116,2,2,0,2,2,43,41,33,33,42,42,43
"3443",42,"[82]GvCfeHdwaCEzIoctrEedwafndbCLCabIwwafofCJBdxHdwendaCIKquHAGcEyBeaCacuafwendaqJCabeK",113,0.991228,82,114,1,113,1,1,0,1,1,42,41,30,30,42,42,43
"3444",43,"[82]GvCfeHdwaCEzIoctrEedwafndbCLCabIwwafofCJBdxHdwendaCIKquHAGcEyBeaCacuafwendaqJCabeK",110,1,82,109,0,109,0,0,0,0,0,37,37,39,39,33,33,43
"3445",44,"[82]GvCfeHdwaCEzIoctrEedwafndbCLCabIwwafofCJBdxHdwendaCIKquHAGcEyBeaCacuafwendaqJCabeK",112,1,82,111,0,111,0,0,0,0,0,37,37,37,37,37,37,43
"3446",45,"[82]GvCfeHdwaCEzIoctrEedwafndbCLCabIwwafofCJBdxHdwendaCIKquHAGcEyBeaCacuafwendaqJCabeK",108,0.981982,82,111,2,109,2,2,0,2,2,37,35,38,38,36,36,43
"3447",46,"[82]GvCfeHdwaCEzIoctrEedwafndbCLCabIwwafofCJBdxHdwendaCIKquHAGcEyBeaCacuafwendaqJCabeK",103,0.972222,82,108,3,105,3,3,0,3,3,42,39,37,37,29,29,43
"3448",47,"[82]GvCfeHdwaCEzIoctrEedwafndbCLCabIwwafofCJBdxHdwendaCIKquHAGcEyBeaCacuafwendaqJCabeK",114,0.982906,82,117,2,115,2,2,0,2,2,33,31,36,36,48,48,43
"3449",48,"[82]GvCfeHdwaCEzIoctrEedwafndbCLCabIwwafofCJBdxHdwendaCIKquHAGcEyBeaCacuafwendaqJCabeK",112,0.99115,82,113,1,112,1,1,0,1,1,30,29,40,40,43,43,43
"3450",49,"[82]GvCfeHdwaCEzIoctrEedwafndbCLCabIwwafofCJBdxHdwendaCIKquHAGcEyBeaCacuafwendaqJCabeK",106,1,82,105,0,105,0,0,0,0,0,42,42,37,37,26,26,43
"3451",50,"[82]GvCfeHdwaCEzIoctrEedwafndbCLCabIwwafofCJBdxHdwendaCIKquHAGcEyBeaCacuafwendaqJCabeK",112,0.99115,82,113,1,112,1,1,0,1,1,35,34,38,38,40,40,43
"3452",51,"[82]GvCfeHdwaCEzIoctrEedwafndbCLCabIwwafofCJBdxHdwendaCIKquHAGcEyBeaCacuafwendaqJCabeK",115,1,82,114,0,114,0,0,0,0,0,41,41,35,35,38,38,43
"3453",52,"[82]GvCfeHdwaCEzIoctrEedwafndbCLCabIwwafofCJBdxHdwendaCIKquHAGcEyBeaCacuafwendaqJCabeK",122,1,82,121,0,121,0,0,0,0,0,47,47,31,31,43,43,43
"3454",53,"[82]GvCfeHdwaCEzIoctrEedwafndbCLCabIwwafofCJBdxHdwendaCIKquHAGcEyBeaCacuafwendaqJCabeK",109,0.973684,82,114,3,111,3,3,0,3,3,39,36,37,37,38,38,43
"3455",54,"[82]GvCfeHdwaCEzIoctrEedwafndbCLCabIwwafofCJBdxHdwendaCIKquHAGcEyBeaCacuafwendaqJCabeK",116,1,82,115,0,115,0,0,0,0,0,32,32,39,39,44,44,43
"3456",55,"[82]GvCfeHdwaCEzIoctrEedwafndbCLCabIwwafofCJBdxHdwendaCIKquHAGcEyBeaCacuafwendaqJCabeK",109,1,82,108,0,108,0,0,0,0,0,39,39,37,37,32,32,43
"3457",56,"[82]GvCfeHdwaCEzIoctrEedwafndbCLCabIwwafofCJBdxHdwendaCIKquHAGcEyBeaCacuafwendaqJCabeK",104,0.990476,82,105,1,104,1,1,0,1,1,38,37,41,41,26,26,43
"3458",57,"[82]GvCfeHdwaCEzIoctrEedwafndbCLCabIwwafofCJBdxHdwendaCIKquHAGcEyBeaCacuafwendaqJCabeK",114,1,82,113,0,113,0,0,0,0,0,48,48,28,28,37,37,43
"3459",58,"[82]GvCfeHdwaCEzIoctrEedwafndbCLCabIwwafofCJBdxHdwendaCIKquHAGcEyBeaCacuafwendaqJCabeK",114,1,82,113,0,113,0,0,0,0,0,42,42,33,33,38,38,43
"3460",59,"[82]GvCfeHdwaCEzIoctrEedwafndbCLCabIwwafofCJBdxHdwendaCIKquHAGcEyBeaCacuafwendaqJCabeK",108,1,82,107,0,107,0,0,0,0,0,40,40,36,36,31,31,43
"3461",60,"[82]GvCfeHdwaCEzIoctrEedwafndbCLCabIwwafofCJBdxHdwendaCIKquHAGcEyBeaCacuafwendaqJCabeK",107,0.973214,82,112,3,109,3,3,0,3,3,45,42,32,32,35,35,43
"3462",61,"[82]GvCfeHdwaCEzIoctrEedwafndbCLCabIwwafofCJBdxHdwendaCIKquHAGcEyBeaCacuafwendaqJCabeK",107,1,82,106,0,106,0,0,0,0,0,34,34,41,41,31,31,43
"3463",62,"[82]GvCfeHdwaCEzIoctrEedwafndbCLCabIwwafofCJBdxHdwendaCIKquHAGcEyBeaCacuafwendaqJCabeK",102,0.971963,82,107,3,104,3,3,0,3,3,41,38,43,43,23,23,43
"3464",63,"[82]GvCfeHdwaCEzIoctrEedwafndbCLCabIwwafofCJBdxHdwendaCIKquHAGcEyBeaCacuafwendaqJCabeK",119,1,82,118,0,118,0,0,0,0,0,38,38,33,33,47,47,43
"3465",64,"[82]GvCfeHdwaCEzIoctrEedwafndbCLCabIwwafofCJBdxHdwendaCIKquHAGcEyBeaCacuafwendaqJCabeK",115,0.991379,82,116,1,115,1,1,0,1,1,39,38,39,39,38,38,43
"3466",65,"[82]GvCfeHdwaCEzIoctrEedwafndbCLCabIwwafofCJBdxHdwendaCIKquHAGcEyBeaCacuafwendaqJCabeK",110,1,82,109,0,109,0,0,0,0,0,32,32,43,43,34,34,43
"3467",66,"[82]GvCfeHdwaCEzIoctrEedwafndbCLCabIwwafofCJBdxHdwendaCIKquHAGcEyBeaCacuafwendaqJCabeK",120,0.991736,82,121,1,120,1,1,0,1,1,49,48,28,28,44,44,43
"3468",67,"[82]GvCfeHdwaCEzIoctrEedwafndbCLCabIwwafofCJBdxHdwendaCIKquHAGcEyBeaCacuafwendaqJCabeK",117,0.983333,82,120,2,118,2,2,0,2,2,33,31,36,36,51,51,43
"3469",68,"[82]GvCfeHdwaCEzIoctrEedwafndbCLCabIwwafofCJBdxHdwendaCIKquHAGcEyBeaCacuafwendaqJCabeK",110,1,82,109,0,109,0,0,0,0,0,41,41,36,36,32,32,43
"3470",69,"[82]GvCfeHdwaCEzIoctrEedwafndbCLCabIwwafofCJBdxHdwendaCIKquHAGcEyBeaCacuafwendaqJCabeK",112,0.99115,82,113,1,112,1,1,0,1,1,40,39,33,33,40,40,43
"3471",70,"[82]GvCfeHdwaCEzIoctrEedwafndbCLCabIwwafofCJBdxHdwendaCIKquHAGcEyBeaCacuafwendaqJCabeK",111,1,82,110,0,110,0,0,0,0,0,35,35,39,39,36,36,43
"3472",71,"[82]GvCfeHdwaCEzIoctrEedwafndbCLCabIwwafofCJBdxHdwendaCIKquHAGcEyBeaCacuafwendaqJCabeK",104,1,82,103,0,103,0,0,0,0,0,44,44,37,37,22,22,43
"3473",72,"[82]GvCfeHdwaCEzIoctrEedwafndbCLCabIwwafofCJBdxHdwendaCIKquHAGcEyBeaCacuafwendaqJCabeK",116,1,82,115,0,115,0,0,0,0,0,41,41,33,33,41,41,43
"3474",73,"[82]GvCfeHdwaCEzIoctrEedwafndbCLCabIwwafofCJBdxHdwendaCIKquHAGcEyBeaCacuafwendaqJCabeK",127,1,82,126,0,126,0,0,0,0,0,46,46,36,36,44,44,43
"3475",74,"[82]GvCfeHdwaCEzIoctrEedwafndbCLCabIwwafofCJBdxHdwendaCIKquHAGcEyBeaCacuafwendaqJCabeK",115,0.991379,82,116,1,115,1,1,0,1,1,43,42,28,28,45,45,43
"3476",75,"[82]GvCfeHdwaCEzIoctrEedwafndbCLCabIwwafofCJBdxHdwendaCIKquHAGcEyBeaCacuafwendaqJCabeK",118,1,82,117,0,117,0,0,0,0,0,43,43,30,30,44,44,43
"3477",76,"[82]GvCfeHdwaCEzIoctrEedwafndbCLCabIwwafofCJBdxHdwendaCIKquHAGcEyBeaCacuafwendaqJCabeK",111,0.982456,82,114,2,112,2,2,0,2,2,37,35,42,42,35,35,43
"3478",77,"[82]GvCfeHdwaCEzIoctrEedwafndbCLCabIwwafofCJBdxHdwendaCIKquHAGcEyBeaCacuafwendaqJCabeK",105,1,82,104,0,104,0,0,0,0,0,37,37,41,41,26,26,43
"3479",78,"[82]GvCfeHdwaCEzIoctrEedwafndbCLCabIwwafofCJBdxHdwendaCIKquHAGcEyBeaCacuafwendaqJCabeK",113,0.991228,82,114,1,113,1,1,0,1,1,40,39,33,33,41,41,43
"3480",79,"[82]GvCfeHdwaCEzIoctrEedwafndbCLCabIwwafofCJBdxHdwendaCIKquHAGcEyBeaCacuafwendaqJCabeK",108,1,82,107,0,107,0,0,0,0,0,37,37,41,41,29,29,43
"3481",80,"[82]GvCfeHdwaCEzIoctrEedwafndbCLCabIwwafofCJBdxHdwendaCIKquHAGcEyBeaCacuafwendaqJCabeK",103,0.972222,82,108,3,105,3,3,0,3,3,32,29,44,44,32,32,43
"3482",81,"[82]GvCfeHdwaCEzIoctrEedwafndbCLCabIwwafofCJBdxHdwendaCIKquHAGcEyBeaCacuafwendaqJCabeK",110,0.990991,82,111,1,110,1,1,0,1,1,35,34,40,40,36,36,43
"3483",82,"[82]GvCfeHdwaCEzIoctrEedwafndbCLCabIwwafofCJBdxHdwendaCIKquHAGcEyBeaCacuafwendaqJCabeK",108,0.981982,82,111,2,109,2,2,0,2,2,43,41,34,34,34,34,43
"3484",83,"[82]GvCfeHdwaCEzIoctrEedwafndbCLCabIwwafofCJBdxHdwendaCIKquHAGcEyBeaCacuafwendaqJCabeK",115,1,82,114,0,114,0,0,0,0,0,36,36,38,38,40,40,43
"3485",84,"[82]GvCfeHdwaCEzIoctrEedwafndbCLCabIwwafofCJBdxHdwendaCIKquHAGcEyBeaCacuafwendaqJCabeK",110,0.973913,82,115,3,112,3,3,0,3,3,37,34,35,35,43,43,43
"3486",85,"[82]GvCfeHdwaCEzIoctrEedwafndbCLCabIwwafofCJBdxHdwendaCIKquHAGcEyBeaCacuafwendaqJCabeK",109,0.990909,82,110,1,109,1,1,0,1,1,26,25,45,45,39,39,43
"3487",86,"[82]GvCfeHdwaCEzIoctrEedwafndbCLCabIwwafofCJBdxHdwendaCIKquHAGcEyBeaCacuafwendaqJCabeK",117,1,82,116,0,116,0,0,0,0,0,43,43,37,37,36,36,43
"3488",87,"[82]GvCfeHdwaCEzIoctrEedwafndbCLCabIwwafofCJBdxHdwendaCIKquHAGcEyBeaCacuafwendaqJCabeK",117,1,82,116,0,116,0,0,0,0,0,42,42,32,32,42,42,43
"3489",88,"[82]GvCfeHdwaCEzIoctrEedwafndbCLCabIwwafofCJBdxHdwendaCIKquHAGcEyBeaCacuafwendaqJCabeK",115,1,82,114,0,114,0,0,0,0,0,42,42,29,29,43,43,43
"3490",89,"[82]GvCfeHdwaCEzIoctrEedwafndbCLCabIwwafofCJBdxHdwendaCIKquHAGcEyBeaCacuafwendaqJCabeK",116,1,82,115,0,115,0,0,0,0,0,42,42,34,34,39,39,43
"3491",90,"[82]GvCfeHdwaCEzIoctrEedwafndbCLCabIwwafofCJBdxHdwendaCIKquHAGcEyBeaCacuafwendaqJCabeK",112,0.982609,82,115,2,113,2,2,0,2,2,43,41,35,35,37,37,43
"3492",91,"[82]GvCfeHdwaCEzIoctrEedwafndbCLCabIwwafofCJBdxHdwendaCIKquHAGcEyBeaCacuafwendaqJCabeK",119,1,82,118,0,118,0,0,0,0,0,35,35,35,35,48,48,43
"3493",92,"[82]GvCfeHdwaCEzIoctrEedwafndbCLCabIwwafofCJBdxHdwendaCIKquHAGcEyBeaCacuafwendaqJCabeK",108,0.990826,82,109,1,108,1,1,0,1,1,42,41,34,34,33,33,43
"3494",93,"[82]GvCfeHdwaCEzIoctrEedwafndbCLCabIwwafofCJBdxHdwendaCIKquHAGcEyBeaCacuafwendaqJCabeK",98,0.936937,82,111,7,104,7,7,0,7,7,34,27,44,44,33,33,43
"3495",94,"[82]GvCfeHdwaCEzIoctrEedwafndbCLCabIwwafofCJBdxHdwendaCIKquHAGcEyBeaCacuafwendaqJCabeK",111,1,82,110,0,110,0,0,0,0,0,27,27,43,43,40,40,43
"3496",95,"[82]GvCfeHdwaCEzIoctrEedwafndbCLCabIwwafofCJBdxHdwendaCIKquHAGcEyBeaCacuafwendaqJCabeK",112,0.982609,82,115,2,113,2,2,0,2,2,28,26,44,44,43,43,43
"3497",96,"[82]GvCfeHdwaCEzIoctrEedwafndbCLCabIwwafofCJBdxHdwendaCIKquHAGcEyBeaCacuafwendaqJCabeK",111,0.991071,82,112,1,111,1,1,0,1,1,40,39,34,34,38,38,43
"3498",97,"[82]GvCfeHdwaCEzIoctrEedwafndbCLCabIwwafofCJBdxHdwendaCIKquHAGcEyBeaCacuafwendaqJCabeK",107,0.973214,82,112,3,109,3,3,0,3,3,35,32,40,40,37,37,43
"3499",98,"[82]GvCfeHdwaCEzIoctrEedwafndbCLCabIwwafofCJBdxHdwendaCIKquHAGcEyBeaCacuafwendaqJCabeK",119,1,82,118,0,118,0,0,0,0,0,46,46,31,31,41,41,43
"3500",99,"[82]GvCfeHdwaCEzIoctrEedwafndbCLCabIwwafofCJBdxHdwendaCIKquHAGcEyBeaCacuafwendaqJCabeK",111,1,82,110,0,110,0,0,0,0,0,35,35,38,38,37,37,43
"3501",0,"[81]GjfffHdwaCwChBBnHHAFwandbCLCebjdmswafqfFJBdgdHanfCIKqjAHbybJhIjeafwendqJCabrFjaeK",104,0.990476,81,105,1,104,1,1,0,1,1,36,35,41,41,28,28,44
"3502",1,"[81]GjfffHdwaCwChBBnHHAFwandbCLCebjdmswafqfFJBdgdHanfCIKqjAHbybJhIjeafwendqJCabrFjaeK",105,0.981481,81,108,2,106,2,2,0,2,2,37,35,38,38,33,33,44
"3503",2,"[81]GjfffHdwaCwChBBnHHAFwandbCLCebjdmswafqfFJBdgdHanfCIKqjAHbybJhIjeafwendqJCabrFjaeK",109,0.982143,81,112,2,110,2,2,0,2,2,36,34,33,33,43,43,44
"3504",3,"[81]GjfffHdwaCwChBBnHHAFwandbCLCebjdmswafqfFJBdgdHanfCIKqjAHbybJhIjeafwendqJCabrFjaeK",106,1,81,105,0,105,0,0,0,0,0,37,37,38,38,30,30,44
"3505",4,"[81]GjfffHdwaCwChBBnHHAFwandbCLCebjdmswafqfFJBdgdHanfCIKqjAHbybJhIjeafwendqJCabrFjaeK",106,1,81,105,0,105,0,0,0,0,0,33,33,41,41,31,31,44
"3506",5,"[81]GjfffHdwaCwChBBnHHAFwandbCLCebjdmswafqfFJBdgdHanfCIKqjAHbybJhIjeafwendqJCabrFjaeK",108,0.981982,81,111,2,109,2,2,0,2,2,42,40,30,30,39,39,44
"3507",6,"[81]GjfffHdwaCwChBBnHHAFwandbCLCebjdmswafqfFJBdgdHanfCIKqjAHbybJhIjeafwendqJCabrFjaeK",111,1,81,110,0,110,0,0,0,0,0,31,31,38,38,41,41,44
"3508",7,"[81]GjfffHdwaCwChBBnHHAFwandbCLCebjdmswafqfFJBdgdHanfCIKqjAHbybJhIjeafwendqJCabrFjaeK",109,0.990909,81,110,1,109,1,1,0,1,1,36,35,35,35,39,39,44
"3509",8,"[81]GjfffHdwaCwChBBnHHAFwandbCLCebjdmswafqfFJBdgdHanfCIKqjAHbybJhIjeafwendqJCabrFjaeK",114,0.991304,81,115,1,114,1,1,0,1,1,34,33,31,31,50,50,44
"3510",9,"[81]GjfffHdwaCwChBBnHHAFwandbCLCebjdmswafqfFJBdgdHanfCIKqjAHbybJhIjeafwendqJCabrFjaeK",106,1,81,105,0,105,0,0,0,0,0,39,39,35,35,31,31,44
"3511",10,"[81]GjfffHdwaCwChBBnHHAFwandbCLCebjdmswafqfFJBdgdHanfCIKqjAHbybJhIjeafwendqJCabrFjaeK",109,1,81,108,0,108,0,0,0,0,0,39,39,32,32,37,37,44
"3512",11,"[81]GjfffHdwaCwChBBnHHAFwandbCLCebjdmswafqfFJBdgdHanfCIKqjAHbybJhIjeafwendqJCabrFjaeK",106,0.990654,81,107,1,106,1,1,0,1,1,39,38,36,36,32,32,44
"3513",12,"[81]GjfffHdwaCwChBBnHHAFwandbCLCebjdmswafqfFJBdgdHanfCIKqjAHbybJhIjeafwendqJCabrFjaeK",105,0.981481,81,108,2,106,2,2,0,2,2,36,34,38,38,34,34,44
"3514",13,"[81]GjfffHdwaCwChBBnHHAFwandbCLCebjdmswafqfFJBdgdHanfCIKqjAHbybJhIjeafwendqJCabrFjaeK",106,1,81,105,0,105,0,0,0,0,0,39,39,35,35,31,31,44
"3515",14,"[81]GjfffHdwaCwChBBnHHAFwandbCLCebjdmswafqfFJBdgdHanfCIKqjAHbybJhIjeafwendqJCabrFjaeK",108,0.990826,81,109,1,108,1,1,0,1,1,44,43,28,28,37,37,44
"3516",15,"[81]GjfffHdwaCwChBBnHHAFwandbCLCebjdmswafqfFJBdgdHanfCIKqjAHbybJhIjeafwendqJCabrFjaeK",108,1,81,107,0,107,0,0,0,0,0,31,31,40,40,36,36,44
"3517",16,"[81]GjfffHdwaCwChBBnHHAFwandbCLCebjdmswafqfFJBdgdHanfCIKqjAHbybJhIjeafwendqJCabrFjaeK",106,0.972973,81,111,3,108,3,3,0,3,3,32,29,40,40,39,39,44
"3518",17,"[81]GjfffHdwaCwChBBnHHAFwandbCLCebjdmswafqfFJBdgdHanfCIKqjAHbybJhIjeafwendqJCabrFjaeK",107,0.981818,81,110,2,108,2,2,0,2,2,34,32,37,37,39,39,44
"3519",18,"[81]GjfffHdwaCwChBBnHHAFwandbCLCebjdmswafqfFJBdgdHanfCIKqjAHbybJhIjeafwendqJCabrFjaeK",114,1,81,113,0,113,0,0,0,0,0,35,35,30,30,48,48,44
"3520",19,"[81]GjfffHdwaCwChBBnHHAFwandbCLCebjdmswafqfFJBdgdHanfCIKqjAHbybJhIjeafwendqJCabrFjaeK",107,0.990741,81,108,1,107,1,1,0,1,1,36,35,36,36,36,36,44
"3521",20,"[81]GjfffHdwaCwChBBnHHAFwandbCLCebjdmswafqfFJBdgdHanfCIKqjAHbybJhIjeafwendqJCabrFjaeK",106,0.990654,81,107,1,106,1,1,0,1,1,37,36,36,36,34,34,44
"3522",21,"[81]GjfffHdwaCwChBBnHHAFwandbCLCebjdmswafqfFJBdgdHanfCIKqjAHbybJhIjeafwendqJCabrFjaeK",106,1,81,105,0,105,0,0,0,0,0,38,38,36,36,31,31,44
"3523",22,"[81]GjfffHdwaCwChBBnHHAFwandbCLCebjdmswafqfFJBdgdHanfCIKqjAHbybJhIjeafwendqJCabrFjaeK",110,1,81,109,0,109,0,0,0,0,0,34,34,35,35,40,40,44
"3524",23,"[81]GjfffHdwaCwChBBnHHAFwandbCLCebjdmswafqfFJBdgdHanfCIKqjAHbybJhIjeafwendqJCabrFjaeK",105,0.990566,81,106,1,105,1,1,0,1,1,34,33,41,41,31,31,44
"3525",24,"[81]GjfffHdwaCwChBBnHHAFwandbCLCebjdmswafqfFJBdgdHanfCIKqjAHbybJhIjeafwendqJCabrFjaeK",106,0.972973,81,111,3,108,3,3,0,3,3,36,33,36,36,39,39,44
"3526",25,"[81]GjfffHdwaCwChBBnHHAFwandbCLCebjdmswafqfFJBdgdHanfCIKqjAHbybJhIjeafwendqJCabrFjaeK",104,0.981308,81,107,2,105,2,2,0,2,2,34,32,41,41,32,32,44
"3527",26,"[81]GjfffHdwaCwChBBnHHAFwandbCLCebjdmswafqfFJBdgdHanfCIKqjAHbybJhIjeafwendqJCabrFjaeK",103,1,81,102,0,102,0,0,0,0,0,36,36,41,41,25,25,44
"3528",27,"[81]GjfffHdwaCwChBBnHHAFwandbCLCebjdmswafqfFJBdgdHanfCIKqjAHbybJhIjeafwendqJCabrFjaeK",101,0.962963,81,108,4,104,4,4,0,4,4,32,28,46,46,30,30,44
"3529",28,"[81]GjfffHdwaCwChBBnHHAFwandbCLCebjdmswafqfFJBdgdHanfCIKqjAHbybJhIjeafwendqJCabrFjaeK",107,1,81,106,0,106,0,0,0,0,0,42,42,33,33,31,31,44
"3530",29,"[81]GjfffHdwaCwChBBnHHAFwandbCLCebjdmswafqfFJBdgdHanfCIKqjAHbybJhIjeafwendqJCabrFjaeK",108,1,81,107,0,107,0,0,0,0,0,42,42,31,31,34,34,44
"3531",30,"[81]GjfffHdwaCwChBBnHHAFwandbCLCebjdmswafqfFJBdgdHanfCIKqjAHbybJhIjeafwendqJCabrFjaeK",109,1,81,108,0,108,0,0,0,0,0,38,38,34,34,36,36,44
"3532",31,"[81]GjfffHdwaCwChBBnHHAFwandbCLCebjdmswafqfFJBdgdHanfCIKqjAHbybJhIjeafwendqJCabrFjaeK",111,1,81,110,0,110,0,0,0,0,0,29,29,38,38,43,43,44
"3533",32,"[81]GjfffHdwaCwChBBnHHAFwandbCLCebjdmswafqfFJBdgdHanfCIKqjAHbybJhIjeafwendqJCabrFjaeK",107,1,81,106,0,106,0,0,0,0,0,36,36,37,37,33,33,44
"3534",33,"[81]GjfffHdwaCwChBBnHHAFwandbCLCebjdmswafqfFJBdgdHanfCIKqjAHbybJhIjeafwendqJCabrFjaeK",109,1,81,108,0,108,0,0,0,0,0,43,43,29,29,36,36,44
"3535",34,"[81]GjfffHdwaCwChBBnHHAFwandbCLCebjdmswafqfFJBdgdHanfCIKqjAHbybJhIjeafwendqJCabrFjaeK",104,1,81,103,0,103,0,0,0,0,0,37,37,39,39,27,27,44
"3536",35,"[81]GjfffHdwaCwChBBnHHAFwandbCLCebjdmswafqfFJBdgdHanfCIKqjAHbybJhIjeafwendqJCabrFjaeK",108,1,81,107,0,107,0,0,0,0,0,37,37,35,35,35,35,44
"3537",36,"[81]GjfffHdwaCwChBBnHHAFwandbCLCebjdmswafqfFJBdgdHanfCIKqjAHbybJhIjeafwendqJCabrFjaeK",108,0.990826,81,109,1,108,1,1,0,1,1,40,39,32,32,37,37,44
"3538",37,"[81]GjfffHdwaCwChBBnHHAFwandbCLCebjdmswafqfFJBdgdHanfCIKqjAHbybJhIjeafwendqJCabrFjaeK",106,1,81,105,0,105,0,0,0,0,0,41,41,35,35,29,29,44
"3539",38,"[81]GjfffHdwaCwChBBnHHAFwandbCLCebjdmswafqfFJBdgdHanfCIKqjAHbybJhIjeafwendqJCabrFjaeK",107,0.990741,81,108,1,107,1,1,0,1,1,34,33,38,38,36,36,44
"3540",39,"[81]GjfffHdwaCwChBBnHHAFwandbCLCebjdmswafqfFJBdgdHanfCIKqjAHbybJhIjeafwendqJCabrFjaeK",107,0.990741,81,108,1,107,1,1,0,1,1,42,41,32,32,34,34,44
"3541",40,"[81]GjfffHdwaCwChBBnHHAFwandbCLCebjdmswafqfFJBdgdHanfCIKqjAHbybJhIjeafwendqJCabrFjaeK",109,0.982143,81,112,2,110,2,2,0,2,2,33,31,36,36,43,43,44
"3542",41,"[81]GjfffHdwaCwChBBnHHAFwandbCLCebjdmswafqfFJBdgdHanfCIKqjAHbybJhIjeafwendqJCabrFjaeK",108,1,81,107,0,107,0,0,0,0,0,33,33,39,39,35,35,44
"3543",42,"[81]GjfffHdwaCwChBBnHHAFwandbCLCebjdmswafqfFJBdgdHanfCIKqjAHbybJhIjeafwendqJCabrFjaeK",105,0.95614,81,114,5,109,5,5,0,5,5,40,35,32,32,42,42,44
"3544",43,"[81]GjfffHdwaCwChBBnHHAFwandbCLCebjdmswafqfFJBdgdHanfCIKqjAHbybJhIjeafwendqJCabrFjaeK",112,1,81,111,0,111,0,0,0,0,0,45,45,24,24,42,42,44
"3545",44,"[81]GjfffHdwaCwChBBnHHAFwandbCLCebjdmswafqfFJBdgdHanfCIKqjAHbybJhIjeafwendqJCabrFjaeK",109,0.982143,81,112,2,110,2,2,0,2,2,36,34,34,34,42,42,44
"3546",45,"[81]GjfffHdwaCwChBBnHHAFwandbCLCebjdmswafqfFJBdgdHanfCIKqjAHbybJhIjeafwendqJCabrFjaeK",106,0.990654,81,107,1,106,1,1,0,1,1,32,31,41,41,34,34,44
"3547",46,"[81]GjfffHdwaCwChBBnHHAFwandbCLCebjdmswafqfFJBdgdHanfCIKqjAHbybJhIjeafwendqJCabrFjaeK",105,0.972727,81,110,3,107,3,3,0,3,3,35,32,38,38,37,37,44
"3548",47,"[81]GjfffHdwaCwChBBnHHAFwandbCLCebjdmswafqfFJBdgdHanfCIKqjAHbybJhIjeafwendqJCabrFjaeK",105,0.990566,81,106,1,105,1,1,0,1,1,30,29,45,45,31,31,44
"3549",48,"[81]GjfffHdwaCwChBBnHHAFwandbCLCebjdmswafqfFJBdgdHanfCIKqjAHbybJhIjeafwendqJCabrFjaeK",113,0.991228,81,114,1,113,1,1,0,1,1,34,33,31,31,49,49,44
"3550",49,"[81]GjfffHdwaCwChBBnHHAFwandbCLCebjdmswafqfFJBdgdHanfCIKqjAHbybJhIjeafwendqJCabrFjaeK",103,0.990385,81,104,1,103,1,1,0,1,1,45,44,33,33,26,26,44
"3551",50,"[81]GjfffHdwaCwChBBnHHAFwandbCLCebjdmswafqfFJBdgdHanfCIKqjAHbybJhIjeafwendqJCabrFjaeK",105,0.972727,81,110,3,107,3,3,0,3,3,43,40,32,32,35,35,44
"3552",51,"[81]GjfffHdwaCwChBBnHHAFwandbCLCebjdmswafqfFJBdgdHanfCIKqjAHbybJhIjeafwendqJCabrFjaeK",108,1,81,107,0,107,0,0,0,0,0,38,38,34,34,35,35,44
"3553",52,"[81]GjfffHdwaCwChBBnHHAFwandbCLCebjdmswafqfFJBdgdHanfCIKqjAHbybJhIjeafwendqJCabrFjaeK",107,1,81,106,0,106,0,0,0,0,0,33,33,40,40,33,33,44
"3554",53,"[81]GjfffHdwaCwChBBnHHAFwandbCLCebjdmswafqfFJBdgdHanfCIKqjAHbybJhIjeafwendqJCabrFjaeK",108,0.990826,81,109,1,108,1,1,0,1,1,33,32,39,39,37,37,44
"3555",54,"[81]GjfffHdwaCwChBBnHHAFwandbCLCebjdmswafqfFJBdgdHanfCIKqjAHbybJhIjeafwendqJCabrFjaeK",105,0.990566,81,106,1,105,1,1,0,1,1,41,40,34,34,31,31,44
"3556",55,"[81]GjfffHdwaCwChBBnHHAFwandbCLCebjdmswafqfFJBdgdHanfCIKqjAHbybJhIjeafwendqJCabrFjaeK",106,1,81,105,0,105,0,0,0,0,0,41,41,35,35,29,29,44
"3557",56,"[81]GjfffHdwaCwChBBnHHAFwandbCLCebjdmswafqfFJBdgdHanfCIKqjAHbybJhIjeafwendqJCabrFjaeK",112,0.99115,81,113,1,112,1,1,0,1,1,30,29,37,37,46,46,44
"3558",57,"[81]GjfffHdwaCwChBBnHHAFwandbCLCebjdmswafqfFJBdgdHanfCIKqjAHbybJhIjeafwendqJCabrFjaeK",110,1,81,109,0,109,0,0,0,0,0,37,37,33,33,39,39,44
"3559",58,"[81]GjfffHdwaCwChBBnHHAFwandbCLCebjdmswafqfFJBdgdHanfCIKqjAHbybJhIjeafwendqJCabrFjaeK",109,0.990909,81,110,1,109,1,1,0,1,1,31,30,38,38,41,41,44
"3560",59,"[81]GjfffHdwaCwChBBnHHAFwandbCLCebjdmswafqfFJBdgdHanfCIKqjAHbybJhIjeafwendqJCabrFjaeK",108,0.990826,81,109,1,108,1,1,0,1,1,31,30,39,39,39,39,44
"3561",60,"[81]GjfffHdwaCwChBBnHHAFwandbCLCebjdmswafqfFJBdgdHanfCIKqjAHbybJhIjeafwendqJCabrFjaeK",104,0.990476,81,105,1,104,1,1,0,1,1,35,34,40,40,30,30,44
"3562",61,"[81]GjfffHdwaCwChBBnHHAFwandbCLCebjdmswafqfFJBdgdHanfCIKqjAHbybJhIjeafwendqJCabrFjaeK",104,0.990476,81,105,1,104,1,1,0,1,1,53,52,25,25,27,27,44
"3563",62,"[81]GjfffHdwaCwChBBnHHAFwandbCLCebjdmswafqfFJBdgdHanfCIKqjAHbybJhIjeafwendqJCabrFjaeK",106,1,81,105,0,105,0,0,0,0,0,41,41,34,34,30,30,44
"3564",63,"[81]GjfffHdwaCwChBBnHHAFwandbCLCebjdmswafqfFJBdgdHanfCIKqjAHbybJhIjeafwendqJCabrFjaeK",107,0.990741,81,108,1,107,1,1,0,1,1,36,35,37,37,35,35,44
"3565",64,"[81]GjfffHdwaCwChBBnHHAFwandbCLCebjdmswafqfFJBdgdHanfCIKqjAHbybJhIjeafwendqJCabrFjaeK",109,0.982143,81,112,2,110,2,2,0,2,2,33,31,36,36,43,43,44
"3566",65,"[81]GjfffHdwaCwChBBnHHAFwandbCLCebjdmswafqfFJBdgdHanfCIKqjAHbybJhIjeafwendqJCabrFjaeK",107,1,81,106,0,106,0,0,0,0,0,45,45,29,29,32,32,44
"3567",66,"[81]GjfffHdwaCwChBBnHHAFwandbCLCebjdmswafqfFJBdgdHanfCIKqjAHbybJhIjeafwendqJCabrFjaeK",108,1,81,107,0,107,0,0,0,0,0,40,40,33,33,34,34,44
"3568",67,"[81]GjfffHdwaCwChBBnHHAFwandbCLCebjdmswafqfFJBdgdHanfCIKqjAHbybJhIjeafwendqJCabrFjaeK",109,1,81,108,0,108,0,0,0,0,0,31,31,39,39,38,38,44
"3569",68,"[81]GjfffHdwaCwChBBnHHAFwandbCLCebjdmswafqfFJBdgdHanfCIKqjAHbybJhIjeafwendqJCabrFjaeK",107,0.981818,81,110,2,108,2,2,0,2,2,43,41,30,30,37,37,44
"3570",69,"[81]GjfffHdwaCwChBBnHHAFwandbCLCebjdmswafqfFJBdgdHanfCIKqjAHbybJhIjeafwendqJCabrFjaeK",106,0.972973,81,111,3,108,3,3,0,3,3,30,27,41,41,40,40,44
"3571",70,"[81]GjfffHdwaCwChBBnHHAFwandbCLCebjdmswafqfFJBdgdHanfCIKqjAHbybJhIjeafwendqJCabrFjaeK",109,1,81,108,0,108,0,0,0,0,0,33,33,37,37,38,38,44
"3572",71,"[81]GjfffHdwaCwChBBnHHAFwandbCLCebjdmswafqfFJBdgdHanfCIKqjAHbybJhIjeafwendqJCabrFjaeK",109,1,81,108,0,108,0,0,0,0,0,32,32,38,38,38,38,44
"3573",72,"[81]GjfffHdwaCwChBBnHHAFwandbCLCebjdmswafqfFJBdgdHanfCIKqjAHbybJhIjeafwendqJCabrFjaeK",112,1,81,111,0,111,0,0,0,0,0,39,39,30,30,42,42,44
"3574",73,"[81]GjfffHdwaCwChBBnHHAFwandbCLCebjdmswafqfFJBdgdHanfCIKqjAHbybJhIjeafwendqJCabrFjaeK",113,1,81,112,0,112,0,0,0,0,0,37,37,30,30,45,45,44
"3575",74,"[81]GjfffHdwaCwChBBnHHAFwandbCLCebjdmswafqfFJBdgdHanfCIKqjAHbybJhIjeafwendqJCabrFjaeK",108,0.973451,81,113,3,110,3,3,0,3,3,31,28,39,39,43,43,44
"3576",75,"[81]GjfffHdwaCwChBBnHHAFwandbCLCebjdmswafqfFJBdgdHanfCIKqjAHbybJhIjeafwendqJCabrFjaeK",110,1,81,109,0,109,0,0,0,0,0,34,34,35,35,40,40,44
"3577",76,"[81]GjfffHdwaCwChBBnHHAFwandbCLCebjdmswafqfFJBdgdHanfCIKqjAHbybJhIjeafwendqJCabrFjaeK",108,0.981982,81,111,2,109,2,2,0,2,2,41,39,30,30,40,40,44
"3578",77,"[81]GjfffHdwaCwChBBnHHAFwandbCLCebjdmswafqfFJBdgdHanfCIKqjAHbybJhIjeafwendqJCabrFjaeK",105,1,81,104,0,104,0,0,0,0,0,28,28,46,46,30,30,44
"3579",78,"[81]GjfffHdwaCwChBBnHHAFwandbCLCebjdmswafqfFJBdgdHanfCIKqjAHbybJhIjeafwendqJCabrFjaeK",106,0.990654,81,107,1,106,1,1,0,1,1,41,40,33,33,33,33,44
"3580",79,"[81]GjfffHdwaCwChBBnHHAFwandbCLCebjdmswafqfFJBdgdHanfCIKqjAHbybJhIjeafwendqJCabrFjaeK",104,0.972477,81,109,3,106,3,3,0,3,3,45,42,31,31,33,33,44
"3581",80,"[81]GjfffHdwaCwChBBnHHAFwandbCLCebjdmswafqfFJBdgdHanfCIKqjAHbybJhIjeafwendqJCabrFjaeK",110,1,81,109,0,109,0,0,0,0,0,40,40,31,31,38,38,44
"3582",81,"[81]GjfffHdwaCwChBBnHHAFwandbCLCebjdmswafqfFJBdgdHanfCIKqjAHbybJhIjeafwendqJCabrFjaeK",111,1,81,110,0,110,0,0,0,0,0,35,35,33,33,42,42,44
"3583",82,"[81]GjfffHdwaCwChBBnHHAFwandbCLCebjdmswafqfFJBdgdHanfCIKqjAHbybJhIjeafwendqJCabrFjaeK",106,1,81,105,0,105,0,0,0,0,0,45,45,30,30,30,30,44
"3584",83,"[81]GjfffHdwaCwChBBnHHAFwandbCLCebjdmswafqfFJBdgdHanfCIKqjAHbybJhIjeafwendqJCabrFjaeK",105,1,81,104,0,104,0,0,0,0,0,39,39,36,36,29,29,44
"3585",84,"[81]GjfffHdwaCwChBBnHHAFwandbCLCebjdmswafqfFJBdgdHanfCIKqjAHbybJhIjeafwendqJCabrFjaeK",107,0.990741,81,108,1,107,1,1,0,1,1,40,39,33,33,35,35,44
"3586",85,"[81]GjfffHdwaCwChBBnHHAFwandbCLCebjdmswafqfFJBdgdHanfCIKqjAHbybJhIjeafwendqJCabrFjaeK",101,0.971698,81,106,3,103,3,3,0,3,3,41,38,38,38,27,27,44
"3587",86,"[81]GjfffHdwaCwChBBnHHAFwandbCLCebjdmswafqfFJBdgdHanfCIKqjAHbybJhIjeafwendqJCabrFjaeK",104,1,81,103,0,103,0,0,0,0,0,35,35,41,41,27,27,44
"3588",87,"[81]GjfffHdwaCwChBBnHHAFwandbCLCebjdmswafqfFJBdgdHanfCIKqjAHbybJhIjeafwendqJCabrFjaeK",108,0.990826,81,109,1,108,1,1,0,1,1,36,35,36,36,37,37,44
"3589",88,"[81]GjfffHdwaCwChBBnHHAFwandbCLCebjdmswafqfFJBdgdHanfCIKqjAHbybJhIjeafwendqJCabrFjaeK",110,1,81,109,0,109,0,0,0,0,0,38,38,32,32,39,39,44
"3590",89,"[81]GjfffHdwaCwChBBnHHAFwandbCLCebjdmswafqfFJBdgdHanfCIKqjAHbybJhIjeafwendqJCabrFjaeK",109,1,81,108,0,108,0,0,0,0,0,31,31,40,40,37,37,44
"3591",90,"[81]GjfffHdwaCwChBBnHHAFwandbCLCebjdmswafqfFJBdgdHanfCIKqjAHbybJhIjeafwendqJCabrFjaeK",110,0.990991,81,111,1,110,1,1,0,1,1,35,34,34,34,42,42,44
"3592",91,"[81]GjfffHdwaCwChBBnHHAFwandbCLCebjdmswafqfFJBdgdHanfCIKqjAHbybJhIjeafwendqJCabrFjaeK",107,1,81,106,0,106,0,0,0,0,0,34,34,39,39,33,33,44
"3593",92,"[81]GjfffHdwaCwChBBnHHAFwandbCLCebjdmswafqfFJBdgdHanfCIKqjAHbybJhIjeafwendqJCabrFjaeK",106,0.981651,81,109,2,107,2,2,0,2,2,43,41,31,31,35,35,44
"3594",93,"[81]GjfffHdwaCwChBBnHHAFwandbCLCebjdmswafqfFJBdgdHanfCIKqjAHbybJhIjeafwendqJCabrFjaeK",108,0.981982,81,111,2,109,2,2,0,2,2,36,34,34,34,41,41,44
"3595",94,"[81]GjfffHdwaCwChBBnHHAFwandbCLCebjdmswafqfFJBdgdHanfCIKqjAHbybJhIjeafwendqJCabrFjaeK",110,0.982301,81,113,2,111,2,2,0,2,2,36,34,33,33,44,44,44
"3596",95,"[81]GjfffHdwaCwChBBnHHAFwandbCLCebjdmswafqfFJBdgdHanfCIKqjAHbybJhIjeafwendqJCabrFjaeK",110,0.990991,81,111,1,110,1,1,0,1,1,29,28,40,40,42,42,44
"3597",96,"[81]GjfffHdwaCwChBBnHHAFwandbCLCebjdmswafqfFJBdgdHanfCIKqjAHbybJhIjeafwendqJCabrFjaeK",109,0.990909,81,110,1,109,1,1,0,1,1,31,30,39,39,40,40,44
"3598",97,"[81]GjfffHdwaCwChBBnHHAFwandbCLCebjdmswafqfFJBdgdHanfCIKqjAHbybJhIjeafwendqJCabrFjaeK",109,1,81,108,0,108,0,0,0,0,0,34,34,36,36,38,38,44
"3599",98,"[81]GjfffHdwaCwChBBnHHAFwandbCLCebjdmswafqfFJBdgdHanfCIKqjAHbybJhIjeafwendqJCabrFjaeK",106,0.972973,81,111,3,108,3,3,0,3,3,40,37,34,34,37,37,44
"3600",99,"[81]GjfffHdwaCwChBBnHHAFwandbCLCebjdmswafqfFJBdgdHanfCIKqjAHbybJhIjeafwendqJCabrFjaeK",107,1,81,106,0,106,0,0,0,0,0,23,23,48,48,35,35,44
"3601",0,"[87]GwfdeHdwaCrcEgvkoygqnHwafndbCLCacIHawafobaCJBdxHdGwendaCIKqgysIEBeaCebxafFendaCJqnKqHxC",127,1,87,126,0,126,0,0,0,0,0,55,55,42,42,29,29,45
"3602",1,"[87]GwfdeHdwaCrcEgvkoygqnHwafndbCLCacIHawafobaCJBdxHdGwendaCIKqgysIEBeaCebxafFendaCJqnKqHxC",111,1,87,110,0,110,0,0,0,0,0,36,36,37,37,37,37,45
"3603",2,"[87]GwfdeHdwaCrcEgvkoygqnHwafndbCLCacIHawafobaCJBdxHdGwendaCIKqgysIEBeaCebxafFendaCJqnKqHxC",118,1,87,117,0,117,0,0,0,0,0,35,35,35,35,47,47,45
"3604",3,"[87]GwfdeHdwaCrcEgvkoygqnHwafndbCLCacIHawafobaCJBdxHdGwendaCIKqgysIEBeaCebxafFendaCJqnKqHxC",107,0.981818,87,110,2,108,2,2,0,2,2,31,29,41,41,38,38,45
"3605",4,"[87]GwfdeHdwaCrcEgvkoygqnHwafndbCLCacIHawafobaCJBdxHdGwendaCIKqgysIEBeaCebxafFendaCJqnKqHxC",106,0.990654,87,107,1,106,1,1,0,1,1,32,31,40,40,35,35,45
"3606",5,"[87]GwfdeHdwaCrcEgvkoygqnHwafndbCLCacIHawafobaCJBdxHdGwendaCIKqgysIEBeaCebxafFendaCJqnKqHxC",106,0.964602,87,113,4,109,4,4,0,4,4,38,34,33,33,42,42,45
"3607",6,"[87]GwfdeHdwaCrcEgvkoygqnHwafndbCLCacIHawafobaCJBdxHdGwendaCIKqgysIEBeaCebxafFendaCJqnKqHxC",108,1,87,107,0,107,0,0,0,0,0,29,29,42,42,36,36,45
"3608",7,"[87]GwfdeHdwaCrcEgvkoygqnHwafndbCLCacIHawafobaCJBdxHdGwendaCIKqgysIEBeaCebxafFendaCJqnKqHxC",110,1,87,109,0,109,0,0,0,0,0,31,31,38,38,40,40,45
"3609",8,"[87]GwfdeHdwaCrcEgvkoygqnHwafndbCLCacIHawafobaCJBdxHdGwendaCIKqgysIEBeaCebxafFendaCJqnKqHxC",109,1,87,108,0,108,0,0,0,0,0,37,37,36,36,35,35,45
"3610",9,"[87]GwfdeHdwaCrcEgvkoygqnHwafndbCLCacIHawafobaCJBdxHdGwendaCIKqgysIEBeaCebxafFendaCJqnKqHxC",106,0.990654,87,107,1,106,1,1,0,1,1,38,37,39,39,30,30,45
"3611",10,"[87]GwfdeHdwaCrcEgvkoygqnHwafndbCLCacIHawafobaCJBdxHdGwendaCIKqgysIEBeaCebxafFendaCJqnKqHxC",112,1,87,111,0,111,0,0,0,0,0,40,40,37,37,34,34,45
"3612",11,"[87]GwfdeHdwaCrcEgvkoygqnHwafndbCLCacIHawafobaCJBdxHdGwendaCIKqgysIEBeaCebxafFendaCJqnKqHxC",112,1,87,111,0,111,0,0,0,0,0,31,31,36,36,44,44,45
"3613",12,"[87]GwfdeHdwaCrcEgvkoygqnHwafndbCLCacIHawafobaCJBdxHdGwendaCIKqgysIEBeaCebxafFendaCJqnKqHxC",110,1,87,109,0,109,0,0,0,0,0,35,35,34,34,40,40,45
"3614",13,"[87]GwfdeHdwaCrcEgvkoygqnHwafndbCLCacIHawafobaCJBdxHdGwendaCIKqgysIEBeaCebxafFendaCJqnKqHxC",114,1,87,113,0,113,0,0,0,0,0,37,37,36,36,40,40,45
"3615",14,"[87]GwfdeHdwaCrcEgvkoygqnHwafndbCLCacIHawafobaCJBdxHdGwendaCIKqgysIEBeaCebxafFendaCJqnKqHxC",117,0.991525,87,118,1,117,1,1,0,1,1,38,37,44,44,36,36,45
"3616",15,"[87]GwfdeHdwaCrcEgvkoygqnHwafndbCLCacIHawafobaCJBdxHdGwendaCIKqgysIEBeaCebxafFendaCJqnKqHxC",115,1,87,114,0,114,0,0,0,0,0,30,30,43,43,41,41,45
"3617",16,"[87]GwfdeHdwaCrcEgvkoygqnHwafndbCLCacIHawafobaCJBdxHdGwendaCIKqgysIEBeaCebxafFendaCJqnKqHxC",109,0.990909,87,110,1,109,1,1,0,1,1,41,40,37,37,32,32,45
"3618",17,"[87]GwfdeHdwaCrcEgvkoygqnHwafndbCLCacIHawafobaCJBdxHdGwendaCIKqgysIEBeaCebxafFendaCJqnKqHxC",104,0.955752,87,113,5,108,5,5,0,5,5,34,29,41,41,38,38,45
"3619",18,"[87]GwfdeHdwaCrcEgvkoygqnHwafndbCLCacIHawafobaCJBdxHdGwendaCIKqgysIEBeaCebxafFendaCJqnKqHxC",113,1,87,112,0,112,0,0,0,0,0,42,42,37,37,33,33,45
"3620",19,"[87]GwfdeHdwaCrcEgvkoygqnHwafndbCLCacIHawafobaCJBdxHdGwendaCIKqgysIEBeaCebxafFendaCJqnKqHxC",109,0.982143,87,112,2,110,2,2,0,2,2,35,33,43,43,34,34,45
"3621",20,"[87]GwfdeHdwaCrcEgvkoygqnHwafndbCLCacIHawafobaCJBdxHdGwendaCIKqgysIEBeaCebxafFendaCJqnKqHxC",110,0.982301,87,113,2,111,2,2,0,2,2,31,29,39,39,43,43,45
"3622",21,"[87]GwfdeHdwaCrcEgvkoygqnHwafndbCLCacIHawafobaCJBdxHdGwendaCIKqgysIEBeaCebxafFendaCJqnKqHxC",110,1,87,109,0,109,0,0,0,0,0,41,41,35,35,33,33,45
"3623",22,"[87]GwfdeHdwaCrcEgvkoygqnHwafndbCLCacIHawafobaCJBdxHdGwendaCIKqgysIEBeaCebxafFendaCJqnKqHxC",107,1,87,106,0,106,0,0,0,0,0,33,33,41,41,32,32,45
"3624",23,"[87]GwfdeHdwaCrcEgvkoygqnHwafndbCLCacIHawafobaCJBdxHdGwendaCIKqgysIEBeaCebxafFendaCJqnKqHxC",110,0.990991,87,111,1,110,1,1,0,1,1,34,33,47,47,30,30,45
"3625",24,"[87]GwfdeHdwaCrcEgvkoygqnHwafndbCLCacIHawafobaCJBdxHdGwendaCIKqgysIEBeaCebxafFendaCJqnKqHxC",108,0.981982,87,111,2,109,2,2,0,2,2,34,32,38,38,39,39,45
"3626",25,"[87]GwfdeHdwaCrcEgvkoygqnHwafndbCLCacIHawafobaCJBdxHdGwendaCIKqgysIEBeaCebxafFendaCJqnKqHxC",107,1,87,106,0,106,0,0,0,0,0,36,36,42,42,28,28,45
"3627",26,"[87]GwfdeHdwaCrcEgvkoygqnHwafndbCLCacIHawafobaCJBdxHdGwendaCIKqgysIEBeaCebxafFendaCJqnKqHxC",108,0.990826,87,109,1,108,1,1,0,1,1,38,37,34,34,37,37,45
"3628",27,"[87]GwfdeHdwaCrcEgvkoygqnHwafndbCLCacIHawafobaCJBdxHdGwendaCIKqgysIEBeaCebxafFendaCJqnKqHxC",107,0.973214,87,112,3,109,3,3,0,3,3,37,34,38,38,37,37,45
"3629",28,"[87]GwfdeHdwaCrcEgvkoygqnHwafndbCLCacIHawafobaCJBdxHdGwendaCIKqgysIEBeaCebxafFendaCJqnKqHxC",112,1,87,111,0,111,0,0,0,0,0,42,42,32,32,37,37,45
"3630",29,"[87]GwfdeHdwaCrcEgvkoygqnHwafndbCLCacIHawafobaCJBdxHdGwendaCIKqgysIEBeaCebxafFendaCJqnKqHxC",107,0.981818,87,110,2,108,2,2,0,2,2,45,43,29,29,36,36,45
"3631",30,"[87]GwfdeHdwaCrcEgvkoygqnHwafndbCLCacIHawafobaCJBdxHdGwendaCIKqgysIEBeaCebxafFendaCJqnKqHxC",111,1,87,110,0,110,0,0,0,0,0,29,29,39,39,42,42,45
"3632",31,"[87]GwfdeHdwaCrcEgvkoygqnHwafndbCLCacIHawafobaCJBdxHdGwendaCIKqgysIEBeaCebxafFendaCJqnKqHxC",100,0.980583,87,103,2,101,2,2,0,2,2,42,40,40,40,21,21,45
"3633",32,"[87]GwfdeHdwaCrcEgvkoygqnHwafndbCLCacIHawafobaCJBdxHdGwendaCIKqgysIEBeaCebxafFendaCJqnKqHxC",107,0.990741,87,108,1,107,1,1,0,1,1,37,36,36,36,35,35,45
"3634",33,"[87]GwfdeHdwaCrcEgvkoygqnHwafndbCLCacIHawafobaCJBdxHdGwendaCIKqgysIEBeaCebxafFendaCJqnKqHxC",109,0.990909,87,110,1,109,1,1,0,1,1,31,30,38,38,41,41,45
"3635",34,"[87]GwfdeHdwaCrcEgvkoygqnHwafndbCLCacIHawafobaCJBdxHdGwendaCIKqgysIEBeaCebxafFendaCJqnKqHxC",110,1,87,109,0,109,0,0,0,0,0,42,42,33,33,34,34,45
"3636",35,"[87]GwfdeHdwaCrcEgvkoygqnHwafndbCLCacIHawafobaCJBdxHdGwendaCIKqgysIEBeaCebxafFendaCJqnKqHxC",109,0.990909,87,110,1,109,1,1,0,1,1,40,39,34,34,36,36,45
"3637",36,"[87]GwfdeHdwaCrcEgvkoygqnHwafndbCLCacIHawafobaCJBdxHdGwendaCIKqgysIEBeaCebxafFendaCJqnKqHxC",106,0.948718,87,117,6,111,6,6,0,6,6,41,35,38,38,38,38,45
"3638",37,"[87]GwfdeHdwaCrcEgvkoygqnHwafndbCLCacIHawafobaCJBdxHdGwendaCIKqgysIEBeaCebxafFendaCJqnKqHxC",106,0.948718,87,117,6,111,6,6,0,6,6,36,30,32,32,49,49,45
"3639",38,"[87]GwfdeHdwaCrcEgvkoygqnHwafndbCLCacIHawafobaCJBdxHdGwendaCIKqgysIEBeaCebxafFendaCJqnKqHxC",110,0.990991,87,111,1,110,1,1,0,1,1,36,35,32,32,43,43,45
"3640",39,"[87]GwfdeHdwaCrcEgvkoygqnHwafndbCLCacIHawafobaCJBdxHdGwendaCIKqgysIEBeaCebxafFendaCJqnKqHxC",108,1,87,107,0,107,0,0,0,0,0,38,38,36,36,33,33,45
"3641",40,"[87]GwfdeHdwaCrcEgvkoygqnHwafndbCLCacIHawafobaCJBdxHdGwendaCIKqgysIEBeaCebxafFendaCJqnKqHxC",109,0.990909,87,110,1,109,1,1,0,1,1,33,32,36,36,41,41,45
"3642",41,"[87]GwfdeHdwaCrcEgvkoygqnHwafndbCLCacIHawafobaCJBdxHdGwendaCIKqgysIEBeaCebxafFendaCJqnKqHxC",108,0.981982,87,111,2,109,2,2,0,2,2,44,42,35,35,32,32,45
"3643",42,"[87]GwfdeHdwaCrcEgvkoygqnHwafndbCLCacIHawafobaCJBdxHdGwendaCIKqgysIEBeaCebxafFendaCJqnKqHxC",107,1,87,106,0,106,0,0,0,0,0,33,33,41,41,32,32,45
"3644",43,"[87]GwfdeHdwaCrcEgvkoygqnHwafndbCLCacIHawafobaCJBdxHdGwendaCIKqgysIEBeaCebxafFendaCJqnKqHxC",120,1,87,119,0,119,0,0,0,0,0,41,41,32,32,46,46,45
"3645",44,"[87]GwfdeHdwaCrcEgvkoygqnHwafndbCLCacIHawafobaCJBdxHdGwendaCIKqgysIEBeaCebxafFendaCJqnKqHxC",108,1,87,107,0,107,0,0,0,0,0,31,31,42,42,34,34,45
"3646",45,"[87]GwfdeHdwaCrcEgvkoygqnHwafndbCLCacIHawafobaCJBdxHdGwendaCIKqgysIEBeaCebxafFendaCJqnKqHxC",107,1,87,106,0,106,0,0,0,0,0,38,38,36,36,32,32,45
"3647",46,"[87]GwfdeHdwaCrcEgvkoygqnHwafndbCLCacIHawafobaCJBdxHdGwendaCIKqgysIEBeaCebxafFendaCJqnKqHxC",109,1,87,108,0,108,0,0,0,0,0,40,40,31,31,37,37,45
"3648",47,"[87]GwfdeHdwaCrcEgvkoygqnHwafndbCLCacIHawafobaCJBdxHdGwendaCIKqgysIEBeaCebxafFendaCJqnKqHxC",113,0.951613,87,124,6,118,6,6,0,6,6,39,33,40,40,45,45,45
"3649",48,"[87]GwfdeHdwaCrcEgvkoygqnHwafndbCLCacIHawafobaCJBdxHdGwendaCIKqgysIEBeaCebxafFendaCJqnKqHxC",112,1,87,111,0,111,0,0,0,0,0,37,37,30,30,44,44,45
"3650",49,"[87]GwfdeHdwaCrcEgvkoygqnHwafndbCLCacIHawafobaCJBdxHdGwendaCIKqgysIEBeaCebxafFendaCJqnKqHxC",110,1,87,109,0,109,0,0,0,0,0,38,38,33,33,38,38,45
"3651",50,"[87]GwfdeHdwaCrcEgvkoygqnHwafndbCLCacIHawafobaCJBdxHdGwendaCIKqgysIEBeaCebxafFendaCJqnKqHxC",109,0.990909,87,110,1,109,1,1,0,1,1,38,37,41,41,31,31,45
"3652",51,"[87]GwfdeHdwaCrcEgvkoygqnHwafndbCLCacIHawafobaCJBdxHdGwendaCIKqgysIEBeaCebxafFendaCJqnKqHxC",110,1,87,109,0,109,0,0,0,0,0,33,33,42,42,34,34,45
"3653",52,"[87]GwfdeHdwaCrcEgvkoygqnHwafndbCLCacIHawafobaCJBdxHdGwendaCIKqgysIEBeaCebxafFendaCJqnKqHxC",113,1,87,112,0,112,0,0,0,0,0,32,32,37,37,43,43,45
"3654",53,"[87]GwfdeHdwaCrcEgvkoygqnHwafndbCLCacIHawafobaCJBdxHdGwendaCIKqgysIEBeaCebxafFendaCJqnKqHxC",110,1,87,109,0,109,0,0,0,0,0,43,43,32,32,34,34,45
"3655",54,"[87]GwfdeHdwaCrcEgvkoygqnHwafndbCLCacIHawafobaCJBdxHdGwendaCIKqgysIEBeaCebxafFendaCJqnKqHxC",110,1,87,109,0,109,0,0,0,0,0,37,37,33,33,39,39,45
"3656",55,"[87]GwfdeHdwaCrcEgvkoygqnHwafndbCLCacIHawafobaCJBdxHdGwendaCIKqgysIEBeaCebxafFendaCJqnKqHxC",106,0.990654,87,107,1,106,1,1,0,1,1,35,34,41,41,31,31,45
"3657",56,"[87]GwfdeHdwaCrcEgvkoygqnHwafndbCLCacIHawafobaCJBdxHdGwendaCIKqgysIEBeaCebxafFendaCJqnKqHxC",113,0.982759,87,116,2,114,2,2,0,2,2,39,37,34,34,43,43,45
"3658",57,"[87]GwfdeHdwaCrcEgvkoygqnHwafndbCLCacIHawafobaCJBdxHdGwendaCIKqgysIEBeaCebxafFendaCJqnKqHxC",111,1,87,110,0,110,0,0,0,0,0,36,36,37,37,37,37,45
"3659",58,"[87]GwfdeHdwaCrcEgvkoygqnHwafndbCLCacIHawafobaCJBdxHdGwendaCIKqgysIEBeaCebxafFendaCJqnKqHxC",106,0.981651,87,109,2,107,2,2,0,2,2,41,39,32,32,36,36,45
"3660",59,"[87]GwfdeHdwaCrcEgvkoygqnHwafndbCLCacIHawafobaCJBdxHdGwendaCIKqgysIEBeaCebxafFendaCJqnKqHxC",108,0.990826,87,109,1,108,1,1,0,1,1,37,36,37,37,35,35,45
"3661",60,"[87]GwfdeHdwaCrcEgvkoygqnHwafndbCLCacIHawafobaCJBdxHdGwendaCIKqgysIEBeaCebxafFendaCJqnKqHxC",107,0.949153,87,118,6,112,6,6,0,6,6,34,28,35,35,49,49,45
"3662",61,"[87]GwfdeHdwaCrcEgvkoygqnHwafndbCLCacIHawafobaCJBdxHdGwendaCIKqgysIEBeaCebxafFendaCJqnKqHxC",109,0.982143,87,112,2,110,2,2,0,2,2,35,33,34,34,43,43,45
"3663",62,"[87]GwfdeHdwaCrcEgvkoygqnHwafndbCLCacIHawafobaCJBdxHdGwendaCIKqgysIEBeaCebxafFendaCJqnKqHxC",110,0.982301,87,113,2,111,2,2,0,2,2,37,35,40,40,36,36,45
"3664",63,"[87]GwfdeHdwaCrcEgvkoygqnHwafndbCLCacIHawafobaCJBdxHdGwendaCIKqgysIEBeaCebxafFendaCJqnKqHxC",110,1,87,109,0,109,0,0,0,0,0,46,46,29,29,34,34,45
"3665",64,"[87]GwfdeHdwaCrcEgvkoygqnHwafndbCLCacIHawafobaCJBdxHdGwendaCIKqgysIEBeaCebxafFendaCJqnKqHxC",107,0.973214,87,112,3,109,3,3,0,3,3,40,37,37,37,35,35,45
"3666",65,"[87]GwfdeHdwaCrcEgvkoygqnHwafndbCLCacIHawafobaCJBdxHdGwendaCIKqgysIEBeaCebxafFendaCJqnKqHxC",114,0.982906,87,117,2,115,2,2,0,2,2,39,37,31,31,47,47,45
"3667",66,"[87]GwfdeHdwaCrcEgvkoygqnHwafndbCLCacIHawafobaCJBdxHdGwendaCIKqgysIEBeaCebxafFendaCJqnKqHxC",124,0.992,87,125,1,124,1,1,0,1,1,45,44,37,37,43,43,45
"3668",67,"[87]GwfdeHdwaCrcEgvkoygqnHwafndbCLCacIHawafobaCJBdxHdGwendaCIKqgysIEBeaCebxafFendaCJqnKqHxC",110,1,87,109,0,109,0,0,0,0,0,41,41,29,29,39,39,45
"3669",68,"[87]GwfdeHdwaCrcEgvkoygqnHwafndbCLCacIHawafobaCJBdxHdGwendaCIKqgysIEBeaCebxafFendaCJqnKqHxC",111,1,87,110,0,110,0,0,0,0,0,41,41,34,34,35,35,45
"3670",69,"[87]GwfdeHdwaCrcEgvkoygqnHwafndbCLCacIHawafobaCJBdxHdGwendaCIKqgysIEBeaCebxafFendaCJqnKqHxC",106,0.956522,87,115,5,110,5,5,0,5,5,38,33,32,32,45,45,45
"3671",70,"[87]GwfdeHdwaCrcEgvkoygqnHwafndbCLCacIHawafobaCJBdxHdGwendaCIKqgysIEBeaCebxafFendaCJqnKqHxC",103,0.990385,87,104,1,103,1,1,0,1,1,41,40,36,36,27,27,45
"3672",71,"[87]GwfdeHdwaCrcEgvkoygqnHwafndbCLCacIHawafobaCJBdxHdGwendaCIKqgysIEBeaCebxafFendaCJqnKqHxC",106,0.990654,87,107,1,106,1,1,0,1,1,35,34,38,38,34,34,45
"3673",72,"[87]GwfdeHdwaCrcEgvkoygqnHwafndbCLCacIHawafobaCJBdxHdGwendaCIKqgysIEBeaCebxafFendaCJqnKqHxC",109,1,87,108,0,108,0,0,0,0,0,42,42,35,35,31,31,45
"3674",73,"[87]GwfdeHdwaCrcEgvkoygqnHwafndbCLCacIHawafobaCJBdxHdGwendaCIKqgysIEBeaCebxafFendaCJqnKqHxC",107,1,87,106,0,106,0,0,0,0,0,29,29,44,44,33,33,45
"3675",74,"[87]GwfdeHdwaCrcEgvkoygqnHwafndbCLCacIHawafobaCJBdxHdGwendaCIKqgysIEBeaCebxafFendaCJqnKqHxC",113,0.991228,87,114,1,113,1,1,0,1,1,38,37,32,32,44,44,45
"3676",75,"[87]GwfdeHdwaCrcEgvkoygqnHwafndbCLCacIHawafobaCJBdxHdGwendaCIKqgysIEBeaCebxafFendaCJqnKqHxC",112,1,87,111,0,111,0,0,0,0,0,34,34,35,35,42,42,45
"3677",76,"[87]GwfdeHdwaCrcEgvkoygqnHwafndbCLCacIHawafobaCJBdxHdGwendaCIKqgysIEBeaCebxafFendaCJqnKqHxC",111,1,87,110,0,110,0,0,0,0,0,39,39,31,31,40,40,45
"3678",77,"[87]GwfdeHdwaCrcEgvkoygqnHwafndbCLCacIHawafobaCJBdxHdGwendaCIKqgysIEBeaCebxafFendaCJqnKqHxC",98,0.907563,87,119,11,108,11,11,0,11,11,30,19,42,42,47,47,45
"3679",78,"[87]GwfdeHdwaCrcEgvkoygqnHwafndbCLCacIHawafobaCJBdxHdGwendaCIKqgysIEBeaCebxafFendaCJqnKqHxC",107,1,87,106,0,106,0,0,0,0,0,31,31,41,41,34,34,45
"3680",79,"[87]GwfdeHdwaCrcEgvkoygqnHwafndbCLCacIHawafobaCJBdxHdGwendaCIKqgysIEBeaCebxafFendaCJqnKqHxC",106,1,87,105,0,105,0,0,0,0,0,38,38,37,37,30,30,45
"3681",80,"[87]GwfdeHdwaCrcEgvkoygqnHwafndbCLCacIHawafobaCJBdxHdGwendaCIKqgysIEBeaCebxafFendaCJqnKqHxC",111,1,87,110,0,110,0,0,0,0,0,32,32,40,40,38,38,45
"3682",81,"[87]GwfdeHdwaCrcEgvkoygqnHwafndbCLCacIHawafobaCJBdxHdGwendaCIKqgysIEBeaCebxafFendaCJqnKqHxC",107,1,87,106,0,106,0,0,0,0,0,43,43,36,36,27,27,45
"3683",82,"[87]GwfdeHdwaCrcEgvkoygqnHwafndbCLCacIHawafobaCJBdxHdGwendaCIKqgysIEBeaCebxafFendaCJqnKqHxC",109,1,87,108,0,108,0,0,0,0,0,32,32,39,39,37,37,45
"3684",83,"[87]GwfdeHdwaCrcEgvkoygqnHwafndbCLCacIHawafobaCJBdxHdGwendaCIKqgysIEBeaCebxafFendaCJqnKqHxC",103,0.972222,87,108,3,105,3,3,0,3,3,31,28,44,44,33,33,45
"3685",84,"[87]GwfdeHdwaCrcEgvkoygqnHwafndbCLCacIHawafobaCJBdxHdGwendaCIKqgysIEBeaCebxafFendaCJqnKqHxC",113,1,87,112,0,112,0,0,0,0,0,40,40,29,29,43,43,45
"3686",85,"[87]GwfdeHdwaCrcEgvkoygqnHwafndbCLCacIHawafobaCJBdxHdGwendaCIKqgysIEBeaCebxafFendaCJqnKqHxC",103,0.972222,87,108,3,105,3,3,0,3,3,36,33,39,39,33,33,45
"3687",86,"[87]GwfdeHdwaCrcEgvkoygqnHwafndbCLCacIHawafobaCJBdxHdGwendaCIKqgysIEBeaCebxafFendaCJqnKqHxC",107,1,87,106,0,106,0,0,0,0,0,39,39,34,34,33,33,45
"3688",87,"[87]GwfdeHdwaCrcEgvkoygqnHwafndbCLCacIHawafobaCJBdxHdGwendaCIKqgysIEBeaCebxafFendaCJqnKqHxC",113,1,87,112,0,112,0,0,0,0,0,27,27,41,41,44,44,45
"3689",88,"[87]GwfdeHdwaCrcEgvkoygqnHwafndbCLCacIHawafobaCJBdxHdGwendaCIKqgysIEBeaCebxafFendaCJqnKqHxC",110,0.990991,87,111,1,110,1,1,0,1,1,37,36,32,32,42,42,45
"3690",89,"[87]GwfdeHdwaCrcEgvkoygqnHwafndbCLCacIHawafobaCJBdxHdGwendaCIKqgysIEBeaCebxafFendaCJqnKqHxC",109,1,87,108,0,108,0,0,0,0,0,40,40,33,33,35,35,45
"3691",90,"[87]GwfdeHdwaCrcEgvkoygqnHwafndbCLCacIHawafobaCJBdxHdGwendaCIKqgysIEBeaCebxafFendaCJqnKqHxC",110,1,87,109,0,109,0,0,0,0,0,34,34,36,36,39,39,45
"3692",91,"[87]GwfdeHdwaCrcEgvkoygqnHwafndbCLCacIHawafobaCJBdxHdGwendaCIKqgysIEBeaCebxafFendaCJqnKqHxC",117,1,87,116,0,116,0,0,0,0,0,39,39,27,27,50,50,45
"3693",92,"[87]GwfdeHdwaCrcEgvkoygqnHwafndbCLCacIHawafobaCJBdxHdGwendaCIKqgysIEBeaCebxafFendaCJqnKqHxC",104,0.990476,87,105,1,104,1,1,0,1,1,36,35,39,39,30,30,45
"3694",93,"[87]GwfdeHdwaCrcEgvkoygqnHwafndbCLCacIHawafobaCJBdxHdGwendaCIKqgysIEBeaCebxafFendaCJqnKqHxC",113,1,87,112,0,112,0,0,0,0,0,25,25,42,42,45,45,45
"3695",94,"[87]GwfdeHdwaCrcEgvkoygqnHwafndbCLCacIHawafobaCJBdxHdGwendaCIKqgysIEBeaCebxafFendaCJqnKqHxC",106,0.990654,87,107,1,106,1,1,0,1,1,41,40,36,36,30,30,45
"3696",95,"[87]GwfdeHdwaCrcEgvkoygqnHwafndbCLCacIHawafobaCJBdxHdGwendaCIKqgysIEBeaCebxafFendaCJqnKqHxC",105,0.990566,87,106,1,105,1,1,0,1,1,31,30,43,43,32,32,45
"3697",96,"[87]GwfdeHdwaCrcEgvkoygqnHwafndbCLCacIHawafobaCJBdxHdGwendaCIKqgysIEBeaCebxafFendaCJqnKqHxC",102,0.990291,87,103,1,102,1,1,0,1,1,27,26,49,49,27,27,45
"3698",97,"[87]GwfdeHdwaCrcEgvkoygqnHwafndbCLCacIHawafobaCJBdxHdGwendaCIKqgysIEBeaCebxafFendaCJqnKqHxC",106,1,87,105,0,105,0,0,0,0,0,40,40,34,34,31,31,45
"3699",98,"[87]GwfdeHdwaCrcEgvkoygqnHwafndbCLCacIHawafobaCJBdxHdGwendaCIKqgysIEBeaCebxafFendaCJqnKqHxC",111,1,87,110,0,110,0,0,0,0,0,40,40,30,30,40,40,45
"3700",99,"[87]GwfdeHdwaCrcEgvkoygqnHwafndbCLCacIHawafobaCJBdxHdGwendaCIKqgysIEBeaCebxafFendaCJqnKqHxC",106,0.990654,87,107,1,106,1,1,0,1,1,37,36,37,37,33,33,45
"3701",0,"[83]GwcfHdwaCIrqcjefGpCHwhwafndbCLCablBwafofCJBdHdwendaCIKFqiwdBeaECactafwendaCJCafJieK",103,0.990385,83,104,1,103,1,1,0,1,1,43,42,35,35,26,26,46
"3702",1,"[83]GwcfHdwaCIrqcjefGpCHwhwafndbCLCablBwafofCJBdHdwendaCIKFqiwdBeaECactafwendaCJCafJieK",114,0.97479,83,119,3,116,3,3,0,3,3,40,37,24,24,55,55,46
"3703",2,"[83]GwcfHdwaCIrqcjefGpCHwhwafndbCLCablBwafofCJBdHdwendaCIKFqiwdBeaECactafwendaCJCafJieK",109,0.982143,83,112,2,110,2,2,0,2,2,34,32,36,36,42,42,46
"3704",3,"[83]GwcfHdwaCIrqcjefGpCHwhwafndbCLCablBwafofCJBdHdwendaCIKFqiwdBeaECactafwendaCJCafJieK",105,0.990566,83,106,1,105,1,1,0,1,1,37,36,38,38,31,31,46
"3705",4,"[83]GwcfHdwaCIrqcjefGpCHwhwafndbCLCablBwafofCJBdHdwendaCIKFqiwdBeaECactafwendaCJCafJieK",105,1,83,104,0,104,0,0,0,0,0,32,32,44,44,28,28,46
"3706",5,"[83]GwcfHdwaCIrqcjefGpCHwhwafndbCLCablBwafofCJBdHdwendaCIKFqiwdBeaECactafwendaCJCafJieK",109,0.990909,83,110,1,109,1,1,0,1,1,34,33,37,37,39,39,46
"3707",6,"[83]GwcfHdwaCIrqcjefGpCHwhwafndbCLCablBwafofCJBdHdwendaCIKFqiwdBeaECactafwendaCJCafJieK",110,0.990991,83,111,1,110,1,1,0,1,1,34,33,36,36,41,41,46
"3708",7,"[83]GwcfHdwaCIrqcjefGpCHwhwafndbCLCablBwafofCJBdHdwendaCIKFqiwdBeaECactafwendaCJCafJieK",113,0.991228,83,114,1,113,1,1,0,1,1,34,33,32,32,48,48,46
"3709",8,"[83]GwcfHdwaCIrqcjefGpCHwhwafndbCLCablBwafofCJBdHdwendaCIKFqiwdBeaECactafwendaCJCafJieK",107,0.981818,83,110,2,108,2,2,0,2,2,39,37,34,34,37,37,46
"3710",9,"[83]GwcfHdwaCIrqcjefGpCHwhwafndbCLCablBwafofCJBdHdwendaCIKFqiwdBeaECactafwendaCJCafJieK",106,1,83,105,0,105,0,0,0,0,0,38,38,36,36,31,31,46
"3711",10,"[83]GwcfHdwaCIrqcjefGpCHwhwafndbCLCablBwafofCJBdHdwendaCIKFqiwdBeaECactafwendaCJCafJieK",105,0.981481,83,108,2,106,2,2,0,2,2,41,39,35,35,32,32,46
"3712",11,"[83]GwcfHdwaCIrqcjefGpCHwhwafndbCLCablBwafofCJBdHdwendaCIKFqiwdBeaECactafwendaCJCafJieK",106,0.990654,83,107,1,106,1,1,0,1,1,41,40,34,34,32,32,46
"3713",12,"[83]GwcfHdwaCIrqcjefGpCHwhwafndbCLCablBwafofCJBdHdwendaCIKFqiwdBeaECactafwendaCJCafJieK",106,1,83,105,0,105,0,0,0,0,0,42,42,33,33,30,30,46
"3714",13,"[83]GwcfHdwaCIrqcjefGpCHwhwafndbCLCablBwafofCJBdHdwendaCIKFqiwdBeaECactafwendaCJCafJieK",106,1,83,105,0,105,0,0,0,0,0,40,40,35,35,30,30,46
"3715",14,"[83]GwcfHdwaCIrqcjefGpCHwhwafndbCLCablBwafofCJBdHdwendaCIKFqiwdBeaECactafwendaCJCafJieK",100,0.945946,83,111,6,105,6,6,0,6,6,38,32,42,42,31,31,46
"3716",15,"[83]GwcfHdwaCIrqcjefGpCHwhwafndbCLCablBwafofCJBdHdwendaCIKFqiwdBeaECactafwendaCJCafJieK",106,1,83,105,0,105,0,0,0,0,0,31,31,42,42,32,32,46
"3717",16,"[83]GwcfHdwaCIrqcjefGpCHwhwafndbCLCablBwafofCJBdHdwendaCIKFqiwdBeaECactafwendaCJCafJieK",111,1,83,110,0,110,0,0,0,0,0,38,38,32,32,40,40,46
"3718",17,"[83]GwcfHdwaCIrqcjefGpCHwhwafndbCLCablBwafofCJBdHdwendaCIKFqiwdBeaECactafwendaCJCafJieK",106,0.990654,83,107,1,106,1,1,0,1,1,33,32,40,40,34,34,46
"3719",18,"[83]GwcfHdwaCIrqcjefGpCHwhwafndbCLCablBwafofCJBdHdwendaCIKFqiwdBeaECactafwendaCJCafJieK",107,0.981818,83,110,2,108,2,2,0,2,2,36,34,36,36,38,38,46
"3720",19,"[83]GwcfHdwaCIrqcjefGpCHwhwafndbCLCablBwafofCJBdHdwendaCIKFqiwdBeaECactafwendaCJCafJieK",109,1,83,108,0,108,0,0,0,0,0,38,38,33,33,37,37,46
"3721",20,"[83]GwcfHdwaCIrqcjefGpCHwhwafndbCLCablBwafofCJBdHdwendaCIKFqiwdBeaECactafwendaCJCafJieK",109,0.973684,83,114,3,111,3,3,0,3,3,30,27,39,39,45,45,46
"3722",21,"[83]GwcfHdwaCIrqcjefGpCHwhwafndbCLCablBwafofCJBdHdwendaCIKFqiwdBeaECactafwendaCJCafJieK",110,1,83,109,0,109,0,0,0,0,0,28,28,41,41,40,40,46
"3723",22,"[83]GwcfHdwaCIrqcjefGpCHwhwafndbCLCablBwafofCJBdHdwendaCIKFqiwdBeaECactafwendaCJCafJieK",109,1,83,108,0,108,0,0,0,0,0,37,37,35,35,36,36,46
"3724",23,"[83]GwcfHdwaCIrqcjefGpCHwhwafndbCLCablBwafofCJBdHdwendaCIKFqiwdBeaECactafwendaCJCafJieK",107,0.973214,83,112,3,109,3,3,0,3,3,31,28,41,41,40,40,46
"3725",24,"[83]GwcfHdwaCIrqcjefGpCHwhwafndbCLCablBwafofCJBdHdwendaCIKFqiwdBeaECactafwendaCJCafJieK",107,0.990741,83,108,1,107,1,1,0,1,1,29,28,44,44,35,35,46
"3726",25,"[83]GwcfHdwaCIrqcjefGpCHwhwafndbCLCablBwafofCJBdHdwendaCIKFqiwdBeaECactafwendaCJCafJieK",107,1,83,106,0,106,0,0,0,0,0,42,42,32,32,32,32,46
"3727",26,"[83]GwcfHdwaCIrqcjefGpCHwhwafndbCLCablBwafofCJBdHdwendaCIKFqiwdBeaECactafwendaCJCafJieK",109,1,83,108,0,108,0,0,0,0,0,36,36,36,36,36,36,46
"3728",27,"[83]GwcfHdwaCIrqcjefGpCHwhwafndbCLCablBwafofCJBdHdwendaCIKFqiwdBeaECactafwendaCJCafJieK",106,1,83,105,0,105,0,0,0,0,0,38,38,36,36,31,31,46
"3729",28,"[83]GwcfHdwaCIrqcjefGpCHwhwafndbCLCablBwafofCJBdHdwendaCIKFqiwdBeaECactafwendaCJCafJieK",107,1,83,106,0,106,0,0,0,0,0,33,33,39,39,34,34,46
"3730",29,"[83]GwcfHdwaCIrqcjefGpCHwhwafndbCLCablBwafofCJBdHdwendaCIKFqiwdBeaECactafwendaCJCafJieK",106,0.990654,83,107,1,106,1,1,0,1,1,35,34,38,38,34,34,46
"3731",30,"[83]GwcfHdwaCIrqcjefGpCHwhwafndbCLCablBwafofCJBdHdwendaCIKFqiwdBeaECactafwendaCJCafJieK",106,0.990654,83,107,1,106,1,1,0,1,1,38,37,37,37,32,32,46
"3732",31,"[83]GwcfHdwaCIrqcjefGpCHwhwafndbCLCablBwafofCJBdHdwendaCIKFqiwdBeaECactafwendaCJCafJieK",106,0.981651,83,109,2,107,2,2,0,2,2,37,35,37,37,35,35,46
"3733",32,"[83]GwcfHdwaCIrqcjefGpCHwhwafndbCLCablBwafofCJBdHdwendaCIKFqiwdBeaECactafwendaCJCafJieK",107,0.990741,83,108,1,107,1,1,0,1,1,35,34,38,38,35,35,46
"3734",33,"[83]GwcfHdwaCIrqcjefGpCHwhwafndbCLCablBwafofCJBdHdwendaCIKFqiwdBeaECactafwendaCJCafJieK",107,0.990741,83,108,1,107,1,1,0,1,1,37,36,36,36,35,35,46
"3735",34,"[83]GwcfHdwaCIrqcjefGpCHwhwafndbCLCablBwafofCJBdHdwendaCIKFqiwdBeaECactafwendaCJCafJieK",105,0.990566,83,106,1,105,1,1,0,1,1,38,37,37,37,31,31,46
"3736",35,"[83]GwcfHdwaCIrqcjefGpCHwhwafndbCLCablBwafofCJBdHdwendaCIKFqiwdBeaECactafwendaCJCafJieK",108,1,83,107,0,107,0,0,0,0,0,42,42,30,30,35,35,46
"3737",36,"[83]GwcfHdwaCIrqcjefGpCHwhwafndbCLCablBwafofCJBdHdwendaCIKFqiwdBeaECactafwendaCJCafJieK",106,0.990654,83,107,1,106,1,1,0,1,1,48,47,28,28,31,31,46
"3738",37,"[83]GwcfHdwaCIrqcjefGpCHwhwafndbCLCablBwafofCJBdHdwendaCIKFqiwdBeaECactafwendaCJCafJieK",110,1,83,109,0,109,0,0,0,0,0,36,36,35,35,38,38,46
"3739",38,"[83]GwcfHdwaCIrqcjefGpCHwhwafndbCLCablBwafofCJBdHdwendaCIKFqiwdBeaECactafwendaCJCafJieK",108,1,83,107,0,107,0,0,0,0,0,28,28,44,44,35,35,46
"3740",39,"[83]GwcfHdwaCIrqcjefGpCHwhwafndbCLCablBwafofCJBdHdwendaCIKFqiwdBeaECactafwendaCJCafJieK",105,1,83,104,0,104,0,0,0,0,0,43,43,33,33,28,28,46
"3741",40,"[83]GwcfHdwaCIrqcjefGpCHwhwafndbCLCablBwafofCJBdHdwendaCIKFqiwdBeaECactafwendaCJCafJieK",103,0.963636,83,110,4,106,4,4,0,4,4,43,39,34,34,33,33,46
"3742",41,"[83]GwcfHdwaCIrqcjefGpCHwhwafndbCLCablBwafofCJBdHdwendaCIKFqiwdBeaECactafwendaCJCafJieK",106,1,83,105,0,105,0,0,0,0,0,37,37,37,37,31,31,46
"3743",42,"[83]GwcfHdwaCIrqcjefGpCHwhwafndbCLCablBwafofCJBdHdwendaCIKFqiwdBeaECactafwendaCJCafJieK",106,1,83,105,0,105,0,0,0,0,0,38,38,36,36,31,31,46
"3744",43,"[83]GwcfHdwaCIrqcjefGpCHwhwafndbCLCablBwafofCJBdHdwendaCIKFqiwdBeaECactafwendaCJCafJieK",112,1,83,111,0,111,0,0,0,0,0,38,38,30,30,43,43,46
"3745",44,"[83]GwcfHdwaCIrqcjefGpCHwhwafndbCLCablBwafofCJBdHdwendaCIKFqiwdBeaECactafwendaCJCafJieK",104,0.955752,83,113,5,108,5,5,0,5,5,38,33,38,38,37,37,46
"3746",45,"[83]GwcfHdwaCIrqcjefGpCHwhwafndbCLCablBwafofCJBdHdwendaCIKFqiwdBeaECactafwendaCJCafJieK",110,0.982301,83,113,2,111,2,2,0,2,2,40,38,29,29,44,44,46
"3747",46,"[83]GwcfHdwaCIrqcjefGpCHwhwafndbCLCablBwafofCJBdHdwendaCIKFqiwdBeaECactafwendaCJCafJieK",109,0.990909,83,110,1,109,1,1,0,1,1,35,34,35,35,40,40,46
"3748",47,"[83]GwcfHdwaCIrqcjefGpCHwhwafndbCLCablBwafofCJBdHdwendaCIKFqiwdBeaECactafwendaCJCafJieK",103,0.981132,83,106,2,104,2,2,0,2,2,39,37,38,38,29,29,46
"3749",48,"[83]GwcfHdwaCIrqcjefGpCHwhwafndbCLCablBwafofCJBdHdwendaCIKFqiwdBeaECactafwendaCJCafJieK",105,0.990566,83,106,1,105,1,1,0,1,1,34,33,40,40,32,32,46
"3750",49,"[83]GwcfHdwaCIrqcjefGpCHwhwafndbCLCablBwafofCJBdHdwendaCIKFqiwdBeaECactafwendaCJCafJieK",108,1,83,107,0,107,0,0,0,0,0,36,36,36,36,35,35,46
"3751",50,"[83]GwcfHdwaCIrqcjefGpCHwhwafndbCLCablBwafofCJBdHdwendaCIKFqiwdBeaECactafwendaCJCafJieK",107,1,83,106,0,106,0,0,0,0,0,39,39,35,35,32,32,46
"3752",51,"[83]GwcfHdwaCIrqcjefGpCHwhwafndbCLCablBwafofCJBdHdwendaCIKFqiwdBeaECactafwendaCJCafJieK",104,0.981308,83,107,2,105,2,2,0,2,2,42,40,34,34,31,31,46
"3753",52,"[83]GwcfHdwaCIrqcjefGpCHwhwafndbCLCablBwafofCJBdHdwendaCIKFqiwdBeaECactafwendaCJCafJieK",107,0.973214,83,112,3,109,3,3,0,3,3,36,33,37,37,39,39,46
"3754",53,"[83]GwcfHdwaCIrqcjefGpCHwhwafndbCLCablBwafofCJBdHdwendaCIKFqiwdBeaECactafwendaCJCafJieK",104,0.990476,83,105,1,104,1,1,0,1,1,38,37,38,38,29,29,46
"3755",54,"[83]GwcfHdwaCIrqcjefGpCHwhwafndbCLCablBwafofCJBdHdwendaCIKFqiwdBeaECactafwendaCJCafJieK",104,0.990476,83,105,1,104,1,1,0,1,1,41,40,35,35,29,29,46
"3756",55,"[83]GwcfHdwaCIrqcjefGpCHwhwafndbCLCablBwafofCJBdHdwendaCIKFqiwdBeaECactafwendaCJCafJieK",111,1,83,110,0,110,0,0,0,0,0,29,29,38,38,43,43,46
"3757",56,"[83]GwcfHdwaCIrqcjefGpCHwhwafndbCLCablBwafofCJBdHdwendaCIKFqiwdBeaECactafwendaCJCafJieK",107,1,83,106,0,106,0,0,0,0,0,35,35,38,38,33,33,46
"3758",57,"[83]GwcfHdwaCIrqcjefGpCHwhwafndbCLCablBwafofCJBdHdwendaCIKFqiwdBeaECactafwendaCJCafJieK",102,0.963303,83,109,4,105,4,4,0,4,4,39,35,38,38,32,32,46
"3759",58,"[83]GwcfHdwaCIrqcjefGpCHwhwafndbCLCablBwafofCJBdHdwendaCIKFqiwdBeaECactafwendaCJCafJieK",106,0.990654,83,107,1,106,1,1,0,1,1,40,39,34,34,33,33,46
"3760",59,"[83]GwcfHdwaCIrqcjefGpCHwhwafndbCLCablBwafofCJBdHdwendaCIKFqiwdBeaECactafwendaCJCafJieK",108,1,83,107,0,107,0,0,0,0,0,41,41,32,32,34,34,46
"3761",60,"[83]GwcfHdwaCIrqcjefGpCHwhwafndbCLCablBwafofCJBdHdwendaCIKFqiwdBeaECactafwendaCJCafJieK",101,0.971698,83,106,3,103,3,3,0,3,3,41,38,39,39,26,26,46
"3762",61,"[83]GwcfHdwaCIrqcjefGpCHwhwafndbCLCablBwafofCJBdHdwendaCIKFqiwdBeaECactafwendaCJCafJieK",106,1,83,105,0,105,0,0,0,0,0,38,38,37,37,30,30,46
"3763",62,"[83]GwcfHdwaCIrqcjefGpCHwhwafndbCLCablBwafofCJBdHdwendaCIKFqiwdBeaECactafwendaCJCafJieK",101,0.962963,83,108,4,104,4,4,0,4,4,38,34,41,41,29,29,46
"3764",63,"[83]GwcfHdwaCIrqcjefGpCHwhwafndbCLCablBwafofCJBdHdwendaCIKFqiwdBeaECactafwendaCJCafJieK",107,0.981818,83,110,2,108,2,2,0,2,2,36,34,36,36,38,38,46
"3765",64,"[83]GwcfHdwaCIrqcjefGpCHwhwafndbCLCablBwafofCJBdHdwendaCIKFqiwdBeaECactafwendaCJCafJieK",108,1,83,107,0,107,0,0,0,0,0,48,48,25,25,34,34,46
"3766",65,"[83]GwcfHdwaCIrqcjefGpCHwhwafndbCLCablBwafofCJBdHdwendaCIKFqiwdBeaECactafwendaCJCafJieK",109,0.990909,83,110,1,109,1,1,0,1,1,33,32,38,38,39,39,46
"3767",66,"[83]GwcfHdwaCIrqcjefGpCHwhwafndbCLCablBwafofCJBdHdwendaCIKFqiwdBeaECactafwendaCJCafJieK",101,0.990196,83,102,1,101,1,1,0,1,1,40,39,41,41,21,21,46
"3768",67,"[83]GwcfHdwaCIrqcjefGpCHwhwafndbCLCablBwafofCJBdHdwendaCIKFqiwdBeaECactafwendaCJCafJieK",106,1,83,105,0,105,0,0,0,0,0,29,29,44,44,32,32,46
"3769",68,"[83]GwcfHdwaCIrqcjefGpCHwhwafndbCLCablBwafofCJBdHdwendaCIKFqiwdBeaECactafwendaCJCafJieK",104,0.990476,83,105,1,104,1,1,0,1,1,42,41,36,36,27,27,46
"3770",69,"[83]GwcfHdwaCIrqcjefGpCHwhwafndbCLCablBwafofCJBdHdwendaCIKFqiwdBeaECactafwendaCJCafJieK",109,1,83,108,0,108,0,0,0,0,0,33,33,37,37,38,38,46
"3771",70,"[83]GwcfHdwaCIrqcjefGpCHwhwafndbCLCablBwafofCJBdHdwendaCIKFqiwdBeaECactafwendaCJCafJieK",109,1,83,108,0,108,0,0,0,0,0,39,39,32,32,37,37,46
"3772",71,"[83]GwcfHdwaCIrqcjefGpCHwhwafndbCLCablBwafofCJBdHdwendaCIKFqiwdBeaECactafwendaCJCafJieK",109,1,83,108,0,108,0,0,0,0,0,28,28,43,43,37,37,46
"3773",72,"[83]GwcfHdwaCIrqcjefGpCHwhwafndbCLCablBwafofCJBdHdwendaCIKFqiwdBeaECactafwendaCJCafJieK",105,0.990566,83,106,1,105,1,1,0,1,1,25,24,49,49,32,32,46
"3774",73,"[83]GwcfHdwaCIrqcjefGpCHwhwafndbCLCablBwafofCJBdHdwendaCIKFqiwdBeaECactafwendaCJCafJieK",113,1,83,112,0,112,0,0,0,0,0,33,33,34,34,45,45,46
"3775",74,"[83]GwcfHdwaCIrqcjefGpCHwhwafndbCLCablBwafofCJBdHdwendaCIKFqiwdBeaECactafwendaCJCafJieK",111,1,83,110,0,110,0,0,0,0,0,32,32,36,36,42,42,46
"3776",75,"[83]GwcfHdwaCIrqcjefGpCHwhwafndbCLCablBwafofCJBdHdwendaCIKFqiwdBeaECactafwendaCJCafJieK",108,1,83,107,0,107,0,0,0,0,0,37,37,35,35,35,35,46
"3777",76,"[83]GwcfHdwaCIrqcjefGpCHwhwafndbCLCablBwafofCJBdHdwendaCIKFqiwdBeaECactafwendaCJCafJieK",112,0.99115,83,113,1,112,1,1,0,1,1,37,36,30,30,46,46,46
"3778",77,"[83]GwcfHdwaCIrqcjefGpCHwhwafndbCLCablBwafofCJBdHdwendaCIKFqiwdBeaECactafwendaCJCafJieK",107,0.990741,83,108,1,107,1,1,0,1,1,35,34,38,38,35,35,46
"3779",78,"[83]GwcfHdwaCIrqcjefGpCHwhwafndbCLCablBwafofCJBdHdwendaCIKFqiwdBeaECactafwendaCJCafJieK",108,0.990826,83,109,1,108,1,1,0,1,1,32,31,39,39,38,38,46
"3780",79,"[83]GwcfHdwaCIrqcjefGpCHwhwafndbCLCablBwafofCJBdHdwendaCIKFqiwdBeaECactafwendaCJCafJieK",105,0.990566,83,106,1,105,1,1,0,1,1,45,44,32,32,29,29,46
"3781",80,"[83]GwcfHdwaCIrqcjefGpCHwhwafndbCLCablBwafofCJBdHdwendaCIKFqiwdBeaECactafwendaCJCafJieK",102,0.93913,83,115,7,108,7,7,0,7,7,44,37,33,33,38,38,46
"3782",81,"[83]GwcfHdwaCIrqcjefGpCHwhwafndbCLCablBwafofCJBdHdwendaCIKFqiwdBeaECactafwendaCJCafJieK",105,1,83,104,0,104,0,0,0,0,0,36,36,39,39,29,29,46
"3783",82,"[83]GwcfHdwaCIrqcjefGpCHwhwafndbCLCablBwafofCJBdHdwendaCIKFqiwdBeaECactafwendaCJCafJieK",106,0.972973,83,111,3,108,3,3,0,3,3,41,38,32,32,38,38,46
"3784",83,"[83]GwcfHdwaCIrqcjefGpCHwhwafndbCLCablBwafofCJBdHdwendaCIKFqiwdBeaECactafwendaCJCafJieK",100,0.980583,83,103,2,101,2,2,0,2,2,38,36,42,42,23,23,46
"3785",84,"[83]GwcfHdwaCIrqcjefGpCHwhwafndbCLCablBwafofCJBdHdwendaCIKFqiwdBeaECactafwendaCJCafJieK",109,1,83,108,0,108,0,0,0,0,0,38,38,33,33,37,37,46
"3786",85,"[83]GwcfHdwaCIrqcjefGpCHwhwafndbCLCablBwafofCJBdHdwendaCIKFqiwdBeaECactafwendaCJCafJieK",107,1,83,106,0,106,0,0,0,0,0,35,35,38,38,33,33,46
"3787",86,"[83]GwcfHdwaCIrqcjefGpCHwhwafndbCLCablBwafofCJBdHdwendaCIKFqiwdBeaECactafwendaCJCafJieK",106,1,83,105,0,105,0,0,0,0,0,39,39,35,35,31,31,46
"3788",87,"[83]GwcfHdwaCIrqcjefGpCHwhwafndbCLCablBwafofCJBdHdwendaCIKFqiwdBeaECactafwendaCJCafJieK",109,1,83,108,0,108,0,0,0,0,0,43,43,30,30,35,35,46
"3789",88,"[83]GwcfHdwaCIrqcjefGpCHwhwafndbCLCablBwafofCJBdHdwendaCIKFqiwdBeaECactafwendaCJCafJieK",110,0.990991,83,111,1,110,1,1,0,1,1,30,29,38,38,43,43,46
"3790",89,"[83]GwcfHdwaCIrqcjefGpCHwhwafndbCLCablBwafofCJBdHdwendaCIKFqiwdBeaECactafwendaCJCafJieK",109,1,83,108,0,108,0,0,0,0,0,40,40,31,31,37,37,46
"3791",90,"[83]GwcfHdwaCIrqcjefGpCHwhwafndbCLCablBwafofCJBdHdwendaCIKFqiwdBeaECactafwendaCJCafJieK",109,1,83,108,0,108,0,0,0,0,0,40,40,31,31,37,37,46
"3792",91,"[83]GwcfHdwaCIrqcjefGpCHwhwafndbCLCablBwafofCJBdHdwendaCIKFqiwdBeaECactafwendaCJCafJieK",110,1,83,109,0,109,0,0,0,0,0,34,34,36,36,39,39,46
"3793",92,"[83]GwcfHdwaCIrqcjefGpCHwhwafndbCLCablBwafofCJBdHdwendaCIKFqiwdBeaECactafwendaCJCafJieK",108,0.990826,83,109,1,108,1,1,0,1,1,27,26,43,43,39,39,46
"3794",93,"[83]GwcfHdwaCIrqcjefGpCHwhwafndbCLCablBwafofCJBdHdwendaCIKFqiwdBeaECactafwendaCJCafJieK",108,1,83,107,0,107,0,0,0,0,0,37,37,36,36,34,34,46
"3795",94,"[83]GwcfHdwaCIrqcjefGpCHwhwafndbCLCablBwafofCJBdHdwendaCIKFqiwdBeaECactafwendaCJCafJieK",110,1,83,109,0,109,0,0,0,0,0,39,39,31,31,39,39,46
"3796",95,"[83]GwcfHdwaCIrqcjefGpCHwhwafndbCLCablBwafofCJBdHdwendaCIKFqiwdBeaECactafwendaCJCafJieK",105,1,83,104,0,104,0,0,0,0,0,37,37,38,38,29,29,46
"3797",96,"[83]GwcfHdwaCIrqcjefGpCHwhwafndbCLCablBwafofCJBdHdwendaCIKFqiwdBeaECactafwendaCJCafJieK",110,0.990991,83,111,1,110,1,1,0,1,1,36,35,33,33,42,42,46
"3798",97,"[83]GwcfHdwaCIrqcjefGpCHwhwafndbCLCablBwafofCJBdHdwendaCIKFqiwdBeaECactafwendaCJCafJieK",107,0.990741,83,108,1,107,1,1,0,1,1,36,35,36,36,36,36,46
"3799",98,"[83]GwcfHdwaCIrqcjefGpCHwhwafndbCLCablBwafofCJBdHdwendaCIKFqiwdBeaECactafwendaCJCafJieK",108,0.990826,83,109,1,108,1,1,0,1,1,30,29,42,42,37,37,46
"3800",99,"[83]GwcfHdwaCIrqcjefGpCHwhwafndbCLCablBwafofCJBdHdwendaCIKFqiwdBeaECactafwendaCJCafJieK",110,0.990991,83,111,1,110,1,1,0,1,1,33,32,37,37,41,41,46
"3801",0,"[84]GjfffHdwaClkIqDcqDrKeehwafndbCLCacgxcwafnfCJBdHdwandfCIKqhohdgaFqhuafwandqJCebwjeCaK",103,0.990385,84,104,1,103,1,1,0,1,1,34,33,43,43,27,27,47
"3802",1,"[84]GjfffHdwaClkIqDcqDrKeehwafndbCLCacgxcwafnfCJBdHdwandfCIKqhohdgaFqhuafwandqJCebwjeCaK",106,0.981651,84,109,2,107,2,2,0,2,2,35,33,38,38,36,36,47
"3803",2,"[84]GjfffHdwaClkIqDcqDrKeehwafndbCLCacgxcwafnfCJBdHdwandfCIKqhohdgaFqhuafwandqJCebwjeCaK",108,1,84,107,0,107,0,0,0,0,0,34,34,37,37,36,36,47
"3804",3,"[84]GjfffHdwaClkIqDcqDrKeehwafndbCLCacgxcwafnfCJBdHdwandfCIKqhohdgaFqhuafwandqJCebwjeCaK",111,1,84,110,0,110,0,0,0,0,0,34,34,34,34,42,42,47
"3805",4,"[84]GjfffHdwaClkIqDcqDrKeehwafndbCLCacgxcwafnfCJBdHdwandfCIKqhohdgaFqhuafwandqJCebwjeCaK",109,1,84,108,0,108,0,0,0,0,0,32,32,39,39,37,37,47
"3806",5,"[84]GjfffHdwaClkIqDcqDrKeehwafndbCLCacgxcwafnfCJBdHdwandfCIKqhohdgaFqhuafwandqJCebwjeCaK",109,1,84,108,0,108,0,0,0,0,0,33,33,37,37,38,38,47
"3807",6,"[84]GjfffHdwaClkIqDcqDrKeehwafndbCLCacgxcwafnfCJBdHdwandfCIKqhohdgaFqhuafwandqJCebwjeCaK",103,0.981132,84,106,2,104,2,2,0,2,2,33,31,42,42,31,31,47
"3808",7,"[84]GjfffHdwaClkIqDcqDrKeehwafndbCLCacgxcwafnfCJBdHdwandfCIKqhohdgaFqhuafwandqJCebwjeCaK",108,1,84,107,0,107,0,0,0,0,0,29,29,42,42,36,36,47
"3809",8,"[84]GjfffHdwaClkIqDcqDrKeehwafndbCLCacgxcwafnfCJBdHdwandfCIKqhohdgaFqhuafwandqJCebwjeCaK",109,1,84,108,0,108,0,0,0,0,0,38,38,34,34,36,36,47
"3810",9,"[84]GjfffHdwaClkIqDcqDrKeehwafndbCLCacgxcwafnfCJBdHdwandfCIKqhohdgaFqhuafwandqJCebwjeCaK",103,0.963636,84,110,4,106,4,4,0,4,4,43,39,32,32,35,35,47
"3811",10,"[84]GjfffHdwaClkIqDcqDrKeehwafndbCLCacgxcwafnfCJBdHdwandfCIKqhohdgaFqhuafwandqJCebwjeCaK",107,1,84,106,0,106,0,0,0,0,0,33,33,40,40,33,33,47
"3812",11,"[84]GjfffHdwaClkIqDcqDrKeehwafndbCLCacgxcwafnfCJBdHdwandfCIKqhohdgaFqhuafwandqJCebwjeCaK",111,1,84,110,0,110,0,0,0,0,0,34,34,35,35,41,41,47
"3813",12,"[84]GjfffHdwaClkIqDcqDrKeehwafndbCLCacgxcwafnfCJBdHdwandfCIKqhohdgaFqhuafwandqJCebwjeCaK",106,0.981651,84,109,2,107,2,2,0,2,2,34,32,38,38,37,37,47
"3814",13,"[84]GjfffHdwaClkIqDcqDrKeehwafndbCLCacgxcwafnfCJBdHdwandfCIKqhohdgaFqhuafwandqJCebwjeCaK",108,1,84,107,0,107,0,0,0,0,0,39,39,33,33,35,35,47
"3815",14,"[84]GjfffHdwaClkIqDcqDrKeehwafndbCLCacgxcwafnfCJBdHdwandfCIKqhohdgaFqhuafwandqJCebwjeCaK",112,1,84,111,0,111,0,0,0,0,0,32,32,35,35,44,44,47
"3816",15,"[84]GjfffHdwaClkIqDcqDrKeehwafndbCLCacgxcwafnfCJBdHdwandfCIKqhohdgaFqhuafwandqJCebwjeCaK",114,1,84,113,0,113,0,0,0,0,0,34,34,31,31,48,48,47
"3817",16,"[84]GjfffHdwaClkIqDcqDrKeehwafndbCLCacgxcwafnfCJBdHdwandfCIKqhohdgaFqhuafwandqJCebwjeCaK",110,0.990991,84,111,1,110,1,1,0,1,1,34,33,36,36,41,41,47
"3818",17,"[84]GjfffHdwaClkIqDcqDrKeehwafndbCLCacgxcwafnfCJBdHdwandfCIKqhohdgaFqhuafwandqJCebwjeCaK",104,0.990476,84,105,1,104,1,1,0,1,1,44,43,33,33,28,28,47
"3819",18,"[84]GjfffHdwaClkIqDcqDrKeehwafndbCLCacgxcwafnfCJBdHdwandfCIKqhohdgaFqhuafwandqJCebwjeCaK",108,0.990826,84,109,1,108,1,1,0,1,1,27,26,44,44,38,38,47
"3820",19,"[84]GjfffHdwaClkIqDcqDrKeehwafndbCLCacgxcwafnfCJBdHdwandfCIKqhohdgaFqhuafwandqJCebwjeCaK",107,1,84,106,0,106,0,0,0,0,0,45,45,29,29,32,32,47
"3821",20,"[84]GjfffHdwaClkIqDcqDrKeehwafndbCLCacgxcwafnfCJBdHdwandfCIKqhohdgaFqhuafwandqJCebwjeCaK",106,1,84,105,0,105,0,0,0,0,0,31,31,42,42,32,32,47
"3822",21,"[84]GjfffHdwaClkIqDcqDrKeehwafndbCLCacgxcwafnfCJBdHdwandfCIKqhohdgaFqhuafwandqJCebwjeCaK",116,0.991453,84,117,1,116,1,1,0,1,1,37,36,26,26,54,54,47
"3823",22,"[84]GjfffHdwaClkIqDcqDrKeehwafndbCLCacgxcwafnfCJBdHdwandfCIKqhohdgaFqhuafwandqJCebwjeCaK",106,0.990654,84,107,1,106,1,1,0,1,1,37,36,36,36,34,34,47
"3824",23,"[84]GjfffHdwaClkIqDcqDrKeehwafndbCLCacgxcwafnfCJBdHdwandfCIKqhohdgaFqhuafwandqJCebwjeCaK",110,1,84,109,0,109,0,0,0,0,0,35,35,34,34,40,40,47
"3825",24,"[84]GjfffHdwaClkIqDcqDrKeehwafndbCLCacgxcwafnfCJBdHdwandfCIKqhohdgaFqhuafwandqJCebwjeCaK",112,0.982609,84,115,2,113,2,2,0,2,2,33,31,32,32,50,50,47
"3826",25,"[84]GjfffHdwaClkIqDcqDrKeehwafndbCLCacgxcwafnfCJBdHdwandfCIKqhohdgaFqhuafwandqJCebwjeCaK",105,0.964286,84,112,4,108,4,4,0,4,4,34,30,39,39,39,39,47
"3827",26,"[84]GjfffHdwaClkIqDcqDrKeehwafndbCLCacgxcwafnfCJBdHdwandfCIKqhohdgaFqhuafwandqJCebwjeCaK",109,0.990909,84,110,1,109,1,1,0,1,1,40,39,31,31,39,39,47
"3828",27,"[84]GjfffHdwaClkIqDcqDrKeehwafndbCLCacgxcwafnfCJBdHdwandfCIKqhohdgaFqhuafwandqJCebwjeCaK",99,0.9375,84,112,7,105,7,7,0,7,7,35,28,41,41,36,36,47
"3829",28,"[84]GjfffHdwaClkIqDcqDrKeehwafndbCLCacgxcwafnfCJBdHdwandfCIKqhohdgaFqhuafwandqJCebwjeCaK",111,1,84,110,0,110,0,0,0,0,0,37,37,33,33,40,40,47
"3830",29,"[84]GjfffHdwaClkIqDcqDrKeehwafndbCLCacgxcwafnfCJBdHdwandfCIKqhohdgaFqhuafwandqJCebwjeCaK",107,1,84,106,0,106,0,0,0,0,0,40,40,34,34,32,32,47
"3831",30,"[84]GjfffHdwaClkIqDcqDrKeehwafndbCLCacgxcwafnfCJBdHdwandfCIKqhohdgaFqhuafwandqJCebwjeCaK",106,0.972973,84,111,3,108,3,3,0,3,3,35,32,38,38,38,38,47
"3832",31,"[84]GjfffHdwaClkIqDcqDrKeehwafndbCLCacgxcwafnfCJBdHdwandfCIKqhohdgaFqhuafwandqJCebwjeCaK",109,0.973684,84,114,3,111,3,3,0,3,3,37,34,33,33,44,44,47
"3833",32,"[84]GjfffHdwaClkIqDcqDrKeehwafndbCLCacgxcwafnfCJBdHdwandfCIKqhohdgaFqhuafwandqJCebwjeCaK",104,0.981308,84,107,2,105,2,2,0,2,2,40,38,36,36,31,31,47
"3834",33,"[84]GjfffHdwaClkIqDcqDrKeehwafndbCLCacgxcwafnfCJBdHdwandfCIKqhohdgaFqhuafwandqJCebwjeCaK",106,1,84,105,0,105,0,0,0,0,0,39,39,35,35,31,31,47
"3835",34,"[84]GjfffHdwaClkIqDcqDrKeehwafndbCLCacgxcwafnfCJBdHdwandfCIKqhohdgaFqhuafwandqJCebwjeCaK",101,0.954545,84,110,5,105,5,5,0,5,5,40,35,36,36,34,34,47
"3836",35,"[84]GjfffHdwaClkIqDcqDrKeehwafndbCLCacgxcwafnfCJBdHdwandfCIKqhohdgaFqhuafwandqJCebwjeCaK",106,0.972973,84,111,3,108,3,3,0,3,3,42,39,30,30,39,39,47
"3837",36,"[84]GjfffHdwaClkIqDcqDrKeehwafndbCLCacgxcwafnfCJBdHdwandfCIKqhohdgaFqhuafwandqJCebwjeCaK",110,1,84,109,0,109,0,0,0,0,0,41,41,29,29,39,39,47
"3838",37,"[84]GjfffHdwaClkIqDcqDrKeehwafndbCLCacgxcwafnfCJBdHdwandfCIKqhohdgaFqhuafwandqJCebwjeCaK",108,1,84,107,0,107,0,0,0,0,0,39,39,34,34,34,34,47
"3839",38,"[84]GjfffHdwaClkIqDcqDrKeehwafndbCLCacgxcwafnfCJBdHdwandfCIKqhohdgaFqhuafwandqJCebwjeCaK",107,1,84,106,0,106,0,0,0,0,0,37,37,36,36,33,33,47
"3840",39,"[84]GjfffHdwaClkIqDcqDrKeehwafndbCLCacgxcwafnfCJBdHdwandfCIKqhohdgaFqhuafwandqJCebwjeCaK",103,0.990385,84,104,1,103,1,1,0,1,1,53,52,26,26,25,25,47
"3841",40,"[84]GjfffHdwaClkIqDcqDrKeehwafndbCLCacgxcwafnfCJBdHdwandfCIKqhohdgaFqhuafwandqJCebwjeCaK",103,0.972222,84,108,3,105,3,3,0,3,3,32,29,43,43,33,33,47
"3842",41,"[84]GjfffHdwaClkIqDcqDrKeehwafndbCLCacgxcwafnfCJBdHdwandfCIKqhohdgaFqhuafwandqJCebwjeCaK",108,1,84,107,0,107,0,0,0,0,0,36,36,37,37,34,34,47
"3843",42,"[84]GjfffHdwaClkIqDcqDrKeehwafndbCLCacgxcwafnfCJBdHdwandfCIKqhohdgaFqhuafwandqJCebwjeCaK",104,0.990476,84,105,1,104,1,1,0,1,1,29,28,47,47,29,29,47
"3844",43,"[84]GjfffHdwaClkIqDcqDrKeehwafndbCLCacgxcwafnfCJBdHdwandfCIKqhohdgaFqhuafwandqJCebwjeCaK",107,0.990741,84,108,1,107,1,1,0,1,1,35,34,37,37,36,36,47
"3845",44,"[84]GjfffHdwaClkIqDcqDrKeehwafndbCLCacgxcwafnfCJBdHdwandfCIKqhohdgaFqhuafwandqJCebwjeCaK",109,0.990909,84,110,1,109,1,1,0,1,1,40,39,30,30,40,40,47
"3846",45,"[84]GjfffHdwaClkIqDcqDrKeehwafndbCLCacgxcwafnfCJBdHdwandfCIKqhohdgaFqhuafwandqJCebwjeCaK",97,0.961538,84,104,4,100,4,4,0,4,4,44,40,39,39,21,21,47
"3847",46,"[84]GjfffHdwaClkIqDcqDrKeehwafndbCLCacgxcwafnfCJBdHdwandfCIKqhohdgaFqhuafwandqJCebwjeCaK",104,0.990476,84,105,1,104,1,1,0,1,1,39,38,37,37,29,29,47
"3848",47,"[84]GjfffHdwaClkIqDcqDrKeehwafndbCLCacgxcwafnfCJBdHdwandfCIKqhohdgaFqhuafwandqJCebwjeCaK",111,1,84,110,0,110,0,0,0,0,0,37,37,31,31,42,42,47
"3849",48,"[84]GjfffHdwaClkIqDcqDrKeehwafndbCLCacgxcwafnfCJBdHdwandfCIKqhohdgaFqhuafwandqJCebwjeCaK",104,1,84,103,0,103,0,0,0,0,0,36,36,41,41,26,26,47
"3850",49,"[84]GjfffHdwaClkIqDcqDrKeehwafndbCLCacgxcwafnfCJBdHdwandfCIKqhohdgaFqhuafwandqJCebwjeCaK",109,0.990909,84,110,1,109,1,1,0,1,1,41,40,29,29,40,40,47
"3851",50,"[84]GjfffHdwaClkIqDcqDrKeehwafndbCLCacgxcwafnfCJBdHdwandfCIKqhohdgaFqhuafwandqJCebwjeCaK",106,0.981651,84,109,2,107,2,2,0,2,2,34,32,39,39,36,36,47
"3852",51,"[84]GjfffHdwaClkIqDcqDrKeehwafndbCLCacgxcwafnfCJBdHdwandfCIKqhohdgaFqhuafwandqJCebwjeCaK",102,0.980952,84,105,2,103,2,2,0,2,2,30,28,47,47,28,28,47
"3853",52,"[84]GjfffHdwaClkIqDcqDrKeehwafndbCLCacgxcwafnfCJBdHdwandfCIKqhohdgaFqhuafwandqJCebwjeCaK",105,0.990566,84,106,1,105,1,1,0,1,1,31,30,43,43,32,32,47
"3854",53,"[84]GjfffHdwaClkIqDcqDrKeehwafndbCLCacgxcwafnfCJBdHdwandfCIKqhohdgaFqhuafwandqJCebwjeCaK",112,0.99115,84,113,1,112,1,1,0,1,1,33,32,33,33,47,47,47
"3855",54,"[84]GjfffHdwaClkIqDcqDrKeehwafndbCLCacgxcwafnfCJBdHdwandfCIKqhohdgaFqhuafwandqJCebwjeCaK",105,0.981481,84,108,2,106,2,2,0,2,2,42,40,32,32,34,34,47
"3856",55,"[84]GjfffHdwaClkIqDcqDrKeehwafndbCLCacgxcwafnfCJBdHdwandfCIKqhohdgaFqhuafwandqJCebwjeCaK",109,1,84,108,0,108,0,0,0,0,0,36,36,36,36,36,36,47
"3857",56,"[84]GjfffHdwaClkIqDcqDrKeehwafndbCLCacgxcwafnfCJBdHdwandfCIKqhohdgaFqhuafwandqJCebwjeCaK",109,0.990909,84,110,1,109,1,1,0,1,1,36,35,35,35,39,39,47
"3858",57,"[84]GjfffHdwaClkIqDcqDrKeehwafndbCLCacgxcwafnfCJBdHdwandfCIKqhohdgaFqhuafwandqJCebwjeCaK",109,0.990909,84,110,1,109,1,1,0,1,1,33,32,36,36,41,41,47
"3859",58,"[84]GjfffHdwaClkIqDcqDrKeehwafndbCLCacgxcwafnfCJBdHdwandfCIKqhohdgaFqhuafwandqJCebwjeCaK",103,0.990385,84,104,1,103,1,1,0,1,1,30,29,46,46,28,28,47
"3860",59,"[84]GjfffHdwaClkIqDcqDrKeehwafndbCLCacgxcwafnfCJBdHdwandfCIKqhohdgaFqhuafwandqJCebwjeCaK",101,0.990196,84,102,1,101,1,1,0,1,1,36,35,43,43,23,23,47
"3861",60,"[84]GjfffHdwaClkIqDcqDrKeehwafndbCLCacgxcwafnfCJBdHdwandfCIKqhohdgaFqhuafwandqJCebwjeCaK",109,1,84,108,0,108,0,0,0,0,0,34,34,36,36,38,38,47
"3862",61,"[84]GjfffHdwaClkIqDcqDrKeehwafndbCLCacgxcwafnfCJBdHdwandfCIKqhohdgaFqhuafwandqJCebwjeCaK",105,1,84,104,0,104,0,0,0,0,0,37,37,39,39,28,28,47
"3863",62,"[84]GjfffHdwaClkIqDcqDrKeehwafndbCLCacgxcwafnfCJBdHdwandfCIKqhohdgaFqhuafwandqJCebwjeCaK",111,1,84,110,0,110,0,0,0,0,0,39,39,31,31,40,40,47
"3864",63,"[84]GjfffHdwaClkIqDcqDrKeehwafndbCLCacgxcwafnfCJBdHdwandfCIKqhohdgaFqhuafwandqJCebwjeCaK",106,0.981651,84,109,2,107,2,2,0,2,2,37,35,36,36,36,36,47
"3865",64,"[84]GjfffHdwaClkIqDcqDrKeehwafndbCLCacgxcwafnfCJBdHdwandfCIKqhohdgaFqhuafwandqJCebwjeCaK",102,0.946903,84,113,6,107,6,6,0,6,6,41,35,34,34,38,38,47
"3866",65,"[84]GjfffHdwaClkIqDcqDrKeehwafndbCLCacgxcwafnfCJBdHdwandfCIKqhohdgaFqhuafwandqJCebwjeCaK",112,1,84,111,0,111,0,0,0,0,0,40,40,28,28,43,43,47
"3867",66,"[84]GjfffHdwaClkIqDcqDrKeehwafndbCLCacgxcwafnfCJBdHdwandfCIKqhohdgaFqhuafwandqJCebwjeCaK",110,1,84,109,0,109,0,0,0,0,0,36,36,34,34,39,39,47
"3868",67,"[84]GjfffHdwaClkIqDcqDrKeehwafndbCLCacgxcwafnfCJBdHdwandfCIKqhohdgaFqhuafwandqJCebwjeCaK",114,1,84,113,0,113,0,0,0,0,0,32,32,33,33,48,48,47
"3869",68,"[84]GjfffHdwaClkIqDcqDrKeehwafndbCLCacgxcwafnfCJBdHdwandfCIKqhohdgaFqhuafwandqJCebwjeCaK",108,1,84,107,0,107,0,0,0,0,0,41,41,31,31,35,35,47
"3870",69,"[84]GjfffHdwaClkIqDcqDrKeehwafndbCLCacgxcwafnfCJBdHdwandfCIKqhohdgaFqhuafwandqJCebwjeCaK",104,0.981308,84,107,2,105,2,2,0,2,2,39,37,37,37,31,31,47
"3871",70,"[84]GjfffHdwaClkIqDcqDrKeehwafndbCLCacgxcwafnfCJBdHdwandfCIKqhohdgaFqhuafwandqJCebwjeCaK",110,0.990991,84,111,1,110,1,1,0,1,1,39,38,30,30,42,42,47
"3872",71,"[84]GjfffHdwaClkIqDcqDrKeehwafndbCLCacgxcwafnfCJBdHdwandfCIKqhohdgaFqhuafwandqJCebwjeCaK",107,0.981818,84,110,2,108,2,2,0,2,2,37,35,36,36,37,37,47
"3873",72,"[84]GjfffHdwaClkIqDcqDrKeehwafndbCLCacgxcwafnfCJBdHdwandfCIKqhohdgaFqhuafwandqJCebwjeCaK",111,0.991071,84,112,1,111,1,1,0,1,1,30,29,38,38,44,44,47
"3874",73,"[84]GjfffHdwaClkIqDcqDrKeehwafndbCLCacgxcwafnfCJBdHdwandfCIKqhohdgaFqhuafwandqJCebwjeCaK",103,0.981132,84,106,2,104,2,2,0,2,2,44,42,34,34,28,28,47
"3875",74,"[84]GjfffHdwaClkIqDcqDrKeehwafndbCLCacgxcwafnfCJBdHdwandfCIKqhohdgaFqhuafwandqJCebwjeCaK",111,1,84,110,0,110,0,0,0,0,0,32,32,36,36,42,42,47
"3876",75,"[84]GjfffHdwaClkIqDcqDrKeehwafndbCLCacgxcwafnfCJBdHdwandfCIKqhohdgaFqhuafwandqJCebwjeCaK",116,1,84,115,0,115,0,0,0,0,0,35,35,28,28,52,52,47
"3877",76,"[84]GjfffHdwaClkIqDcqDrKeehwafndbCLCacgxcwafnfCJBdHdwandfCIKqhohdgaFqhuafwandqJCebwjeCaK",107,1,84,106,0,106,0,0,0,0,0,33,33,39,39,34,34,47
"3878",77,"[84]GjfffHdwaClkIqDcqDrKeehwafndbCLCacgxcwafnfCJBdHdwandfCIKqhohdgaFqhuafwandqJCebwjeCaK",105,0.990566,84,106,1,105,1,1,0,1,1,38,37,37,37,31,31,47
"3879",78,"[84]GjfffHdwaClkIqDcqDrKeehwafndbCLCacgxcwafnfCJBdHdwandfCIKqhohdgaFqhuafwandqJCebwjeCaK",113,1,84,112,0,112,0,0,0,0,0,36,36,30,30,46,46,47
"3880",79,"[84]GjfffHdwaClkIqDcqDrKeehwafndbCLCacgxcwafnfCJBdHdwandfCIKqhohdgaFqhuafwandqJCebwjeCaK",104,0.981308,84,107,2,105,2,2,0,2,2,40,38,36,36,31,31,47
"3881",80,"[84]GjfffHdwaClkIqDcqDrKeehwafndbCLCacgxcwafnfCJBdHdwandfCIKqhohdgaFqhuafwandqJCebwjeCaK",116,1,84,115,0,115,0,0,0,0,0,28,28,34,34,53,53,47
"3882",81,"[84]GjfffHdwaClkIqDcqDrKeehwafndbCLCacgxcwafnfCJBdHdwandfCIKqhohdgaFqhuafwandqJCebwjeCaK",107,0.981818,84,110,2,108,2,2,0,2,2,36,34,35,35,39,39,47
"3883",82,"[84]GjfffHdwaClkIqDcqDrKeehwafndbCLCacgxcwafnfCJBdHdwandfCIKqhohdgaFqhuafwandqJCebwjeCaK",114,1,84,113,0,113,0,0,0,0,0,33,33,33,33,47,47,47
"3884",83,"[84]GjfffHdwaClkIqDcqDrKeehwafndbCLCacgxcwafnfCJBdHdwandfCIKqhohdgaFqhuafwandqJCebwjeCaK",105,0.990566,84,106,1,105,1,1,0,1,1,37,36,39,39,30,30,47
"3885",84,"[84]GjfffHdwaClkIqDcqDrKeehwafndbCLCacgxcwafnfCJBdHdwandfCIKqhohdgaFqhuafwandqJCebwjeCaK",110,1,84,109,0,109,0,0,0,0,0,26,26,43,43,40,40,47
"3886",85,"[84]GjfffHdwaClkIqDcqDrKeehwafndbCLCacgxcwafnfCJBdHdwandfCIKqhohdgaFqhuafwandqJCebwjeCaK",108,0.990826,84,109,1,108,1,1,0,1,1,32,31,39,39,38,38,47
"3887",86,"[84]GjfffHdwaClkIqDcqDrKeehwafndbCLCacgxcwafnfCJBdHdwandfCIKqhohdgaFqhuafwandqJCebwjeCaK",98,0.944954,84,109,6,103,6,6,0,6,6,37,31,43,43,29,29,47
"3888",87,"[84]GjfffHdwaClkIqDcqDrKeehwafndbCLCacgxcwafnfCJBdHdwandfCIKqhohdgaFqhuafwandqJCebwjeCaK",108,0.981982,84,111,2,109,2,2,0,2,2,49,47,24,24,38,38,47
"3889",88,"[84]GjfffHdwaClkIqDcqDrKeehwafndbCLCacgxcwafnfCJBdHdwandfCIKqhohdgaFqhuafwandqJCebwjeCaK",105,0.964286,84,112,4,108,4,4,0,4,4,33,29,39,39,40,40,47
"3890",89,"[84]GjfffHdwaClkIqDcqDrKeehwafndbCLCacgxcwafnfCJBdHdwandfCIKqhohdgaFqhuafwandqJCebwjeCaK",108,0.990826,84,109,1,108,1,1,0,1,1,37,36,35,35,37,37,47
"3891",90,"[84]GjfffHdwaClkIqDcqDrKeehwafndbCLCacgxcwafnfCJBdHdwandfCIKqhohdgaFqhuafwandqJCebwjeCaK",104,0.990476,84,105,1,104,1,1,0,1,1,36,35,40,40,29,29,47
"3892",91,"[84]GjfffHdwaClkIqDcqDrKeehwafndbCLCacgxcwafnfCJBdHdwandfCIKqhohdgaFqhuafwandqJCebwjeCaK",104,1,84,103,0,103,0,0,0,0,0,37,37,39,39,27,27,47
"3893",92,"[84]GjfffHdwaClkIqDcqDrKeehwafndbCLCacgxcwafnfCJBdHdwandfCIKqhohdgaFqhuafwandqJCebwjeCaK",107,0.956897,84,116,5,111,5,5,0,5,5,39,34,30,30,47,47,47
"3894",93,"[84]GjfffHdwaClkIqDcqDrKeehwafndbCLCacgxcwafnfCJBdHdwandfCIKqhohdgaFqhuafwandqJCebwjeCaK",107,1,84,106,0,106,0,0,0,0,0,41,41,32,32,33,33,47
"3895",94,"[84]GjfffHdwaClkIqDcqDrKeehwafndbCLCacgxcwafnfCJBdHdwandfCIKqhohdgaFqhuafwandqJCebwjeCaK",108,1,84,107,0,107,0,0,0,0,0,45,45,29,29,33,33,47
"3896",95,"[84]GjfffHdwaClkIqDcqDrKeehwafndbCLCacgxcwafnfCJBdHdwandfCIKqhohdgaFqhuafwandqJCebwjeCaK",106,1,84,105,0,105,0,0,0,0,0,41,41,34,34,30,30,47
"3897",96,"[84]GjfffHdwaClkIqDcqDrKeehwafndbCLCacgxcwafnfCJBdHdwandfCIKqhohdgaFqhuafwandqJCebwjeCaK",94,0.926606,84,109,8,101,8,8,0,8,8,41,33,41,41,27,27,47
"3898",97,"[84]GjfffHdwaClkIqDcqDrKeehwafndbCLCacgxcwafnfCJBdHdwandfCIKqhohdgaFqhuafwandqJCebwjeCaK",110,1,84,109,0,109,0,0,0,0,0,29,29,40,40,40,40,47
"3899",98,"[84]GjfffHdwaClkIqDcqDrKeehwafndbCLCacgxcwafnfCJBdHdwandfCIKqhohdgaFqhuafwandqJCebwjeCaK",106,0.981651,84,109,2,107,2,2,0,2,2,32,30,40,40,37,37,47
"3900",99,"[84]GjfffHdwaClkIqDcqDrKeehwafndbCLCacgxcwafnfCJBdHdwandfCIKqhohdgaFqhuafwandqJCebwjeCaK",112,0.99115,84,113,1,112,1,1,0,1,1,32,31,34,34,47,47,47
"3901",0,"[81]GjfffHdwafndfCICacnfHwafndbCLCebDmzJLwafnfCJBdzHdnndaCIqqxrykDAkafwaendCJCebEuaeK",104,1,81,103,0,103,0,0,0,0,0,31,31,35,35,37,37,48
"3902",1,"[81]GjfffHdwafndfCICacnfHwafndbCLCebDmzJLwafnfCJBdzHdnndaCIqqxrykDAkafwaendCJCebEuaeK",92,0.950495,81,101,5,96,5,5,0,5,5,38,34,34,33,29,29,48
"3903",2,"[81]GjfffHdwafndfCICacnfHwafndbCLCebDmzJLwafnfCJBdzHdnndaCIqqxrykDAkafwaendCJCebEuaeK",100,0.990099,81,101,1,100,1,1,0,1,1,35,34,34,34,32,32,48
"3904",3,"[81]GjfffHdwafndfCICacnfHwafndbCLCebDmzJLwafnfCJBdzHdnndaCIqqxrykDAkafwaendCJCebEuaeK",101,0.971698,81,106,3,103,3,3,0,3,3,26,24,36,35,44,44,48
"3905",4,"[81]GjfffHdwafndfCICacnfHwafndbCLCebDmzJLwafnfCJBdzHdnndaCIqqxrykDAkafwaendCJCebEuaeK",96,0.970297,81,101,3,98,3,3,0,3,3,35,33,34,33,32,32,48
"3906",5,"[81]GjfffHdwafndfCICacnfHwafndbCLCebDmzJLwafnfCJBdzHdnndaCIqqxrykDAkafwaendCJCebEuaeK",95,0.989583,81,96,1,95,1,1,0,1,1,39,38,36,36,21,21,48
"3907",6,"[81]GjfffHdwafndfCICacnfHwafndbCLCebDmzJLwafnfCJBdzHdnndaCIqqxrykDAkafwaendCJCebEuaeK",100,0.990099,81,101,1,100,1,1,0,1,1,32,31,36,36,33,33,48
"3908",7,"[81]GjfffHdwafndfCICacnfHwafndbCLCebDmzJLwafnfCJBdzHdnndaCIqqxrykDAkafwaendCJCebEuaeK",96,0.979798,81,99,2,97,2,2,0,2,2,37,35,35,35,27,27,48
"3909",8,"[81]GjfffHdwafndfCICacnfHwafndbCLCebDmzJLwafnfCJBdzHdnndaCIqqxrykDAkafwaendCJCebEuaeK",99,0.980392,81,102,2,100,2,2,0,2,2,30,29,36,35,36,36,48
"3910",9,"[81]GjfffHdwafndfCICacnfHwafndbCLCebDmzJLwafnfCJBdzHdnndaCIqqxrykDAkafwaendCJCebEuaeK",98,0.989899,81,99,1,98,1,1,0,1,1,32,32,37,36,30,30,48
"3911",10,"[81]GjfffHdwafndfCICacnfHwafndbCLCebDmzJLwafnfCJBdzHdnndaCIqqxrykDAkafwaendCJCebEuaeK",101,0.990196,81,102,1,101,1,1,0,1,1,29,29,37,36,36,36,48
"3912",11,"[81]GjfffHdwafndfCICacnfHwafndbCLCebDmzJLwafnfCJBdzHdnndaCIqqxrykDAkafwaendCJCebEuaeK",99,0.99,81,100,1,99,1,1,0,1,1,39,38,32,32,29,29,48
"3913",12,"[81]GjfffHdwafndfCICacnfHwafndbCLCebDmzJLwafnfCJBdzHdnndaCIqqxrykDAkafwaendCJCebEuaeK",98,0.980198,81,101,2,99,2,2,0,2,2,39,37,31,31,31,31,48
"3914",13,"[81]GjfffHdwafndfCICacnfHwafndbCLCebDmzJLwafnfCJBdzHdnndaCIqqxrykDAkafwaendCJCebEuaeK",108,1,81,107,0,107,0,0,0,0,0,30,30,30,30,47,47,48
"3915",14,"[81]GjfffHdwafndfCICacnfHwafndbCLCebDmzJLwafnfCJBdzHdnndaCIqqxrykDAkafwaendCJCebEuaeK",102,0.990291,81,103,1,102,1,1,0,1,1,35,34,31,31,37,37,48
"3916",15,"[81]GjfffHdwafndfCICacnfHwafndbCLCebDmzJLwafnfCJBdzHdnndaCIqqxrykDAkafwaendCJCebEuaeK",97,0.961538,81,104,4,100,4,4,0,4,4,32,29,35,34,37,37,48
"3917",16,"[81]GjfffHdwafndfCICacnfHwafndbCLCebDmzJLwafnfCJBdzHdnndaCIqqxrykDAkafwaendCJCebEuaeK",86,0.929293,81,99,7,92,7,7,0,7,7,37,31,39,38,23,23,48
"3918",17,"[81]GjfffHdwafndfCICacnfHwafndbCLCebDmzJLwafnfCJBdzHdnndaCIqqxrykDAkafwaendCJCebEuaeK",97,0.98,81,100,2,98,2,2,0,2,2,33,31,38,38,29,29,48
"3919",18,"[81]GjfffHdwafndfCICacnfHwafndbCLCebDmzJLwafnfCJBdzHdnndaCIqqxrykDAkafwaendCJCebEuaeK",101,0.990196,81,102,1,101,1,1,0,1,1,38,37,30,30,34,34,48
"3920",19,"[81]GjfffHdwafndfCICacnfHwafndbCLCebDmzJLwafnfCJBdzHdnndaCIqqxrykDAkafwaendCJCebEuaeK",106,1,81,105,0,105,0,0,0,0,0,34,34,29,29,42,42,48
"3921",20,"[81]GjfffHdwafndfCICacnfHwafndbCLCebDmzJLwafnfCJBdzHdnndaCIqqxrykDAkafwaendCJCebEuaeK",102,1,81,101,0,101,0,0,0,0,0,34,34,34,34,33,33,48
"3922",21,"[81]GjfffHdwafndfCICacnfHwafndbCLCebDmzJLwafnfCJBdzHdnndaCIqqxrykDAkafwaendCJCebEuaeK",100,1,81,99,0,99,0,0,0,0,0,35,35,35,35,29,29,48
"3923",22,"[81]GjfffHdwafndfCICacnfHwafndbCLCebDmzJLwafnfCJBdzHdnndaCIqqxrykDAkafwaendCJCebEuaeK",102,1,81,101,0,101,0,0,0,0,0,32,32,36,36,33,33,48
"3924",23,"[81]GjfffHdwafndfCICacnfHwafndbCLCebDmzJLwafnfCJBdzHdnndaCIqqxrykDAkafwaendCJCebEuaeK",99,0.99,81,100,1,99,1,1,0,1,1,32,32,35,34,33,33,48
"3925",24,"[81]GjfffHdwafndfCICacnfHwafndbCLCebDmzJLwafnfCJBdzHdnndaCIqqxrykDAkafwaendCJCebEuaeK",105,1,81,104,0,104,0,0,0,0,0,30,30,33,33,41,41,48
"3926",25,"[81]GjfffHdwafndfCICacnfHwafndbCLCebDmzJLwafnfCJBdzHdnndaCIqqxrykDAkafwaendCJCebEuaeK",101,0.990196,81,102,1,101,1,1,0,1,1,32,32,34,33,36,36,48
"3927",26,"[81]GjfffHdwafndfCICacnfHwafndbCLCebDmzJLwafnfCJBdzHdnndaCIqqxrykDAkafwaendCJCebEuaeK",103,0.990385,81,104,1,103,1,1,0,1,1,37,37,27,26,40,40,48
"3928",27,"[81]GjfffHdwafndfCICacnfHwafndbCLCebDmzJLwafnfCJBdzHdnndaCIqqxrykDAkafwaendCJCebEuaeK",102,0.990291,81,103,1,102,1,1,0,1,1,35,35,30,29,38,38,48
"3929",28,"[81]GjfffHdwafndfCICacnfHwafndbCLCebDmzJLwafnfCJBdzHdnndaCIqqxrykDAkafwaendCJCebEuaeK",97,0.970588,81,102,3,99,3,3,0,3,3,34,31,35,35,33,33,48
"3930",29,"[81]GjfffHdwafndfCICacnfHwafndbCLCebDmzJLwafnfCJBdzHdnndaCIqqxrykDAkafwaendCJCebEuaeK",98,0.980198,81,101,2,99,2,2,0,2,2,37,36,32,31,32,32,48
"3931",30,"[81]GjfffHdwafndfCICacnfHwafndbCLCebDmzJLwafnfCJBdzHdnndaCIqqxrykDAkafwaendCJCebEuaeK",99,0.980392,81,102,2,100,2,2,0,2,2,36,35,31,30,35,35,48
"3932",31,"[81]GjfffHdwafndfCICacnfHwafndbCLCebDmzJLwafnfCJBdzHdnndaCIqqxrykDAkafwaendCJCebEuaeK",103,1,81,102,0,102,0,0,0,0,0,40,40,28,28,34,34,48
"3933",32,"[81]GjfffHdwafndfCICacnfHwafndbCLCebDmzJLwafnfCJBdzHdnndaCIqqxrykDAkafwaendCJCebEuaeK",98,0.989899,81,99,1,98,1,1,0,1,1,35,34,36,36,28,28,48
"3934",33,"[81]GjfffHdwafndfCICacnfHwafndbCLCebDmzJLwafnfCJBdzHdnndaCIqqxrykDAkafwaendCJCebEuaeK",100,0.990099,81,101,1,100,1,1,0,1,1,33,32,35,35,33,33,48
"3935",34,"[81]GjfffHdwafndfCICacnfHwafndbCLCebDmzJLwafnfCJBdzHdnndaCIqqxrykDAkafwaendCJCebEuaeK",96,0.989691,81,97,1,96,1,1,0,1,1,32,32,40,39,25,25,48
"3936",35,"[81]GjfffHdwafndfCICacnfHwafndbCLCebDmzJLwafnfCJBdzHdnndaCIqqxrykDAkafwaendCJCebEuaeK",103,0.990385,81,104,1,103,1,1,0,1,1,39,38,26,26,39,39,48
"3937",36,"[81]GjfffHdwafndfCICacnfHwafndbCLCebDmzJLwafnfCJBdzHdnndaCIqqxrykDAkafwaendCJCebEuaeK",103,1,81,102,0,102,0,0,0,0,0,28,28,37,37,37,37,48
"3938",37,"[81]GjfffHdwafndfCICacnfHwafndbCLCebDmzJLwafnfCJBdzHdnndaCIqqxrykDAkafwaendCJCebEuaeK",104,1,81,103,0,103,0,0,0,0,0,33,33,33,33,37,37,48
"3939",38,"[81]GjfffHdwafndfCICacnfHwafndbCLCebDmzJLwafnfCJBdzHdnndaCIqqxrykDAkafwaendCJCebEuaeK",105,1,81,104,0,104,0,0,0,0,0,31,31,33,33,40,40,48
"3940",39,"[81]GjfffHdwafndfCICacnfHwafndbCLCebDmzJLwafnfCJBdzHdnndaCIqqxrykDAkafwaendCJCebEuaeK",98,0.980198,81,101,2,99,2,2,0,2,2,35,33,35,35,31,31,48
"3941",40,"[81]GjfffHdwafndfCICacnfHwafndbCLCebDmzJLwafnfCJBdzHdnndaCIqqxrykDAkafwaendCJCebEuaeK",105,1,81,104,0,104,0,0,0,0,0,25,25,38,38,41,41,48
"3942",41,"[81]GjfffHdwafndfCICacnfHwafndbCLCebDmzJLwafnfCJBdzHdnndaCIqqxrykDAkafwaendCJCebEuaeK",104,1,81,103,0,103,0,0,0,0,0,38,38,28,28,37,37,48
"3943",42,"[81]GjfffHdwafndfCICacnfHwafndbCLCebDmzJLwafnfCJBdzHdnndaCIqqxrykDAkafwaendCJCebEuaeK",101,1,81,100,0,100,0,0,0,0,0,34,34,35,35,31,31,48
"3944",43,"[81]GjfffHdwafndfCICacnfHwafndbCLCebDmzJLwafnfCJBdzHdnndaCIqqxrykDAkafwaendCJCebEuaeK",97,0.98,81,100,2,98,2,2,0,2,2,38,36,33,33,29,29,48
"3945",44,"[81]GjfffHdwafndfCICacnfHwafndbCLCebDmzJLwafnfCJBdzHdnndaCIqqxrykDAkafwaendCJCebEuaeK",102,0.990291,81,103,1,102,1,1,0,1,1,38,37,30,30,35,35,48
"3946",45,"[81]GjfffHdwafndfCICacnfHwafndbCLCebDmzJLwafnfCJBdzHdnndaCIqqxrykDAkafwaendCJCebEuaeK",100,0.990099,81,101,1,100,1,1,0,1,1,31,31,36,35,34,34,48
"3947",46,"[81]GjfffHdwafndfCICacnfHwafndbCLCebDmzJLwafnfCJBdzHdnndaCIqqxrykDAkafwaendCJCebEuaeK",104,0.990476,81,105,1,104,1,1,0,1,1,28,27,36,36,41,41,48
"3948",47,"[81]GjfffHdwafndfCICacnfHwafndbCLCebDmzJLwafnfCJBdzHdnndaCIqqxrykDAkafwaendCJCebEuaeK",101,1,81,100,0,100,0,0,0,0,0,32,32,36,36,32,32,48
"3949",48,"[81]GjfffHdwafndfCICacnfHwafndbCLCebDmzJLwafnfCJBdzHdnndaCIqqxrykDAkafwaendCJCebEuaeK",97,1,81,96,0,96,0,0,0,0,0,41,41,33,33,22,22,48
"3950",49,"[81]GjfffHdwafndfCICacnfHwafndbCLCebDmzJLwafnfCJBdzHdnndaCIqqxrykDAkafwaendCJCebEuaeK",101,0.990196,81,102,1,101,1,1,0,1,1,31,31,34,33,37,37,48
"3951",50,"[81]GjfffHdwafndfCICacnfHwafndbCLCebDmzJLwafnfCJBdzHdnndaCIqqxrykDAkafwaendCJCebEuaeK",104,0.981308,81,107,2,105,2,2,0,2,2,34,32,29,29,44,44,48
"3952",51,"[81]GjfffHdwafndfCICacnfHwafndbCLCebDmzJLwafnfCJBdzHdnndaCIqqxrykDAkafwaendCJCebEuaeK",99,0.980392,81,102,2,100,2,2,0,2,2,35,33,35,35,32,32,48
"3953",52,"[81]GjfffHdwafndfCICacnfHwafndbCLCebDmzJLwafnfCJBdzHdnndaCIqqxrykDAkafwaendCJCebEuaeK",99,0.971154,81,104,3,101,3,3,0,3,3,37,34,31,31,36,36,48
"3954",53,"[81]GjfffHdwafndfCICacnfHwafndbCLCebDmzJLwafnfCJBdzHdnndaCIqqxrykDAkafwaendCJCebEuaeK",101,0.990196,81,102,1,101,1,1,0,1,1,37,36,31,31,34,34,48
"3955",54,"[81]GjfffHdwafndfCICacnfHwafndbCLCebDmzJLwafnfCJBdzHdnndaCIqqxrykDAkafwaendCJCebEuaeK",96,0.970297,81,101,3,98,3,3,0,3,3,39,37,32,31,30,30,48
"3956",55,"[81]GjfffHdwafndfCICacnfHwafndbCLCebDmzJLwafnfCJBdzHdnndaCIqqxrykDAkafwaendCJCebEuaeK",95,0.979592,81,98,2,96,2,2,0,2,2,34,33,38,37,26,26,48
"3957",56,"[81]GjfffHdwafndfCICacnfHwafndbCLCebDmzJLwafnfCJBdzHdnndaCIqqxrykDAkafwaendCJCebEuaeK",101,1,81,100,0,100,0,0,0,0,0,30,30,39,39,31,31,48
"3958",57,"[81]GjfffHdwafndfCICacnfHwafndbCLCebDmzJLwafnfCJBdzHdnndaCIqqxrykDAkafwaendCJCebEuaeK",96,0.979798,81,99,2,97,2,2,0,2,2,28,27,42,41,29,29,48
"3959",58,"[81]GjfffHdwafndfCICacnfHwafndbCLCebDmzJLwafnfCJBdzHdnndaCIqqxrykDAkafwaendCJCebEuaeK",104,0.990476,81,105,1,104,1,1,0,1,1,42,42,21,20,42,42,48
"3960",59,"[81]GjfffHdwafndfCICacnfHwafndbCLCebDmzJLwafnfCJBdzHdnndaCIqqxrykDAkafwaendCJCebEuaeK",105,0.990566,81,106,1,105,1,1,0,1,1,31,31,29,28,46,46,48
"3961",60,"[81]GjfffHdwafndfCICacnfHwafndbCLCebDmzJLwafnfCJBdzHdnndaCIqqxrykDAkafwaendCJCebEuaeK",103,1,81,102,0,102,0,0,0,0,0,37,37,29,29,36,36,48
"3962",61,"[81]GjfffHdwafndfCICacnfHwafndbCLCebDmzJLwafnfCJBdzHdnndaCIqqxrykDAkafwaendCJCebEuaeK",99,0.980392,81,102,2,100,2,2,0,2,2,35,34,33,32,34,34,48
"3963",62,"[81]GjfffHdwafndfCICacnfHwafndbCLCebDmzJLwafnfCJBdzHdnndaCIqqxrykDAkafwaendCJCebEuaeK",95,0.97,81,100,3,97,3,3,0,3,3,30,28,41,40,29,29,48
"3964",63,"[81]GjfffHdwafndfCICacnfHwafndbCLCebDmzJLwafnfCJBdzHdnndaCIqqxrykDAkafwaendCJCebEuaeK",103,1,81,102,0,102,0,0,0,0,0,32,32,35,35,35,35,48
"3965",64,"[81]GjfffHdwafndfCICacnfHwafndbCLCebDmzJLwafnfCJBdzHdnndaCIqqxrykDAkafwaendCJCebEuaeK",99,0.962264,81,106,4,102,4,4,0,4,4,36,33,29,28,41,41,48
"3966",65,"[81]GjfffHdwafndfCICacnfHwafndbCLCebDmzJLwafnfCJBdzHdnndaCIqqxrykDAkafwaendCJCebEuaeK",101,1,81,100,0,100,0,0,0,0,0,30,30,38,38,32,32,48
"3967",66,"[81]GjfffHdwafndfCICacnfHwafndbCLCebDmzJLwafnfCJBdzHdnndaCIqqxrykDAkafwaendCJCebEuaeK",96,0.989691,81,97,1,96,1,1,0,1,1,41,40,34,34,22,22,48
"3968",67,"[81]GjfffHdwafndfCICacnfHwafndbCLCebDmzJLwafnfCJBdzHdnndaCIqqxrykDAkafwaendCJCebEuaeK",99,0.99,81,100,1,99,1,1,0,1,1,39,39,30,29,31,31,48
"3969",68,"[81]GjfffHdwafndfCICacnfHwafndbCLCebDmzJLwafnfCJBdzHdnndaCIqqxrykDAkafwaendCJCebEuaeK",103,1,81,102,0,102,0,0,0,0,0,33,33,34,34,35,35,48
"3970",69,"[81]GjfffHdwafndfCICacnfHwafndbCLCebDmzJLwafnfCJBdzHdnndaCIqqxrykDAkafwaendCJCebEuaeK",94,0.969697,81,99,3,96,3,3,0,3,3,35,33,36,35,28,28,48
"3971",70,"[81]GjfffHdwafndfCICacnfHwafndbCLCebDmzJLwafnfCJBdzHdnndaCIqqxrykDAkafwaendCJCebEuaeK",102,1,81,101,0,101,0,0,0,0,0,34,34,35,35,32,32,48
"3972",71,"[81]GjfffHdwafndfCICacnfHwafndbCLCebDmzJLwafnfCJBdzHdnndaCIqqxrykDAkafwaendCJCebEuaeK",96,0.970297,81,101,3,98,3,3,0,3,3,38,35,33,33,30,30,48
"3973",72,"[81]GjfffHdwafndfCICacnfHwafndbCLCebDmzJLwafnfCJBdzHdnndaCIqqxrykDAkafwaendCJCebEuaeK",103,0.981132,81,106,2,104,2,2,0,2,2,35,33,30,30,41,41,48
"3974",73,"[81]GjfffHdwafndfCICacnfHwafndbCLCebDmzJLwafnfCJBdzHdnndaCIqqxrykDAkafwaendCJCebEuaeK",101,0.990196,81,102,1,101,1,1,0,1,1,23,22,43,43,36,36,48
"3975",74,"[81]GjfffHdwafndfCICacnfHwafndbCLCebDmzJLwafnfCJBdzHdnndaCIqqxrykDAkafwaendCJCebEuaeK",105,1,81,104,0,104,0,0,0,0,0,36,36,29,29,39,39,48
"3976",75,"[81]GjfffHdwafndfCICacnfHwafndbCLCebDmzJLwafnfCJBdzHdnndaCIqqxrykDAkafwaendCJCebEuaeK",100,0.990099,81,101,1,100,1,1,0,1,1,39,39,28,27,34,34,48
"3977",76,"[81]GjfffHdwafndfCICacnfHwafndbCLCebDmzJLwafnfCJBdzHdnndaCIqqxrykDAkafwaendCJCebEuaeK",100,0.990099,81,101,1,100,1,1,0,1,1,35,34,35,35,31,31,48
"3978",77,"[81]GjfffHdwafndfCICacnfHwafndbCLCebDmzJLwafnfCJBdzHdnndaCIqqxrykDAkafwaendCJCebEuaeK",106,0.990654,81,107,1,106,1,1,0,1,1,26,25,34,34,47,47,48
"3979",78,"[81]GjfffHdwafndfCICacnfHwafndbCLCebDmzJLwafnfCJBdzHdnndaCIqqxrykDAkafwaendCJCebEuaeK",97,1,81,96,0,96,0,0,0,0,0,36,36,38,38,22,22,48
"3980",79,"[81]GjfffHdwafndfCICacnfHwafndbCLCebDmzJLwafnfCJBdzHdnndaCIqqxrykDAkafwaendCJCebEuaeK",100,0.990099,81,101,1,100,1,1,0,1,1,37,37,30,29,34,34,48
"3981",80,"[81]GjfffHdwafndfCICacnfHwafndbCLCebDmzJLwafnfCJBdzHdnndaCIqqxrykDAkafwaendCJCebEuaeK",95,0.960784,81,102,4,98,4,4,0,4,4,32,29,37,36,33,33,48
"3982",81,"[81]GjfffHdwafndfCICacnfHwafndbCLCebDmzJLwafnfCJBdzHdnndaCIqqxrykDAkafwaendCJCebEuaeK",100,0.990099,81,101,1,100,1,1,0,1,1,34,34,32,31,35,35,48
"3983",82,"[81]GjfffHdwafndfCICacnfHwafndbCLCebDmzJLwafnfCJBdzHdnndaCIqqxrykDAkafwaendCJCebEuaeK",98,0.989899,81,99,1,98,1,1,0,1,1,30,29,41,41,28,28,48
"3984",83,"[81]GjfffHdwafndfCICacnfHwafndbCLCebDmzJLwafnfCJBdzHdnndaCIqqxrykDAkafwaendCJCebEuaeK",104,1,81,103,0,103,0,0,0,0,0,31,31,35,35,37,37,48
"3985",84,"[81]GjfffHdwafndfCICacnfHwafndbCLCebDmzJLwafnfCJBdzHdnndaCIqqxrykDAkafwaendCJCebEuaeK",100,1,81,99,0,99,0,0,0,0,0,34,34,37,37,28,28,48
"3986",85,"[81]GjfffHdwafndfCICacnfHwafndbCLCebDmzJLwafnfCJBdzHdnndaCIqqxrykDAkafwaendCJCebEuaeK",103,0.990385,81,104,1,103,1,1,0,1,1,39,39,24,23,41,41,48
"3987",86,"[81]GjfffHdwafndfCICacnfHwafndbCLCebDmzJLwafnfCJBdzHdnndaCIqqxrykDAkafwaendCJCebEuaeK",106,1,81,105,0,105,0,0,0,0,0,23,23,38,38,44,44,48
"3988",87,"[81]GjfffHdwafndfCICacnfHwafndbCLCebDmzJLwafnfCJBdzHdnndaCIqqxrykDAkafwaendCJCebEuaeK",101,1,81,100,0,100,0,0,0,0,0,36,36,33,33,31,31,48
"3989",88,"[81]GjfffHdwafndfCICacnfHwafndbCLCebDmzJLwafnfCJBdzHdnndaCIqqxrykDAkafwaendCJCebEuaeK",100,0.990099,81,101,1,100,1,1,0,1,1,28,28,38,37,35,35,48
"3990",89,"[81]GjfffHdwafndfCICacnfHwafndbCLCebDmzJLwafnfCJBdzHdnndaCIqqxrykDAkafwaendCJCebEuaeK",101,0.980769,81,104,2,102,2,2,0,2,2,27,26,37,36,40,40,48
"3991",90,"[81]GjfffHdwafndfCICacnfHwafndbCLCebDmzJLwafnfCJBdzHdnndaCIqqxrykDAkafwaendCJCebEuaeK",96,0.989691,81,97,1,96,1,1,0,1,1,40,40,32,31,25,25,48
"3992",91,"[81]GjfffHdwafndfCICacnfHwafndbCLCebDmzJLwafnfCJBdzHdnndaCIqqxrykDAkafwaendCJCebEuaeK",96,0.970297,81,101,3,98,3,3,0,3,3,30,28,38,37,33,33,48
"3993",92,"[81]GjfffHdwafndfCICacnfHwafndbCLCebDmzJLwafnfCJBdzHdnndaCIqqxrykDAkafwaendCJCebEuaeK",103,0.990385,81,104,1,103,1,1,0,1,1,35,34,30,30,39,39,48
"3994",93,"[81]GjfffHdwafndfCICacnfHwafndbCLCebDmzJLwafnfCJBdzHdnndaCIqqxrykDAkafwaendCJCebEuaeK",102,1,81,101,0,101,0,0,0,0,0,35,35,33,33,33,33,48
"3995",94,"[81]GjfffHdwafndfCICacnfHwafndbCLCebDmzJLwafnfCJBdzHdnndaCIqqxrykDAkafwaendCJCebEuaeK",98,1,81,97,0,97,0,0,0,0,0,49,49,25,25,23,23,48
"3996",95,"[81]GjfffHdwafndfCICacnfHwafndbCLCebDmzJLwafnfCJBdzHdnndaCIqqxrykDAkafwaendCJCebEuaeK",96,0.979798,81,99,2,97,2,2,0,2,2,37,35,37,37,25,25,48
"3997",96,"[81]GjfffHdwafndfCICacnfHwafndbCLCebDmzJLwafnfCJBdzHdnndaCIqqxrykDAkafwaendCJCebEuaeK",98,1,81,97,0,97,0,0,0,0,0,36,36,38,38,23,23,48
"3998",97,"[81]GjfffHdwafndfCICacnfHwafndbCLCebDmzJLwafnfCJBdzHdnndaCIqqxrykDAkafwaendCJCebEuaeK",103,0.990385,81,104,1,103,1,1,0,1,1,29,28,35,35,40,40,48
"3999",98,"[81]GjfffHdwafndfCICacnfHwafndbCLCebDmzJLwafnfCJBdzHdnndaCIqqxrykDAkafwaendCJCebEuaeK",97,0.989796,81,98,1,97,1,1,0,1,1,31,31,40,39,27,27,48
"4000",99,"[81]GjfffHdwafndfCICacnfHwafndbCLCebDmzJLwafnfCJBdzHdnndaCIqqxrykDAkafwaendCJCebEuaeK",107,1,81,106,0,106,0,0,0,0,0,28,28,32,32,46,46,48
"4001",0,"[81]GjfffHdwaCEjmAsLiBJDwandbCLCebfouEKwafnfCJBdHdwendfCIKqusaBeaFCzxafwendaqJCabKmeK",105,0.981481,81,108,2,106,2,2,0,2,2,34,32,39,39,35,35,49
"4002",1,"[81]GjfffHdwaCEjmAsLiBJDwandbCLCebfouEKwafnfCJBdHdwendfCIKqusaBeaFCzxafwendaqJCabKmeK",113,1,81,112,0,112,0,0,0,0,0,33,33,33,33,46,46,49
"4003",2,"[81]GjfffHdwaCEjmAsLiBJDwandbCLCebfouEKwafnfCJBdHdwendfCIKqusaBeaFCzxafwendaqJCabKmeK",104,0.981308,81,107,2,105,2,2,0,2,2,40,38,35,35,32,32,49
"4004",3,"[81]GjfffHdwaCEjmAsLiBJDwandbCLCebfouEKwafnfCJBdHdwendfCIKqusaBeaFCzxafwendaqJCabKmeK",109,0.990909,81,110,1,109,1,1,0,1,1,26,25,42,42,42,42,49
"4005",4,"[81]GjfffHdwaCEjmAsLiBJDwandbCLCebfouEKwafnfCJBdHdwendfCIKqusaBeaFCzxafwendaqJCabKmeK",104,0.990476,81,105,1,104,1,1,0,1,1,34,33,41,41,30,30,49
"4006",5,"[81]GjfffHdwaCEjmAsLiBJDwandbCLCebfouEKwafnfCJBdHdwendfCIKqusaBeaFCzxafwendaqJCabKmeK",101,0.980769,81,104,2,102,2,2,0,2,2,36,34,41,41,27,27,49
"4007",6,"[81]GjfffHdwaCEjmAsLiBJDwandbCLCebfouEKwafnfCJBdHdwendfCIKqusaBeaFCzxafwendaqJCabKmeK",105,1,81,104,0,104,0,0,0,0,0,40,40,36,36,28,28,49
"4008",7,"[81]GjfffHdwaCEjmAsLiBJDwandbCLCebfouEKwafnfCJBdHdwendfCIKqusaBeaFCzxafwendaqJCabKmeK",110,0.990991,81,111,1,110,1,1,0,1,1,30,29,38,38,43,43,49
"4009",8,"[81]GjfffHdwaCEjmAsLiBJDwandbCLCebfouEKwafnfCJBdHdwendfCIKqusaBeaFCzxafwendaqJCabKmeK",107,0.990741,81,108,1,107,1,1,0,1,1,43,42,30,30,35,35,49
"4010",9,"[81]GjfffHdwaCEjmAsLiBJDwandbCLCebfouEKwafnfCJBdHdwendfCIKqusaBeaFCzxafwendaqJCabKmeK",110,0.990991,81,111,1,110,1,1,0,1,1,39,38,30,30,42,42,49
"4011",10,"[81]GjfffHdwaCEjmAsLiBJDwandbCLCebfouEKwafnfCJBdHdwendfCIKqusaBeaFCzxafwendaqJCabKmeK",110,1,81,109,0,109,0,0,0,0,0,36,36,33,33,40,40,49
"4012",11,"[81]GjfffHdwaCEjmAsLiBJDwandbCLCebfouEKwafnfCJBdHdwendfCIKqusaBeaFCzxafwendaqJCabKmeK",107,1,81,106,0,106,0,0,0,0,0,30,30,42,42,34,34,49
"4013",12,"[81]GjfffHdwaCEjmAsLiBJDwandbCLCebfouEKwafnfCJBdHdwendfCIKqusaBeaFCzxafwendaqJCabKmeK",101,0.962963,81,108,4,104,4,4,0,4,4,41,37,35,35,32,32,49
"4014",13,"[81]GjfffHdwaCEjmAsLiBJDwandbCLCebfouEKwafnfCJBdHdwendfCIKqusaBeaFCzxafwendaqJCabKmeK",109,1,81,108,0,108,0,0,0,0,0,35,35,35,35,38,38,49
"4015",14,"[81]GjfffHdwaCEjmAsLiBJDwandbCLCebfouEKwafnfCJBdHdwendfCIKqusaBeaFCzxafwendaqJCabKmeK",104,1,81,103,0,103,0,0,0,0,0,39,39,38,38,26,26,49
"4016",15,"[81]GjfffHdwaCEjmAsLiBJDwandbCLCebfouEKwafnfCJBdHdwendfCIKqusaBeaFCzxafwendaqJCabKmeK",100,0.980583,81,103,2,101,2,2,0,2,2,42,40,37,37,24,24,49
"4017",16,"[81]GjfffHdwaCEjmAsLiBJDwandbCLCebfouEKwafnfCJBdHdwendfCIKqusaBeaFCzxafwendaqJCabKmeK",107,1,81,106,0,106,0,0,0,0,0,45,45,30,30,31,31,49
"4018",17,"[81]GjfffHdwaCEjmAsLiBJDwandbCLCebfouEKwafnfCJBdHdwendfCIKqusaBeaFCzxafwendaqJCabKmeK",104,0.990476,81,105,1,104,1,1,0,1,1,34,33,41,41,30,30,49
"4019",18,"[81]GjfffHdwaCEjmAsLiBJDwandbCLCebfouEKwafnfCJBdHdwendfCIKqusaBeaFCzxafwendaqJCabKmeK",103,0.981132,81,106,2,104,2,2,0,2,2,37,35,38,38,31,31,49
"4020",19,"[81]GjfffHdwaCEjmAsLiBJDwandbCLCebfouEKwafnfCJBdHdwendfCIKqusaBeaFCzxafwendaqJCabKmeK",111,1,81,110,0,110,0,0,0,0,0,39,39,30,30,41,41,49
"4021",20,"[81]GjfffHdwaCEjmAsLiBJDwandbCLCebfouEKwafnfCJBdHdwendfCIKqusaBeaFCzxafwendaqJCabKmeK",103,0.990385,81,104,1,103,1,1,0,1,1,44,43,34,34,26,26,49
"4022",21,"[81]GjfffHdwaCEjmAsLiBJDwandbCLCebfouEKwafnfCJBdHdwendfCIKqusaBeaFCzxafwendaqJCabKmeK",105,1,81,104,0,104,0,0,0,0,0,46,46,30,30,28,28,49
"4023",22,"[81]GjfffHdwaCEjmAsLiBJDwandbCLCebfouEKwafnfCJBdHdwendfCIKqusaBeaFCzxafwendaqJCabKmeK",107,1,81,106,0,106,0,0,0,0,0,31,31,41,41,34,34,49
"4024",23,"[81]GjfffHdwaCEjmAsLiBJDwandbCLCebfouEKwafnfCJBdHdwendfCIKqusaBeaFCzxafwendaqJCabKmeK",109,0.973684,81,114,3,111,3,3,0,3,3,32,29,36,36,46,46,49
"4025",24,"[81]GjfffHdwaCEjmAsLiBJDwandbCLCebfouEKwafnfCJBdHdwendfCIKqusaBeaFCzxafwendaqJCabKmeK",106,0.990654,81,107,1,106,1,1,0,1,1,34,33,39,39,34,34,49
"4026",25,"[81]GjfffHdwaCEjmAsLiBJDwandbCLCebfouEKwafnfCJBdHdwendfCIKqusaBeaFCzxafwendaqJCabKmeK",110,0.990991,81,111,1,110,1,1,0,1,1,40,39,29,29,42,42,49
"4027",26,"[81]GjfffHdwaCEjmAsLiBJDwandbCLCebfouEKwafnfCJBdHdwendfCIKqusaBeaFCzxafwendaqJCabKmeK",111,1,81,110,0,110,0,0,0,0,0,37,37,32,32,41,41,49
"4028",27,"[81]GjfffHdwaCEjmAsLiBJDwandbCLCebfouEKwafnfCJBdHdwendfCIKqusaBeaFCzxafwendaqJCabKmeK",106,1,81,105,0,105,0,0,0,0,0,41,41,34,34,30,30,49
"4029",28,"[81]GjfffHdwaCEjmAsLiBJDwandbCLCebfouEKwafnfCJBdHdwendfCIKqusaBeaFCzxafwendaqJCabKmeK",104,0.972477,81,109,3,106,3,3,0,3,3,40,37,34,34,35,35,49
"4030",29,"[81]GjfffHdwaCEjmAsLiBJDwandbCLCebfouEKwafnfCJBdHdwendfCIKqusaBeaFCzxafwendaqJCabKmeK",105,1,81,104,0,104,0,0,0,0,0,47,47,29,29,28,28,49
"4031",30,"[81]GjfffHdwaCEjmAsLiBJDwandbCLCebfouEKwafnfCJBdHdwendfCIKqusaBeaFCzxafwendaqJCabKmeK",106,1,81,105,0,105,0,0,0,0,0,39,39,35,35,31,31,49
"4032",31,"[81]GjfffHdwaCEjmAsLiBJDwandbCLCebfouEKwafnfCJBdHdwendfCIKqusaBeaFCzxafwendaqJCabKmeK",111,1,81,110,0,110,0,0,0,0,0,34,34,35,35,41,41,49
"4033",32,"[81]GjfffHdwaCEjmAsLiBJDwandbCLCebfouEKwafnfCJBdHdwendfCIKqusaBeaFCzxafwendaqJCabKmeK",106,0.990654,81,107,1,106,1,1,0,1,1,32,31,40,40,35,35,49
"4034",33,"[81]GjfffHdwaCEjmAsLiBJDwandbCLCebfouEKwafnfCJBdHdwendfCIKqusaBeaFCzxafwendaqJCabKmeK",96,0.927928,81,111,8,103,8,8,0,8,8,36,28,42,42,33,33,49
"4035",34,"[81]GjfffHdwaCEjmAsLiBJDwandbCLCebfouEKwafnfCJBdHdwendfCIKqusaBeaFCzxafwendaqJCabKmeK",107,1,81,106,0,106,0,0,0,0,0,37,37,36,36,33,33,49
"4036",35,"[81]GjfffHdwaCEjmAsLiBJDwandbCLCebfouEKwafnfCJBdHdwendfCIKqusaBeaFCzxafwendaqJCabKmeK",109,1,81,108,0,108,0,0,0,0,0,30,30,40,40,38,38,49
"4037",36,"[81]GjfffHdwaCEjmAsLiBJDwandbCLCebfouEKwafnfCJBdHdwendfCIKqusaBeaFCzxafwendaqJCabKmeK",108,0.990826,81,109,1,108,1,1,0,1,1,42,41,29,29,38,38,49
"4038",37,"[81]GjfffHdwaCEjmAsLiBJDwandbCLCebfouEKwafnfCJBdHdwendfCIKqusaBeaFCzxafwendaqJCabKmeK",111,1,81,110,0,110,0,0,0,0,0,33,33,36,36,41,41,49
"4039",38,"[81]GjfffHdwaCEjmAsLiBJDwandbCLCebfouEKwafnfCJBdHdwendfCIKqusaBeaFCzxafwendaqJCabKmeK",105,0.990566,81,106,1,105,1,1,0,1,1,33,32,41,41,32,32,49
"4040",39,"[81]GjfffHdwaCEjmAsLiBJDwandbCLCebfouEKwafnfCJBdHdwendfCIKqusaBeaFCzxafwendaqJCabKmeK",107,0.981818,81,110,2,108,2,2,0,2,2,33,31,37,37,40,40,49
"4041",40,"[81]GjfffHdwaCEjmAsLiBJDwandbCLCebfouEKwafnfCJBdHdwendfCIKqusaBeaFCzxafwendaqJCabKmeK",108,1,81,107,0,107,0,0,0,0,0,44,44,30,30,33,33,49
"4042",41,"[81]GjfffHdwaCEjmAsLiBJDwandbCLCebfouEKwafnfCJBdHdwendfCIKqusaBeaFCzxafwendaqJCabKmeK",104,0.981308,81,107,2,105,2,2,0,2,2,46,44,30,30,31,31,49
"4043",42,"[81]GjfffHdwaCEjmAsLiBJDwandbCLCebfouEKwafnfCJBdHdwendfCIKqusaBeaFCzxafwendaqJCabKmeK",109,0.990909,81,110,1,109,1,1,0,1,1,34,33,36,36,40,40,49
"4044",43,"[81]GjfffHdwaCEjmAsLiBJDwandbCLCebfouEKwafnfCJBdHdwendfCIKqusaBeaFCzxafwendaqJCabKmeK",108,1,81,107,0,107,0,0,0,0,0,39,39,34,34,34,34,49
"4045",44,"[81]GjfffHdwaCEjmAsLiBJDwandbCLCebfouEKwafnfCJBdHdwendfCIKqusaBeaFCzxafwendaqJCabKmeK",105,0.990566,81,106,1,105,1,1,0,1,1,34,33,41,41,31,31,49
"4046",45,"[81]GjfffHdwaCEjmAsLiBJDwandbCLCebfouEKwafnfCJBdHdwendfCIKqusaBeaFCzxafwendaqJCabKmeK",105,0.990566,81,106,1,105,1,1,0,1,1,43,42,32,32,31,31,49
"4047",46,"[81]GjfffHdwaCEjmAsLiBJDwandbCLCebfouEKwafnfCJBdHdwendfCIKqusaBeaFCzxafwendaqJCabKmeK",105,1,81,104,0,104,0,0,0,0,0,39,39,37,37,28,28,49
"4048",47,"[81]GjfffHdwaCEjmAsLiBJDwandbCLCebfouEKwafnfCJBdHdwendfCIKqusaBeaFCzxafwendaqJCabKmeK",110,1,81,109,0,109,0,0,0,0,0,34,34,36,36,39,39,49
"4049",48,"[81]GjfffHdwaCEjmAsLiBJDwandbCLCebfouEKwafnfCJBdHdwendfCIKqusaBeaFCzxafwendaqJCabKmeK",108,0.990826,81,109,1,108,1,1,0,1,1,30,29,40,40,39,39,49
"4050",49,"[81]GjfffHdwaCEjmAsLiBJDwandbCLCebfouEKwafnfCJBdHdwendfCIKqusaBeaFCzxafwendaqJCabKmeK",106,1,81,105,0,105,0,0,0,0,0,33,33,40,40,32,32,49
"4051",50,"[81]GjfffHdwaCEjmAsLiBJDwandbCLCebfouEKwafnfCJBdHdwendfCIKqusaBeaFCzxafwendaqJCabKmeK",103,0.963636,81,110,4,106,4,4,0,4,4,33,29,40,40,37,37,49
"4052",51,"[81]GjfffHdwaCEjmAsLiBJDwandbCLCebfouEKwafnfCJBdHdwendfCIKqusaBeaFCzxafwendaqJCabKmeK",107,1,81,106,0,106,0,0,0,0,0,40,40,34,34,32,32,49
"4053",52,"[81]GjfffHdwaCEjmAsLiBJDwandbCLCebfouEKwafnfCJBdHdwendfCIKqusaBeaFCzxafwendaqJCabKmeK",112,1,81,111,0,111,0,0,0,0,0,31,31,36,36,44,44,49
"4054",53,"[81]GjfffHdwaCEjmAsLiBJDwandbCLCebfouEKwafnfCJBdHdwendfCIKqusaBeaFCzxafwendaqJCabKmeK",107,0.981818,81,110,2,108,2,2,0,2,2,44,42,28,28,38,38,49
"4055",54,"[81]GjfffHdwaCEjmAsLiBJDwandbCLCebfouEKwafnfCJBdHdwendfCIKqusaBeaFCzxafwendaqJCabKmeK",108,1,81,107,0,107,0,0,0,0,0,31,31,40,40,36,36,49
"4056",55,"[81]GjfffHdwaCEjmAsLiBJDwandbCLCebfouEKwafnfCJBdHdwendfCIKqusaBeaFCzxafwendaqJCabKmeK",109,1,81,108,0,108,0,0,0,0,0,23,23,47,47,38,38,49
"4057",56,"[81]GjfffHdwaCEjmAsLiBJDwandbCLCebfouEKwafnfCJBdHdwendfCIKqusaBeaFCzxafwendaqJCabKmeK",105,1,81,104,0,104,0,0,0,0,0,39,39,36,36,29,29,49
"4058",57,"[81]GjfffHdwaCEjmAsLiBJDwandbCLCebfouEKwafnfCJBdHdwendfCIKqusaBeaFCzxafwendaqJCabKmeK",106,0.990654,81,107,1,106,1,1,0,1,1,40,39,34,34,33,33,49
"4059",58,"[81]GjfffHdwaCEjmAsLiBJDwandbCLCebfouEKwafnfCJBdHdwendfCIKqusaBeaFCzxafwendaqJCabKmeK",111,1,81,110,0,110,0,0,0,0,0,29,29,39,39,42,42,49
"4060",59,"[81]GjfffHdwaCEjmAsLiBJDwandbCLCebfouEKwafnfCJBdHdwendfCIKqusaBeaFCzxafwendaqJCabKmeK",104,0.981308,81,107,2,105,2,2,0,2,2,46,44,29,29,32,32,49
"4061",60,"[81]GjfffHdwaCEjmAsLiBJDwandbCLCebfouEKwafnfCJBdHdwendfCIKqusaBeaFCzxafwendaqJCabKmeK",104,0.972477,81,109,3,106,3,3,0,3,3,41,38,34,34,34,34,49
"4062",61,"[81]GjfffHdwaCEjmAsLiBJDwandbCLCebfouEKwafnfCJBdHdwendfCIKqusaBeaFCzxafwendaqJCabKmeK",107,1,81,106,0,106,0,0,0,0,0,43,43,31,31,32,32,49
"4063",62,"[81]GjfffHdwaCEjmAsLiBJDwandbCLCebfouEKwafnfCJBdHdwendfCIKqusaBeaFCzxafwendaqJCabKmeK",110,1,81,109,0,109,0,0,0,0,0,36,36,34,34,39,39,49
"4064",63,"[81]GjfffHdwaCEjmAsLiBJDwandbCLCebfouEKwafnfCJBdHdwendfCIKqusaBeaFCzxafwendaqJCabKmeK",108,1,81,107,0,107,0,0,0,0,0,36,36,36,36,35,35,49
"4065",64,"[81]GjfffHdwaCEjmAsLiBJDwandbCLCebfouEKwafnfCJBdHdwendfCIKqusaBeaFCzxafwendaqJCabKmeK",111,0.991071,81,112,1,111,1,1,0,1,1,35,34,33,33,44,44,49
"4066",65,"[81]GjfffHdwaCEjmAsLiBJDwandbCLCebfouEKwafnfCJBdHdwendfCIKqusaBeaFCzxafwendaqJCabKmeK",107,0.990741,81,108,1,107,1,1,0,1,1,39,38,34,34,35,35,49
"4067",66,"[81]GjfffHdwaCEjmAsLiBJDwandbCLCebfouEKwafnfCJBdHdwendfCIKqusaBeaFCzxafwendaqJCabKmeK",107,0.990741,81,108,1,107,1,1,0,1,1,31,30,40,40,37,37,49
"4068",67,"[81]GjfffHdwaCEjmAsLiBJDwandbCLCebfouEKwafnfCJBdHdwendfCIKqusaBeaFCzxafwendaqJCabKmeK",99,0.945455,81,110,6,104,6,6,0,6,6,42,36,34,34,34,34,49
"4069",68,"[81]GjfffHdwaCEjmAsLiBJDwandbCLCebfouEKwafnfCJBdHdwendfCIKqusaBeaFCzxafwendaqJCabKmeK",110,1,81,109,0,109,0,0,0,0,0,37,37,33,33,39,39,49
"4070",69,"[81]GjfffHdwaCEjmAsLiBJDwandbCLCebfouEKwafnfCJBdHdwendfCIKqusaBeaFCzxafwendaqJCabKmeK",108,1,81,107,0,107,0,0,0,0,0,35,35,38,38,34,34,49
"4071",70,"[81]GjfffHdwaCEjmAsLiBJDwandbCLCebfouEKwafnfCJBdHdwendfCIKqusaBeaFCzxafwendaqJCabKmeK",104,0.990476,81,105,1,104,1,1,0,1,1,39,38,37,37,29,29,49
"4072",71,"[81]GjfffHdwaCEjmAsLiBJDwandbCLCebfouEKwafnfCJBdHdwendfCIKqusaBeaFCzxafwendaqJCabKmeK",110,1,81,109,0,109,0,0,0,0,0,35,35,34,34,40,40,49
"4073",72,"[81]GjfffHdwaCEjmAsLiBJDwandbCLCebfouEKwafnfCJBdHdwendfCIKqusaBeaFCzxafwendaqJCabKmeK",100,0.954128,81,109,5,104,5,5,0,5,5,41,36,36,36,32,32,49
"4074",73,"[81]GjfffHdwaCEjmAsLiBJDwandbCLCebfouEKwafnfCJBdHdwendfCIKqusaBeaFCzxafwendaqJCabKmeK",109,1,81,108,0,108,0,0,0,0,0,34,34,37,37,37,37,49
"4075",74,"[81]GjfffHdwaCEjmAsLiBJDwandbCLCebfouEKwafnfCJBdHdwendfCIKqusaBeaFCzxafwendaqJCabKmeK",112,1,81,111,0,111,0,0,0,0,0,26,26,41,41,44,44,49
"4076",75,"[81]GjfffHdwaCEjmAsLiBJDwandbCLCebfouEKwafnfCJBdHdwendfCIKqusaBeaFCzxafwendaqJCabKmeK",106,0.990654,81,107,1,106,1,1,0,1,1,30,29,43,43,34,34,49
"4077",76,"[81]GjfffHdwaCEjmAsLiBJDwandbCLCebfouEKwafnfCJBdHdwendfCIKqusaBeaFCzxafwendaqJCabKmeK",108,0.990826,81,109,1,108,1,1,0,1,1,36,35,35,35,38,38,49
"4078",77,"[81]GjfffHdwaCEjmAsLiBJDwandbCLCebfouEKwafnfCJBdHdwendfCIKqusaBeaFCzxafwendaqJCabKmeK",108,1,81,107,0,107,0,0,0,0,0,42,42,31,31,34,34,49
"4079",78,"[81]GjfffHdwaCEjmAsLiBJDwandbCLCebfouEKwafnfCJBdHdwendfCIKqusaBeaFCzxafwendaqJCabKmeK",108,1,81,107,0,107,0,0,0,0,0,40,40,33,33,34,34,49
"4080",79,"[81]GjfffHdwaCEjmAsLiBJDwandbCLCebfouEKwafnfCJBdHdwendfCIKqusaBeaFCzxafwendaqJCabKmeK",106,0.990654,81,107,1,106,1,1,0,1,1,36,35,38,38,33,33,49
"4081",80,"[81]GjfffHdwaCEjmAsLiBJDwandbCLCebfouEKwafnfCJBdHdwendfCIKqusaBeaFCzxafwendaqJCabKmeK",110,1,81,109,0,109,0,0,0,0,0,31,31,39,39,39,39,49
"4082",81,"[81]GjfffHdwaCEjmAsLiBJDwandbCLCebfouEKwafnfCJBdHdwendfCIKqusaBeaFCzxafwendaqJCabKmeK",108,1,81,107,0,107,0,0,0,0,0,38,38,34,34,35,35,49
"4083",82,"[81]GjfffHdwaCEjmAsLiBJDwandbCLCebfouEKwafnfCJBdHdwendfCIKqusaBeaFCzxafwendaqJCabKmeK",105,0.981481,81,108,2,106,2,2,0,2,2,36,34,37,37,35,35,49
"4084",83,"[81]GjfffHdwaCEjmAsLiBJDwandbCLCebfouEKwafnfCJBdHdwendfCIKqusaBeaFCzxafwendaqJCabKmeK",108,1,81,107,0,107,0,0,0,0,0,40,40,32,32,35,35,49
"4085",84,"[81]GjfffHdwaCEjmAsLiBJDwandbCLCebfouEKwafnfCJBdHdwendfCIKqusaBeaFCzxafwendaqJCabKmeK",104,0.990476,81,105,1,104,1,1,0,1,1,36,35,39,39,30,30,49
"4086",85,"[81]GjfffHdwaCEjmAsLiBJDwandbCLCebfouEKwafnfCJBdHdwendfCIKqusaBeaFCzxafwendaqJCabKmeK",110,0.990991,81,111,1,110,1,1,0,1,1,38,37,31,31,42,42,49
"4087",86,"[81]GjfffHdwaCEjmAsLiBJDwandbCLCebfouEKwafnfCJBdHdwendfCIKqusaBeaFCzxafwendaqJCabKmeK",112,1,81,111,0,111,0,0,0,0,0,37,37,31,31,43,43,49
"4088",87,"[81]GjfffHdwaCEjmAsLiBJDwandbCLCebfouEKwafnfCJBdHdwendfCIKqusaBeaFCzxafwendaqJCabKmeK",107,0.990741,81,108,1,107,1,1,0,1,1,35,34,37,37,36,36,49
"4089",88,"[81]GjfffHdwaCEjmAsLiBJDwandbCLCebfouEKwafnfCJBdHdwendfCIKqusaBeaFCzxafwendaqJCabKmeK",103,0.963636,81,110,4,106,4,4,0,4,4,37,33,36,36,37,37,49
"4090",89,"[81]GjfffHdwaCEjmAsLiBJDwandbCLCebfouEKwafnfCJBdHdwendfCIKqusaBeaFCzxafwendaqJCabKmeK",106,0.990654,81,107,1,106,1,1,0,1,1,38,37,35,35,34,34,49
"4091",90,"[81]GjfffHdwaCEjmAsLiBJDwandbCLCebfouEKwafnfCJBdHdwendfCIKqusaBeaFCzxafwendaqJCabKmeK",98,0.944954,81,109,6,103,6,6,0,6,6,39,33,39,39,31,31,49
"4092",91,"[81]GjfffHdwaCEjmAsLiBJDwandbCLCebfouEKwafnfCJBdHdwendfCIKqusaBeaFCzxafwendaqJCabKmeK",109,1,81,108,0,108,0,0,0,0,0,30,30,41,41,37,37,49
"4093",92,"[81]GjfffHdwaCEjmAsLiBJDwandbCLCebfouEKwafnfCJBdHdwendfCIKqusaBeaFCzxafwendaqJCabKmeK",110,1,81,109,0,109,0,0,0,0,0,42,42,28,28,39,39,49
"4094",93,"[81]GjfffHdwaCEjmAsLiBJDwandbCLCebfouEKwafnfCJBdHdwendfCIKqusaBeaFCzxafwendaqJCabKmeK",107,1,81,106,0,106,0,0,0,0,0,51,51,24,24,31,31,49
"4095",94,"[81]GjfffHdwaCEjmAsLiBJDwandbCLCebfouEKwafnfCJBdHdwendfCIKqusaBeaFCzxafwendaqJCabKmeK",105,1,81,104,0,104,0,0,0,0,0,49,49,29,29,26,26,49
"4096",95,"[81]GjfffHdwaCEjmAsLiBJDwandbCLCebfouEKwafnfCJBdHdwendfCIKqusaBeaFCzxafwendaqJCabKmeK",108,1,81,107,0,107,0,0,0,0,0,35,35,37,37,35,35,49
"4097",96,"[81]GjfffHdwaCEjmAsLiBJDwandbCLCebfouEKwafnfCJBdHdwendfCIKqusaBeaFCzxafwendaqJCabKmeK",109,0.990909,81,110,1,109,1,1,0,1,1,41,40,29,29,40,40,49
"4098",97,"[81]GjfffHdwaCEjmAsLiBJDwandbCLCebfouEKwafnfCJBdHdwendfCIKqusaBeaFCzxafwendaqJCabKmeK",105,1,81,104,0,104,0,0,0,0,0,37,37,39,39,28,28,49
"4099",98,"[81]GjfffHdwaCEjmAsLiBJDwandbCLCebfouEKwafnfCJBdHdwendfCIKqusaBeaFCzxafwendaqJCabKmeK",106,0.981651,81,109,2,107,2,2,0,2,2,38,36,35,35,36,36,49
"4100",99,"[81]GjfffHdwaCEjmAsLiBJDwandbCLCebfouEKwafnfCJBdHdwendfCIKqusaBeaFCzxafwendaqJCabKmeK",102,0.93913,81,115,7,108,7,7,0,7,7,37,30,34,34,44,44,49
"4101",0,"[78]GvdffHdwaCJiCcCIxBGwafndbCLCabFFejwafofCJBdHdwaendaCIKCabhaeFDbCjafwendqJCabeK",113,0.991228,78,114,1,113,1,1,0,1,1,43,42,35,35,36,36,50
"4102",1,"[78]GvdffHdwaCJiCcCIxBGwafndbCLCabFFejwafofCJBdHdwaendaCIKCabhaeFDbCjafwendqJCabeK",111,1,78,110,0,110,0,0,0,0,0,35,35,41,41,34,34,50
"4103",2,"[78]GvdffHdwaCJiCcCIxBGwafndbCLCabFFejwafofCJBdHdwaendaCIKCabhaeFDbCjafwendqJCabeK",113,0.991228,78,114,1,113,1,1,0,1,1,44,43,33,33,37,37,50
"4104",3,"[78]GvdffHdwaCJiCcCIxBGwafndbCLCabFFejwafofCJBdHdwaendaCIKCabhaeFDbCjafwendqJCabeK",118,1,78,117,0,117,0,0,0,0,0,33,33,39,39,45,45,50
"4105",4,"[78]GvdffHdwaCJiCcCIxBGwafndbCLCabFFejwafofCJBdHdwaendaCIKCabhaeFDbCjafwendqJCabeK",115,1,78,114,0,114,0,0,0,0,0,45,45,32,32,37,37,50
"4106",5,"[78]GvdffHdwaCJiCcCIxBGwafndbCLCabFFejwafofCJBdHdwaendaCIKCabhaeFDbCjafwendqJCabeK",116,1,78,115,0,115,0,0,0,0,0,39,39,34,34,42,42,50
"4107",6,"[78]GvdffHdwaCJiCcCIxBGwafndbCLCabFFejwafofCJBdHdwaendaCIKCabhaeFDbCjafwendqJCabeK",109,0.957627,78,118,5,113,5,5,0,5,5,44,39,38,38,36,36,50
"4108",7,"[78]GvdffHdwaCJiCcCIxBGwafndbCLCabFFejwafofCJBdHdwaendaCIKCabhaeFDbCjafwendqJCabeK",123,1,78,122,0,122,0,0,0,0,0,35,35,45,45,42,42,50
"4109",8,"[78]GvdffHdwaCJiCcCIxBGwafndbCLCabFFejwafofCJBdHdwaendaCIKCabhaeFDbCjafwendqJCabeK",115,1,78,114,0,114,0,0,0,0,0,33,33,42,42,39,39,50
"4110",9,"[78]GvdffHdwaCJiCcCIxBGwafndbCLCabFFejwafofCJBdHdwaendaCIKCabhaeFDbCjafwendqJCabeK",106,0.990654,78,107,1,106,1,1,0,1,1,38,37,44,44,25,25,50
"4111",10,"[78]GvdffHdwaCJiCcCIxBGwafndbCLCabFFejwafofCJBdHdwaendaCIKCabhaeFDbCjafwendqJCabeK",113,0.974576,78,118,3,115,3,3,0,3,3,48,45,41,41,29,29,50
"4112",11,"[78]GvdffHdwaCJiCcCIxBGwafndbCLCabFFejwafofCJBdHdwaendaCIKCabhaeFDbCjafwendqJCabeK",108,0.990826,78,109,1,108,1,1,0,1,1,39,38,41,41,29,29,50
"4113",12,"[78]GvdffHdwaCJiCcCIxBGwafndbCLCabFFejwafofCJBdHdwaendaCIKCabhaeFDbCjafwendqJCabeK",109,0.982143,78,112,2,110,2,2,0,2,2,41,39,38,38,33,33,50
"4114",13,"[78]GvdffHdwaCJiCcCIxBGwafndbCLCabFFejwafofCJBdHdwaendaCIKCabhaeFDbCjafwendqJCabeK",115,1,78,114,0,114,0,0,0,0,0,36,36,41,41,37,37,50
"4115",14,"[78]GvdffHdwaCJiCcCIxBGwafndbCLCabFFejwafofCJBdHdwaendaCIKCabhaeFDbCjafwendqJCabeK",108,0.990826,78,109,1,108,1,1,0,1,1,42,41,38,38,29,29,50
"4116",15,"[78]GvdffHdwaCJiCcCIxBGwafndbCLCabFFejwafofCJBdHdwaendaCIKCabhaeFDbCjafwendqJCabeK",108,0.981982,78,111,2,109,2,2,0,2,2,35,33,44,44,32,32,50
"4117",16,"[78]GvdffHdwaCJiCcCIxBGwafndbCLCabFFejwafofCJBdHdwaendaCIKCabhaeFDbCjafwendqJCabeK",113,1,78,112,0,112,0,0,0,0,0,40,40,36,36,36,36,50
"4118",17,"[78]GvdffHdwaCJiCcCIxBGwafndbCLCabFFejwafofCJBdHdwaendaCIKCabhaeFDbCjafwendqJCabeK",105,0.981481,78,108,2,106,2,2,0,2,2,45,43,39,39,24,24,50
"4119",18,"[78]GvdffHdwaCJiCcCIxBGwafndbCLCabFFejwafofCJBdHdwaendaCIKCabhaeFDbCjafwendqJCabeK",110,0.990991,78,111,1,110,1,1,0,1,1,36,35,42,42,33,33,50
"4120",19,"[78]GvdffHdwaCJiCcCIxBGwafndbCLCabFFejwafofCJBdHdwaendaCIKCabhaeFDbCjafwendqJCabeK",114,0.97479,78,119,3,116,3,3,0,3,3,39,36,36,36,44,44,50
"4121",20,"[78]GvdffHdwaCJiCcCIxBGwafndbCLCabFFejwafofCJBdHdwaendaCIKCabhaeFDbCjafwendqJCabeK",117,0.983333,78,120,2,118,2,2,0,2,2,32,30,41,41,47,47,50
"4122",21,"[78]GvdffHdwaCJiCcCIxBGwafndbCLCabFFejwafofCJBdHdwaendaCIKCabhaeFDbCjafwendqJCabeK",108,0.990826,78,109,1,108,1,1,0,1,1,42,41,38,38,29,29,50
"4123",22,"[78]GvdffHdwaCJiCcCIxBGwafndbCLCabFFejwafofCJBdHdwaendaCIKCabhaeFDbCjafwendqJCabeK",113,0.982759,78,116,2,114,2,2,0,2,2,40,38,36,36,40,40,50
"4124",23,"[78]GvdffHdwaCJiCcCIxBGwafndbCLCabFFejwafofCJBdHdwaendaCIKCabhaeFDbCjafwendqJCabeK",111,0.991071,78,112,1,111,1,1,0,1,1,35,34,43,43,34,34,50
"4125",24,"[78]GvdffHdwaCJiCcCIxBGwafndbCLCabFFejwafofCJBdHdwaendaCIKCabhaeFDbCjafwendqJCabeK",111,0.991071,78,112,1,111,1,1,0,1,1,44,43,39,39,29,29,50
"4126",25,"[78]GvdffHdwaCJiCcCIxBGwafndbCLCabFFejwafofCJBdHdwaendaCIKCabhaeFDbCjafwendqJCabeK",114,0.982906,78,117,2,115,2,2,0,2,2,43,41,36,36,38,38,50
"4127",26,"[78]GvdffHdwaCJiCcCIxBGwafndbCLCabFFejwafofCJBdHdwaendaCIKCabhaeFDbCjafwendqJCabeK",118,1,78,117,0,117,0,0,0,0,0,35,35,38,38,44,44,50
"4128",27,"[78]GvdffHdwaCJiCcCIxBGwafndbCLCabFFejwafofCJBdHdwaendaCIKCabhaeFDbCjafwendqJCabeK",113,0.991228,78,114,1,113,1,1,0,1,1,44,43,34,34,36,36,50
"4129",28,"[78]GvdffHdwaCJiCcCIxBGwafndbCLCabFFejwafofCJBdHdwaendaCIKCabhaeFDbCjafwendqJCabeK",114,1,78,113,0,113,0,0,0,0,0,40,40,35,35,38,38,50
"4130",29,"[78]GvdffHdwaCJiCcCIxBGwafndbCLCabFFejwafofCJBdHdwaendaCIKCabhaeFDbCjafwendqJCabeK",105,0.95614,78,114,5,109,5,5,0,5,5,33,28,47,47,34,34,50
"4131",30,"[78]GvdffHdwaCJiCcCIxBGwafndbCLCabFFejwafofCJBdHdwaendaCIKCabhaeFDbCjafwendqJCabeK",115,0.983051,78,118,2,116,2,2,0,2,2,42,40,33,33,43,43,50
"4132",31,"[78]GvdffHdwaCJiCcCIxBGwafndbCLCabFFejwafofCJBdHdwaendaCIKCabhaeFDbCjafwendqJCabeK",113,0.982759,78,116,2,114,2,2,0,2,2,45,43,33,33,38,38,50
"4133",32,"[78]GvdffHdwaCJiCcCIxBGwafndbCLCabFFejwafofCJBdHdwaendaCIKCabhaeFDbCjafwendqJCabeK",114,0.991304,78,115,1,114,1,1,0,1,1,34,33,41,41,40,40,50
"4134",33,"[78]GvdffHdwaCJiCcCIxBGwafndbCLCabFFejwafofCJBdHdwaendaCIKCabhaeFDbCjafwendqJCabeK",117,0.991525,78,118,1,117,1,1,0,1,1,36,35,36,36,46,46,50
"4135",34,"[78]GvdffHdwaCJiCcCIxBGwafndbCLCabFFejwafofCJBdHdwaendaCIKCabhaeFDbCjafwendqJCabeK",108,0.981982,78,111,2,109,2,2,0,2,2,48,46,33,33,30,30,50
"4136",35,"[78]GvdffHdwaCJiCcCIxBGwafndbCLCabFFejwafofCJBdHdwaendaCIKCabhaeFDbCjafwendqJCabeK",111,0.982456,78,114,2,112,2,2,0,2,2,37,35,42,42,35,35,50
"4137",36,"[78]GvdffHdwaCJiCcCIxBGwafndbCLCabFFejwafofCJBdHdwaendaCIKCabhaeFDbCjafwendqJCabeK",111,1,78,110,0,110,0,0,0,0,0,40,40,39,39,31,31,50
"4138",37,"[78]GvdffHdwaCJiCcCIxBGwafndbCLCabFFejwafofCJBdHdwaendaCIKCabhaeFDbCjafwendqJCabeK",121,0.991803,78,122,1,121,1,1,0,1,1,37,36,32,32,53,53,50
"4139",38,"[78]GvdffHdwaCJiCcCIxBGwafndbCLCabFFejwafofCJBdHdwaendaCIKCabhaeFDbCjafwendqJCabeK",123,1,78,122,0,122,0,0,0,0,0,41,41,31,31,50,50,50
"4140",39,"[78]GvdffHdwaCJiCcCIxBGwafndbCLCabFFejwafofCJBdHdwaendaCIKCabhaeFDbCjafwendqJCabeK",114,1,78,113,0,113,0,0,0,0,0,36,36,42,42,35,35,50
"4141",40,"[78]GvdffHdwaCJiCcCIxBGwafndbCLCabFFejwafofCJBdHdwaendaCIKCabhaeFDbCjafwendqJCabeK",114,0.982906,78,117,2,115,2,2,0,2,2,40,38,36,36,41,41,50
"4142",41,"[78]GvdffHdwaCJiCcCIxBGwafndbCLCabFFejwafofCJBdHdwaendaCIKCabhaeFDbCjafwendqJCabeK",108,0.981982,78,111,2,109,2,2,0,2,2,38,36,45,45,28,28,50
"4143",42,"[78]GvdffHdwaCJiCcCIxBGwafndbCLCabFFejwafofCJBdHdwaendaCIKCabhaeFDbCjafwendqJCabeK",113,1,78,112,0,112,0,0,0,0,0,37,37,38,38,37,37,50
"4144",43,"[78]GvdffHdwaCJiCcCIxBGwafndbCLCabFFejwafofCJBdHdwaendaCIKCabhaeFDbCjafwendqJCabeK",107,0.964912,78,114,4,110,4,4,0,4,4,40,36,40,40,34,34,50
"4145",44,"[78]GvdffHdwaCJiCcCIxBGwafndbCLCabFFejwafofCJBdHdwaendaCIKCabhaeFDbCjafwendqJCabeK",115,0.983051,78,118,2,116,2,2,0,2,2,42,40,36,36,40,40,50
"4146",45,"[78]GvdffHdwaCJiCcCIxBGwafndbCLCabFFejwafofCJBdHdwaendaCIKCabhaeFDbCjafwendqJCabeK",118,1,78,117,0,117,0,0,0,0,0,44,44,32,32,41,41,50
"4147",46,"[78]GvdffHdwaCJiCcCIxBGwafndbCLCabFFejwafofCJBdHdwaendaCIKCabhaeFDbCjafwendqJCabeK",117,0.991525,78,118,1,117,1,1,0,1,1,44,43,30,30,44,44,50
"4148",47,"[78]GvdffHdwaCJiCcCIxBGwafndbCLCabFFejwafofCJBdHdwaendaCIKCabhaeFDbCjafwendqJCabeK",109,0.990909,78,110,1,109,1,1,0,1,1,38,37,43,43,29,29,50
"4149",48,"[78]GvdffHdwaCJiCcCIxBGwafndbCLCabFFejwafofCJBdHdwaendaCIKCabhaeFDbCjafwendqJCabeK",111,0.982456,78,114,2,112,2,2,0,2,2,38,36,40,40,36,36,50
"4150",49,"[78]GvdffHdwaCJiCcCIxBGwafndbCLCabFFejwafofCJBdHdwaendaCIKCabhaeFDbCjafwendqJCabeK",114,0.982906,78,117,2,115,2,2,0,2,2,50,48,31,31,36,36,50
"4151",50,"[78]GvdffHdwaCJiCcCIxBGwafndbCLCabFFejwafofCJBdHdwaendaCIKCabhaeFDbCjafwendqJCabeK",112,1,78,111,0,111,0,0,0,0,0,39,39,38,38,34,34,50
"4152",51,"[78]GvdffHdwaCJiCcCIxBGwafndbCLCabFFejwafofCJBdHdwaendaCIKCabhaeFDbCjafwendqJCabeK",112,1,78,111,0,111,0,0,0,0,0,35,35,43,43,33,33,50
"4153",52,"[78]GvdffHdwaCJiCcCIxBGwafndbCLCabFFejwafofCJBdHdwaendaCIKCabhaeFDbCjafwendqJCabeK",109,0.990909,78,110,1,109,1,1,0,1,1,34,33,45,45,31,31,50
"4154",53,"[78]GvdffHdwaCJiCcCIxBGwafndbCLCabFFejwafofCJBdHdwaendaCIKCabhaeFDbCjafwendqJCabeK",115,1,78,114,0,114,0,0,0,0,0,29,29,42,42,43,43,50
"4155",54,"[78]GvdffHdwaCJiCcCIxBGwafndbCLCabFFejwafofCJBdHdwaendaCIKCabhaeFDbCjafwendqJCabeK",117,1,78,116,0,116,0,0,0,0,0,34,34,38,38,44,44,50
"4156",55,"[78]GvdffHdwaCJiCcCIxBGwafndbCLCabFFejwafofCJBdHdwaendaCIKCabhaeFDbCjafwendqJCabeK",114,1,78,113,0,113,0,0,0,0,0,36,36,39,39,38,38,50
"4157",56,"[78]GvdffHdwaCJiCcCIxBGwafndbCLCabFFejwafofCJBdHdwaendaCIKCabhaeFDbCjafwendqJCabeK",122,1,78,121,0,121,0,0,0,0,0,39,39,36,36,46,46,50
"4158",57,"[78]GvdffHdwaCJiCcCIxBGwafndbCLCabFFejwafofCJBdHdwaendaCIKCabhaeFDbCjafwendqJCabeK",108,1,78,107,0,107,0,0,0,0,0,35,35,47,47,25,25,50
"4159",58,"[78]GvdffHdwaCJiCcCIxBGwafndbCLCabFFejwafofCJBdHdwaendaCIKCabhaeFDbCjafwendqJCabeK",119,1,78,118,0,118,0,0,0,0,0,38,38,32,32,48,48,50
"4160",59,"[78]GvdffHdwaCJiCcCIxBGwafndbCLCabFFejwafofCJBdHdwaendaCIKCabhaeFDbCjafwendqJCabeK",114,1,78,113,0,113,0,0,0,0,0,32,32,42,42,39,39,50
"4161",60,"[78]GvdffHdwaCJiCcCIxBGwafndbCLCabFFejwafofCJBdHdwaendaCIKCabhaeFDbCjafwendqJCabeK",114,0.991304,78,115,1,114,1,1,0,1,1,40,39,39,39,36,36,50
"4162",61,"[78]GvdffHdwaCJiCcCIxBGwafndbCLCabFFejwafofCJBdHdwaendaCIKCabhaeFDbCjafwendqJCabeK",117,1,78,116,0,116,0,0,0,0,0,44,44,32,32,40,40,50
"4163",62,"[78]GvdffHdwaCJiCcCIxBGwafndbCLCabFFejwafofCJBdHdwaendaCIKCabhaeFDbCjafwendqJCabeK",118,0.991597,78,119,1,118,1,1,0,1,1,37,36,33,33,49,49,50
"4164",63,"[78]GvdffHdwaCJiCcCIxBGwafndbCLCabFFejwafofCJBdHdwaendaCIKCabhaeFDbCjafwendqJCabeK",113,0.991228,78,114,1,113,1,1,0,1,1,34,33,40,40,40,40,50
"4165",64,"[78]GvdffHdwaCJiCcCIxBGwafndbCLCabFFejwafofCJBdHdwaendaCIKCabhaeFDbCjafwendqJCabeK",116,1,78,115,0,115,0,0,0,0,0,35,35,45,45,35,35,50
"4166",65,"[78]GvdffHdwaCJiCcCIxBGwafndbCLCabFFejwafofCJBdHdwaendaCIKCabhaeFDbCjafwendqJCabeK",111,1,78,110,0,110,0,0,0,0,0,34,34,44,44,32,32,50
"4167",66,"[78]GvdffHdwaCJiCcCIxBGwafndbCLCabFFejwafofCJBdHdwaendaCIKCabhaeFDbCjafwendqJCabeK",117,1,78,116,0,116,0,0,0,0,0,40,40,39,39,37,37,50
"4168",67,"[78]GvdffHdwaCJiCcCIxBGwafndbCLCabFFejwafofCJBdHdwaendaCIKCabhaeFDbCjafwendqJCabeK",110,1,78,109,0,109,0,0,0,0,0,38,38,44,44,27,27,50
"4169",68,"[78]GvdffHdwaCJiCcCIxBGwafndbCLCabFFejwafofCJBdHdwaendaCIKCabhaeFDbCjafwendqJCabeK",112,1,78,111,0,111,0,0,0,0,0,45,45,33,33,33,33,50
"4170",69,"[78]GvdffHdwaCJiCcCIxBGwafndbCLCabFFejwafofCJBdHdwaendaCIKCabhaeFDbCjafwendqJCabeK",103,0.947368,78,114,6,108,6,6,0,6,6,49,43,36,36,29,29,50
"4171",70,"[78]GvdffHdwaCJiCcCIxBGwafndbCLCabFFejwafofCJBdHdwaendaCIKCabhaeFDbCjafwendqJCabeK",112,0.982609,78,115,2,113,2,2,0,2,2,32,30,45,45,38,38,50
"4172",71,"[78]GvdffHdwaCJiCcCIxBGwafndbCLCabFFejwafofCJBdHdwaendaCIKCabhaeFDbCjafwendqJCabeK",109,1,78,108,0,108,0,0,0,0,0,44,44,37,37,27,27,50
"4173",72,"[78]GvdffHdwaCJiCcCIxBGwafndbCLCabFFejwafofCJBdHdwaendaCIKCabhaeFDbCjafwendqJCabeK",116,0.983193,78,119,2,117,2,2,0,2,2,30,28,42,42,47,47,50
"4174",73,"[78]GvdffHdwaCJiCcCIxBGwafndbCLCabFFejwafofCJBdHdwaendaCIKCabhaeFDbCjafwendqJCabeK",116,0.991453,78,117,1,116,1,1,0,1,1,31,30,42,42,44,44,50
"4175",74,"[78]GvdffHdwaCJiCcCIxBGwafndbCLCabFFejwafofCJBdHdwaendaCIKCabhaeFDbCjafwendqJCabeK",120,1,78,119,0,119,0,0,0,0,0,28,28,41,41,50,50,50
"4176",75,"[78]GvdffHdwaCJiCcCIxBGwafndbCLCabFFejwafofCJBdHdwaendaCIKCabhaeFDbCjafwendqJCabeK",116,0.991453,78,117,1,116,1,1,0,1,1,36,35,38,38,43,43,50
"4177",76,"[78]GvdffHdwaCJiCcCIxBGwafndbCLCabFFejwafofCJBdHdwaendaCIKCabhaeFDbCjafwendqJCabeK",116,1,78,115,0,115,0,0,0,0,0,36,36,40,40,39,39,50
"4178",77,"[78]GvdffHdwaCJiCcCIxBGwafndbCLCabFFejwafofCJBdHdwaendaCIKCabhaeFDbCjafwendqJCabeK",115,0.967213,78,122,4,118,4,4,0,4,4,43,39,41,41,38,38,50
"4179",78,"[78]GvdffHdwaCJiCcCIxBGwafndbCLCabFFejwafofCJBdHdwaendaCIKCabhaeFDbCjafwendqJCabeK",117,1,78,116,0,116,0,0,0,0,0,37,37,36,36,43,43,50
"4180",79,"[78]GvdffHdwaCJiCcCIxBGwafndbCLCabFFejwafofCJBdHdwaendaCIKCabhaeFDbCjafwendqJCabeK",124,1,78,123,0,123,0,0,0,0,0,50,50,31,31,42,42,50
"4181",80,"[78]GvdffHdwaCJiCcCIxBGwafndbCLCabFFejwafofCJBdHdwaendaCIKCabhaeFDbCjafwendqJCabeK",110,0.965812,78,117,4,113,4,4,0,4,4,49,45,34,34,34,34,50
"4182",81,"[78]GvdffHdwaCJiCcCIxBGwafndbCLCabFFejwafofCJBdHdwaendaCIKCabhaeFDbCjafwendqJCabeK",116,1,78,115,0,115,0,0,0,0,0,34,34,43,43,38,38,50
"4183",82,"[78]GvdffHdwaCJiCcCIxBGwafndbCLCabFFejwafofCJBdHdwaendaCIKCabhaeFDbCjafwendqJCabeK",112,1,78,111,0,111,0,0,0,0,0,35,35,41,41,35,35,50
"4184",83,"[78]GvdffHdwaCJiCcCIxBGwafndbCLCabFFejwafofCJBdHdwaendaCIKCabhaeFDbCjafwendqJCabeK",120,1,78,119,0,119,0,0,0,0,0,30,30,39,39,50,50,50
"4185",84,"[78]GvdffHdwaCJiCcCIxBGwafndbCLCabFFejwafofCJBdHdwaendaCIKCabhaeFDbCjafwendqJCabeK",112,0.99115,78,113,1,112,1,1,0,1,1,37,36,42,42,34,34,50
"4186",85,"[78]GvdffHdwaCJiCcCIxBGwafndbCLCabFFejwafofCJBdHdwaendaCIKCabhaeFDbCjafwendqJCabeK",114,1,78,113,0,113,0,0,0,0,0,39,39,36,36,38,38,50
"4187",86,"[78]GvdffHdwaCJiCcCIxBGwafndbCLCabFFejwafofCJBdHdwaendaCIKCabhaeFDbCjafwendqJCabeK",118,1,78,117,0,117,0,0,0,0,0,50,50,26,26,41,41,50
"4188",87,"[78]GvdffHdwaCJiCcCIxBGwafndbCLCabFFejwafofCJBdHdwaendaCIKCabhaeFDbCjafwendqJCabeK",116,0.991453,78,117,1,116,1,1,0,1,1,38,37,35,35,44,44,50
"4189",88,"[78]GvdffHdwaCJiCcCIxBGwafndbCLCabFFejwafofCJBdHdwaendaCIKCabhaeFDbCjafwendqJCabeK",114,1,78,113,0,113,0,0,0,0,0,47,47,29,29,37,37,50
"4190",89,"[78]GvdffHdwaCJiCcCIxBGwafndbCLCabFFejwafofCJBdHdwaendaCIKCabhaeFDbCjafwendqJCabeK",116,1,78,115,0,115,0,0,0,0,0,39,39,34,34,42,42,50
"4191",90,"[78]GvdffHdwaCJiCcCIxBGwafndbCLCabFFejwafofCJBdHdwaendaCIKCabhaeFDbCjafwendqJCabeK",108,0.981982,78,111,2,109,2,2,0,2,2,46,44,35,35,30,30,50
"4192",91,"[78]GvdffHdwaCJiCcCIxBGwafndbCLCabFFejwafofCJBdHdwaendaCIKCabhaeFDbCjafwendqJCabeK",112,1,78,111,0,111,0,0,0,0,0,43,43,35,35,33,33,50
"4193",92,"[78]GvdffHdwaCJiCcCIxBGwafndbCLCabFFejwafofCJBdHdwaendaCIKCabhaeFDbCjafwendqJCabeK",115,1,78,114,0,114,0,0,0,0,0,34,34,39,39,41,41,50
"4194",93,"[78]GvdffHdwaCJiCcCIxBGwafndbCLCabFFejwafofCJBdHdwaendaCIKCabhaeFDbCjafwendqJCabeK",112,1,78,111,0,111,0,0,0,0,0,36,36,43,43,32,32,50
"4195",94,"[78]GvdffHdwaCJiCcCIxBGwafndbCLCabFFejwafofCJBdHdwaendaCIKCabhaeFDbCjafwendqJCabeK",124,1,78,123,0,123,0,0,0,0,0,32,32,43,43,48,48,50
"4196",95,"[78]GvdffHdwaCJiCcCIxBGwafndbCLCabFFejwafofCJBdHdwaendaCIKCabhaeFDbCjafwendqJCabeK",114,1,78,113,0,113,0,0,0,0,0,37,37,38,38,38,38,50
"4197",96,"[78]GvdffHdwaCJiCcCIxBGwafndbCLCabFFejwafofCJBdHdwaendaCIKCabhaeFDbCjafwendqJCabeK",110,0.990991,78,111,1,110,1,1,0,1,1,37,36,41,41,33,33,50
"4198",97,"[78]GvdffHdwaCJiCcCIxBGwafndbCLCabFFejwafofCJBdHdwaendaCIKCabhaeFDbCjafwendqJCabeK",118,0.991597,78,119,1,118,1,1,0,1,1,39,38,33,33,47,47,50
"4199",98,"[78]GvdffHdwaCJiCcCIxBGwafndbCLCabFFejwafofCJBdHdwaendaCIKCabhaeFDbCjafwendqJCabeK",117,1,78,116,0,116,0,0,0,0,0,31,31,45,45,40,40,50
"4200",99,"[78]GvdffHdwaCJiCcCIxBGwafndbCLCabFFejwafofCJBdHdwaendaCIKCabhaeFDbCjafwendqJCabeK",116,0.975207,78,121,3,118,3,3,0,3,3,32,29,41,41,48,48,50
"4201",0,"[81]GjfffHdwafndfCICacoewdwafndbCLCaclLywafnfCJBdHdofdCIKFfFCswrKgnibmtafwandCJCebhaK",98,0.944954,81,109,6,103,6,6,0,6,6,39,34,31,30,39,39,51
"4202",1,"[81]GjfffHdwafndfCICacoewdwafndbCLCaclLywafnfCJBdHdofdCIKFfFCswrKgnibmtafwandCJCebhaK",95,0.943396,81,106,6,100,6,6,0,6,6,41,36,32,31,33,33,51
"4203",2,"[81]GjfffHdwafndfCICacoewdwafndbCLCaclLywafnfCJBdHdofdCIKFfFCswrKgnibmtafwandCJCebhaK",99,0.980392,81,102,2,100,2,2,0,2,2,36,34,35,35,31,31,51
"4204",3,"[81]GjfffHdwafndfCICacoewdwafndbCLCaclLywafnfCJBdHdofdCIKFfFCswrKgnibmtafwandCJCebhaK",98,0.970874,81,103,3,100,3,3,0,3,3,38,36,34,33,31,31,51
"4205",4,"[81]GjfffHdwafndfCICacoewdwafndbCLCaclLywafnfCJBdHdofdCIKFfFCswrKgnibmtafwandCJCebhaK",97,1,81,96,0,96,0,0,0,0,0,39,39,35,35,22,22,51
"4206",5,"[81]GjfffHdwafndfCICacoewdwafndbCLCaclLywafnfCJBdHdofdCIKFfFCswrKgnibmtafwandCJCebhaK",104,0.981308,81,107,2,105,2,2,0,2,2,27,26,34,33,46,46,51
"4207",6,"[81]GjfffHdwafndfCICacoewdwafndbCLCaclLywafnfCJBdHdofdCIKFfFCswrKgnibmtafwandCJCebhaK",99,0.971154,81,104,3,101,3,3,0,3,3,36,34,36,35,32,32,51
"4208",7,"[81]GjfffHdwafndfCICacoewdwafndbCLCaclLywafnfCJBdHdofdCIKFfFCswrKgnibmtafwandCJCebhaK",103,1,81,102,0,102,0,0,0,0,0,32,32,34,34,36,36,51
"4209",8,"[81]GjfffHdwafndfCICacoewdwafndbCLCaclLywafnfCJBdHdofdCIKFfFCswrKgnibmtafwandCJCebhaK",94,0.960396,81,101,4,97,4,4,0,4,4,37,33,37,37,27,27,51
"4210",9,"[81]GjfffHdwafndfCICacoewdwafndbCLCaclLywafnfCJBdHdofdCIKFfFCswrKgnibmtafwandCJCebhaK",102,0.990291,81,103,1,102,1,1,0,1,1,40,39,28,28,35,35,51
"4211",10,"[81]GjfffHdwafndfCICacoewdwafndbCLCaclLywafnfCJBdHdofdCIKFfFCswrKgnibmtafwandCJCebhaK",101,1,81,100,0,100,0,0,0,0,0,39,39,31,31,30,30,51
"4212",11,"[81]GjfffHdwafndfCICacoewdwafndbCLCaclLywafnfCJBdHdofdCIKFfFCswrKgnibmtafwandCJCebhaK",98,0.989899,81,99,1,98,1,1,0,1,1,31,30,40,40,28,28,51
"4213",12,"[81]GjfffHdwafndfCICacoewdwafndbCLCaclLywafnfCJBdHdofdCIKFfFCswrKgnibmtafwandCJCebhaK",97,0.98,81,100,2,98,2,2,0,2,2,40,39,31,30,29,29,51
"4214",13,"[81]GjfffHdwafndfCICacoewdwafndbCLCaclLywafnfCJBdHdofdCIKFfFCswrKgnibmtafwandCJCebhaK",100,0.990099,81,101,1,100,1,1,0,1,1,34,34,33,32,34,34,51
"4215",14,"[81]GjfffHdwafndfCICacoewdwafndbCLCaclLywafnfCJBdHdofdCIKFfFCswrKgnibmtafwandCJCebhaK",92,0.941748,81,103,6,97,6,6,0,6,6,38,32,42,42,23,23,51
"4216",15,"[81]GjfffHdwafndfCICacoewdwafndbCLCaclLywafnfCJBdHdofdCIKFfFCswrKgnibmtafwandCJCebhaK",99,0.980392,81,102,2,100,2,2,0,2,2,29,28,39,38,34,34,51
"4217",16,"[81]GjfffHdwafndfCICacoewdwafndbCLCaclLywafnfCJBdHdofdCIKFfFCswrKgnibmtafwandCJCebhaK",102,0.980952,81,105,2,103,2,2,0,2,2,33,31,34,34,38,38,51
"4218",17,"[81]GjfffHdwafndfCICacoewdwafndbCLCaclLywafnfCJBdHdofdCIKFfFCswrKgnibmtafwandCJCebhaK",99,0.99,81,100,1,99,1,1,0,1,1,29,29,38,37,33,33,51
"4219",18,"[81]GjfffHdwafndfCICacoewdwafndbCLCaclLywafnfCJBdHdofdCIKFfFCswrKgnibmtafwandCJCebhaK",100,0.980583,81,103,2,101,2,2,0,2,2,33,32,33,32,37,37,51
"4220",19,"[81]GjfffHdwafndfCICacoewdwafndbCLCaclLywafnfCJBdHdofdCIKFfFCswrKgnibmtafwandCJCebhaK",99,0.99,81,100,1,99,1,1,0,1,1,33,32,37,37,30,30,51
"4221",20,"[81]GjfffHdwafndfCICacoewdwafndbCLCaclLywafnfCJBdHdofdCIKFfFCswrKgnibmtafwandCJCebhaK",98,0.989899,81,99,1,98,1,1,0,1,1,38,38,32,31,29,29,51
"4222",21,"[81]GjfffHdwafndfCICacoewdwafndbCLCaclLywafnfCJBdHdofdCIKFfFCswrKgnibmtafwandCJCebhaK",99,0.99,81,100,1,99,1,1,0,1,1,34,33,37,37,29,29,51
"4223",22,"[81]GjfffHdwafndfCICacoewdwafndbCLCaclLywafnfCJBdHdofdCIKFfFCswrKgnibmtafwandCJCebhaK",89,0.931373,81,102,7,95,7,7,0,7,7,41,35,35,34,26,26,51
"4224",23,"[81]GjfffHdwafndfCICacoewdwafndbCLCaclLywafnfCJBdHdofdCIKFfFCswrKgnibmtafwandCJCebhaK",97,0.989796,81,98,1,97,1,1,0,1,1,42,42,29,28,27,27,51
"4225",24,"[81]GjfffHdwafndfCICacoewdwafndbCLCaclLywafnfCJBdHdofdCIKFfFCswrKgnibmtafwandCJCebhaK",106,0.981651,81,109,2,107,2,2,0,2,2,34,32,29,29,46,46,51
"4226",25,"[81]GjfffHdwafndfCICacoewdwafndbCLCaclLywafnfCJBdHdofdCIKFfFCswrKgnibmtafwandCJCebhaK",98,1,81,97,0,97,0,0,0,0,0,41,41,33,33,23,23,51
"4227",26,"[81]GjfffHdwafndfCICacoewdwafndbCLCaclLywafnfCJBdHdofdCIKFfFCswrKgnibmtafwandCJCebhaK",105,1,81,104,0,104,0,0,0,0,0,37,37,30,30,37,37,51
"4228",27,"[81]GjfffHdwafndfCICacoewdwafndbCLCaclLywafnfCJBdHdofdCIKFfFCswrKgnibmtafwandCJCebhaK",102,0.990291,81,103,1,102,1,1,0,1,1,38,38,28,27,37,37,51
"4229",28,"[81]GjfffHdwafndfCICacoewdwafndbCLCaclLywafnfCJBdHdofdCIKFfFCswrKgnibmtafwandCJCebhaK",105,0.990566,81,106,1,105,1,1,0,1,1,30,29,33,33,43,43,51
"4230",29,"[81]GjfffHdwafndfCICacoewdwafndbCLCaclLywafnfCJBdHdofdCIKFfFCswrKgnibmtafwandCJCebhaK",102,0.990291,81,103,1,102,1,1,0,1,1,37,36,31,31,35,35,51
"4231",30,"[81]GjfffHdwafndfCICacoewdwafndbCLCaclLywafnfCJBdHdofdCIKFfFCswrKgnibmtafwandCJCebhaK",100,0.990099,81,101,1,100,1,1,0,1,1,36,36,31,30,34,34,51
"4232",31,"[81]GjfffHdwafndfCICacoewdwafndbCLCaclLywafnfCJBdHdofdCIKFfFCswrKgnibmtafwandCJCebhaK",103,1,81,102,0,102,0,0,0,0,0,27,27,38,38,37,37,51
"4233",32,"[81]GjfffHdwafndfCICacoewdwafndbCLCaclLywafnfCJBdHdofdCIKFfFCswrKgnibmtafwandCJCebhaK",98,0.989899,81,99,1,98,1,1,0,1,1,32,32,38,37,29,29,51
"4234",33,"[81]GjfffHdwafndfCICacoewdwafndbCLCaclLywafnfCJBdHdofdCIKFfFCswrKgnibmtafwandCJCebhaK",97,0.961538,81,104,4,100,4,4,0,4,4,35,31,38,38,31,31,51
"4235",34,"[81]GjfffHdwafndfCICacoewdwafndbCLCaclLywafnfCJBdHdofdCIKFfFCswrKgnibmtafwandCJCebhaK",101,0.990196,81,102,1,101,1,1,0,1,1,30,30,35,34,37,37,51
"4236",35,"[81]GjfffHdwafndfCICacoewdwafndbCLCaclLywafnfCJBdHdofdCIKFfFCswrKgnibmtafwandCJCebhaK",102,0.990291,81,103,1,102,1,1,0,1,1,30,30,34,33,39,39,51
"4237",36,"[81]GjfffHdwafndfCICacoewdwafndbCLCaclLywafnfCJBdHdofdCIKFfFCswrKgnibmtafwandCJCebhaK",101,0.980769,81,104,2,102,2,2,0,2,2,37,36,30,29,37,37,51
"4238",37,"[81]GjfffHdwafndfCICacoewdwafndbCLCaclLywafnfCJBdHdofdCIKFfFCswrKgnibmtafwandCJCebhaK",93,0.969388,81,98,3,95,3,3,0,3,3,38,36,37,36,23,23,51
"4239",38,"[81]GjfffHdwafndfCICacoewdwafndbCLCaclLywafnfCJBdHdofdCIKFfFCswrKgnibmtafwandCJCebhaK",95,0.960784,81,102,4,98,4,4,0,4,4,33,29,41,41,28,28,51
"4240",39,"[81]GjfffHdwafndfCICacoewdwafndbCLCaclLywafnfCJBdHdofdCIKFfFCswrKgnibmtafwandCJCebhaK",102,0.980952,81,105,2,103,2,2,0,2,2,33,32,31,30,41,41,51
"4241",40,"[81]GjfffHdwafndfCICacoewdwafndbCLCaclLywafnfCJBdHdofdCIKFfFCswrKgnibmtafwandCJCebhaK",103,0.990385,81,104,1,103,1,1,0,1,1,38,38,27,26,39,39,51
"4242",41,"[81]GjfffHdwafndfCICacoewdwafndbCLCaclLywafnfCJBdHdofdCIKFfFCswrKgnibmtafwandCJCebhaK",95,1,81,94,0,94,0,0,0,0,0,37,37,41,41,16,16,51
"4243",42,"[81]GjfffHdwafndfCICacoewdwafndbCLCaclLywafnfCJBdHdofdCIKFfFCswrKgnibmtafwandCJCebhaK",99,0.99,81,100,1,99,1,1,0,1,1,37,37,32,31,31,31,51
"4244",43,"[81]GjfffHdwafndfCICacoewdwafndbCLCaclLywafnfCJBdHdofdCIKFfFCswrKgnibmtafwandCJCebhaK",100,0.990099,81,101,1,100,1,1,0,1,1,32,32,37,36,32,32,51
"4245",44,"[81]GjfffHdwafndfCICacoewdwafndbCLCaclLywafnfCJBdHdofdCIKFfFCswrKgnibmtafwandCJCebhaK",102,0.990291,81,103,1,102,1,1,0,1,1,31,30,37,37,35,35,51
"4246",45,"[81]GjfffHdwafndfCICacoewdwafndbCLCaclLywafnfCJBdHdofdCIKFfFCswrKgnibmtafwandCJCebhaK",102,0.990291,81,103,1,102,1,1,0,1,1,37,37,28,27,38,38,51
"4247",46,"[81]GjfffHdwafndfCICacoewdwafndbCLCaclLywafnfCJBdHdofdCIKFfFCswrKgnibmtafwandCJCebhaK",90,0.940594,81,101,6,95,6,6,0,6,6,34,29,43,42,24,24,51
"4248",47,"[81]GjfffHdwafndfCICacoewdwafndbCLCaclLywafnfCJBdHdofdCIKFfFCswrKgnibmtafwandCJCebhaK",100,0.954128,81,109,5,104,5,5,0,5,5,39,35,29,28,41,41,51
"4249",48,"[81]GjfffHdwafndfCICacoewdwafndbCLCaclLywafnfCJBdHdofdCIKFfFCswrKgnibmtafwandCJCebhaK",98,0.989899,81,99,1,98,1,1,0,1,1,35,34,37,37,27,27,51
"4250",49,"[81]GjfffHdwafndfCICacoewdwafndbCLCaclLywafnfCJBdHdofdCIKFfFCswrKgnibmtafwandCJCebhaK",99,0.980392,81,102,2,100,2,2,0,2,2,42,40,30,30,30,30,51
"4251",50,"[81]GjfffHdwafndfCICacoewdwafndbCLCaclLywafnfCJBdHdofdCIKFfFCswrKgnibmtafwandCJCebhaK",98,0.980198,81,101,2,99,2,2,0,2,2,32,31,36,35,33,33,51
"4252",51,"[81]GjfffHdwafndfCICacoewdwafndbCLCaclLywafnfCJBdHdofdCIKFfFCswrKgnibmtafwandCJCebhaK",92,0.950495,81,101,5,96,5,5,0,5,5,38,34,40,39,23,23,51
"4253",52,"[81]GjfffHdwafndfCICacoewdwafndbCLCaclLywafnfCJBdHdofdCIKFfFCswrKgnibmtafwandCJCebhaK",98,0.980198,81,101,2,99,2,2,0,2,2,27,26,40,39,34,34,51
"4254",53,"[81]GjfffHdwafndfCICacoewdwafndbCLCaclLywafnfCJBdHdofdCIKFfFCswrKgnibmtafwandCJCebhaK",103,0.990385,81,104,1,103,1,1,0,1,1,22,21,42,42,40,40,51
"4255",54,"[81]GjfffHdwafndfCICacoewdwafndbCLCaclLywafnfCJBdHdofdCIKFfFCswrKgnibmtafwandCJCebhaK",103,0.990385,81,104,1,103,1,1,0,1,1,39,38,29,29,36,36,51
"4256",55,"[81]GjfffHdwafndfCICacoewdwafndbCLCaclLywafnfCJBdHdofdCIKFfFCswrKgnibmtafwandCJCebhaK",98,0.980198,81,101,2,99,2,2,0,2,2,35,33,39,39,27,27,51
"4257",56,"[81]GjfffHdwafndfCICacoewdwafndbCLCaclLywafnfCJBdHdofdCIKFfFCswrKgnibmtafwandCJCebhaK",97,0.970588,81,102,3,99,3,3,0,3,3,35,32,36,36,31,31,51
"4258",57,"[81]GjfffHdwafndfCICacoewdwafndbCLCaclLywafnfCJBdHdofdCIKFfFCswrKgnibmtafwandCJCebhaK",102,0.990291,81,103,1,102,1,1,0,1,1,34,34,30,29,39,39,51
"4259",58,"[81]GjfffHdwafndfCICacoewdwafndbCLCaclLywafnfCJBdHdofdCIKFfFCswrKgnibmtafwandCJCebhaK",101,1,81,100,0,100,0,0,0,0,0,34,34,35,35,31,31,51
"4260",59,"[81]GjfffHdwafndfCICacoewdwafndbCLCaclLywafnfCJBdHdofdCIKFfFCswrKgnibmtafwandCJCebhaK",102,0.990291,81,103,1,102,1,1,0,1,1,25,25,38,37,40,40,51
"4261",60,"[81]GjfffHdwafndfCICacoewdwafndbCLCaclLywafnfCJBdHdofdCIKFfFCswrKgnibmtafwandCJCebhaK",98,1,81,97,0,97,0,0,0,0,0,37,37,37,37,23,23,51
"4262",61,"[81]GjfffHdwafndfCICacoewdwafndbCLCaclLywafnfCJBdHdofdCIKFfFCswrKgnibmtafwandCJCebhaK",105,0.990566,81,106,1,105,1,1,0,1,1,35,34,28,28,43,43,51
"4263",62,"[81]GjfffHdwafndfCICacoewdwafndbCLCaclLywafnfCJBdHdofdCIKFfFCswrKgnibmtafwandCJCebhaK",103,0.990385,81,104,1,103,1,1,0,1,1,32,31,34,34,38,38,51
"4264",63,"[81]GjfffHdwafndfCICacoewdwafndbCLCaclLywafnfCJBdHdofdCIKFfFCswrKgnibmtafwandCJCebhaK",103,1,81,102,0,102,0,0,0,0,0,33,33,34,34,35,35,51
"4265",64,"[81]GjfffHdwafndfCICacoewdwafndbCLCaclLywafnfCJBdHdofdCIKFfFCswrKgnibmtafwandCJCebhaK",102,1,81,101,0,101,0,0,0,0,0,33,33,34,34,34,34,51
"4266",65,"[81]GjfffHdwafndfCICacoewdwafndbCLCaclLywafnfCJBdHdofdCIKFfFCswrKgnibmtafwandCJCebhaK",104,0.990476,81,105,1,104,1,1,0,1,1,38,38,27,26,40,40,51
"4267",66,"[81]GjfffHdwafndfCICacoewdwafndbCLCaclLywafnfCJBdHdofdCIKFfFCswrKgnibmtafwandCJCebhaK",99,0.99,81,100,1,99,1,1,0,1,1,38,37,33,33,29,29,51
"4268",67,"[81]GjfffHdwafndfCICacoewdwafndbCLCaclLywafnfCJBdHdofdCIKFfFCswrKgnibmtafwandCJCebhaK",103,1,81,102,0,102,0,0,0,0,0,40,40,28,28,34,34,51
"4269",68,"[81]GjfffHdwafndfCICacoewdwafndbCLCaclLywafnfCJBdHdofdCIKFfFCswrKgnibmtafwandCJCebhaK",103,0.990385,81,104,1,103,1,1,0,1,1,29,29,33,32,42,42,51
"4270",69,"[81]GjfffHdwafndfCICacoewdwafndbCLCaclLywafnfCJBdHdofdCIKFfFCswrKgnibmtafwandCJCebhaK",96,0.989691,81,97,1,96,1,1,0,1,1,32,32,41,40,24,24,51
"4271",70,"[81]GjfffHdwafndfCICacoewdwafndbCLCaclLywafnfCJBdHdofdCIKFfFCswrKgnibmtafwandCJCebhaK",99,1,81,98,0,98,0,0,0,0,0,30,30,41,41,27,27,51
"4272",71,"[81]GjfffHdwafndfCICacoewdwafndbCLCaclLywafnfCJBdHdofdCIKFfFCswrKgnibmtafwandCJCebhaK",101,0.990196,81,102,1,101,1,1,0,1,1,32,32,36,35,34,34,51
"4273",72,"[81]GjfffHdwafndfCICacoewdwafndbCLCaclLywafnfCJBdHdofdCIKFfFCswrKgnibmtafwandCJCebhaK",98,0.989899,81,99,1,98,1,1,0,1,1,39,39,32,31,28,28,51
"4274",73,"[81]GjfffHdwafndfCICacoewdwafndbCLCaclLywafnfCJBdHdofdCIKFfFCswrKgnibmtafwandCJCebhaK",105,0.990566,81,106,1,105,1,1,0,1,1,35,34,30,30,41,41,51
"4275",74,"[81]GjfffHdwafndfCICacoewdwafndbCLCaclLywafnfCJBdHdofdCIKFfFCswrKgnibmtafwandCJCebhaK",98,0.980198,81,101,2,99,2,2,0,2,2,35,34,33,32,33,33,51
"4276",75,"[81]GjfffHdwafndfCICacoewdwafndbCLCaclLywafnfCJBdHdofdCIKFfFCswrKgnibmtafwandCJCebhaK",101,0.980769,81,104,2,102,2,2,0,2,2,37,35,32,32,35,35,51
"4277",76,"[81]GjfffHdwafndfCICacoewdwafndbCLCaclLywafnfCJBdHdofdCIKFfFCswrKgnibmtafwandCJCebhaK",103,0.990385,81,104,1,103,1,1,0,1,1,26,26,37,36,41,41,51
"4278",77,"[81]GjfffHdwafndfCICacoewdwafndbCLCaclLywafnfCJBdHdofdCIKFfFCswrKgnibmtafwandCJCebhaK",104,0.990476,81,105,1,104,1,1,0,1,1,32,32,31,30,42,42,51
"4279",78,"[81]GjfffHdwafndfCICacoewdwafndbCLCaclLywafnfCJBdHdofdCIKFfFCswrKgnibmtafwandCJCebhaK",98,0.980198,81,101,2,99,2,2,0,2,2,33,32,36,35,32,32,51
"4280",79,"[81]GjfffHdwafndfCICacoewdwafndbCLCaclLywafnfCJBdHdofdCIKFfFCswrKgnibmtafwandCJCebhaK",97,0.944444,81,108,6,102,6,6,0,6,6,34,29,35,34,39,39,51
"4281",80,"[81]GjfffHdwafndfCICacoewdwafndbCLCaclLywafnfCJBdHdofdCIKFfFCswrKgnibmtafwandCJCebhaK",95,0.97,81,100,3,97,3,3,0,3,3,40,38,34,33,26,26,51
"4282",81,"[81]GjfffHdwafndfCICacoewdwafndbCLCaclLywafnfCJBdHdofdCIKFfFCswrKgnibmtafwandCJCebhaK",90,0.958763,81,97,4,93,4,4,0,4,4,34,31,44,43,19,19,51
"4283",82,"[81]GjfffHdwafndfCICacoewdwafndbCLCaclLywafnfCJBdHdofdCIKFfFCswrKgnibmtafwandCJCebhaK",104,0.990476,81,105,1,104,1,1,0,1,1,32,32,30,29,43,43,51
"4284",83,"[81]GjfffHdwafndfCICacoewdwafndbCLCaclLywafnfCJBdHdofdCIKFfFCswrKgnibmtafwandCJCebhaK",101,0.990196,81,102,1,101,1,1,0,1,1,30,30,36,35,36,36,51
"4285",84,"[81]GjfffHdwafndfCICacoewdwafndbCLCaclLywafnfCJBdHdofdCIKFfFCswrKgnibmtafwandCJCebhaK",101,1,81,100,0,100,0,0,0,0,0,31,31,38,38,31,31,51
"4286",85,"[81]GjfffHdwafndfCICacoewdwafndbCLCaclLywafnfCJBdHdofdCIKFfFCswrKgnibmtafwandCJCebhaK",104,1,81,103,0,103,0,0,0,0,0,31,31,35,35,37,37,51
"4287",86,"[81]GjfffHdwafndfCICacoewdwafndbCLCaclLywafnfCJBdHdofdCIKFfFCswrKgnibmtafwandCJCebhaK",99,0.980392,81,102,2,100,2,2,0,2,2,31,30,40,39,31,31,51
"4288",87,"[81]GjfffHdwafndfCICacoewdwafndbCLCaclLywafnfCJBdHdofdCIKFfFCswrKgnibmtafwandCJCebhaK",107,1,81,106,0,106,0,0,0,0,0,29,29,32,32,45,45,51
"4289",88,"[81]GjfffHdwafndfCICacoewdwafndbCLCaclLywafnfCJBdHdofdCIKFfFCswrKgnibmtafwandCJCebhaK",98,0.989899,81,99,1,98,1,1,0,1,1,39,39,31,30,29,29,51
"4290",89,"[81]GjfffHdwafndfCICacoewdwafndbCLCaclLywafnfCJBdHdofdCIKFfFCswrKgnibmtafwandCJCebhaK",99,0.99,81,100,1,99,1,1,0,1,1,37,36,34,34,29,29,51
"4291",90,"[81]GjfffHdwafndfCICacoewdwafndbCLCaclLywafnfCJBdHdofdCIKFfFCswrKgnibmtafwandCJCebhaK",103,0.972222,81,108,3,105,3,3,0,3,3,39,37,26,25,43,43,51
"4292",91,"[81]GjfffHdwafndfCICacoewdwafndbCLCaclLywafnfCJBdHdofdCIKFfFCswrKgnibmtafwandCJCebhaK",98,0.980198,81,101,2,99,2,2,0,2,2,29,28,40,39,32,32,51
"4293",92,"[81]GjfffHdwafndfCICacoewdwafndbCLCaclLywafnfCJBdHdofdCIKFfFCswrKgnibmtafwandCJCebhaK",96,0.970297,81,101,3,98,3,3,0,3,3,37,34,37,37,27,27,51
"4294",93,"[81]GjfffHdwafndfCICacoewdwafndbCLCaclLywafnfCJBdHdofdCIKFfFCswrKgnibmtafwandCJCebhaK",98,0.989899,81,99,1,98,1,1,0,1,1,27,27,41,40,31,31,51
"4295",94,"[81]GjfffHdwafndfCICacoewdwafndbCLCaclLywafnfCJBdHdofdCIKFfFCswrKgnibmtafwandCJCebhaK",93,0.925926,81,108,8,100,8,8,0,8,8,39,32,37,36,32,32,51
"4296",95,"[81]GjfffHdwafndfCICacoewdwafndbCLCaclLywafnfCJBdHdofdCIKFfFCswrKgnibmtafwandCJCebhaK",95,0.951923,81,104,5,99,5,5,0,5,5,37,33,34,33,33,33,51
"4297",96,"[81]GjfffHdwafndfCICacoewdwafndbCLCaclLywafnfCJBdHdofdCIKFfFCswrKgnibmtafwandCJCebhaK",99,0.971154,81,104,3,101,3,3,0,3,3,29,27,38,37,37,37,51
"4298",97,"[81]GjfffHdwafndfCICacoewdwafndbCLCaclLywafnfCJBdHdofdCIKFfFCswrKgnibmtafwandCJCebhaK",105,0.990566,81,106,1,105,1,1,0,1,1,35,34,29,29,42,42,51
"4299",98,"[81]GjfffHdwafndfCICacoewdwafndbCLCaclLywafnfCJBdHdofdCIKFfFCswrKgnibmtafwandCJCebhaK",103,1,81,102,0,102,0,0,0,0,0,39,39,28,28,35,35,51
"4300",99,"[81]GjfffHdwafndfCICacoewdwafndbCLCaclLywafnfCJBdHdofdCIKFfFCswrKgnibmtafwandCJCebhaK",92,0.925234,81,107,8,99,8,8,0,8,8,44,37,29,28,34,34,51
"4301",0,"[84]GuHdwaCpDgdbfoHqxpwwafndbCLCabEtkwafocaCJBdHdwaendaCIKqGujaeFCfCCKtuafwaendCJCabvaeK",119,0.991667,84,120,1,119,1,1,0,1,1,40,39,40,40,40,40,52
"4302",1,"[84]GuHdwaCpDgdbfoHqxpwwafndbCLCabEtkwafocaCJBdHdwaendaCIKqGujaeFCfCCKtuafwaendCJCabvaeK",126,1,84,125,0,125,0,0,0,0,0,46,46,30,30,49,49,52
"4303",2,"[84]GuHdwaCpDgdbfoHqxpwwafndbCLCabEtkwafocaCJBdHdwaendaCIKqGujaeFCfCCKtuafwaendCJCabvaeK",118,0.983471,84,121,2,119,2,2,0,2,2,47,45,34,34,40,40,52
"4304",3,"[84]GuHdwaCpDgdbfoHqxpwwafndbCLCabEtkwafocaCJBdHdwaendaCIKqGujaeFCfCCKtuafwaendCJCabvaeK",117,0.983333,84,120,2,118,2,2,0,2,2,43,41,39,39,38,38,52
"4305",4,"[84]GuHdwaCpDgdbfoHqxpwwafndbCLCabEtkwafocaCJBdHdwaendaCIKqGujaeFCfCCKtuafwaendCJCabvaeK",117,0.960317,84,126,5,121,5,5,0,5,5,34,29,47,47,45,45,52
"4306",5,"[84]GuHdwaCpDgdbfoHqxpwwafndbCLCabEtkwafocaCJBdHdwaendaCIKqGujaeFCfCCKtuafwaendCJCabvaeK",130,1,84,129,0,129,0,0,0,0,0,38,38,39,39,52,52,52
"4307",6,"[84]GuHdwaCpDgdbfoHqxpwwafndbCLCabEtkwafocaCJBdHdwaendaCIKqGujaeFCfCCKtuafwaendCJCabvaeK",122,1,84,121,0,121,0,0,0,0,0,38,38,39,39,44,44,52
"4308",7,"[84]GuHdwaCpDgdbfoHqxpwwafndbCLCabEtkwafocaCJBdHdwaendaCIKqGujaeFCfCCKtuafwaendCJCabvaeK",130,0.984962,84,133,2,131,2,2,0,2,2,40,38,36,36,57,57,52
"4309",8,"[84]GuHdwaCpDgdbfoHqxpwwafndbCLCabEtkwafocaCJBdHdwaendaCIKqGujaeFCfCCKtuafwaendCJCabvaeK",126,0.992126,84,127,1,126,1,1,0,1,1,49,48,35,35,43,43,52
"4310",9,"[84]GuHdwaCpDgdbfoHqxpwwafndbCLCabEtkwafocaCJBdHdwaendaCIKqGujaeFCfCCKtuafwaendCJCabvaeK",116,0.991453,84,117,1,116,1,1,0,1,1,44,43,39,39,34,34,52
"4311",10,"[84]GuHdwaCpDgdbfoHqxpwwafndbCLCabEtkwafocaCJBdHdwaendaCIKqGujaeFCfCCKtuafwaendCJCabvaeK",116,0.991453,84,117,1,116,1,1,0,1,1,31,30,50,50,36,36,52
"4312",11,"[84]GuHdwaCpDgdbfoHqxpwwafndbCLCabEtkwafocaCJBdHdwaendaCIKqGujaeFCfCCKtuafwaendCJCabvaeK",120,0.976,84,125,3,122,3,3,0,3,3,51,48,31,31,43,43,52
"4313",12,"[84]GuHdwaCpDgdbfoHqxpwwafndbCLCabEtkwafocaCJBdHdwaendaCIKqGujaeFCfCCKtuafwaendCJCabvaeK",123,0.991935,84,124,1,123,1,1,0,1,1,36,35,41,41,47,47,52
"4314",13,"[84]GuHdwaCpDgdbfoHqxpwwafndbCLCabEtkwafocaCJBdHdwaendaCIKqGujaeFCfCCKtuafwaendCJCabvaeK",114,1,84,113,0,113,0,0,0,0,0,41,41,43,43,29,29,52
"4315",14,"[84]GuHdwaCpDgdbfoHqxpwwafndbCLCabEtkwafocaCJBdHdwaendaCIKqGujaeFCfCCKtuafwaendCJCabvaeK",128,1,84,127,0,127,0,0,0,0,0,40,40,40,40,47,47,52
"4316",15,"[84]GuHdwaCpDgdbfoHqxpwwafndbCLCabEtkwafocaCJBdHdwaendaCIKqGujaeFCfCCKtuafwaendCJCabvaeK",120,0.991736,84,121,1,120,1,1,0,1,1,42,41,37,37,42,42,52
"4317",16,"[84]GuHdwaCpDgdbfoHqxpwwafndbCLCabEtkwafocaCJBdHdwaendaCIKqGujaeFCfCCKtuafwaendCJCabvaeK",129,1,84,128,0,128,0,0,0,0,0,38,38,35,35,55,55,52
"4318",17,"[84]GuHdwaCpDgdbfoHqxpwwafndbCLCabEtkwafocaCJBdHdwaendaCIKqGujaeFCfCCKtuafwaendCJCabvaeK",120,0.98374,84,123,2,121,2,2,0,2,2,28,26,50,50,45,45,52
"4319",18,"[84]GuHdwaCpDgdbfoHqxpwwafndbCLCabEtkwafocaCJBdHdwaendaCIKqGujaeFCfCCKtuafwaendCJCabvaeK",116,0.991453,84,117,1,116,1,1,0,1,1,32,31,47,47,38,38,52
"4320",19,"[84]GuHdwaCpDgdbfoHqxpwwafndbCLCabEtkwafocaCJBdHdwaendaCIKqGujaeFCfCCKtuafwaendCJCabvaeK",115,0.975,84,120,3,117,3,3,0,3,3,40,37,43,43,37,37,52
"4321",20,"[84]GuHdwaCpDgdbfoHqxpwwafndbCLCabEtkwafocaCJBdHdwaendaCIKqGujaeFCfCCKtuafwaendCJCabvaeK",111,1,84,110,0,110,0,0,0,0,0,43,43,43,43,24,24,52
"4322",21,"[84]GuHdwaCpDgdbfoHqxpwwafndbCLCabEtkwafocaCJBdHdwaendaCIKqGujaeFCfCCKtuafwaendCJCabvaeK",124,1,84,123,0,123,0,0,0,0,0,44,44,34,34,45,45,52
"4323",22,"[84]GuHdwaCpDgdbfoHqxpwwafndbCLCabEtkwafocaCJBdHdwaendaCIKqGujaeFCfCCKtuafwaendCJCabvaeK",118,0.983471,84,121,2,119,2,2,0,2,2,49,47,38,38,34,34,52
"4324",23,"[84]GuHdwaCpDgdbfoHqxpwwafndbCLCabEtkwafocaCJBdHdwaendaCIKqGujaeFCfCCKtuafwaendCJCabvaeK",124,1,84,123,0,123,0,0,0,0,0,41,41,38,38,44,44,52
"4325",24,"[84]GuHdwaCpDgdbfoHqxpwwafndbCLCabEtkwafocaCJBdHdwaendaCIKqGujaeFCfCCKtuafwaendCJCabvaeK",115,0.991379,84,116,1,115,1,1,0,1,1,42,41,42,42,32,32,52
"4326",25,"[84]GuHdwaCpDgdbfoHqxpwwafndbCLCabEtkwafocaCJBdHdwaendaCIKqGujaeFCfCCKtuafwaendCJCabvaeK",131,1,84,130,0,130,0,0,0,0,0,41,41,36,36,53,53,52
"4327",26,"[84]GuHdwaCpDgdbfoHqxpwwafndbCLCabEtkwafocaCJBdHdwaendaCIKqGujaeFCfCCKtuafwaendCJCabvaeK",120,1,84,119,0,119,0,0,0,0,0,47,47,37,37,35,35,52
"4328",27,"[84]GuHdwaCpDgdbfoHqxpwwafndbCLCabEtkwafocaCJBdHdwaendaCIKqGujaeFCfCCKtuafwaendCJCabvaeK",110,0.965812,84,117,4,113,4,4,0,4,4,42,38,43,43,32,32,52
"4329",28,"[84]GuHdwaCpDgdbfoHqxpwwafndbCLCabEtkwafocaCJBdHdwaendaCIKqGujaeFCfCCKtuafwaendCJCabvaeK",121,1,84,120,0,120,0,0,0,0,0,43,43,37,37,40,40,52
"4330",29,"[84]GuHdwaCpDgdbfoHqxpwwafndbCLCabEtkwafocaCJBdHdwaendaCIKqGujaeFCfCCKtuafwaendCJCabvaeK",119,0.975806,84,124,3,121,3,3,0,3,3,35,32,44,44,45,45,52
"4331",30,"[84]GuHdwaCpDgdbfoHqxpwwafndbCLCabEtkwafocaCJBdHdwaendaCIKqGujaeFCfCCKtuafwaendCJCabvaeK",128,1,84,127,0,127,0,0,0,0,0,38,38,44,44,45,45,52
"4332",31,"[84]GuHdwaCpDgdbfoHqxpwwafndbCLCabEtkwafocaCJBdHdwaendaCIKqGujaeFCfCCKtuafwaendCJCabvaeK",122,1,84,121,0,121,0,0,0,0,0,40,40,38,38,43,43,52
"4333",32,"[84]GuHdwaCpDgdbfoHqxpwwafndbCLCabEtkwafocaCJBdHdwaendaCIKqGujaeFCfCCKtuafwaendCJCabvaeK",120,0.991736,84,121,1,120,1,1,0,1,1,30,29,46,46,45,45,52
"4334",33,"[84]GuHdwaCpDgdbfoHqxpwwafndbCLCabEtkwafocaCJBdHdwaendaCIKqGujaeFCfCCKtuafwaendCJCabvaeK",118,1,84,117,0,117,0,0,0,0,0,37,37,44,44,36,36,52
"4335",34,"[84]GuHdwaCpDgdbfoHqxpwwafndbCLCabEtkwafocaCJBdHdwaendaCIKqGujaeFCfCCKtuafwaendCJCabvaeK",129,1,84,128,0,128,0,0,0,0,0,41,41,40,40,47,47,52
"4336",35,"[84]GuHdwaCpDgdbfoHqxpwwafndbCLCabEtkwafocaCJBdHdwaendaCIKqGujaeFCfCCKtuafwaendCJCabvaeK",130,1,84,129,0,129,0,0,0,0,0,39,39,40,40,50,50,52
"4337",36,"[84]GuHdwaCpDgdbfoHqxpwwafndbCLCabEtkwafocaCJBdHdwaendaCIKqGujaeFCfCCKtuafwaendCJCabvaeK",121,0.991803,84,122,1,121,1,1,0,1,1,41,40,36,36,45,45,52
"4338",37,"[84]GuHdwaCpDgdbfoHqxpwwafndbCLCabEtkwafocaCJBdHdwaendaCIKqGujaeFCfCCKtuafwaendCJCabvaeK",126,1,84,125,0,125,0,0,0,0,0,47,47,31,31,47,47,52
"4339",38,"[84]GuHdwaCpDgdbfoHqxpwwafndbCLCabEtkwafocaCJBdHdwaendaCIKqGujaeFCfCCKtuafwaendCJCabvaeK",120,0.991736,84,121,1,120,1,1,0,1,1,32,31,45,45,44,44,52
"4340",39,"[84]GuHdwaCpDgdbfoHqxpwwafndbCLCabEtkwafocaCJBdHdwaendaCIKqGujaeFCfCCKtuafwaendCJCabvaeK",127,0.992188,84,128,1,127,1,1,0,1,1,40,39,37,37,51,51,52
"4341",40,"[84]GuHdwaCpDgdbfoHqxpwwafndbCLCabEtkwafocaCJBdHdwaendaCIKqGujaeFCfCCKtuafwaendCJCabvaeK",115,1,84,114,0,114,0,0,0,0,0,38,38,43,43,33,33,52
"4342",41,"[84]GuHdwaCpDgdbfoHqxpwwafndbCLCabEtkwafocaCJBdHdwaendaCIKqGujaeFCfCCKtuafwaendCJCabvaeK",117,1,84,116,0,116,0,0,0,0,0,32,32,46,46,38,38,52
"4343",42,"[84]GuHdwaCpDgdbfoHqxpwwafndbCLCabEtkwafocaCJBdHdwaendaCIKqGujaeFCfCCKtuafwaendCJCabvaeK",117,1,84,116,0,116,0,0,0,0,0,42,42,41,41,33,33,52
"4344",43,"[84]GuHdwaCpDgdbfoHqxpwwafndbCLCabEtkwafocaCJBdHdwaendaCIKqGujaeFCfCCKtuafwaendCJCabvaeK",120,0.98374,84,123,2,121,2,2,0,2,2,35,33,45,45,43,43,52
"4345",44,"[84]GuHdwaCpDgdbfoHqxpwwafndbCLCabEtkwafocaCJBdHdwaendaCIKqGujaeFCfCCKtuafwaendCJCabvaeK",119,0.991667,84,120,1,119,1,1,0,1,1,42,41,45,45,33,33,52
"4346",45,"[84]GuHdwaCpDgdbfoHqxpwwafndbCLCabEtkwafocaCJBdHdwaendaCIKqGujaeFCfCCKtuafwaendCJCabvaeK",119,0.983607,84,122,2,120,2,2,0,2,2,31,29,46,46,45,45,52
"4347",46,"[84]GuHdwaCpDgdbfoHqxpwwafndbCLCabEtkwafocaCJBdHdwaendaCIKqGujaeFCfCCKtuafwaendCJCabvaeK",115,0.975,84,120,3,117,3,3,0,3,3,38,35,44,44,38,38,52
"4348",47,"[84]GuHdwaCpDgdbfoHqxpwwafndbCLCabEtkwafocaCJBdHdwaendaCIKqGujaeFCfCCKtuafwaendCJCabvaeK",112,0.99115,84,113,1,112,1,1,0,1,1,39,38,45,45,29,29,52
"4349",48,"[84]GuHdwaCpDgdbfoHqxpwwafndbCLCabEtkwafocaCJBdHdwaendaCIKqGujaeFCfCCKtuafwaendCJCabvaeK",116,0.991453,84,117,1,116,1,1,0,1,1,39,38,42,42,36,36,52
"4350",49,"[84]GuHdwaCpDgdbfoHqxpwwafndbCLCabEtkwafocaCJBdHdwaendaCIKqGujaeFCfCCKtuafwaendCJCabvaeK",123,1,84,122,0,122,0,0,0,0,0,40,40,41,41,41,41,52
"4351",50,"[84]GuHdwaCpDgdbfoHqxpwwafndbCLCabEtkwafocaCJBdHdwaendaCIKqGujaeFCfCCKtuafwaendCJCabvaeK",121,0.991803,84,122,1,121,1,1,0,1,1,51,50,34,34,37,37,52
"4352",51,"[84]GuHdwaCpDgdbfoHqxpwwafndbCLCabEtkwafocaCJBdHdwaendaCIKqGujaeFCfCCKtuafwaendCJCabvaeK",117,0.991525,84,118,1,117,1,1,0,1,1,41,40,41,41,36,36,52
"4353",52,"[84]GuHdwaCpDgdbfoHqxpwwafndbCLCabEtkwafocaCJBdHdwaendaCIKqGujaeFCfCCKtuafwaendCJCabvaeK",115,1,84,114,0,114,0,0,0,0,0,35,35,46,46,33,33,52
"4354",53,"[84]GuHdwaCpDgdbfoHqxpwwafndbCLCabEtkwafocaCJBdHdwaendaCIKqGujaeFCfCCKtuafwaendCJCabvaeK",134,1,84,133,0,133,0,0,0,0,0,44,44,37,37,52,52,52
"4355",54,"[84]GuHdwaCpDgdbfoHqxpwwafndbCLCabEtkwafocaCJBdHdwaendaCIKqGujaeFCfCCKtuafwaendCJCabvaeK",122,1,84,121,0,121,0,0,0,0,0,40,40,46,46,35,35,52
"4356",55,"[84]GuHdwaCpDgdbfoHqxpwwafndbCLCabEtkwafocaCJBdHdwaendaCIKqGujaeFCfCCKtuafwaendCJCabvaeK",123,0.991935,84,124,1,123,1,1,0,1,1,36,35,40,40,48,48,52
"4357",56,"[84]GuHdwaCpDgdbfoHqxpwwafndbCLCabEtkwafocaCJBdHdwaendaCIKqGujaeFCfCCKtuafwaendCJCabvaeK",119,1,84,118,0,118,0,0,0,0,0,34,34,43,43,41,41,52
"4358",57,"[84]GuHdwaCpDgdbfoHqxpwwafndbCLCabEtkwafocaCJBdHdwaendaCIKqGujaeFCfCCKtuafwaendCJCabvaeK",120,0.991736,84,121,1,120,1,1,0,1,1,36,35,42,42,43,43,52
"4359",58,"[84]GuHdwaCpDgdbfoHqxpwwafndbCLCabEtkwafocaCJBdHdwaendaCIKqGujaeFCfCCKtuafwaendCJCabvaeK",119,1,84,118,0,118,0,0,0,0,0,40,40,40,40,38,38,52
"4360",59,"[84]GuHdwaCpDgdbfoHqxpwwafndbCLCabEtkwafocaCJBdHdwaendaCIKqGujaeFCfCCKtuafwaendCJCabvaeK",122,0.99187,84,123,1,122,1,1,0,1,1,43,42,35,35,45,45,52
"4361",60,"[84]GuHdwaCpDgdbfoHqxpwwafndbCLCabEtkwafocaCJBdHdwaendaCIKqGujaeFCfCCKtuafwaendCJCabvaeK",119,0.983607,84,122,2,120,2,2,0,2,2,36,34,43,43,43,43,52
"4362",61,"[84]GuHdwaCpDgdbfoHqxpwwafndbCLCabEtkwafocaCJBdHdwaendaCIKqGujaeFCfCCKtuafwaendCJCabvaeK",119,0.991667,84,120,1,119,1,1,0,1,1,40,39,40,40,40,40,52
"4363",62,"[84]GuHdwaCpDgdbfoHqxpwwafndbCLCabEtkwafocaCJBdHdwaendaCIKqGujaeFCfCCKtuafwaendCJCabvaeK",123,0.991935,84,124,1,123,1,1,0,1,1,36,35,39,39,49,49,52
"4364",63,"[84]GuHdwaCpDgdbfoHqxpwwafndbCLCabEtkwafocaCJBdHdwaendaCIKqGujaeFCfCCKtuafwaendCJCabvaeK",125,0.984375,84,128,2,126,2,2,0,2,2,46,44,32,32,50,50,52
"4365",64,"[84]GuHdwaCpDgdbfoHqxpwwafndbCLCabEtkwafocaCJBdHdwaendaCIKqGujaeFCfCCKtuafwaendCJCabvaeK",123,1,84,122,0,122,0,0,0,0,0,44,44,37,37,41,41,52
"4366",65,"[84]GuHdwaCpDgdbfoHqxpwwafndbCLCabEtkwafocaCJBdHdwaendaCIKqGujaeFCfCCKtuafwaendCJCabvaeK",121,1,84,120,0,120,0,0,0,0,0,34,34,42,42,44,44,52
"4367",66,"[84]GuHdwaCpDgdbfoHqxpwwafndbCLCabEtkwafocaCJBdHdwaendaCIKqGujaeFCfCCKtuafwaendCJCabvaeK",123,0.991935,84,124,1,123,1,1,0,1,1,36,35,40,40,48,48,52
"4368",67,"[84]GuHdwaCpDgdbfoHqxpwwafndbCLCabEtkwafocaCJBdHdwaendaCIKqGujaeFCfCCKtuafwaendCJCabvaeK",118,0.97561,84,123,3,120,3,3,0,3,3,32,29,49,49,42,42,52
"4369",68,"[84]GuHdwaCpDgdbfoHqxpwwafndbCLCabEtkwafocaCJBdHdwaendaCIKqGujaeFCfCCKtuafwaendCJCabvaeK",127,0.992188,84,128,1,127,1,1,0,1,1,45,44,41,41,42,42,52
"4370",69,"[84]GuHdwaCpDgdbfoHqxpwwafndbCLCabEtkwafocaCJBdHdwaendaCIKqGujaeFCfCCKtuafwaendCJCabvaeK",125,1,84,124,0,124,0,0,0,0,0,43,43,37,37,44,44,52
"4371",70,"[84]GuHdwaCpDgdbfoHqxpwwafndbCLCabEtkwafocaCJBdHdwaendaCIKqGujaeFCfCCKtuafwaendCJCabvaeK",119,0.991667,84,120,1,119,1,1,0,1,1,44,43,36,36,40,40,52
"4372",71,"[84]GuHdwaCpDgdbfoHqxpwwafndbCLCabEtkwafocaCJBdHdwaendaCIKqGujaeFCfCCKtuafwaendCJCabvaeK",118,1,84,117,0,117,0,0,0,0,0,40,40,41,41,36,36,52
"4373",72,"[84]GuHdwaCpDgdbfoHqxpwwafndbCLCabEtkwafocaCJBdHdwaendaCIKqGujaeFCfCCKtuafwaendCJCabvaeK",119,1,84,118,0,118,0,0,0,0,0,46,46,36,36,36,36,52
"4374",73,"[84]GuHdwaCpDgdbfoHqxpwwafndbCLCabEtkwafocaCJBdHdwaendaCIKqGujaeFCfCCKtuafwaendCJCabvaeK",117,1,84,116,0,116,0,0,0,0,0,34,34,45,45,37,37,52
"4375",74,"[84]GuHdwaCpDgdbfoHqxpwwafndbCLCabEtkwafocaCJBdHdwaendaCIKqGujaeFCfCCKtuafwaendCJCabvaeK",122,1,84,121,0,121,0,0,0,0,0,37,37,39,39,45,45,52
"4376",75,"[84]GuHdwaCpDgdbfoHqxpwwafndbCLCabEtkwafocaCJBdHdwaendaCIKqGujaeFCfCCKtuafwaendCJCabvaeK",126,1,84,125,0,125,0,0,0,0,0,40,40,39,39,46,46,52
"4377",76,"[84]GuHdwaCpDgdbfoHqxpwwafndbCLCabEtkwafocaCJBdHdwaendaCIKqGujaeFCfCCKtuafwaendCJCabvaeK",114,0.944882,84,127,7,120,7,7,0,7,7,43,36,39,39,45,45,52
"4378",77,"[84]GuHdwaCpDgdbfoHqxpwwafndbCLCabEtkwafocaCJBdHdwaendaCIKqGujaeFCfCCKtuafwaendCJCabvaeK",129,1,84,128,0,128,0,0,0,0,0,48,48,32,32,48,48,52
"4379",78,"[84]GuHdwaCpDgdbfoHqxpwwafndbCLCabEtkwafocaCJBdHdwaendaCIKqGujaeFCfCCKtuafwaendCJCabvaeK",119,0.991667,84,120,1,119,1,1,0,1,1,44,43,37,37,39,39,52
"4380",79,"[84]GuHdwaCpDgdbfoHqxpwwafndbCLCabEtkwafocaCJBdHdwaendaCIKqGujaeFCfCCKtuafwaendCJCabvaeK",120,1,84,119,0,119,0,0,0,0,0,40,40,40,40,39,39,52
"4381",80,"[84]GuHdwaCpDgdbfoHqxpwwafndbCLCabEtkwafocaCJBdHdwaendaCIKqGujaeFCfCCKtuafwaendCJCabvaeK",124,1,84,123,0,123,0,0,0,0,0,38,38,38,38,47,47,52
"4382",81,"[84]GuHdwaCpDgdbfoHqxpwwafndbCLCabEtkwafocaCJBdHdwaendaCIKqGujaeFCfCCKtuafwaendCJCabvaeK",126,1,84,125,0,125,0,0,0,0,0,45,45,32,32,48,48,52
"4383",82,"[84]GuHdwaCpDgdbfoHqxpwwafndbCLCabEtkwafocaCJBdHdwaendaCIKqGujaeFCfCCKtuafwaendCJCabvaeK",123,1,84,122,0,122,0,0,0,0,0,46,46,35,35,41,41,52
"4384",83,"[84]GuHdwaCpDgdbfoHqxpwwafndbCLCabEtkwafocaCJBdHdwaendaCIKqGujaeFCfCCKtuafwaendCJCabvaeK",121,0.991803,84,122,1,121,1,1,0,1,1,45,44,37,37,40,40,52
"4385",84,"[84]GuHdwaCpDgdbfoHqxpwwafndbCLCabEtkwafocaCJBdHdwaendaCIKqGujaeFCfCCKtuafwaendCJCabvaeK",112,0.99115,84,113,1,112,1,1,0,1,1,38,37,46,46,29,29,52
"4386",85,"[84]GuHdwaCpDgdbfoHqxpwwafndbCLCabEtkwafocaCJBdHdwaendaCIKqGujaeFCfCCKtuafwaendCJCabvaeK",124,1,84,123,0,123,0,0,0,0,0,39,39,42,42,42,42,52
"4387",86,"[84]GuHdwaCpDgdbfoHqxpwwafndbCLCabEtkwafocaCJBdHdwaendaCIKqGujaeFCfCCKtuafwaendCJCabvaeK",116,0.975207,84,121,3,118,3,3,0,3,3,37,34,44,44,40,40,52
"4388",87,"[84]GuHdwaCpDgdbfoHqxpwwafndbCLCabEtkwafocaCJBdHdwaendaCIKqGujaeFCfCCKtuafwaendCJCabvaeK",123,0.991935,84,124,1,123,1,1,0,1,1,38,37,38,38,48,48,52
"4389",88,"[84]GuHdwaCpDgdbfoHqxpwwafndbCLCabEtkwafocaCJBdHdwaendaCIKqGujaeFCfCCKtuafwaendCJCabvaeK",123,1,84,122,0,122,0,0,0,0,0,43,43,38,38,41,41,52
"4390",89,"[84]GuHdwaCpDgdbfoHqxpwwafndbCLCabEtkwafocaCJBdHdwaendaCIKqGujaeFCfCCKtuafwaendCJCabvaeK",119,1,84,118,0,118,0,0,0,0,0,39,39,40,40,39,39,52
"4391",90,"[84]GuHdwaCpDgdbfoHqxpwwafndbCLCabEtkwafocaCJBdHdwaendaCIKqGujaeFCfCCKtuafwaendCJCabvaeK",124,1,84,123,0,123,0,0,0,0,0,42,42,35,35,46,46,52
"4392",91,"[84]GuHdwaCpDgdbfoHqxpwwafndbCLCabEtkwafocaCJBdHdwaendaCIKqGujaeFCfCCKtuafwaendCJCabvaeK",112,0.974359,84,117,3,114,3,3,0,3,3,47,44,41,41,29,29,52
"4393",92,"[84]GuHdwaCpDgdbfoHqxpwwafndbCLCabEtkwafocaCJBdHdwaendaCIKqGujaeFCfCCKtuafwaendCJCabvaeK",117,1,84,116,0,116,0,0,0,0,0,44,44,39,39,33,33,52
"4394",93,"[84]GuHdwaCpDgdbfoHqxpwwafndbCLCabEtkwafocaCJBdHdwaendaCIKqGujaeFCfCCKtuafwaendCJCabvaeK",119,1,84,118,0,118,0,0,0,0,0,37,37,42,42,39,39,52
"4395",94,"[84]GuHdwaCpDgdbfoHqxpwwafndbCLCabEtkwafocaCJBdHdwaendaCIKqGujaeFCfCCKtuafwaendCJCabvaeK",124,1,84,123,0,123,0,0,0,0,0,38,38,37,37,48,48,52
"4396",95,"[84]GuHdwaCpDgdbfoHqxpwwafndbCLCabEtkwafocaCJBdHdwaendaCIKqGujaeFCfCCKtuafwaendCJCabvaeK",121,0.96875,84,128,4,124,4,4,0,4,4,47,43,36,36,45,45,52
"4397",96,"[84]GuHdwaCpDgdbfoHqxpwwafndbCLCabEtkwafocaCJBdHdwaendaCIKqGujaeFCfCCKtuafwaendCJCabvaeK",116,0.991453,84,117,1,116,1,1,0,1,1,34,33,46,46,37,37,52
"4398",97,"[84]GuHdwaCpDgdbfoHqxpwwafndbCLCabEtkwafocaCJBdHdwaendaCIKqGujaeFCfCCKtuafwaendCJCabvaeK",122,0.99187,84,123,1,122,1,1,0,1,1,48,47,38,38,37,37,52
"4399",98,"[84]GuHdwaCpDgdbfoHqxpwwafndbCLCabEtkwafocaCJBdHdwaendaCIKqGujaeFCfCCKtuafwaendCJCabvaeK",113,0.966667,84,120,4,116,4,4,0,4,4,38,34,45,45,37,37,52
"4400",99,"[84]GuHdwaCpDgdbfoHqxpwwafndbCLCabEtkwafocaCJBdHdwaendaCIKqGujaeFCfCCKtuafwaendCJCabvaeK",127,1,84,126,0,126,0,0,0,0,0,48,48,33,33,45,45,52
"4401",0,"[84]GjfffHdwaCmsdeEgixoeqIwandbCLCebwafnfCJBdHdvwendfCIKqczvkyiyFBeaFCmvafwendaqJCacHieK",106,1,84,105,0,105,0,0,0,0,0,35,35,39,39,31,31,53
"4402",1,"[84]GjfffHdwaCmsdeEgixoeqIwandbCLCebwafnfCJBdHdvwendfCIKqczvkyiyFBeaFCmvafwendaqJCacHieK",109,1,84,108,0,108,0,0,0,0,0,40,40,31,31,37,37,53
"4403",2,"[84]GjfffHdwaCmsdeEgixoeqIwandbCLCebwafnfCJBdHdvwendfCIKqczvkyiyFBeaFCmvafwendaqJCacHieK",108,0.990826,84,109,1,108,1,1,0,1,1,40,39,32,32,37,37,53
"4404",3,"[84]GjfffHdwaCmsdeEgixoeqIwandbCLCebwafnfCJBdHdvwendfCIKqczvkyiyFBeaFCmvafwendaqJCacHieK",108,0.981982,84,111,2,109,2,2,0,2,2,45,43,25,25,41,41,53
"4405",4,"[84]GjfffHdwaCmsdeEgixoeqIwandbCLCebwafnfCJBdHdvwendfCIKqczvkyiyFBeaFCmvafwendaqJCacHieK",107,1,84,106,0,106,0,0,0,0,0,32,32,40,40,34,34,53
"4406",5,"[84]GjfffHdwaCmsdeEgixoeqIwandbCLCebwafnfCJBdHdvwendfCIKqczvkyiyFBeaFCmvafwendaqJCacHieK",102,1,84,101,0,101,0,0,0,0,0,36,36,42,42,23,23,53
"4407",6,"[84]GjfffHdwaCmsdeEgixoeqIwandbCLCebwafnfCJBdHdvwendfCIKqczvkyiyFBeaFCmvafwendaqJCacHieK",109,0.982143,84,112,2,110,2,2,0,2,2,36,34,33,33,43,43,53
"4408",7,"[84]GjfffHdwaCmsdeEgixoeqIwandbCLCebwafnfCJBdHdvwendfCIKqczvkyiyFBeaFCmvafwendaqJCacHieK",111,1,84,110,0,110,0,0,0,0,0,31,31,36,36,43,43,53
"4409",8,"[84]GjfffHdwaCmsdeEgixoeqIwandbCLCebwafnfCJBdHdvwendfCIKqczvkyiyFBeaFCmvafwendaqJCacHieK",103,0.972222,84,108,3,105,3,3,0,3,3,40,37,34,34,34,34,53
"4410",9,"[84]GjfffHdwaCmsdeEgixoeqIwandbCLCebwafnfCJBdHdvwendfCIKqczvkyiyFBeaFCmvafwendaqJCacHieK",107,0.990741,84,108,1,107,1,1,0,1,1,37,36,35,35,36,36,53
"4411",10,"[84]GjfffHdwaCmsdeEgixoeqIwandbCLCebwafnfCJBdHdvwendfCIKqczvkyiyFBeaFCmvafwendaqJCacHieK",107,1,84,106,0,106,0,0,0,0,0,35,35,37,37,34,34,53
"4412",11,"[84]GjfffHdwaCmsdeEgixoeqIwandbCLCebwafnfCJBdHdvwendfCIKqczvkyiyFBeaFCmvafwendaqJCacHieK",99,0.980392,84,102,2,100,2,2,0,2,2,39,37,41,41,22,22,53
"4413",12,"[84]GjfffHdwaCmsdeEgixoeqIwandbCLCebwafnfCJBdHdvwendfCIKqczvkyiyFBeaFCmvafwendaqJCacHieK",108,1,84,107,0,107,0,0,0,0,0,44,44,30,30,33,33,53
"4414",13,"[84]GjfffHdwaCmsdeEgixoeqIwandbCLCebwafnfCJBdHdvwendfCIKqczvkyiyFBeaFCmvafwendaqJCacHieK",113,1,84,112,0,112,0,0,0,0,0,32,32,34,34,46,46,53
"4415",14,"[84]GjfffHdwaCmsdeEgixoeqIwandbCLCebwafnfCJBdHdvwendfCIKqczvkyiyFBeaFCmvafwendaqJCacHieK",101,0.971698,84,106,3,103,3,3,0,3,3,31,28,45,45,30,30,53
"4416",15,"[84]GjfffHdwaCmsdeEgixoeqIwandbCLCebwafnfCJBdHdvwendfCIKqczvkyiyFBeaFCmvafwendaqJCacHieK",107,1,84,106,0,106,0,0,0,0,0,43,43,30,30,33,33,53
"4417",16,"[84]GjfffHdwaCmsdeEgixoeqIwandbCLCebwafnfCJBdHdvwendfCIKqczvkyiyFBeaFCmvafwendaqJCacHieK",105,1,84,104,0,104,0,0,0,0,0,39,39,36,36,29,29,53
"4418",17,"[84]GjfffHdwaCmsdeEgixoeqIwandbCLCebwafnfCJBdHdvwendfCIKqczvkyiyFBeaFCmvafwendaqJCacHieK",104,1,84,103,0,103,0,0,0,0,0,38,38,39,39,26,26,53
"4419",18,"[84]GjfffHdwaCmsdeEgixoeqIwandbCLCebwafnfCJBdHdvwendfCIKqczvkyiyFBeaFCmvafwendaqJCacHieK",107,0.990741,84,108,1,107,1,1,0,1,1,41,40,32,32,35,35,53
"4420",19,"[84]GjfffHdwaCmsdeEgixoeqIwandbCLCebwafnfCJBdHdvwendfCIKqczvkyiyFBeaFCmvafwendaqJCacHieK",107,1,84,106,0,106,0,0,0,0,0,44,44,31,31,31,31,53
"4421",20,"[84]GjfffHdwaCmsdeEgixoeqIwandbCLCebwafnfCJBdHdvwendfCIKqczvkyiyFBeaFCmvafwendaqJCacHieK",107,0.990741,84,108,1,107,1,1,0,1,1,39,38,34,34,35,35,53
"4422",21,"[84]GjfffHdwaCmsdeEgixoeqIwandbCLCebwafnfCJBdHdvwendfCIKqczvkyiyFBeaFCmvafwendaqJCacHieK",105,0.990566,84,106,1,105,1,1,0,1,1,39,38,35,35,32,32,53
"4423",22,"[84]GjfffHdwaCmsdeEgixoeqIwandbCLCebwafnfCJBdHdvwendfCIKqczvkyiyFBeaFCmvafwendaqJCacHieK",106,1,84,105,0,105,0,0,0,0,0,36,36,39,39,30,30,53
"4424",23,"[84]GjfffHdwaCmsdeEgixoeqIwandbCLCebwafnfCJBdHdvwendfCIKqczvkyiyFBeaFCmvafwendaqJCacHieK",107,1,84,106,0,106,0,0,0,0,0,33,33,39,39,34,34,53
"4425",24,"[84]GjfffHdwaCmsdeEgixoeqIwandbCLCebwafnfCJBdHdvwendfCIKqczvkyiyFBeaFCmvafwendaqJCacHieK",104,1,84,103,0,103,0,0,0,0,0,38,38,38,38,27,27,53
"4426",25,"[84]GjfffHdwaCmsdeEgixoeqIwandbCLCebwafnfCJBdHdvwendfCIKqczvkyiyFBeaFCmvafwendaqJCacHieK",104,0.981308,84,107,2,105,2,2,0,2,2,47,45,29,29,31,31,53
"4427",26,"[84]GjfffHdwaCmsdeEgixoeqIwandbCLCebwafnfCJBdHdvwendfCIKqczvkyiyFBeaFCmvafwendaqJCacHieK",98,0.970874,84,103,3,100,3,3,0,3,3,37,34,43,43,23,23,53
"4428",27,"[84]GjfffHdwaCmsdeEgixoeqIwandbCLCebwafnfCJBdHdvwendfCIKqczvkyiyFBeaFCmvafwendaqJCacHieK",106,0.981651,84,109,2,107,2,2,0,2,2,41,39,31,31,37,37,53
"4429",28,"[84]GjfffHdwaCmsdeEgixoeqIwandbCLCebwafnfCJBdHdvwendfCIKqczvkyiyFBeaFCmvafwendaqJCacHieK",104,0.990476,84,105,1,104,1,1,0,1,1,34,33,41,41,30,30,53
"4430",29,"[84]GjfffHdwaCmsdeEgixoeqIwandbCLCebwafnfCJBdHdvwendfCIKqczvkyiyFBeaFCmvafwendaqJCacHieK",108,0.990826,84,109,1,108,1,1,0,1,1,34,33,37,37,38,38,53
"4431",30,"[84]GjfffHdwaCmsdeEgixoeqIwandbCLCebwafnfCJBdHdvwendfCIKqczvkyiyFBeaFCmvafwendaqJCacHieK",108,1,84,107,0,107,0,0,0,0,0,37,37,35,35,35,35,53
"4432",31,"[84]GjfffHdwaCmsdeEgixoeqIwandbCLCebwafnfCJBdHdvwendfCIKqczvkyiyFBeaFCmvafwendaqJCacHieK",106,0.972973,84,111,3,108,3,3,0,3,3,34,31,37,37,40,40,53
"4433",32,"[84]GjfffHdwaCmsdeEgixoeqIwandbCLCebwafnfCJBdHdvwendfCIKqczvkyiyFBeaFCmvafwendaqJCacHieK",92,0.925234,84,107,8,99,8,8,0,8,8,44,36,38,38,25,25,53
"4434",33,"[84]GjfffHdwaCmsdeEgixoeqIwandbCLCebwafnfCJBdHdvwendfCIKqczvkyiyFBeaFCmvafwendaqJCacHieK",110,1,84,109,0,109,0,0,0,0,0,39,39,31,31,39,39,53
"4435",34,"[84]GjfffHdwaCmsdeEgixoeqIwandbCLCebwafnfCJBdHdvwendfCIKqczvkyiyFBeaFCmvafwendaqJCacHieK",106,0.990654,84,107,1,106,1,1,0,1,1,33,32,39,39,35,35,53
"4436",35,"[84]GjfffHdwaCmsdeEgixoeqIwandbCLCebwafnfCJBdHdvwendfCIKqczvkyiyFBeaFCmvafwendaqJCacHieK",107,0.990741,84,108,1,107,1,1,0,1,1,32,31,40,40,36,36,53
"4437",36,"[84]GjfffHdwaCmsdeEgixoeqIwandbCLCebwafnfCJBdHdvwendfCIKqczvkyiyFBeaFCmvafwendaqJCacHieK",108,1,84,107,0,107,0,0,0,0,0,35,35,36,36,36,36,53
"4438",37,"[84]GjfffHdwaCmsdeEgixoeqIwandbCLCebwafnfCJBdHdvwendfCIKqczvkyiyFBeaFCmvafwendaqJCacHieK",100,0.938053,84,113,7,106,7,7,0,7,7,38,31,35,35,40,40,53
"4439",38,"[84]GjfffHdwaCmsdeEgixoeqIwandbCLCebwafnfCJBdHdvwendfCIKqczvkyiyFBeaFCmvafwendaqJCacHieK",104,1,84,103,0,103,0,0,0,0,0,38,38,38,38,27,27,53
"4440",39,"[84]GjfffHdwaCmsdeEgixoeqIwandbCLCebwafnfCJBdHdvwendfCIKqczvkyiyFBeaFCmvafwendaqJCacHieK",106,1,84,105,0,105,0,0,0,0,0,35,35,39,39,31,31,53
"4441",40,"[84]GjfffHdwaCmsdeEgixoeqIwandbCLCebwafnfCJBdHdvwendfCIKqczvkyiyFBeaFCmvafwendaqJCacHieK",109,1,84,108,0,108,0,0,0,0,0,39,39,33,33,36,36,53
"4442",41,"[84]GjfffHdwaCmsdeEgixoeqIwandbCLCebwafnfCJBdHdvwendfCIKqczvkyiyFBeaFCmvafwendaqJCacHieK",109,1,84,108,0,108,0,0,0,0,0,33,33,37,37,38,38,53
"4443",42,"[84]GjfffHdwaCmsdeEgixoeqIwandbCLCebwafnfCJBdHdvwendfCIKqczvkyiyFBeaFCmvafwendaqJCacHieK",111,1,84,110,0,110,0,0,0,0,0,38,38,30,30,42,42,53
"4444",43,"[84]GjfffHdwaCmsdeEgixoeqIwandbCLCebwafnfCJBdHdvwendfCIKqczvkyiyFBeaFCmvafwendaqJCacHieK",105,0.990566,84,106,1,105,1,1,0,1,1,39,38,36,36,31,31,53
"4445",44,"[84]GjfffHdwaCmsdeEgixoeqIwandbCLCebwafnfCJBdHdvwendfCIKqczvkyiyFBeaFCmvafwendaqJCacHieK",104,1,84,103,0,103,0,0,0,0,0,38,38,38,38,27,27,53
"4446",45,"[84]GjfffHdwaCmsdeEgixoeqIwandbCLCebwafnfCJBdHdvwendfCIKqczvkyiyFBeaFCmvafwendaqJCacHieK",107,1,84,106,0,106,0,0,0,0,0,33,33,40,40,33,33,53
"4447",46,"[84]GjfffHdwaCmsdeEgixoeqIwandbCLCebwafnfCJBdHdvwendfCIKqczvkyiyFBeaFCmvafwendaqJCacHieK",112,1,84,111,0,111,0,0,0,0,0,35,35,32,32,44,44,53
"4448",47,"[84]GjfffHdwaCmsdeEgixoeqIwandbCLCebwafnfCJBdHdvwendfCIKqczvkyiyFBeaFCmvafwendaqJCacHieK",105,0.972727,84,110,3,107,3,3,0,3,3,38,35,34,34,38,38,53
"4449",48,"[84]GjfffHdwaCmsdeEgixoeqIwandbCLCebwafnfCJBdHdvwendfCIKqczvkyiyFBeaFCmvafwendaqJCacHieK",102,0.990291,84,103,1,102,1,1,0,1,1,35,34,42,42,26,26,53
"4450",49,"[84]GjfffHdwaCmsdeEgixoeqIwandbCLCebwafnfCJBdHdvwendfCIKqczvkyiyFBeaFCmvafwendaqJCacHieK",112,0.99115,84,113,1,112,1,1,0,1,1,29,28,36,36,48,48,53
"4451",50,"[84]GjfffHdwaCmsdeEgixoeqIwandbCLCebwafnfCJBdHdvwendfCIKqczvkyiyFBeaFCmvafwendaqJCacHieK",104,0.981308,84,107,2,105,2,2,0,2,2,43,41,32,32,32,32,53
"4452",51,"[84]GjfffHdwaCmsdeEgixoeqIwandbCLCebwafnfCJBdHdvwendfCIKqczvkyiyFBeaFCmvafwendaqJCacHieK",108,0.990826,84,109,1,108,1,1,0,1,1,41,40,30,30,38,38,53
"4453",52,"[84]GjfffHdwaCmsdeEgixoeqIwandbCLCebwafnfCJBdHdvwendfCIKqczvkyiyFBeaFCmvafwendaqJCacHieK",107,0.981818,84,110,2,108,2,2,0,2,2,30,28,40,40,40,40,53
"4454",53,"[84]GjfffHdwaCmsdeEgixoeqIwandbCLCebwafnfCJBdHdvwendfCIKqczvkyiyFBeaFCmvafwendaqJCacHieK",106,0.990654,84,107,1,106,1,1,0,1,1,35,34,38,38,34,34,53
"4455",54,"[84]GjfffHdwaCmsdeEgixoeqIwandbCLCebwafnfCJBdHdvwendfCIKqczvkyiyFBeaFCmvafwendaqJCacHieK",101,0.962963,84,108,4,104,4,4,0,4,4,34,30,41,41,33,33,53
"4456",55,"[84]GjfffHdwaCmsdeEgixoeqIwandbCLCebwafnfCJBdHdvwendfCIKqczvkyiyFBeaFCmvafwendaqJCacHieK",109,1,84,108,0,108,0,0,0,0,0,33,33,37,37,38,38,53
"4457",56,"[84]GjfffHdwaCmsdeEgixoeqIwandbCLCebwafnfCJBdHdvwendfCIKqczvkyiyFBeaFCmvafwendaqJCacHieK",106,1,84,105,0,105,0,0,0,0,0,42,42,33,33,30,30,53
"4458",57,"[84]GjfffHdwaCmsdeEgixoeqIwandbCLCebwafnfCJBdHdvwendfCIKqczvkyiyFBeaFCmvafwendaqJCacHieK",109,1,84,108,0,108,0,0,0,0,0,43,43,29,29,36,36,53
"4459",58,"[84]GjfffHdwaCmsdeEgixoeqIwandbCLCebwafnfCJBdHdvwendfCIKqczvkyiyFBeaFCmvafwendaqJCacHieK",105,0.981481,84,108,2,106,2,2,0,2,2,34,32,38,38,36,36,53
"4460",59,"[84]GjfffHdwaCmsdeEgixoeqIwandbCLCebwafnfCJBdHdvwendfCIKqczvkyiyFBeaFCmvafwendaqJCacHieK",109,0.982143,84,112,2,110,2,2,0,2,2,34,32,34,34,44,44,53
"4461",60,"[84]GjfffHdwaCmsdeEgixoeqIwandbCLCebwafnfCJBdHdvwendfCIKqczvkyiyFBeaFCmvafwendaqJCacHieK",106,0.972973,84,111,3,108,3,3,0,3,3,39,36,33,33,39,39,53
"4462",61,"[84]GjfffHdwaCmsdeEgixoeqIwandbCLCebwafnfCJBdHdvwendfCIKqczvkyiyFBeaFCmvafwendaqJCacHieK",105,1,84,104,0,104,0,0,0,0,0,39,39,36,36,29,29,53
"4463",62,"[84]GjfffHdwaCmsdeEgixoeqIwandbCLCebwafnfCJBdHdvwendfCIKqczvkyiyFBeaFCmvafwendaqJCacHieK",104,0.981308,84,107,2,105,2,2,0,2,2,42,40,33,33,32,32,53
"4464",63,"[84]GjfffHdwaCmsdeEgixoeqIwandbCLCebwafnfCJBdHdvwendfCIKqczvkyiyFBeaFCmvafwendaqJCacHieK",109,0.982143,84,112,2,110,2,2,0,2,2,35,33,33,33,44,44,53
"4465",64,"[84]GjfffHdwaCmsdeEgixoeqIwandbCLCebwafnfCJBdHdvwendfCIKqczvkyiyFBeaFCmvafwendaqJCacHieK",104,0.990476,84,105,1,104,1,1,0,1,1,40,39,36,36,29,29,53
"4466",65,"[84]GjfffHdwaCmsdeEgixoeqIwandbCLCebwafnfCJBdHdvwendfCIKqczvkyiyFBeaFCmvafwendaqJCacHieK",110,1,84,109,0,109,0,0,0,0,0,33,33,37,37,39,39,53
"4467",66,"[84]GjfffHdwaCmsdeEgixoeqIwandbCLCebwafnfCJBdHdvwendfCIKqczvkyiyFBeaFCmvafwendaqJCacHieK",109,0.990909,84,110,1,109,1,1,0,1,1,39,38,31,31,40,40,53
"4468",67,"[84]GjfffHdwaCmsdeEgixoeqIwandbCLCebwafnfCJBdHdvwendfCIKqczvkyiyFBeaFCmvafwendaqJCacHieK",104,0.981308,84,107,2,105,2,2,0,2,2,40,38,35,35,32,32,53
"4469",68,"[84]GjfffHdwaCmsdeEgixoeqIwandbCLCebwafnfCJBdHdvwendfCIKqczvkyiyFBeaFCmvafwendaqJCacHieK",104,0.972477,84,109,3,106,3,3,0,3,3,32,29,40,40,37,37,53
"4470",69,"[84]GjfffHdwaCmsdeEgixoeqIwandbCLCebwafnfCJBdHdvwendfCIKqczvkyiyFBeaFCmvafwendaqJCacHieK",109,1,84,108,0,108,0,0,0,0,0,44,44,28,28,36,36,53
"4471",70,"[84]GjfffHdwaCmsdeEgixoeqIwandbCLCebwafnfCJBdHdvwendfCIKqczvkyiyFBeaFCmvafwendaqJCacHieK",107,0.964912,84,114,4,110,4,4,0,4,4,40,36,29,29,45,45,53
"4472",71,"[84]GjfffHdwaCmsdeEgixoeqIwandbCLCebwafnfCJBdHdvwendfCIKqczvkyiyFBeaFCmvafwendaqJCacHieK",102,0.963303,84,109,4,105,4,4,0,4,4,34,30,39,39,36,36,53
"4473",72,"[84]GjfffHdwaCmsdeEgixoeqIwandbCLCebwafnfCJBdHdvwendfCIKqczvkyiyFBeaFCmvafwendaqJCacHieK",108,0.990826,84,109,1,108,1,1,0,1,1,31,30,39,39,39,39,53
"4474",73,"[84]GjfffHdwaCmsdeEgixoeqIwandbCLCebwafnfCJBdHdvwendfCIKqczvkyiyFBeaFCmvafwendaqJCacHieK",103,0.990385,84,104,1,103,1,1,0,1,1,35,34,41,41,28,28,53
"4475",74,"[84]GjfffHdwaCmsdeEgixoeqIwandbCLCebwafnfCJBdHdvwendfCIKqczvkyiyFBeaFCmvafwendaqJCacHieK",107,0.990741,84,108,1,107,1,1,0,1,1,34,33,37,37,37,37,53
"4476",75,"[84]GjfffHdwaCmsdeEgixoeqIwandbCLCebwafnfCJBdHdvwendfCIKqczvkyiyFBeaFCmvafwendaqJCacHieK",108,0.981982,84,111,2,109,2,2,0,2,2,43,41,28,28,40,40,53
"4477",76,"[84]GjfffHdwaCmsdeEgixoeqIwandbCLCebwafnfCJBdHdvwendfCIKqczvkyiyFBeaFCmvafwendaqJCacHieK",107,0.990741,84,108,1,107,1,1,0,1,1,39,38,34,34,35,35,53
"4478",77,"[84]GjfffHdwaCmsdeEgixoeqIwandbCLCebwafnfCJBdHdvwendfCIKqczvkyiyFBeaFCmvafwendaqJCacHieK",110,1,84,109,0,109,0,0,0,0,0,38,38,32,32,39,39,53
"4479",78,"[84]GjfffHdwaCmsdeEgixoeqIwandbCLCebwafnfCJBdHdvwendfCIKqczvkyiyFBeaFCmvafwendaqJCacHieK",109,0.982143,84,112,2,110,2,2,0,2,2,33,31,35,35,44,44,53
"4480",79,"[84]GjfffHdwaCmsdeEgixoeqIwandbCLCebwafnfCJBdHdvwendfCIKqczvkyiyFBeaFCmvafwendaqJCacHieK",110,1,84,109,0,109,0,0,0,0,0,26,26,43,43,40,40,53
"4481",80,"[84]GjfffHdwaCmsdeEgixoeqIwandbCLCebwafnfCJBdHdvwendfCIKqczvkyiyFBeaFCmvafwendaqJCacHieK",105,0.972727,84,110,3,107,3,3,0,3,3,38,35,35,35,37,37,53
"4482",81,"[84]GjfffHdwaCmsdeEgixoeqIwandbCLCebwafnfCJBdHdvwendfCIKqczvkyiyFBeaFCmvafwendaqJCacHieK",103,0.990385,84,104,1,103,1,1,0,1,1,36,35,40,40,28,28,53
"4483",82,"[84]GjfffHdwaCmsdeEgixoeqIwandbCLCebwafnfCJBdHdvwendfCIKqczvkyiyFBeaFCmvafwendaqJCacHieK",111,1,84,110,0,110,0,0,0,0,0,37,37,31,31,42,42,53
"4484",83,"[84]GjfffHdwaCmsdeEgixoeqIwandbCLCebwafnfCJBdHdvwendfCIKqczvkyiyFBeaFCmvafwendaqJCacHieK",106,0.990654,84,107,1,106,1,1,0,1,1,42,41,31,31,34,34,53
"4485",84,"[84]GjfffHdwaCmsdeEgixoeqIwandbCLCebwafnfCJBdHdvwendfCIKqczvkyiyFBeaFCmvafwendaqJCacHieK",107,1,84,106,0,106,0,0,0,0,0,30,30,42,42,34,34,53
"4486",85,"[84]GjfffHdwaCmsdeEgixoeqIwandbCLCebwafnfCJBdHdvwendfCIKqczvkyiyFBeaFCmvafwendaqJCacHieK",111,1,84,110,0,110,0,0,0,0,0,31,31,37,37,42,42,53
"4487",86,"[84]GjfffHdwaCmsdeEgixoeqIwandbCLCebwafnfCJBdHdvwendfCIKqczvkyiyFBeaFCmvafwendaqJCacHieK",103,0.981132,84,106,2,104,2,2,0,2,2,41,39,35,35,30,30,53
"4488",87,"[84]GjfffHdwaCmsdeEgixoeqIwandbCLCebwafnfCJBdHdvwendfCIKqczvkyiyFBeaFCmvafwendaqJCacHieK",101,0.962963,84,108,4,104,4,4,0,4,4,32,28,42,42,34,34,53
"4489",88,"[84]GjfffHdwaCmsdeEgixoeqIwandbCLCebwafnfCJBdHdvwendfCIKqczvkyiyFBeaFCmvafwendaqJCacHieK",111,1,84,110,0,110,0,0,0,0,0,39,39,29,29,42,42,53
"4490",89,"[84]GjfffHdwaCmsdeEgixoeqIwandbCLCebwafnfCJBdHdvwendfCIKqczvkyiyFBeaFCmvafwendaqJCacHieK",108,1,84,107,0,107,0,0,0,0,0,25,25,45,45,37,37,53
"4491",90,"[84]GjfffHdwaCmsdeEgixoeqIwandbCLCebwafnfCJBdHdvwendfCIKqczvkyiyFBeaFCmvafwendaqJCacHieK",103,0.990385,84,104,1,103,1,1,0,1,1,41,40,37,37,26,26,53
"4492",91,"[84]GjfffHdwaCmsdeEgixoeqIwandbCLCebwafnfCJBdHdvwendfCIKqczvkyiyFBeaFCmvafwendaqJCacHieK",103,0.972222,84,108,3,105,3,3,0,3,3,42,39,32,32,34,34,53
"4493",92,"[84]GjfffHdwaCmsdeEgixoeqIwandbCLCebwafnfCJBdHdvwendfCIKqczvkyiyFBeaFCmvafwendaqJCacHieK",104,0.990476,84,105,1,104,1,1,0,1,1,29,28,45,45,31,31,53
"4494",93,"[84]GjfffHdwaCmsdeEgixoeqIwandbCLCebwafnfCJBdHdvwendfCIKqczvkyiyFBeaFCmvafwendaqJCacHieK",101,0.971698,84,106,3,103,3,3,0,3,3,36,33,40,40,30,30,53
"4495",94,"[84]GjfffHdwaCmsdeEgixoeqIwandbCLCebwafnfCJBdHdvwendfCIKqczvkyiyFBeaFCmvafwendaqJCacHieK",106,0.981651,84,109,2,107,2,2,0,2,2,38,36,34,34,37,37,53
"4496",95,"[84]GjfffHdwaCmsdeEgixoeqIwandbCLCebwafnfCJBdHdvwendfCIKqczvkyiyFBeaFCmvafwendaqJCacHieK",107,1,84,106,0,106,0,0,0,0,0,35,35,38,38,33,33,53
"4497",96,"[84]GjfffHdwaCmsdeEgixoeqIwandbCLCebwafnfCJBdHdvwendfCIKqczvkyiyFBeaFCmvafwendaqJCacHieK",106,0.990654,84,107,1,106,1,1,0,1,1,32,31,40,40,35,35,53
"4498",97,"[84]GjfffHdwaCmsdeEgixoeqIwandbCLCebwafnfCJBdHdvwendfCIKqczvkyiyFBeaFCmvafwendaqJCacHieK",103,0.990385,84,104,1,103,1,1,0,1,1,47,46,30,30,27,27,53
"4499",98,"[84]GjfffHdwaCmsdeEgixoeqIwandbCLCebwafnfCJBdHdvwendfCIKqczvkyiyFBeaFCmvafwendaqJCacHieK",107,0.990741,84,108,1,107,1,1,0,1,1,37,36,35,35,36,36,53
"4500",99,"[84]GjfffHdwaCmsdeEgixoeqIwandbCLCebwafnfCJBdHdvwendfCIKqczvkyiyFBeaFCmvafwendaqJCacHieK",107,0.981818,84,110,2,108,2,2,0,2,2,32,30,38,38,40,40,53
"4501",0,"[86]GjfffHdwaCvkCrcmhGCwandbCLCeblLehwafnfCJBdHdwendaCIKqnHFIBeaCabwafwendaCJCafwzDGfJhleK",107,0.973214,86,112,3,109,3,3,0,3,3,40,37,31,31,41,41,54
"4502",1,"[86]GjfffHdwaCvkCrcmhGCwandbCLCeblLehwafnfCJBdHdwendaCIKqnHFIBeaCabwafwendaCJCafwzDGfJhleK",100,0.990099,86,101,1,100,1,1,0,1,1,40,39,41,41,20,20,54
"4503",2,"[86]GjfffHdwaCvkCrcmhGCwandbCLCeblLehwafnfCJBdHdwendaCIKqnHFIBeaCabwafwendaCJCafwzDGfJhleK",105,1,86,104,0,104,0,0,0,0,0,43,43,34,34,27,27,54
"4504",3,"[86]GjfffHdwaCvkCrcmhGCwandbCLCeblLehwafnfCJBdHdwendaCIKqnHFIBeaCabwafwendaCJCafwzDGfJhleK",108,0.990826,86,109,1,108,1,1,0,1,1,37,36,35,35,37,37,54
"4505",4,"[86]GjfffHdwaCvkCrcmhGCwandbCLCeblLehwafnfCJBdHdwendaCIKqnHFIBeaCabwafwendaCJCafwzDGfJhleK",107,0.990741,86,108,1,107,1,1,0,1,1,31,30,41,41,36,36,54
"4506",5,"[86]GjfffHdwaCvkCrcmhGCwandbCLCeblLehwafnfCJBdHdwendaCIKqnHFIBeaCabwafwendaCJCafwzDGfJhleK",108,0.990826,86,109,1,108,1,1,0,1,1,28,27,42,42,39,39,54
"4507",6,"[86]GjfffHdwaCvkCrcmhGCwandbCLCeblLehwafnfCJBdHdwendaCIKqnHFIBeaCabwafwendaCJCafwzDGfJhleK",105,1,86,104,0,104,0,0,0,0,0,33,33,42,42,29,29,54
"4508",7,"[86]GjfffHdwaCvkCrcmhGCwandbCLCeblLehwafnfCJBdHdwendaCIKqnHFIBeaCabwafwendaCJCafwzDGfJhleK",107,1,86,106,0,106,0,0,0,0,0,40,40,34,34,32,32,54
"4509",8,"[86]GjfffHdwaCvkCrcmhGCwandbCLCeblLehwafnfCJBdHdwendaCIKqnHFIBeaCabwafwendaCJCafwzDGfJhleK",112,1,86,111,0,111,0,0,0,0,0,36,36,32,32,43,43,54
"4510",9,"[86]GjfffHdwaCvkCrcmhGCwandbCLCeblLehwafnfCJBdHdwendaCIKqnHFIBeaCabwafwendaCJCafwzDGfJhleK",109,1,86,108,0,108,0,0,0,0,0,29,29,42,42,37,37,54
"4511",10,"[86]GjfffHdwaCvkCrcmhGCwandbCLCeblLehwafnfCJBdHdwendaCIKqnHFIBeaCabwafwendaCJCafwzDGfJhleK",105,0.990566,86,106,1,105,1,1,0,1,1,41,40,34,34,31,31,54
"4512",11,"[86]GjfffHdwaCvkCrcmhGCwandbCLCeblLehwafnfCJBdHdwendaCIKqnHFIBeaCabwafwendaCJCafwzDGfJhleK",108,1,86,107,0,107,0,0,0,0,0,37,37,35,35,35,35,54
"4513",12,"[86]GjfffHdwaCvkCrcmhGCwandbCLCeblLehwafnfCJBdHdwendaCIKqnHFIBeaCabwafwendaCJCafwzDGfJhleK",112,1,86,111,0,111,0,0,0,0,0,38,38,30,30,43,43,54
"4514",13,"[86]GjfffHdwaCvkCrcmhGCwandbCLCeblLehwafnfCJBdHdwendaCIKqnHFIBeaCabwafwendaCJCafwzDGfJhleK",111,0.991071,86,112,1,111,1,1,0,1,1,30,29,38,38,44,44,54
"4515",14,"[86]GjfffHdwaCvkCrcmhGCwandbCLCeblLehwafnfCJBdHdwendaCIKqnHFIBeaCabwafwendaCJCafwzDGfJhleK",111,1,86,110,0,110,0,0,0,0,0,44,44,25,25,41,41,54
"4516",15,"[86]GjfffHdwaCvkCrcmhGCwandbCLCeblLehwafnfCJBdHdwendaCIKqnHFIBeaCabwafwendaCJCafwzDGfJhleK",112,1,86,111,0,111,0,0,0,0,0,36,36,31,31,44,44,54
"4517",16,"[86]GjfffHdwaCvkCrcmhGCwandbCLCeblLehwafnfCJBdHdwendaCIKqnHFIBeaCabwafwendaCJCafwzDGfJhleK",99,0.953704,86,108,5,103,5,5,0,5,5,40,35,39,39,29,29,54
"4518",17,"[86]GjfffHdwaCvkCrcmhGCwandbCLCeblLehwafnfCJBdHdwendaCIKqnHFIBeaCabwafwendaCJCafwzDGfJhleK",111,1,86,110,0,110,0,0,0,0,0,33,33,36,36,41,41,54
"4519",18,"[86]GjfffHdwaCvkCrcmhGCwandbCLCeblLehwafnfCJBdHdwendaCIKqnHFIBeaCabwafwendaCJCafwzDGfJhleK",105,1,86,104,0,104,0,0,0,0,0,39,39,38,38,27,27,54
"4520",19,"[86]GjfffHdwaCvkCrcmhGCwandbCLCeblLehwafnfCJBdHdwendaCIKqnHFIBeaCabwafwendaCJCafwzDGfJhleK",104,0.990476,86,105,1,104,1,1,0,1,1,41,40,35,35,29,29,54
"4521",20,"[86]GjfffHdwaCvkCrcmhGCwandbCLCeblLehwafnfCJBdHdwendaCIKqnHFIBeaCabwafwendaCJCafwzDGfJhleK",104,0.972477,86,109,3,106,3,3,0,3,3,39,36,36,36,34,34,54
"4522",21,"[86]GjfffHdwaCvkCrcmhGCwandbCLCeblLehwafnfCJBdHdwendaCIKqnHFIBeaCabwafwendaCJCafwzDGfJhleK",99,0.945455,86,110,6,104,6,6,0,6,6,42,36,37,37,31,31,54
"4523",22,"[86]GjfffHdwaCvkCrcmhGCwandbCLCeblLehwafnfCJBdHdwendaCIKqnHFIBeaCabwafwendaCJCafwzDGfJhleK",104,0.981308,86,107,2,105,2,2,0,2,2,44,42,32,32,31,31,54
"4524",23,"[86]GjfffHdwaCvkCrcmhGCwandbCLCeblLehwafnfCJBdHdwendaCIKqnHFIBeaCabwafwendaCJCafwzDGfJhleK",105,0.964286,86,112,4,108,4,4,0,4,4,27,23,44,44,41,41,54
"4525",24,"[86]GjfffHdwaCvkCrcmhGCwandbCLCeblLehwafnfCJBdHdwendaCIKqnHFIBeaCabwafwendaCJCafwzDGfJhleK",108,0.981982,86,111,2,109,2,2,0,2,2,36,34,35,35,40,40,54
"4526",25,"[86]GjfffHdwaCvkCrcmhGCwandbCLCeblLehwafnfCJBdHdwendaCIKqnHFIBeaCabwafwendaCJCafwzDGfJhleK",105,1,86,104,0,104,0,0,0,0,0,29,29,46,46,29,29,54
"4527",26,"[86]GjfffHdwaCvkCrcmhGCwandbCLCeblLehwafnfCJBdHdwendaCIKqnHFIBeaCabwafwendaCJCafwzDGfJhleK",104,0.990476,86,105,1,104,1,1,0,1,1,27,26,47,47,31,31,54
"4528",27,"[86]GjfffHdwaCvkCrcmhGCwandbCLCeblLehwafnfCJBdHdwendaCIKqnHFIBeaCabwafwendaCJCafwzDGfJhleK",108,1,86,107,0,107,0,0,0,0,0,32,32,40,40,35,35,54
"4529",28,"[86]GjfffHdwaCvkCrcmhGCwandbCLCeblLehwafnfCJBdHdwendaCIKqnHFIBeaCabwafwendaCJCafwzDGfJhleK",106,0.990654,86,107,1,106,1,1,0,1,1,40,39,34,34,33,33,54
"4530",29,"[86]GjfffHdwaCvkCrcmhGCwandbCLCeblLehwafnfCJBdHdwendaCIKqnHFIBeaCabwafwendaCJCafwzDGfJhleK",111,0.982456,86,114,2,112,2,2,0,2,2,33,31,34,34,47,47,54
"4531",30,"[86]GjfffHdwaCvkCrcmhGCwandbCLCeblLehwafnfCJBdHdwendaCIKqnHFIBeaCabwafwendaCJCafwzDGfJhleK",105,0.964286,86,112,4,108,4,4,0,4,4,39,35,34,34,39,39,54
"4532",31,"[86]GjfffHdwaCvkCrcmhGCwandbCLCeblLehwafnfCJBdHdwendaCIKqnHFIBeaCabwafwendaCJCafwzDGfJhleK",106,0.990654,86,107,1,106,1,1,0,1,1,38,37,36,36,33,33,54
"4533",32,"[86]GjfffHdwaCvkCrcmhGCwandbCLCeblLehwafnfCJBdHdwendaCIKqnHFIBeaCabwafwendaCJCafwzDGfJhleK",104,0.981308,86,107,2,105,2,2,0,2,2,34,32,41,41,32,32,54
"4534",33,"[86]GjfffHdwaCvkCrcmhGCwandbCLCeblLehwafnfCJBdHdwendaCIKqnHFIBeaCabwafwendaCJCafwzDGfJhleK",106,1,86,105,0,105,0,0,0,0,0,35,35,40,40,30,30,54
"4535",34,"[86]GjfffHdwaCvkCrcmhGCwandbCLCeblLehwafnfCJBdHdwendaCIKqnHFIBeaCabwafwendaCJCafwzDGfJhleK",109,0.990909,86,110,1,109,1,1,0,1,1,21,20,47,47,42,42,54
"4536",35,"[86]GjfffHdwaCvkCrcmhGCwandbCLCeblLehwafnfCJBdHdwendaCIKqnHFIBeaCabwafwendaCJCafwzDGfJhleK",103,0.990385,86,104,1,103,1,1,0,1,1,35,34,42,42,27,27,54
"4537",36,"[86]GjfffHdwaCvkCrcmhGCwandbCLCeblLehwafnfCJBdHdwendaCIKqnHFIBeaCabwafwendaCJCafwzDGfJhleK",110,1,86,109,0,109,0,0,0,0,0,40,40,30,30,39,39,54
"4538",37,"[86]GjfffHdwaCvkCrcmhGCwandbCLCeblLehwafnfCJBdHdwendaCIKqnHFIBeaCabwafwendaCJCafwzDGfJhleK",109,0.990909,86,110,1,109,1,1,0,1,1,37,36,34,34,39,39,54
"4539",38,"[86]GjfffHdwaCvkCrcmhGCwandbCLCeblLehwafnfCJBdHdwendaCIKqnHFIBeaCabwafwendaCJCafwzDGfJhleK",103,0.981132,86,106,2,104,2,2,0,2,2,46,44,32,32,28,28,54
"4540",39,"[86]GjfffHdwaCvkCrcmhGCwandbCLCeblLehwafnfCJBdHdwendaCIKqnHFIBeaCabwafwendaCJCafwzDGfJhleK",108,0.990826,86,109,1,108,1,1,0,1,1,39,38,33,33,37,37,54
"4541",40,"[86]GjfffHdwaCvkCrcmhGCwandbCLCeblLehwafnfCJBdHdwendaCIKqnHFIBeaCabwafwendaCJCafwzDGfJhleK",107,0.990741,86,108,1,107,1,1,0,1,1,34,33,38,38,36,36,54
"4542",41,"[86]GjfffHdwaCvkCrcmhGCwandbCLCeblLehwafnfCJBdHdwendaCIKqnHFIBeaCabwafwendaCJCafwzDGfJhleK",108,0.981982,86,111,2,109,2,2,0,2,2,40,38,32,32,39,39,54
"4543",42,"[86]GjfffHdwaCvkCrcmhGCwandbCLCeblLehwafnfCJBdHdwendaCIKqnHFIBeaCabwafwendaCJCafwzDGfJhleK",103,0.972222,86,108,3,105,3,3,0,3,3,44,41,33,33,31,31,54
"4544",43,"[86]GjfffHdwaCvkCrcmhGCwandbCLCeblLehwafnfCJBdHdwendaCIKqnHFIBeaCabwafwendaCJCafwzDGfJhleK",108,0.981982,86,111,2,109,2,2,0,2,2,35,33,35,35,41,41,54
"4545",44,"[86]GjfffHdwaCvkCrcmhGCwandbCLCeblLehwafnfCJBdHdwendaCIKqnHFIBeaCabwafwendaCJCafwzDGfJhleK",110,1,86,109,0,109,0,0,0,0,0,42,42,29,29,38,38,54
"4546",45,"[86]GjfffHdwaCvkCrcmhGCwandbCLCeblLehwafnfCJBdHdwendaCIKqnHFIBeaCabwafwendaCJCafwzDGfJhleK",109,0.990909,86,110,1,109,1,1,0,1,1,37,36,33,33,40,40,54
"4547",46,"[86]GjfffHdwaCvkCrcmhGCwandbCLCeblLehwafnfCJBdHdwendaCIKqnHFIBeaCabwafwendaCJCafwzDGfJhleK",108,1,86,107,0,107,0,0,0,0,0,39,39,34,34,34,34,54
"4548",47,"[86]GjfffHdwaCvkCrcmhGCwandbCLCeblLehwafnfCJBdHdwendaCIKqnHFIBeaCabwafwendaCJCafwzDGfJhleK",108,1,86,107,0,107,0,0,0,0,0,33,33,39,39,35,35,54
"4549",48,"[86]GjfffHdwaCvkCrcmhGCwandbCLCeblLehwafnfCJBdHdwendaCIKqnHFIBeaCabwafwendaCJCafwzDGfJhleK",108,0.990826,86,109,1,108,1,1,0,1,1,44,43,29,29,36,36,54
"4550",49,"[86]GjfffHdwaCvkCrcmhGCwandbCLCeblLehwafnfCJBdHdwendaCIKqnHFIBeaCabwafwendaCJCafwzDGfJhleK",109,1,86,108,0,108,0,0,0,0,0,40,40,32,32,36,36,54
"4551",50,"[86]GjfffHdwaCvkCrcmhGCwandbCLCeblLehwafnfCJBdHdwendaCIKqnHFIBeaCabwafwendaCJCafwzDGfJhleK",106,0.990654,86,107,1,106,1,1,0,1,1,31,30,42,42,34,34,54
"4552",51,"[86]GjfffHdwaCvkCrcmhGCwandbCLCeblLehwafnfCJBdHdwendaCIKqnHFIBeaCabwafwendaCJCafwzDGfJhleK",110,1,86,109,0,109,0,0,0,0,0,32,32,38,38,39,39,54
"4553",52,"[86]GjfffHdwaCvkCrcmhGCwandbCLCeblLehwafnfCJBdHdwendaCIKqnHFIBeaCabwafwendaCJCafwzDGfJhleK",106,1,86,105,0,105,0,0,0,0,0,39,39,35,35,31,31,54
"4554",53,"[86]GjfffHdwaCvkCrcmhGCwandbCLCeblLehwafnfCJBdHdwendaCIKqnHFIBeaCabwafwendaCJCafwzDGfJhleK",102,0.971963,86,107,3,104,3,3,0,3,3,39,36,39,39,29,29,54
"4555",54,"[86]GjfffHdwaCvkCrcmhGCwandbCLCeblLehwafnfCJBdHdwendaCIKqnHFIBeaCabwafwendaCJCafwzDGfJhleK",106,0.972973,86,111,3,108,3,3,0,3,3,31,28,40,40,40,40,54
"4556",55,"[86]GjfffHdwaCvkCrcmhGCwandbCLCeblLehwafnfCJBdHdwendaCIKqnHFIBeaCabwafwendaCJCafwzDGfJhleK",111,1,86,110,0,110,0,0,0,0,0,42,42,28,28,40,40,54
"4557",56,"[86]GjfffHdwaCvkCrcmhGCwandbCLCeblLehwafnfCJBdHdwendaCIKqnHFIBeaCabwafwendaCJCafwzDGfJhleK",108,0.990826,86,109,1,108,1,1,0,1,1,36,35,36,36,37,37,54
"4558",57,"[86]GjfffHdwaCvkCrcmhGCwandbCLCeblLehwafnfCJBdHdwendaCIKqnHFIBeaCabwafwendaCJCafwzDGfJhleK",106,0.990654,86,107,1,106,1,1,0,1,1,44,43,30,30,33,33,54
"4559",58,"[86]GjfffHdwaCvkCrcmhGCwandbCLCeblLehwafnfCJBdHdwendaCIKqnHFIBeaCabwafwendaCJCafwzDGfJhleK",109,1,86,108,0,108,0,0,0,0,0,38,38,33,33,37,37,54
"4560",59,"[86]GjfffHdwaCvkCrcmhGCwandbCLCeblLehwafnfCJBdHdwendaCIKqnHFIBeaCabwafwendaCJCafwzDGfJhleK",110,1,86,109,0,109,0,0,0,0,0,28,28,41,41,40,40,54
"4561",60,"[86]GjfffHdwaCvkCrcmhGCwandbCLCeblLehwafnfCJBdHdwendaCIKqnHFIBeaCabwafwendaCJCafwzDGfJhleK",110,1,86,109,0,109,0,0,0,0,0,36,36,35,35,38,38,54
"4562",61,"[86]GjfffHdwaCvkCrcmhGCwandbCLCeblLehwafnfCJBdHdwendaCIKqnHFIBeaCabwafwendaCJCafwzDGfJhleK",104,0.963964,86,111,4,107,4,4,0,4,4,37,33,36,36,38,38,54
"4563",62,"[86]GjfffHdwaCvkCrcmhGCwandbCLCeblLehwafnfCJBdHdwendaCIKqnHFIBeaCabwafwendaCJCafwzDGfJhleK",103,0.981132,86,106,2,104,2,2,0,2,2,40,38,37,37,29,29,54
"4564",63,"[86]GjfffHdwaCvkCrcmhGCwandbCLCeblLehwafnfCJBdHdwendaCIKqnHFIBeaCabwafwendaCJCafwzDGfJhleK",107,0.981818,86,110,2,108,2,2,0,2,2,41,39,32,32,37,37,54
"4565",64,"[86]GjfffHdwaCvkCrcmhGCwandbCLCeblLehwafnfCJBdHdwendaCIKqnHFIBeaCabwafwendaCJCafwzDGfJhleK",109,1,86,108,0,108,0,0,0,0,0,37,37,35,35,36,36,54
"4566",65,"[86]GjfffHdwaCvkCrcmhGCwandbCLCeblLehwafnfCJBdHdwendaCIKqnHFIBeaCabwafwendaCJCafwzDGfJhleK",105,0.972727,86,110,3,107,3,3,0,3,3,34,31,40,40,36,36,54
"4567",66,"[86]GjfffHdwaCvkCrcmhGCwandbCLCeblLehwafnfCJBdHdwendaCIKqnHFIBeaCabwafwendaCJCafwzDGfJhleK",107,0.973214,86,112,3,109,3,3,0,3,3,41,38,30,30,41,41,54
"4568",67,"[86]GjfffHdwaCvkCrcmhGCwandbCLCeblLehwafnfCJBdHdwendaCIKqnHFIBeaCabwafwendaCJCafwzDGfJhleK",109,1,86,108,0,108,0,0,0,0,0,37,37,34,34,37,37,54
"4569",68,"[86]GjfffHdwaCvkCrcmhGCwandbCLCeblLehwafnfCJBdHdwendaCIKqnHFIBeaCabwafwendaCJCafwzDGfJhleK",110,1,86,109,0,109,0,0,0,0,0,34,34,35,35,40,40,54
"4570",69,"[86]GjfffHdwaCvkCrcmhGCwandbCLCeblLehwafnfCJBdHdwendaCIKqnHFIBeaCabwafwendaCJCafwzDGfJhleK",107,0.981818,86,110,2,108,2,2,0,2,2,34,32,37,37,39,39,54
"4571",70,"[86]GjfffHdwaCvkCrcmhGCwandbCLCeblLehwafnfCJBdHdwendaCIKqnHFIBeaCabwafwendaCJCafwzDGfJhleK",102,0.954955,86,111,5,106,5,5,0,5,5,38,33,37,37,36,36,54
"4572",71,"[86]GjfffHdwaCvkCrcmhGCwandbCLCeblLehwafnfCJBdHdwendaCIKqnHFIBeaCabwafwendaCJCafwzDGfJhleK",109,1,86,108,0,108,0,0,0,0,0,35,35,37,37,36,36,54
"4573",72,"[86]GjfffHdwaCvkCrcmhGCwandbCLCeblLehwafnfCJBdHdwendaCIKqnHFIBeaCabwafwendaCJCafwzDGfJhleK",108,1,86,107,0,107,0,0,0,0,0,33,33,38,38,36,36,54
"4574",73,"[86]GjfffHdwaCvkCrcmhGCwandbCLCeblLehwafnfCJBdHdwendaCIKqnHFIBeaCabwafwendaCJCafwzDGfJhleK",107,1,86,106,0,106,0,0,0,0,0,38,38,35,35,33,33,54
"4575",74,"[86]GjfffHdwaCvkCrcmhGCwandbCLCeblLehwafnfCJBdHdwendaCIKqnHFIBeaCabwafwendaCJCafwzDGfJhleK",107,0.990741,86,108,1,107,1,1,0,1,1,34,33,39,39,35,35,54
"4576",75,"[86]GjfffHdwaCvkCrcmhGCwandbCLCeblLehwafnfCJBdHdwendaCIKqnHFIBeaCabwafwendaCJCafwzDGfJhleK",106,1,86,105,0,105,0,0,0,0,0,25,25,48,48,32,32,54
"4577",76,"[86]GjfffHdwaCvkCrcmhGCwandbCLCeblLehwafnfCJBdHdwendaCIKqnHFIBeaCabwafwendaCJCafwzDGfJhleK",108,1,86,107,0,107,0,0,0,0,0,37,37,35,35,35,35,54
"4578",77,"[86]GjfffHdwaCvkCrcmhGCwandbCLCeblLehwafnfCJBdHdwendaCIKqnHFIBeaCabwafwendaCJCafwzDGfJhleK",106,1,86,105,0,105,0,0,0,0,0,34,34,40,40,31,31,54
"4579",78,"[86]GjfffHdwaCvkCrcmhGCwandbCLCeblLehwafnfCJBdHdwendaCIKqnHFIBeaCabwafwendaCJCafwzDGfJhleK",106,0.990654,86,107,1,106,1,1,0,1,1,38,37,36,36,33,33,54
"4580",79,"[86]GjfffHdwaCvkCrcmhGCwandbCLCeblLehwafnfCJBdHdwendaCIKqnHFIBeaCabwafwendaCJCafwzDGfJhleK",110,0.982301,86,113,2,111,2,2,0,2,2,34,32,35,35,44,44,54
"4581",80,"[86]GjfffHdwaCvkCrcmhGCwandbCLCeblLehwafnfCJBdHdwendaCIKqnHFIBeaCabwafwendaCJCafwzDGfJhleK",107,1,86,106,0,106,0,0,0,0,0,40,40,33,33,33,33,54
"4582",81,"[86]GjfffHdwaCvkCrcmhGCwandbCLCeblLehwafnfCJBdHdwendaCIKqnHFIBeaCabwafwendaCJCafwzDGfJhleK",111,0.982456,86,114,2,112,2,2,0,2,2,42,40,26,26,46,46,54
"4583",82,"[86]GjfffHdwaCvkCrcmhGCwandbCLCeblLehwafnfCJBdHdwendaCIKqnHFIBeaCabwafwendaCJCafwzDGfJhleK",110,1,86,109,0,109,0,0,0,0,0,35,35,34,34,40,40,54
"4584",83,"[86]GjfffHdwaCvkCrcmhGCwandbCLCeblLehwafnfCJBdHdwendaCIKqnHFIBeaCabwafwendaCJCafwzDGfJhleK",115,1,86,114,0,114,0,0,0,0,0,30,30,33,33,51,51,54
"4585",84,"[86]GjfffHdwaCvkCrcmhGCwandbCLCeblLehwafnfCJBdHdwendaCIKqnHFIBeaCabwafwendaCJCafwzDGfJhleK",106,0.990654,86,107,1,106,1,1,0,1,1,31,30,42,42,34,34,54
"4586",85,"[86]GjfffHdwaCvkCrcmhGCwandbCLCeblLehwafnfCJBdHdwendaCIKqnHFIBeaCabwafwendaCJCafwzDGfJhleK",109,1,86,108,0,108,0,0,0,0,0,44,44,29,29,35,35,54
"4587",86,"[86]GjfffHdwaCvkCrcmhGCwandbCLCeblLehwafnfCJBdHdwendaCIKqnHFIBeaCabwafwendaCJCafwzDGfJhleK",106,0.990654,86,107,1,106,1,1,0,1,1,37,36,37,37,33,33,54
"4588",87,"[86]GjfffHdwaCvkCrcmhGCwandbCLCeblLehwafnfCJBdHdwendaCIKqnHFIBeaCabwafwendaCJCafwzDGfJhleK",106,0.981651,86,109,2,107,2,2,0,2,2,38,36,35,35,36,36,54
"4589",88,"[86]GjfffHdwaCvkCrcmhGCwandbCLCeblLehwafnfCJBdHdwendaCIKqnHFIBeaCabwafwendaCJCafwzDGfJhleK",104,0.990476,86,105,1,104,1,1,0,1,1,43,42,34,34,28,28,54
"4590",89,"[86]GjfffHdwaCvkCrcmhGCwandbCLCeblLehwafnfCJBdHdwendaCIKqnHFIBeaCabwafwendaCJCafwzDGfJhleK",108,0.990826,86,109,1,108,1,1,0,1,1,38,37,34,34,37,37,54
"4591",90,"[86]GjfffHdwaCvkCrcmhGCwandbCLCeblLehwafnfCJBdHdwendaCIKqnHFIBeaCabwafwendaCJCafwzDGfJhleK",108,1,86,107,0,107,0,0,0,0,0,38,38,34,34,35,35,54
"4592",91,"[86]GjfffHdwaCvkCrcmhGCwandbCLCeblLehwafnfCJBdHdwendaCIKqnHFIBeaCabwafwendaCJCafwzDGfJhleK",103,0.955357,86,112,5,107,5,5,0,5,5,40,35,34,34,38,38,54
"4593",92,"[86]GjfffHdwaCvkCrcmhGCwandbCLCeblLehwafnfCJBdHdwendaCIKqnHFIBeaCabwafwendaCJCafwzDGfJhleK",106,0.981651,86,109,2,107,2,2,0,2,2,32,30,41,41,36,36,54
"4594",93,"[86]GjfffHdwaCvkCrcmhGCwandbCLCeblLehwafnfCJBdHdwendaCIKqnHFIBeaCabwafwendaCJCafwzDGfJhleK",109,1,86,108,0,108,0,0,0,0,0,41,41,31,31,36,36,54
"4595",94,"[86]GjfffHdwaCvkCrcmhGCwandbCLCeblLehwafnfCJBdHdwendaCIKqnHFIBeaCabwafwendaCJCafwzDGfJhleK",103,0.963636,86,110,4,106,4,4,0,4,4,41,37,35,35,34,34,54
"4596",95,"[86]GjfffHdwaCvkCrcmhGCwandbCLCeblLehwafnfCJBdHdwendaCIKqnHFIBeaCabwafwendaCJCafwzDGfJhleK",105,1,86,104,0,104,0,0,0,0,0,31,31,45,45,28,28,54
"4597",96,"[86]GjfffHdwaCvkCrcmhGCwandbCLCeblLehwafnfCJBdHdwendaCIKqnHFIBeaCabwafwendaCJCafwzDGfJhleK",106,0.990654,86,107,1,106,1,1,0,1,1,35,34,38,38,34,34,54
"4598",97,"[86]GjfffHdwaCvkCrcmhGCwandbCLCeblLehwafnfCJBdHdwendaCIKqnHFIBeaCabwafwendaCJCafwzDGfJhleK",114,1,86,113,0,113,0,0,0,0,0,40,40,26,26,47,47,54
"4599",98,"[86]GjfffHdwaCvkCrcmhGCwandbCLCeblLehwafnfCJBdHdwendaCIKqnHFIBeaCabwafwendaCJCafwzDGfJhleK",108,0.990826,86,109,1,108,1,1,0,1,1,39,38,32,32,38,38,54
"4600",99,"[86]GjfffHdwaCvkCrcmhGCwandbCLCeblLehwafnfCJBdHdwendaCIKqnHFIBeaCabwafwendaCJCafwzDGfJhleK",106,0.981651,86,109,2,107,2,2,0,2,2,38,36,35,35,36,36,54
"4601",0,"[80]GxffcHdwaCqxLFBcilwafndbCLCebbkjwafofCJBdHdwaendaCxIKCabiaeDbCacwafwendCJCaboceK",109,1,80,108,0,108,0,0,0,0,0,48,48,31,31,29,29,55
"4602",1,"[80]GxffcHdwaCqxLFBcilwafndbCLCebbkjwafofCJBdHdwaendaCxIKCabiaeDbCacwafwendCJCaboceK",114,1,80,113,0,113,0,0,0,0,0,42,42,32,32,39,39,55
"4603",2,"[80]GxffcHdwaCqxLFBcilwafndbCLCebbkjwafofCJBdHdwaendaCxIKCabiaeDbCacwafwendCJCaboceK",113,1,80,112,0,112,0,0,0,0,0,31,31,39,39,42,42,55
"4604",3,"[80]GxffcHdwaCqxLFBcilwafndbCLCebbkjwafofCJBdHdwaendaCxIKCabiaeDbCacwafwendCJCaboceK",121,1,80,120,0,120,0,0,0,0,0,43,43,28,28,49,49,55
"4605",4,"[80]GxffcHdwaCqxLFBcilwafndbCLCebbkjwafofCJBdHdwaendaCxIKCabiaeDbCacwafwendCJCaboceK",115,1,80,114,0,114,0,0,0,0,0,37,37,33,33,44,44,55
"4606",5,"[80]GxffcHdwaCqxLFBcilwafndbCLCebbkjwafofCJBdHdwaendaCxIKCabiaeDbCacwafwendCJCaboceK",114,0.991304,80,115,1,114,1,1,0,1,1,32,31,38,38,45,45,55
"4607",6,"[80]GxffcHdwaCqxLFBcilwafndbCLCebbkjwafofCJBdHdwaendaCxIKCabiaeDbCacwafwendCJCaboceK",117,1,80,116,0,116,0,0,0,0,0,40,40,37,37,39,39,55
"4608",7,"[80]GxffcHdwaCqxLFBcilwafndbCLCebbkjwafofCJBdHdwaendaCxIKCabiaeDbCacwafwendCJCaboceK",117,1,80,116,0,116,0,0,0,0,0,31,31,40,40,45,45,55
"4609",8,"[80]GxffcHdwaCqxLFBcilwafndbCLCebbkjwafofCJBdHdwaendaCxIKCabiaeDbCacwafwendCJCaboceK",112,0.99115,80,113,1,112,1,1,0,1,1,32,31,39,39,42,42,55
"4610",9,"[80]GxffcHdwaCqxLFBcilwafndbCLCebbkjwafofCJBdHdwaendaCxIKCabiaeDbCacwafwendCJCaboceK",116,1,80,115,0,115,0,0,0,0,0,36,36,33,33,46,46,55
"4611",10,"[80]GxffcHdwaCqxLFBcilwafndbCLCebbkjwafofCJBdHdwaendaCxIKCabiaeDbCacwafwendCJCaboceK",109,0.982143,80,112,2,110,2,2,0,2,2,39,37,41,41,32,32,55
"4612",11,"[80]GxffcHdwaCqxLFBcilwafndbCLCebbkjwafofCJBdHdwaendaCxIKCabiaeDbCacwafwendCJCaboceK",122,1,80,121,0,121,0,0,0,0,0,35,35,33,33,53,53,55
"4613",12,"[80]GxffcHdwaCqxLFBcilwafndbCLCebbkjwafofCJBdHdwaendaCxIKCabiaeDbCacwafwendCJCaboceK",110,0.973913,80,115,3,112,3,3,0,3,3,38,35,36,36,41,41,55
"4614",13,"[80]GxffcHdwaCqxLFBcilwafndbCLCebbkjwafofCJBdHdwaendaCxIKCabiaeDbCacwafwendCJCaboceK",107,0.981818,80,110,2,108,2,2,0,2,2,30,28,45,45,35,35,55
"4615",14,"[80]GxffcHdwaCqxLFBcilwafndbCLCebbkjwafofCJBdHdwaendaCxIKCabiaeDbCacwafwendCJCaboceK",111,1,80,110,0,110,0,0,0,0,0,40,40,38,38,32,32,55
"4616",15,"[80]GxffcHdwaCqxLFBcilwafndbCLCebbkjwafofCJBdHdwaendaCxIKCabiaeDbCacwafwendCJCaboceK",114,1,80,113,0,113,0,0,0,0,0,41,41,32,32,40,40,55
"4617",16,"[80]GxffcHdwaCqxLFBcilwafndbCLCebbkjwafofCJBdHdwaendaCxIKCabiaeDbCacwafwendCJCaboceK",110,1,80,109,0,109,0,0,0,0,0,43,43,33,33,33,33,55
"4618",17,"[80]GxffcHdwaCqxLFBcilwafndbCLCebbkjwafofCJBdHdwaendaCxIKCabiaeDbCacwafwendCJCaboceK",102,0.990291,80,103,1,102,1,1,0,1,1,37,36,43,43,23,23,55
"4619",18,"[80]GxffcHdwaCqxLFBcilwafndbCLCebbkjwafofCJBdHdwaendaCxIKCabiaeDbCacwafwendCJCaboceK",113,1,80,112,0,112,0,0,0,0,0,37,37,39,39,36,36,55
"4620",19,"[80]GxffcHdwaCqxLFBcilwafndbCLCebbkjwafofCJBdHdwaendaCxIKCabiaeDbCacwafwendCJCaboceK",101,0.962963,80,108,4,104,4,4,0,4,4,34,30,47,47,27,27,55
"4621",20,"[80]GxffcHdwaCqxLFBcilwafndbCLCebbkjwafofCJBdHdwaendaCxIKCabiaeDbCacwafwendCJCaboceK",109,1,80,108,0,108,0,0,0,0,0,26,26,45,45,37,37,55
"4622",21,"[80]GxffcHdwaCqxLFBcilwafndbCLCebbkjwafofCJBdHdwaendaCxIKCabiaeDbCacwafwendCJCaboceK",113,0.991228,80,114,1,113,1,1,0,1,1,36,35,40,40,38,38,55
"4623",22,"[80]GxffcHdwaCqxLFBcilwafndbCLCebbkjwafofCJBdHdwaendaCxIKCabiaeDbCacwafwendCJCaboceK",119,1,80,118,0,118,0,0,0,0,0,39,39,32,32,47,47,55
"4624",23,"[80]GxffcHdwaCqxLFBcilwafndbCLCebbkjwafofCJBdHdwaendaCxIKCabiaeDbCacwafwendCJCaboceK",111,0.991071,80,112,1,111,1,1,0,1,1,38,37,35,35,39,39,55
"4625",24,"[80]GxffcHdwaCqxLFBcilwafndbCLCebbkjwafofCJBdHdwaendaCxIKCabiaeDbCacwafwendCJCaboceK",119,1,80,118,0,118,0,0,0,0,0,29,29,40,40,49,49,55
"4626",25,"[80]GxffcHdwaCqxLFBcilwafndbCLCebbkjwafofCJBdHdwaendaCxIKCabiaeDbCacwafwendCJCaboceK",110,0.990991,80,111,1,110,1,1,0,1,1,36,35,37,37,38,38,55
"4627",26,"[80]GxffcHdwaCqxLFBcilwafndbCLCebbkjwafofCJBdHdwaendaCxIKCabiaeDbCacwafwendCJCaboceK",110,0.982301,80,113,2,111,2,2,0,2,2,49,47,33,33,31,31,55
"4628",27,"[80]GxffcHdwaCqxLFBcilwafndbCLCebbkjwafofCJBdHdwaendaCxIKCabiaeDbCacwafwendCJCaboceK",119,1,80,118,0,118,0,0,0,0,0,36,36,33,33,49,49,55
"4629",28,"[80]GxffcHdwaCqxLFBcilwafndbCLCebbkjwafofCJBdHdwaendaCxIKCabiaeDbCacwafwendCJCaboceK",111,1,80,110,0,110,0,0,0,0,0,38,38,35,35,37,37,55
"4630",29,"[80]GxffcHdwaCqxLFBcilwafndbCLCebbkjwafofCJBdHdwaendaCxIKCabiaeDbCacwafwendCJCaboceK",115,1,80,114,0,114,0,0,0,0,0,39,39,33,33,42,42,55
"4631",30,"[80]GxffcHdwaCqxLFBcilwafndbCLCebbkjwafofCJBdHdwaendaCxIKCabiaeDbCacwafwendCJCaboceK",113,0.974576,80,118,3,115,3,3,0,3,3,41,38,35,35,42,42,55
"4632",31,"[80]GxffcHdwaCqxLFBcilwafndbCLCebbkjwafofCJBdHdwaendaCxIKCabiaeDbCacwafwendCJCaboceK",121,1,80,120,0,120,0,0,0,0,0,39,39,37,37,44,44,55
"4633",32,"[80]GxffcHdwaCqxLFBcilwafndbCLCebbkjwafofCJBdHdwaendaCxIKCabiaeDbCacwafwendCJCaboceK",113,0.991228,80,114,1,113,1,1,0,1,1,41,40,33,33,40,40,55
"4634",33,"[80]GxffcHdwaCqxLFBcilwafndbCLCebbkjwafofCJBdHdwaendaCxIKCabiaeDbCacwafwendCJCaboceK",115,1,80,114,0,114,0,0,0,0,0,39,39,33,33,42,42,55
"4635",34,"[80]GxffcHdwaCqxLFBcilwafndbCLCebbkjwafofCJBdHdwaendaCxIKCabiaeDbCacwafwendCJCaboceK",110,1,80,109,0,109,0,0,0,0,0,36,36,38,38,35,35,55
"4636",35,"[80]GxffcHdwaCqxLFBcilwafndbCLCebbkjwafofCJBdHdwaendaCxIKCabiaeDbCacwafwendCJCaboceK",119,1,80,118,0,118,0,0,0,0,0,42,42,33,33,43,43,55
"4637",36,"[80]GxffcHdwaCqxLFBcilwafndbCLCebbkjwafofCJBdHdwaendaCxIKCabiaeDbCacwafwendCJCaboceK",112,0.982609,80,115,2,113,2,2,0,2,2,32,30,38,38,45,45,55
"4638",37,"[80]GxffcHdwaCqxLFBcilwafndbCLCebbkjwafofCJBdHdwaendaCxIKCabiaeDbCacwafwendCJCaboceK",110,0.990991,80,111,1,110,1,1,0,1,1,46,45,34,34,31,31,55
"4639",38,"[80]GxffcHdwaCqxLFBcilwafndbCLCebbkjwafofCJBdHdwaendaCxIKCabiaeDbCacwafwendCJCaboceK",109,0.990909,80,110,1,109,1,1,0,1,1,36,35,38,38,36,36,55
"4640",39,"[80]GxffcHdwaCqxLFBcilwafndbCLCebbkjwafofCJBdHdwaendaCxIKCabiaeDbCacwafwendCJCaboceK",112,1,80,111,0,111,0,0,0,0,0,35,35,40,40,36,36,55
"4641",40,"[80]GxffcHdwaCqxLFBcilwafndbCLCebbkjwafofCJBdHdwaendaCxIKCabiaeDbCacwafwendCJCaboceK",111,0.991071,80,112,1,111,1,1,0,1,1,31,30,41,41,40,40,55
"4642",41,"[80]GxffcHdwaCqxLFBcilwafndbCLCebbkjwafofCJBdHdwaendaCxIKCabiaeDbCacwafwendCJCaboceK",112,1,80,111,0,111,0,0,0,0,0,43,43,36,36,32,32,55
"4643",42,"[80]GxffcHdwaCqxLFBcilwafndbCLCebbkjwafofCJBdHdwaendaCxIKCabiaeDbCacwafwendCJCaboceK",115,1,80,114,0,114,0,0,0,0,0,33,33,37,37,44,44,55
"4644",43,"[80]GxffcHdwaCqxLFBcilwafndbCLCebbkjwafofCJBdHdwaendaCxIKCabiaeDbCacwafwendCJCaboceK",116,1,80,115,0,115,0,0,0,0,0,28,28,43,43,44,44,55
"4645",44,"[80]GxffcHdwaCqxLFBcilwafndbCLCebbkjwafofCJBdHdwaendaCxIKCabiaeDbCacwafwendCJCaboceK",113,1,80,112,0,112,0,0,0,0,0,38,38,34,34,40,40,55
"4646",45,"[80]GxffcHdwaCqxLFBcilwafndbCLCebbkjwafofCJBdHdwaendaCxIKCabiaeDbCacwafwendCJCaboceK",109,1,80,108,0,108,0,0,0,0,0,39,39,36,36,33,33,55
"4647",46,"[80]GxffcHdwaCqxLFBcilwafndbCLCebbkjwafofCJBdHdwaendaCxIKCabiaeDbCacwafwendCJCaboceK",110,0.990991,80,111,1,110,1,1,0,1,1,43,42,33,33,35,35,55
"4648",47,"[80]GxffcHdwaCqxLFBcilwafndbCLCebbkjwafofCJBdHdwaendaCxIKCabiaeDbCacwafwendCJCaboceK",107,1,80,106,0,106,0,0,0,0,0,31,31,46,46,29,29,55
"4649",48,"[80]GxffcHdwaCqxLFBcilwafndbCLCebbkjwafofCJBdHdwaendaCxIKCabiaeDbCacwafwendCJCaboceK",116,0.991453,80,117,1,116,1,1,0,1,1,43,42,30,30,44,44,55
"4650",49,"[80]GxffcHdwaCqxLFBcilwafndbCLCebbkjwafofCJBdHdwaendaCxIKCabiaeDbCacwafwendCJCaboceK",121,1,80,120,0,120,0,0,0,0,0,39,39,31,31,50,50,55
"4651",50,"[80]GxffcHdwaCqxLFBcilwafndbCLCebbkjwafofCJBdHdwaendaCxIKCabiaeDbCacwafwendCJCaboceK",112,1,80,111,0,111,0,0,0,0,0,37,37,40,40,34,34,55
"4652",51,"[80]GxffcHdwaCqxLFBcilwafndbCLCebbkjwafofCJBdHdwaendaCxIKCabiaeDbCacwafwendCJCaboceK",107,0.981818,80,110,2,108,2,2,0,2,2,38,36,38,38,34,34,55
"4653",52,"[80]GxffcHdwaCqxLFBcilwafndbCLCebbkjwafofCJBdHdwaendaCxIKCabiaeDbCacwafwendCJCaboceK",114,0.991304,80,115,1,114,1,1,0,1,1,43,42,30,30,42,42,55
"4654",53,"[80]GxffcHdwaCqxLFBcilwafndbCLCebbkjwafofCJBdHdwaendaCxIKCabiaeDbCacwafwendCJCaboceK",111,1,80,110,0,110,0,0,0,0,0,35,35,38,38,37,37,55
"4655",54,"[80]GxffcHdwaCqxLFBcilwafndbCLCebbkjwafofCJBdHdwaendaCxIKCabiaeDbCacwafwendCJCaboceK",112,0.982609,80,115,2,113,2,2,0,2,2,37,35,37,37,41,41,55
"4656",55,"[80]GxffcHdwaCqxLFBcilwafndbCLCebbkjwafofCJBdHdwaendaCxIKCabiaeDbCacwafwendCJCaboceK",109,1,80,108,0,108,0,0,0,0,0,47,47,32,32,29,29,55
"4657",56,"[80]GxffcHdwaCqxLFBcilwafndbCLCebbkjwafofCJBdHdwaendaCxIKCabiaeDbCacwafwendCJCaboceK",115,1,80,114,0,114,0,0,0,0,0,39,39,33,33,42,42,55
"4658",57,"[80]GxffcHdwaCqxLFBcilwafndbCLCebbkjwafofCJBdHdwaendaCxIKCabiaeDbCacwafwendCJCaboceK",113,1,80,112,0,112,0,0,0,0,0,40,40,32,32,40,40,55
"4659",58,"[80]GxffcHdwaCqxLFBcilwafndbCLCebbkjwafofCJBdHdwaendaCxIKCabiaeDbCacwafwendCJCaboceK",108,0.981982,80,111,2,109,2,2,0,2,2,40,38,39,39,32,32,55
"4660",59,"[80]GxffcHdwaCqxLFBcilwafndbCLCebbkjwafofCJBdHdwaendaCxIKCabiaeDbCacwafwendCJCaboceK",111,1,80,110,0,110,0,0,0,0,0,43,43,33,33,34,34,55
"4661",60,"[80]GxffcHdwaCqxLFBcilwafndbCLCebbkjwafofCJBdHdwaendaCxIKCabiaeDbCacwafwendCJCaboceK",105,0.972727,80,110,3,107,3,3,0,3,3,32,29,44,44,34,34,55
"4662",61,"[80]GxffcHdwaCqxLFBcilwafndbCLCebbkjwafofCJBdHdwaendaCxIKCabiaeDbCacwafwendCJCaboceK",110,0.990991,80,111,1,110,1,1,0,1,1,42,41,33,33,36,36,55
"4663",62,"[80]GxffcHdwaCqxLFBcilwafndbCLCebbkjwafofCJBdHdwaendaCxIKCabiaeDbCacwafwendCJCaboceK",119,1,80,118,0,118,0,0,0,0,0,44,44,31,31,43,43,55
"4664",63,"[80]GxffcHdwaCqxLFBcilwafndbCLCebbkjwafofCJBdHdwaendaCxIKCabiaeDbCacwafwendCJCaboceK",107,1,80,106,0,106,0,0,0,0,0,42,42,36,36,28,28,55
"4665",64,"[80]GxffcHdwaCqxLFBcilwafndbCLCebbkjwafofCJBdHdwaendaCxIKCabiaeDbCacwafwendCJCaboceK",112,0.99115,80,113,1,112,1,1,0,1,1,39,38,39,39,35,35,55
"4666",65,"[80]GxffcHdwaCqxLFBcilwafndbCLCebbkjwafofCJBdHdwaendaCxIKCabiaeDbCacwafwendCJCaboceK",110,0.990991,80,111,1,110,1,1,0,1,1,41,40,34,34,36,36,55
"4667",66,"[80]GxffcHdwaCqxLFBcilwafndbCLCebbkjwafofCJBdHdwaendaCxIKCabiaeDbCacwafwendCJCaboceK",111,1,80,110,0,110,0,0,0,0,0,35,35,41,41,34,34,55
"4668",67,"[80]GxffcHdwaCqxLFBcilwafndbCLCebbkjwafofCJBdHdwaendaCxIKCabiaeDbCacwafwendCJCaboceK",111,1,80,110,0,110,0,0,0,0,0,37,37,38,38,35,35,55
"4669",68,"[80]GxffcHdwaCqxLFBcilwafndbCLCebbkjwafofCJBdHdwaendaCxIKCabiaeDbCacwafwendCJCaboceK",108,1,80,107,0,107,0,0,0,0,0,33,33,42,42,32,32,55
"4670",69,"[80]GxffcHdwaCqxLFBcilwafndbCLCebbkjwafofCJBdHdwaendaCxIKCabiaeDbCacwafwendCJCaboceK",107,1,80,106,0,106,0,0,0,0,0,38,38,41,41,27,27,55
"4671",70,"[80]GxffcHdwaCqxLFBcilwafndbCLCebbkjwafofCJBdHdwaendaCxIKCabiaeDbCacwafwendCJCaboceK",113,1,80,112,0,112,0,0,0,0,0,36,36,37,37,39,39,55
"4672",71,"[80]GxffcHdwaCqxLFBcilwafndbCLCebbkjwafofCJBdHdwaendaCxIKCabiaeDbCacwafwendCJCaboceK",110,0.990991,80,111,1,110,1,1,0,1,1,36,35,44,44,31,31,55
"4673",72,"[80]GxffcHdwaCqxLFBcilwafndbCLCebbkjwafofCJBdHdwaendaCxIKCabiaeDbCacwafwendCJCaboceK",112,0.99115,80,113,1,112,1,1,0,1,1,43,42,36,36,34,34,55
"4674",73,"[80]GxffcHdwaCqxLFBcilwafndbCLCebbkjwafofCJBdHdwaendaCxIKCabiaeDbCacwafwendCJCaboceK",108,0.981982,80,111,2,109,2,2,0,2,2,42,40,39,39,30,30,55
"4675",74,"[80]GxffcHdwaCqxLFBcilwafndbCLCebbkjwafofCJBdHdwaendaCxIKCabiaeDbCacwafwendCJCaboceK",109,1,80,108,0,108,0,0,0,0,0,42,42,35,35,31,31,55
"4676",75,"[80]GxffcHdwaCqxLFBcilwafndbCLCebbkjwafofCJBdHdwaendaCxIKCabiaeDbCacwafwendCJCaboceK",113,1,80,112,0,112,0,0,0,0,0,33,33,38,38,41,41,55
"4677",76,"[80]GxffcHdwaCqxLFBcilwafndbCLCebbkjwafofCJBdHdwaendaCxIKCabiaeDbCacwafwendCJCaboceK",111,1,80,110,0,110,0,0,0,0,0,32,32,42,42,36,36,55
"4678",77,"[80]GxffcHdwaCqxLFBcilwafndbCLCebbkjwafofCJBdHdwaendaCxIKCabiaeDbCacwafwendCJCaboceK",116,1,80,115,0,115,0,0,0,0,0,34,34,36,36,45,45,55
"4679",78,"[80]GxffcHdwaCqxLFBcilwafndbCLCebbkjwafofCJBdHdwaendaCxIKCabiaeDbCacwafwendCJCaboceK",111,0.982456,80,114,2,112,2,2,0,2,2,35,33,38,38,41,41,55
"4680",79,"[80]GxffcHdwaCqxLFBcilwafndbCLCebbkjwafofCJBdHdwaendaCxIKCabiaeDbCacwafwendCJCaboceK",112,0.99115,80,113,1,112,1,1,0,1,1,33,32,39,39,41,41,55
"4681",80,"[80]GxffcHdwaCqxLFBcilwafndbCLCebbkjwafofCJBdHdwaendaCxIKCabiaeDbCacwafwendCJCaboceK",109,1,80,108,0,108,0,0,0,0,0,39,39,37,37,32,32,55
"4682",81,"[80]GxffcHdwaCqxLFBcilwafndbCLCebbkjwafofCJBdHdwaendaCxIKCabiaeDbCacwafwendCJCaboceK",116,1,80,115,0,115,0,0,0,0,0,35,35,36,36,44,44,55
"4683",82,"[80]GxffcHdwaCqxLFBcilwafndbCLCebbkjwafofCJBdHdwaendaCxIKCabiaeDbCacwafwendCJCaboceK",111,1,80,110,0,110,0,0,0,0,0,47,47,31,31,32,32,55
"4684",83,"[80]GxffcHdwaCqxLFBcilwafndbCLCebbkjwafofCJBdHdwaendaCxIKCabiaeDbCacwafwendCJCaboceK",103,0.955357,80,112,5,107,5,5,0,5,5,43,38,38,38,31,31,55
"4685",84,"[80]GxffcHdwaCqxLFBcilwafndbCLCebbkjwafofCJBdHdwaendaCxIKCabiaeDbCacwafwendCJCaboceK",112,0.99115,80,113,1,112,1,1,0,1,1,36,35,39,39,38,38,55
"4686",85,"[80]GxffcHdwaCqxLFBcilwafndbCLCebbkjwafofCJBdHdwaendaCxIKCabiaeDbCacwafwendCJCaboceK",107,0.981818,80,110,2,108,2,2,0,2,2,36,34,39,39,35,35,55
"4687",86,"[80]GxffcHdwaCqxLFBcilwafndbCLCebbkjwafofCJBdHdwaendaCxIKCabiaeDbCacwafwendCJCaboceK",105,1,80,104,0,104,0,0,0,0,0,41,41,38,38,25,25,55
"4688",87,"[80]GxffcHdwaCqxLFBcilwafndbCLCebbkjwafofCJBdHdwaendaCxIKCabiaeDbCacwafwendCJCaboceK",109,0.982143,80,112,2,110,2,2,0,2,2,40,38,36,36,36,36,55
"4689",88,"[80]GxffcHdwaCqxLFBcilwafndbCLCebbkjwafofCJBdHdwaendaCxIKCabiaeDbCacwafwendCJCaboceK",112,0.974359,80,117,3,114,3,3,0,3,3,36,33,35,35,46,46,55
"4690",89,"[80]GxffcHdwaCqxLFBcilwafndbCLCebbkjwafofCJBdHdwaendaCxIKCabiaeDbCacwafwendCJCaboceK",110,1,80,109,0,109,0,0,0,0,0,41,41,36,36,32,32,55
"4691",90,"[80]GxffcHdwaCqxLFBcilwafndbCLCebbkjwafofCJBdHdwaendaCxIKCabiaeDbCacwafwendCJCaboceK",110,0.973913,80,115,3,112,3,3,0,3,3,44,41,34,34,37,37,55
"4692",91,"[80]GxffcHdwaCqxLFBcilwafndbCLCebbkjwafofCJBdHdwaendaCxIKCabiaeDbCacwafwendCJCaboceK",118,1,80,117,0,117,0,0,0,0,0,32,32,37,37,48,48,55
"4693",92,"[80]GxffcHdwaCqxLFBcilwafndbCLCebbkjwafofCJBdHdwaendaCxIKCabiaeDbCacwafwendCJCaboceK",115,1,80,114,0,114,0,0,0,0,0,32,32,46,46,36,36,55
"4694",93,"[80]GxffcHdwaCqxLFBcilwafndbCLCebbkjwafofCJBdHdwaendaCxIKCabiaeDbCacwafwendCJCaboceK",111,1,80,110,0,110,0,0,0,0,0,33,33,40,40,37,37,55
"4695",94,"[80]GxffcHdwaCqxLFBcilwafndbCLCebbkjwafofCJBdHdwaendaCxIKCabiaeDbCacwafwendCJCaboceK",110,0.982301,80,113,2,111,2,2,0,2,2,42,40,35,35,36,36,55
"4696",95,"[80]GxffcHdwaCqxLFBcilwafndbCLCebbkjwafofCJBdHdwaendaCxIKCabiaeDbCacwafwendCJCaboceK",103,0.981132,80,106,2,104,2,2,0,2,2,31,29,46,46,29,29,55
"4697",96,"[80]GxffcHdwaCqxLFBcilwafndbCLCebbkjwafofCJBdHdwaendaCxIKCabiaeDbCacwafwendCJCaboceK",111,1,80,110,0,110,0,0,0,0,0,35,35,38,38,37,37,55
"4698",97,"[80]GxffcHdwaCqxLFBcilwafndbCLCebbkjwafofCJBdHdwaendaCxIKCabiaeDbCacwafwendCJCaboceK",109,0.990909,80,110,1,109,1,1,0,1,1,44,43,37,37,29,29,55
"4699",98,"[80]GxffcHdwaCqxLFBcilwafndbCLCebbkjwafofCJBdHdwaendaCxIKCabiaeDbCacwafwendCJCaboceK",108,0.973451,80,113,3,110,3,3,0,3,3,42,39,34,34,37,37,55
"4700",99,"[80]GxffcHdwaCqxLFBcilwafndbCLCebbkjwafofCJBdHdwaendaCxIKCabiaeDbCacwafwendCJCaboceK",102,0.971963,80,107,3,104,3,3,0,3,3,45,42,38,38,24,24,55
"4701",0,"[79]GjfffHdwafndaCJCabvjuwafndbCLCabgkvvBwafnfCJBdHfwenfCIKAqEKBeaCebiyAFntxrLKnafK",140,1,79,139,0,139,0,0,0,0,0,30,30,50,50,59,59,56
"4702",1,"[79]GjfffHdwafndaCJCabvjuwafndbCLCabgkvvBwafnfCJBdHfwenfCIKAqEKBeaCebiyAFntxrLKnafK",139,0.985915,79,142,2,140,2,2,0,2,2,45,43,51,51,46,46,56
"4703",2,"[79]GjfffHdwafndaCJCabvjuwafndbCLCabgkvvBwafnfCJBdHfwenfCIKAqEKBeaCebiyAFntxrLKnafK",146,1,79,145,0,145,0,0,0,0,0,50,50,48,48,47,47,56
"4704",3,"[79]GjfffHdwafndaCJCabvjuwafndbCLCabgkvvBwafnfCJBdHfwenfCIKAqEKBeaCebiyAFntxrLKnafK",141,0.992958,79,142,1,141,1,1,0,1,1,44,43,50,50,48,48,56
"4705",4,"[79]GjfffHdwafndaCJCabvjuwafndbCLCabgkvvBwafnfCJBdHfwenfCIKAqEKBeaCebiyAFntxrLKnafK",144,0.993103,79,145,1,144,1,1,0,1,1,48,47,45,45,52,52,56
"4706",5,"[79]GjfffHdwafndaCJCabvjuwafndbCLCabgkvvBwafnfCJBdHfwenfCIKAqEKBeaCebiyAFntxrLKnafK",139,0.979167,79,144,3,141,3,3,0,3,3,44,41,45,45,55,55,56
"4707",6,"[79]GjfffHdwafndaCJCabvjuwafndbCLCabgkvvBwafnfCJBdHfwenfCIKAqEKBeaCebiyAFntxrLKnafK",146,0.986577,79,149,2,147,2,2,0,2,2,62,60,48,48,39,39,56
"4708",7,"[79]GjfffHdwafndaCJCabvjuwafndbCLCabgkvvBwafnfCJBdHfwenfCIKAqEKBeaCebiyAFntxrLKnafK",144,0.993103,79,145,1,144,1,1,0,1,1,54,53,51,51,40,40,56
"4709",8,"[79]GjfffHdwafndaCJCabvjuwafndbCLCabgkvvBwafnfCJBdHfwenfCIKAqEKBeaCebiyAFntxrLKnafK",139,0.985915,79,142,2,140,2,2,0,2,2,47,45,52,52,43,43,56
"4710",9,"[79]GjfffHdwafndaCJCabvjuwafndbCLCabgkvvBwafnfCJBdHfwenfCIKAqEKBeaCebiyAFntxrLKnafK",150,1,79,149,0,149,0,0,0,0,0,56,56,43,43,50,50,56
"4711",10,"[79]GjfffHdwafndaCJCabvjuwafndbCLCabgkvvBwafnfCJBdHfwenfCIKAqEKBeaCebiyAFntxrLKnafK",144,1,79,143,0,143,0,0,0,0,0,48,48,52,52,43,43,56
"4712",11,"[79]GjfffHdwafndaCJCabvjuwafndbCLCabgkvvBwafnfCJBdHfwenfCIKAqEKBeaCebiyAFntxrLKnafK",149,0.993333,79,150,1,149,1,1,0,1,1,60,59,43,43,47,47,56
"4713",12,"[79]GjfffHdwafndaCJCabvjuwafndbCLCabgkvvBwafnfCJBdHfwenfCIKAqEKBeaCebiyAFntxrLKnafK",149,1,79,148,0,148,0,0,0,0,0,54,54,44,44,50,50,56
"4714",13,"[79]GjfffHdwafndaCJCabvjuwafndbCLCabgkvvBwafnfCJBdHfwenfCIKAqEKBeaCebiyAFntxrLKnafK",143,1,79,142,0,142,0,0,0,0,0,45,45,53,53,44,44,56
"4715",14,"[79]GjfffHdwafndaCJCabvjuwafndbCLCabgkvvBwafnfCJBdHfwenfCIKAqEKBeaCebiyAFntxrLKnafK",146,0.993197,79,147,1,146,1,1,0,1,1,46,45,39,39,62,62,56
"4716",15,"[79]GjfffHdwafndaCJCabvjuwafndbCLCabgkvvBwafnfCJBdHfwenfCIKAqEKBeaCebiyAFntxrLKnafK",146,0.993197,79,147,1,146,1,1,0,1,1,54,53,46,46,47,47,56
"4717",16,"[79]GjfffHdwafndaCJCabvjuwafndbCLCabgkvvBwafnfCJBdHfwenfCIKAqEKBeaCebiyAFntxrLKnafK",142,0.993007,79,143,1,142,1,1,0,1,1,46,45,50,50,47,47,56
"4718",17,"[79]GjfffHdwafndaCJCabvjuwafndbCLCabgkvvBwafnfCJBdHfwenfCIKAqEKBeaCebiyAFntxrLKnafK",147,1,79,146,0,146,0,0,0,0,0,50,50,45,45,51,51,56
"4719",18,"[79]GjfffHdwafndaCJCabvjuwafndbCLCabgkvvBwafnfCJBdHfwenfCIKAqEKBeaCebiyAFntxrLKnafK",136,0.992701,79,137,1,136,1,1,0,1,1,36,35,56,56,45,45,56
"4720",19,"[79]GjfffHdwafndaCJCabvjuwafndbCLCabgkvvBwafnfCJBdHfwenfCIKAqEKBeaCebiyAFntxrLKnafK",145,0.993151,79,146,1,145,1,1,0,1,1,50,49,44,44,52,52,56
"4721",20,"[79]GjfffHdwafndaCJCabvjuwafndbCLCabgkvvBwafnfCJBdHfwenfCIKAqEKBeaCebiyAFntxrLKnafK",138,0.972414,79,145,4,141,4,4,0,4,4,47,43,44,44,54,54,56
"4722",21,"[79]GjfffHdwafndaCJCabvjuwafndbCLCabgkvvBwafnfCJBdHfwenfCIKAqEKBeaCebiyAFntxrLKnafK",141,1,79,140,0,140,0,0,0,0,0,40,40,54,54,46,46,56
"4723",22,"[79]GjfffHdwafndaCJCabvjuwafndbCLCabgkvvBwafnfCJBdHfwenfCIKAqEKBeaCebiyAFntxrLKnafK",146,1,79,145,0,145,0,0,0,0,0,50,50,47,47,48,48,56
"4724",23,"[79]GjfffHdwafndaCJCabvjuwafndbCLCabgkvvBwafnfCJBdHfwenfCIKAqEKBeaCebiyAFntxrLKnafK",139,0.992857,79,140,1,139,1,1,0,1,1,43,42,54,54,43,43,56
"4725",24,"[79]GjfffHdwafndaCJCabvjuwafndbCLCabgkvvBwafnfCJBdHfwenfCIKAqEKBeaCebiyAFntxrLKnafK",148,1,79,147,0,147,0,0,0,0,0,49,49,42,42,56,56,56
"4726",25,"[79]GjfffHdwafndaCJCabvjuwafndbCLCabgkvvBwafnfCJBdHfwenfCIKAqEKBeaCebiyAFntxrLKnafK",143,1,79,142,0,142,0,0,0,0,0,45,45,52,52,45,45,56
"4727",26,"[79]GjfffHdwafndaCJCabvjuwafndbCLCabgkvvBwafnfCJBdHfwenfCIKAqEKBeaCebiyAFntxrLKnafK",135,0.971831,79,142,4,138,4,4,0,4,4,45,41,50,50,47,47,56
"4728",27,"[79]GjfffHdwafndaCJCabvjuwafndbCLCabgkvvBwafnfCJBdHfwenfCIKAqEKBeaCebiyAFntxrLKnafK",135,0.965278,79,144,5,139,5,5,0,5,5,51,46,49,49,44,44,56
"4729",28,"[79]GjfffHdwafndaCJCabvjuwafndbCLCabgkvvBwafnfCJBdHfwenfCIKAqEKBeaCebiyAFntxrLKnafK",141,0.992958,79,142,1,141,1,1,0,1,1,43,42,50,50,49,49,56
"4730",29,"[79]GjfffHdwafndaCJCabvjuwafndbCLCabgkvvBwafnfCJBdHfwenfCIKAqEKBeaCebiyAFntxrLKnafK",133,0.978261,79,138,3,135,3,3,0,3,3,44,41,59,59,35,35,56
"4731",30,"[79]GjfffHdwafndaCJCabvjuwafndbCLCabgkvvBwafnfCJBdHfwenfCIKAqEKBeaCebiyAFntxrLKnafK",146,0.993197,79,147,1,146,1,1,0,1,1,45,44,39,39,63,63,56
"4732",31,"[79]GjfffHdwafndaCJCabvjuwafndbCLCabgkvvBwafnfCJBdHfwenfCIKAqEKBeaCebiyAFntxrLKnafK",146,0.993197,79,147,1,146,1,1,0,1,1,51,50,44,44,52,52,56
"4733",32,"[79]GjfffHdwafndaCJCabvjuwafndbCLCabgkvvBwafnfCJBdHfwenfCIKAqEKBeaCebiyAFntxrLKnafK",141,0.992958,79,142,1,141,1,1,0,1,1,45,44,53,53,44,44,56
"4734",33,"[79]GjfffHdwafndaCJCabvjuwafndbCLCabgkvvBwafnfCJBdHfwenfCIKAqEKBeaCebiyAFntxrLKnafK",146,0.993197,79,147,1,146,1,1,0,1,1,53,52,45,45,49,49,56
"4735",34,"[79]GjfffHdwafndaCJCabvjuwafndbCLCabgkvvBwafnfCJBdHfwenfCIKAqEKBeaCebiyAFntxrLKnafK",144,0.986395,79,147,2,145,2,2,0,2,2,51,49,42,42,54,54,56
"4736",35,"[79]GjfffHdwafndaCJCabvjuwafndbCLCabgkvvBwafnfCJBdHfwenfCIKAqEKBeaCebiyAFntxrLKnafK",142,1,79,141,0,141,0,0,0,0,0,43,43,54,54,44,44,56
"4737",36,"[79]GjfffHdwafndaCJCabvjuwafndbCLCabgkvvBwafnfCJBdHfwenfCIKAqEKBeaCebiyAFntxrLKnafK",146,0.993197,79,147,1,146,1,1,0,1,1,54,53,45,45,48,48,56
"4738",37,"[79]GjfffHdwafndaCJCabvjuwafndbCLCabgkvvBwafnfCJBdHfwenfCIKAqEKBeaCebiyAFntxrLKnafK",146,1,79,145,0,145,0,0,0,0,0,51,51,48,48,46,46,56
"4739",38,"[79]GjfffHdwafndaCJCabvjuwafndbCLCabgkvvBwafnfCJBdHfwenfCIKAqEKBeaCebiyAFntxrLKnafK",144,0.993103,79,145,1,144,1,1,0,1,1,52,51,49,49,44,44,56
"4740",39,"[79]GjfffHdwafndaCJCabvjuwafndbCLCabgkvvBwafnfCJBdHfwenfCIKAqEKBeaCebiyAFntxrLKnafK",148,0.993289,79,149,1,148,1,1,0,1,1,57,56,43,43,49,49,56
"4741",40,"[79]GjfffHdwafndaCJCabvjuwafndbCLCabgkvvBwafnfCJBdHfwenfCIKAqEKBeaCebiyAFntxrLKnafK",143,1,79,142,0,142,0,0,0,0,0,42,42,50,50,50,50,56
"4742",41,"[79]GjfffHdwafndaCJCabvjuwafndbCLCabgkvvBwafnfCJBdHfwenfCIKAqEKBeaCebiyAFntxrLKnafK",150,1,79,149,0,149,0,0,0,0,0,63,63,49,49,37,37,56
"4743",42,"[79]GjfffHdwafndaCJCabvjuwafndbCLCabgkvvBwafnfCJBdHfwenfCIKAqEKBeaCebiyAFntxrLKnafK",144,1,79,143,0,143,0,0,0,0,0,48,48,52,52,43,43,56
"4744",43,"[79]GjfffHdwafndaCJCabvjuwafndbCLCabgkvvBwafnfCJBdHfwenfCIKAqEKBeaCebiyAFntxrLKnafK",139,1,79,138,0,138,0,0,0,0,0,33,33,52,52,53,53,56
"4745",44,"[79]GjfffHdwafndaCJCabvjuwafndbCLCabgkvvBwafnfCJBdHfwenfCIKAqEKBeaCebiyAFntxrLKnafK",141,1,79,140,0,140,0,0,0,0,0,34,34,48,48,58,58,56
"4746",45,"[79]GjfffHdwafndaCJCabvjuwafndbCLCabgkvvBwafnfCJBdHfwenfCIKAqEKBeaCebiyAFntxrLKnafK",140,0.97931,79,145,3,142,3,3,0,3,3,49,46,46,46,50,50,56
"4747",46,"[79]GjfffHdwafndaCJCabvjuwafndbCLCabgkvvBwafnfCJBdHfwenfCIKAqEKBeaCebiyAFntxrLKnafK",146,1,79,145,0,145,0,0,0,0,0,53,53,50,50,42,42,56
"4748",47,"[79]GjfffHdwafndaCJCabvjuwafndbCLCabgkvvBwafnfCJBdHfwenfCIKAqEKBeaCebiyAFntxrLKnafK",150,1,79,149,0,149,0,0,0,0,0,55,55,41,41,53,53,56
"4749",48,"[79]GjfffHdwafndaCJCabvjuwafndbCLCabgkvvBwafnfCJBdHfwenfCIKAqEKBeaCebiyAFntxrLKnafK",139,0.979167,79,144,3,141,3,3,0,3,3,51,48,50,50,43,43,56
"4750",49,"[79]GjfffHdwafndaCJCabvjuwafndbCLCabgkvvBwafnfCJBdHfwenfCIKAqEKBeaCebiyAFntxrLKnafK",143,0.986301,79,146,2,144,2,2,0,2,2,53,51,47,47,46,46,56
"4751",50,"[79]GjfffHdwafndaCJCabvjuwafndbCLCabgkvvBwafnfCJBdHfwenfCIKAqEKBeaCebiyAFntxrLKnafK",133,0.978261,79,138,3,135,3,3,0,3,3,38,35,57,57,43,43,56
"4752",51,"[79]GjfffHdwafndaCJCabvjuwafndbCLCabgkvvBwafnfCJBdHfwenfCIKAqEKBeaCebiyAFntxrLKnafK",142,1,79,141,0,141,0,0,0,0,0,47,47,56,56,38,38,56
"4753",52,"[79]GjfffHdwafndaCJCabvjuwafndbCLCabgkvvBwafnfCJBdHfwenfCIKAqEKBeaCebiyAFntxrLKnafK",141,1,79,140,0,140,0,0,0,0,0,39,39,52,52,49,49,56
"4754",53,"[79]GjfffHdwafndaCJCabvjuwafndbCLCabgkvvBwafnfCJBdHfwenfCIKAqEKBeaCebiyAFntxrLKnafK",148,1,79,147,0,147,0,0,0,0,0,56,56,49,49,42,42,56
"4755",54,"[79]GjfffHdwafndaCJCabvjuwafndbCLCabgkvvBwafnfCJBdHfwenfCIKAqEKBeaCebiyAFntxrLKnafK",127,0.95,79,140,7,133,7,7,0,7,7,42,35,50,50,48,48,56
"4756",55,"[79]GjfffHdwafndaCJCabvjuwafndbCLCabgkvvBwafnfCJBdHfwenfCIKAqEKBeaCebiyAFntxrLKnafK",138,0.992806,79,139,1,138,1,1,0,1,1,45,44,58,58,36,36,56
"4757",56,"[79]GjfffHdwafndaCJCabvjuwafndbCLCabgkvvBwafnfCJBdHfwenfCIKAqEKBeaCebiyAFntxrLKnafK",146,0.993197,79,147,1,146,1,1,0,1,1,54,53,46,46,47,47,56
"4758",57,"[79]GjfffHdwafndaCJCabvjuwafndbCLCabgkvvBwafnfCJBdHfwenfCIKAqEKBeaCebiyAFntxrLKnafK",148,1,79,147,0,147,0,0,0,0,0,55,55,47,47,45,45,56
"4759",58,"[79]GjfffHdwafndaCJCabvjuwafndbCLCabgkvvBwafnfCJBdHfwenfCIKAqEKBeaCebiyAFntxrLKnafK",146,1,79,145,0,145,0,0,0,0,0,48,48,47,47,50,50,56
"4760",59,"[79]GjfffHdwafndaCJCabvjuwafndbCLCabgkvvBwafnfCJBdHfwenfCIKAqEKBeaCebiyAFntxrLKnafK",147,0.993243,79,148,1,147,1,1,0,1,1,54,53,42,42,52,52,56
"4761",60,"[79]GjfffHdwafndaCJCabvjuwafndbCLCabgkvvBwafnfCJBdHfwenfCIKAqEKBeaCebiyAFntxrLKnafK",146,0.986577,79,149,2,147,2,2,0,2,2,59,57,43,43,47,47,56
"4762",61,"[79]GjfffHdwafndaCJCabvjuwafndbCLCabgkvvBwafnfCJBdHfwenfCIKAqEKBeaCebiyAFntxrLKnafK",143,0.986301,79,146,2,144,2,2,0,2,2,52,50,46,46,48,48,56
"4763",62,"[79]GjfffHdwafndaCJCabvjuwafndbCLCabgkvvBwafnfCJBdHfwenfCIKAqEKBeaCebiyAFntxrLKnafK",147,0.993243,79,148,1,147,1,1,0,1,1,52,51,43,43,53,53,56
"4764",63,"[79]GjfffHdwafndaCJCabvjuwafndbCLCabgkvvBwafnfCJBdHfwenfCIKAqEKBeaCebiyAFntxrLKnafK",145,1,79,144,0,144,0,0,0,0,0,39,39,44,44,61,61,56
"4765",64,"[79]GjfffHdwafndaCJCabvjuwafndbCLCabgkvvBwafnfCJBdHfwenfCIKAqEKBeaCebiyAFntxrLKnafK",142,1,79,141,0,141,0,0,0,0,0,44,44,55,55,42,42,56
"4766",65,"[79]GjfffHdwafndaCJCabvjuwafndbCLCabgkvvBwafnfCJBdHfwenfCIKAqEKBeaCebiyAFntxrLKnafK",142,1,79,141,0,141,0,0,0,0,0,42,42,51,51,48,48,56
"4767",66,"[79]GjfffHdwafndaCJCabvjuwafndbCLCabgkvvBwafnfCJBdHfwenfCIKAqEKBeaCebiyAFntxrLKnafK",135,0.978571,79,140,3,137,3,3,0,3,3,42,39,52,52,46,46,56
"4768",67,"[79]GjfffHdwafndaCJCabvjuwafndbCLCabgkvvBwafnfCJBdHfwenfCIKAqEKBeaCebiyAFntxrLKnafK",148,1,79,147,0,147,0,0,0,0,0,49,49,44,44,54,54,56
"4769",68,"[79]GjfffHdwafndaCJCabvjuwafndbCLCabgkvvBwafnfCJBdHfwenfCIKAqEKBeaCebiyAFntxrLKnafK",133,0.971429,79,140,4,136,4,4,0,4,4,38,34,49,49,53,53,56
"4770",69,"[79]GjfffHdwafndaCJCabvjuwafndbCLCabgkvvBwafnfCJBdHfwenfCIKAqEKBeaCebiyAFntxrLKnafK",137,0.972222,79,144,4,140,4,4,0,4,4,49,45,47,47,48,48,56
"4771",70,"[79]GjfffHdwafndaCJCabvjuwafndbCLCabgkvvBwafnfCJBdHfwenfCIKAqEKBeaCebiyAFntxrLKnafK",135,0.978571,79,140,3,137,3,3,0,3,3,41,38,52,52,47,47,56
"4772",71,"[79]GjfffHdwafndaCJCabvjuwafndbCLCabgkvvBwafnfCJBdHfwenfCIKAqEKBeaCebiyAFntxrLKnafK",141,1,79,140,0,140,0,0,0,0,0,42,42,55,55,43,43,56
"4773",72,"[79]GjfffHdwafndaCJCabvjuwafndbCLCabgkvvBwafnfCJBdHfwenfCIKAqEKBeaCebiyAFntxrLKnafK",140,1,79,139,0,139,0,0,0,0,0,36,36,52,52,51,51,56
"4774",73,"[79]GjfffHdwafndaCJCabvjuwafndbCLCabgkvvBwafnfCJBdHfwenfCIKAqEKBeaCebiyAFntxrLKnafK",145,1,79,144,0,144,0,0,0,0,0,53,53,52,52,39,39,56
"4775",74,"[79]GjfffHdwafndaCJCabvjuwafndbCLCabgkvvBwafnfCJBdHfwenfCIKAqEKBeaCebiyAFntxrLKnafK",145,0.98,79,150,3,147,3,3,0,3,3,62,59,45,45,43,43,56
"4776",75,"[79]GjfffHdwafndaCJCabvjuwafndbCLCabgkvvBwafnfCJBdHfwenfCIKAqEKBeaCebiyAFntxrLKnafK",151,1,79,150,0,150,0,0,0,0,0,61,61,44,44,45,45,56
"4777",76,"[79]GjfffHdwafndaCJCabvjuwafndbCLCabgkvvBwafnfCJBdHfwenfCIKAqEKBeaCebiyAFntxrLKnafK",147,1,79,146,0,146,0,0,0,0,0,44,44,42,42,60,60,56
"4778",77,"[79]GjfffHdwafndaCJCabvjuwafndbCLCabgkvvBwafnfCJBdHfwenfCIKAqEKBeaCebiyAFntxrLKnafK",145,0.993151,79,146,1,145,1,1,0,1,1,53,52,48,48,45,45,56
"4779",78,"[79]GjfffHdwafndaCJCabvjuwafndbCLCabgkvvBwafnfCJBdHfwenfCIKAqEKBeaCebiyAFntxrLKnafK",145,0.986486,79,148,2,146,2,2,0,2,2,52,50,42,42,54,54,56
"4780",79,"[79]GjfffHdwafndaCJCabvjuwafndbCLCabgkvvBwafnfCJBdHfwenfCIKAqEKBeaCebiyAFntxrLKnafK",146,1,79,145,0,145,0,0,0,0,0,42,42,42,42,61,61,56
"4781",80,"[79]GjfffHdwafndaCJCabvjuwafndbCLCabgkvvBwafnfCJBdHfwenfCIKAqEKBeaCebiyAFntxrLKnafK",145,0.993151,79,146,1,145,1,1,0,1,1,55,54,48,48,43,43,56
"4782",81,"[79]GjfffHdwafndaCJCabvjuwafndbCLCabgkvvBwafnfCJBdHfwenfCIKAqEKBeaCebiyAFntxrLKnafK",137,1,79,136,0,136,0,0,0,0,0,28,28,55,55,53,53,56
"4783",82,"[79]GjfffHdwafndaCJCabvjuwafndbCLCabgkvvBwafnfCJBdHfwenfCIKAqEKBeaCebiyAFntxrLKnafK",146,1,79,145,0,145,0,0,0,0,0,47,47,46,46,52,52,56
"4784",83,"[79]GjfffHdwafndaCJCabvjuwafndbCLCabgkvvBwafnfCJBdHfwenfCIKAqEKBeaCebiyAFntxrLKnafK",137,0.978873,79,142,3,139,3,3,0,3,3,47,44,51,51,44,44,56
"4785",84,"[79]GjfffHdwafndaCJCabvjuwafndbCLCabgkvvBwafnfCJBdHfwenfCIKAqEKBeaCebiyAFntxrLKnafK",144,1,79,143,0,143,0,0,0,0,0,41,41,47,47,55,55,56
"4786",85,"[79]GjfffHdwafndaCJCabvjuwafndbCLCabgkvvBwafnfCJBdHfwenfCIKAqEKBeaCebiyAFntxrLKnafK",140,1,79,139,0,139,0,0,0,0,0,37,37,54,54,48,48,56
"4787",86,"[79]GjfffHdwafndaCJCabvjuwafndbCLCabgkvvBwafnfCJBdHfwenfCIKAqEKBeaCebiyAFntxrLKnafK",146,0.993197,79,147,1,146,1,1,0,1,1,56,55,46,46,45,45,56
"4788",87,"[79]GjfffHdwafndaCJCabvjuwafndbCLCabgkvvBwafnfCJBdHfwenfCIKAqEKBeaCebiyAFntxrLKnafK",144,1,79,143,0,143,0,0,0,0,0,38,38,45,45,60,60,56
"4789",88,"[79]GjfffHdwafndaCJCabvjuwafndbCLCabgkvvBwafnfCJBdHfwenfCIKAqEKBeaCebiyAFntxrLKnafK",141,0.986111,79,144,2,142,2,2,0,2,2,49,47,49,49,46,46,56
"4790",89,"[79]GjfffHdwafndaCJCabvjuwafndbCLCabgkvvBwafnfCJBdHfwenfCIKAqEKBeaCebiyAFntxrLKnafK",141,1,79,140,0,140,0,0,0,0,0,33,33,50,50,57,57,56
"4791",90,"[79]GjfffHdwafndaCJCabvjuwafndbCLCabgkvvBwafnfCJBdHfwenfCIKAqEKBeaCebiyAFntxrLKnafK",142,0.993007,79,143,1,142,1,1,0,1,1,49,48,51,51,43,43,56
"4792",91,"[79]GjfffHdwafndaCJCabvjuwafndbCLCabgkvvBwafnfCJBdHfwenfCIKAqEKBeaCebiyAFntxrLKnafK",146,1,79,145,0,145,0,0,0,0,0,53,53,50,50,42,42,56
"4793",92,"[79]GjfffHdwafndaCJCabvjuwafndbCLCabgkvvBwafnfCJBdHfwenfCIKAqEKBeaCebiyAFntxrLKnafK",143,1,79,142,0,142,0,0,0,0,0,45,45,54,54,43,43,56
"4794",93,"[79]GjfffHdwafndaCJCabvjuwafndbCLCabgkvvBwafnfCJBdHfwenfCIKAqEKBeaCebiyAFntxrLKnafK",152,0.993464,79,153,1,152,1,1,0,1,1,58,57,35,35,60,60,56
"4795",94,"[79]GjfffHdwafndaCJCabvjuwafndbCLCabgkvvBwafnfCJBdHfwenfCIKAqEKBeaCebiyAFntxrLKnafK",152,1,79,151,0,151,0,0,0,0,0,55,55,38,38,58,58,56
"4796",95,"[79]GjfffHdwafndaCJCabvjuwafndbCLCabgkvvBwafnfCJBdHfwenfCIKAqEKBeaCebiyAFntxrLKnafK",149,1,79,148,0,148,0,0,0,0,0,52,52,42,42,54,54,56
"4797",96,"[79]GjfffHdwafndaCJCabvjuwafndbCLCabgkvvBwafnfCJBdHfwenfCIKAqEKBeaCebiyAFntxrLKnafK",147,0.986667,79,150,2,148,2,2,0,2,2,57,55,40,40,53,53,56
"4798",97,"[79]GjfffHdwafndaCJCabvjuwafndbCLCabgkvvBwafnfCJBdHfwenfCIKAqEKBeaCebiyAFntxrLKnafK",142,1,79,141,0,141,0,0,0,0,0,45,45,54,54,42,42,56
"4799",98,"[79]GjfffHdwafndaCJCabvjuwafndbCLCabgkvvBwafnfCJBdHfwenfCIKAqEKBeaCebiyAFntxrLKnafK",144,1,79,143,0,143,0,0,0,0,0,47,47,51,51,45,45,56
"4800",99,"[79]GjfffHdwafndaCJCabvjuwafndbCLCabgkvvBwafnfCJBdHfwenfCIKAqEKBeaCebiyAFntxrLKnafK",146,1,79,145,0,145,0,0,0,0,0,47,47,46,46,52,52,56
"4801",0,"[88]GjfffHdwaClvBmmsxfHkbwandbCLCefgEyshxwafnfCJBdwHdwendfCIKdqgxeBeaCEqenxafwendaqJCabqdzeK",110,1,88,109,0,109,0,0,0,0,0,38,38,32,32,39,39,57
"4802",1,"[88]GjfffHdwaClvBmmsxfHkbwandbCLCefgEyshxwafnfCJBdwHdwendfCIKdqgxeBeaCEqenxafwendaqJCabqdzeK",104,0.981308,88,107,2,105,2,2,0,2,2,31,29,41,41,35,35,57
"4803",2,"[88]GjfffHdwaClvBmmsxfHkbwandbCLCefgEyshxwafnfCJBdwHdwendfCIKdqgxeBeaCEqenxafwendaqJCabqdzeK",106,0.972973,88,111,3,108,3,3,0,3,3,38,35,32,32,41,41,57
"4804",3,"[88]GjfffHdwaClvBmmsxfHkbwandbCLCefgEyshxwafnfCJBdwHdwendfCIKdqgxeBeaCEqenxafwendaqJCabqdzeK",109,1,88,108,0,108,0,0,0,0,0,44,44,28,28,36,36,57
"4805",4,"[88]GjfffHdwaClvBmmsxfHkbwandbCLCefgEyshxwafnfCJBdwHdwendfCIKdqgxeBeaCEqenxafwendaqJCabqdzeK",107,1,88,106,0,106,0,0,0,0,0,33,33,39,39,34,34,57
"4806",5,"[88]GjfffHdwaClvBmmsxfHkbwandbCLCefgEyshxwafnfCJBdwHdwendfCIKdqgxeBeaCEqenxafwendaqJCabqdzeK",108,1,88,107,0,107,0,0,0,0,0,33,33,39,39,35,35,57
"4807",6,"[88]GjfffHdwaClvBmmsxfHkbwandbCLCefgEyshxwafnfCJBdwHdwendfCIKdqgxeBeaCEqenxafwendaqJCabqdzeK",108,0.990826,88,109,1,108,1,1,0,1,1,36,35,34,34,39,39,57
"4808",7,"[88]GjfffHdwaClvBmmsxfHkbwandbCLCefgEyshxwafnfCJBdwHdwendfCIKdqgxeBeaCEqenxafwendaqJCabqdzeK",107,0.990741,88,108,1,107,1,1,0,1,1,36,35,36,36,36,36,57
"4809",8,"[88]GjfffHdwaClvBmmsxfHkbwandbCLCefgEyshxwafnfCJBdwHdwendfCIKdqgxeBeaCEqenxafwendaqJCabqdzeK",107,1,88,106,0,106,0,0,0,0,0,37,37,36,36,33,33,57
"4810",9,"[88]GjfffHdwaClvBmmsxfHkbwandbCLCefgEyshxwafnfCJBdwHdwendfCIKdqgxeBeaCEqenxafwendaqJCabqdzeK",99,0.971154,88,104,3,101,3,3,0,3,3,30,27,46,46,28,28,57
"4811",10,"[88]GjfffHdwaClvBmmsxfHkbwandbCLCefgEyshxwafnfCJBdwHdwendfCIKdqgxeBeaCEqenxafwendaqJCabqdzeK",100,0.980583,88,103,2,101,2,2,0,2,2,38,36,41,41,24,24,57
"4812",11,"[88]GjfffHdwaClvBmmsxfHkbwandbCLCefgEyshxwafnfCJBdwHdwendfCIKdqgxeBeaCEqenxafwendaqJCabqdzeK",105,0.990566,88,106,1,105,1,1,0,1,1,30,29,43,43,33,33,57
"4813",12,"[88]GjfffHdwaClvBmmsxfHkbwandbCLCefgEyshxwafnfCJBdwHdwendfCIKdqgxeBeaCEqenxafwendaqJCabqdzeK",103,0.981132,88,106,2,104,2,2,0,2,2,32,30,43,43,31,31,57
"4814",13,"[88]GjfffHdwaClvBmmsxfHkbwandbCLCefgEyshxwafnfCJBdwHdwendfCIKdqgxeBeaCEqenxafwendaqJCabqdzeK",97,0.936364,88,110,7,103,7,7,0,7,7,37,30,37,37,36,36,57
"4815",14,"[88]GjfffHdwaClvBmmsxfHkbwandbCLCefgEyshxwafnfCJBdwHdwendfCIKdqgxeBeaCEqenxafwendaqJCabqdzeK",105,1,88,104,0,104,0,0,0,0,0,36,36,39,39,29,29,57
"4816",15,"[88]GjfffHdwaClvBmmsxfHkbwandbCLCefgEyshxwafnfCJBdwHdwendfCIKdqgxeBeaCEqenxafwendaqJCabqdzeK",99,0.971154,88,104,3,101,3,3,0,3,3,40,37,38,38,26,26,57
"4817",16,"[88]GjfffHdwaClvBmmsxfHkbwandbCLCefgEyshxwafnfCJBdwHdwendfCIKdqgxeBeaCEqenxafwendaqJCabqdzeK",105,1,88,104,0,104,0,0,0,0,0,34,34,41,41,29,29,57
"4818",17,"[88]GjfffHdwaClvBmmsxfHkbwandbCLCefgEyshxwafnfCJBdwHdwendfCIKdqgxeBeaCEqenxafwendaqJCabqdzeK",106,0.990654,88,107,1,106,1,1,0,1,1,33,32,39,39,35,35,57
"4819",18,"[88]GjfffHdwaClvBmmsxfHkbwandbCLCefgEyshxwafnfCJBdwHdwendfCIKdqgxeBeaCEqenxafwendaqJCabqdzeK",109,1,88,108,0,108,0,0,0,0,0,37,37,34,34,37,37,57
"4820",19,"[88]GjfffHdwaClvBmmsxfHkbwandbCLCefgEyshxwafnfCJBdwHdwendfCIKdqgxeBeaCEqenxafwendaqJCabqdzeK",109,0.982143,88,112,2,110,2,2,0,2,2,32,30,36,36,44,44,57
"4821",20,"[88]GjfffHdwaClvBmmsxfHkbwandbCLCefgEyshxwafnfCJBdwHdwendfCIKdqgxeBeaCEqenxafwendaqJCabqdzeK",102,0.990291,88,103,1,102,1,1,0,1,1,26,25,49,49,28,28,57
"4822",21,"[88]GjfffHdwaClvBmmsxfHkbwandbCLCefgEyshxwafnfCJBdwHdwendfCIKdqgxeBeaCEqenxafwendaqJCabqdzeK",108,1,88,107,0,107,0,0,0,0,0,41,41,32,32,34,34,57
"4823",22,"[88]GjfffHdwaClvBmmsxfHkbwandbCLCefgEyshxwafnfCJBdwHdwendfCIKdqgxeBeaCEqenxafwendaqJCabqdzeK",102,0.980952,88,105,2,103,2,2,0,2,2,35,33,40,40,30,30,57
"4824",23,"[88]GjfffHdwaClvBmmsxfHkbwandbCLCefgEyshxwafnfCJBdwHdwendfCIKdqgxeBeaCEqenxafwendaqJCabqdzeK",105,1,88,104,0,104,0,0,0,0,0,39,39,36,36,29,29,57
"4825",24,"[88]GjfffHdwaClvBmmsxfHkbwandbCLCefgEyshxwafnfCJBdwHdwendfCIKdqgxeBeaCEqenxafwendaqJCabqdzeK",109,1,88,108,0,108,0,0,0,0,0,36,36,34,34,38,38,57
"4826",25,"[88]GjfffHdwaClvBmmsxfHkbwandbCLCefgEyshxwafnfCJBdwHdwendfCIKdqgxeBeaCEqenxafwendaqJCabqdzeK",112,1,88,111,0,111,0,0,0,0,0,37,37,31,31,43,43,57
"4827",26,"[88]GjfffHdwaClvBmmsxfHkbwandbCLCefgEyshxwafnfCJBdwHdwendfCIKdqgxeBeaCEqenxafwendaqJCabqdzeK",108,1,88,107,0,107,0,0,0,0,0,36,36,35,35,36,36,57
"4828",27,"[88]GjfffHdwaClvBmmsxfHkbwandbCLCefgEyshxwafnfCJBdwHdwendfCIKdqgxeBeaCEqenxafwendaqJCabqdzeK",108,1,88,107,0,107,0,0,0,0,0,32,32,39,39,36,36,57
"4829",28,"[88]GjfffHdwaClvBmmsxfHkbwandbCLCefgEyshxwafnfCJBdwHdwendfCIKdqgxeBeaCEqenxafwendaqJCabqdzeK",101,0.971698,88,106,3,103,3,3,0,3,3,38,35,37,37,31,31,57
"4830",29,"[88]GjfffHdwaClvBmmsxfHkbwandbCLCefgEyshxwafnfCJBdwHdwendfCIKdqgxeBeaCEqenxafwendaqJCabqdzeK",104,1,88,103,0,103,0,0,0,0,0,41,41,36,36,26,26,57
"4831",30,"[88]GjfffHdwaClvBmmsxfHkbwandbCLCefgEyshxwafnfCJBdwHdwendfCIKdqgxeBeaCEqenxafwendaqJCabqdzeK",107,0.990741,88,108,1,107,1,1,0,1,1,39,38,33,33,36,36,57
"4832",31,"[88]GjfffHdwaClvBmmsxfHkbwandbCLCefgEyshxwafnfCJBdwHdwendfCIKdqgxeBeaCEqenxafwendaqJCabqdzeK",106,1,88,105,0,105,0,0,0,0,0,34,34,41,41,30,30,57
"4833",32,"[88]GjfffHdwaClvBmmsxfHkbwandbCLCefgEyshxwafnfCJBdwHdwendfCIKdqgxeBeaCEqenxafwendaqJCabqdzeK",106,1,88,105,0,105,0,0,0,0,0,30,30,43,43,32,32,57
"4834",33,"[88]GjfffHdwaClvBmmsxfHkbwandbCLCefgEyshxwafnfCJBdwHdwendfCIKdqgxeBeaCEqenxafwendaqJCabqdzeK",108,1,88,107,0,107,0,0,0,0,0,37,37,35,35,35,35,57
"4835",34,"[88]GjfffHdwaClvBmmsxfHkbwandbCLCefgEyshxwafnfCJBdwHdwendfCIKdqgxeBeaCEqenxafwendaqJCabqdzeK",108,0.990826,88,109,1,108,1,1,0,1,1,39,38,31,31,39,39,57
"4836",35,"[88]GjfffHdwaClvBmmsxfHkbwandbCLCefgEyshxwafnfCJBdwHdwendfCIKdqgxeBeaCEqenxafwendaqJCabqdzeK",107,1,88,106,0,106,0,0,0,0,0,26,26,45,45,35,35,57
"4837",36,"[88]GjfffHdwaClvBmmsxfHkbwandbCLCefgEyshxwafnfCJBdwHdwendfCIKdqgxeBeaCEqenxafwendaqJCabqdzeK",105,1,88,104,0,104,0,0,0,0,0,36,36,40,40,28,28,57
"4838",37,"[88]GjfffHdwaClvBmmsxfHkbwandbCLCefgEyshxwafnfCJBdwHdwendfCIKdqgxeBeaCEqenxafwendaqJCabqdzeK",101,0.980769,88,104,2,102,2,2,0,2,2,39,37,38,38,27,27,57
"4839",38,"[88]GjfffHdwaClvBmmsxfHkbwandbCLCefgEyshxwafnfCJBdwHdwendfCIKdqgxeBeaCEqenxafwendaqJCabqdzeK",102,0.990291,88,103,1,102,1,1,0,1,1,34,33,42,42,27,27,57
"4840",39,"[88]GjfffHdwaClvBmmsxfHkbwandbCLCefgEyshxwafnfCJBdwHdwendfCIKdqgxeBeaCEqenxafwendaqJCabqdzeK",104,0.990476,88,105,1,104,1,1,0,1,1,42,41,33,33,30,30,57
"4841",40,"[88]GjfffHdwaClvBmmsxfHkbwandbCLCefgEyshxwafnfCJBdwHdwendfCIKdqgxeBeaCEqenxafwendaqJCabqdzeK",110,1,88,109,0,109,0,0,0,0,0,40,40,30,30,39,39,57
"4842",41,"[88]GjfffHdwaClvBmmsxfHkbwandbCLCefgEyshxwafnfCJBdwHdwendfCIKdqgxeBeaCEqenxafwendaqJCabqdzeK",109,1,88,108,0,108,0,0,0,0,0,42,42,29,29,37,37,57
"4843",42,"[88]GjfffHdwaClvBmmsxfHkbwandbCLCefgEyshxwafnfCJBdwHdwendfCIKdqgxeBeaCEqenxafwendaqJCabqdzeK",107,0.990741,88,108,1,107,1,1,0,1,1,36,35,36,36,36,36,57
"4844",43,"[88]GjfffHdwaClvBmmsxfHkbwandbCLCefgEyshxwafnfCJBdwHdwendfCIKdqgxeBeaCEqenxafwendaqJCabqdzeK",104,0.990476,88,105,1,104,1,1,0,1,1,41,40,35,35,29,29,57
"4845",44,"[88]GjfffHdwaClvBmmsxfHkbwandbCLCefgEyshxwafnfCJBdwHdwendfCIKdqgxeBeaCEqenxafwendaqJCabqdzeK",108,1,88,107,0,107,0,0,0,0,0,38,38,34,34,35,35,57
"4846",45,"[88]GjfffHdwaClvBmmsxfHkbwandbCLCefgEyshxwafnfCJBdwHdwendfCIKdqgxeBeaCEqenxafwendaqJCabqdzeK",108,1,88,107,0,107,0,0,0,0,0,31,31,40,40,36,36,57
"4847",46,"[88]GjfffHdwaClvBmmsxfHkbwandbCLCefgEyshxwafnfCJBdwHdwendfCIKdqgxeBeaCEqenxafwendaqJCabqdzeK",109,1,88,108,0,108,0,0,0,0,0,34,34,36,36,38,38,57
"4848",47,"[88]GjfffHdwaClvBmmsxfHkbwandbCLCefgEyshxwafnfCJBdwHdwendfCIKdqgxeBeaCEqenxafwendaqJCabqdzeK",110,1,88,109,0,109,0,0,0,0,0,47,47,25,25,37,37,57
"4849",48,"[88]GjfffHdwaClvBmmsxfHkbwandbCLCefgEyshxwafnfCJBdwHdwendfCIKdqgxeBeaCEqenxafwendaqJCabqdzeK",107,0.981818,88,110,2,108,2,2,0,2,2,36,34,35,35,39,39,57
"4850",49,"[88]GjfffHdwaClvBmmsxfHkbwandbCLCefgEyshxwafnfCJBdwHdwendfCIKdqgxeBeaCEqenxafwendaqJCabqdzeK",104,0.990476,88,105,1,104,1,1,0,1,1,36,35,39,39,30,30,57
"4851",50,"[88]GjfffHdwaClvBmmsxfHkbwandbCLCefgEyshxwafnfCJBdwHdwendfCIKdqgxeBeaCEqenxafwendaqJCabqdzeK",107,1,88,106,0,106,0,0,0,0,0,30,30,43,43,33,33,57
"4852",51,"[88]GjfffHdwaClvBmmsxfHkbwandbCLCefgEyshxwafnfCJBdwHdwendfCIKdqgxeBeaCEqenxafwendaqJCabqdzeK",110,0.990991,88,111,1,110,1,1,0,1,1,29,28,39,39,43,43,57
"4853",52,"[88]GjfffHdwaClvBmmsxfHkbwandbCLCefgEyshxwafnfCJBdwHdwendfCIKdqgxeBeaCEqenxafwendaqJCabqdzeK",110,1,88,109,0,109,0,0,0,0,0,36,36,33,33,40,40,57
"4854",53,"[88]GjfffHdwaClvBmmsxfHkbwandbCLCefgEyshxwafnfCJBdwHdwendfCIKdqgxeBeaCEqenxafwendaqJCabqdzeK",104,0.990476,88,105,1,104,1,1,0,1,1,35,34,39,39,31,31,57
"4855",54,"[88]GjfffHdwaClvBmmsxfHkbwandbCLCefgEyshxwafnfCJBdwHdwendfCIKdqgxeBeaCEqenxafwendaqJCabqdzeK",108,1,88,107,0,107,0,0,0,0,0,34,34,37,37,36,36,57
"4856",55,"[88]GjfffHdwaClvBmmsxfHkbwandbCLCefgEyshxwafnfCJBdwHdwendfCIKdqgxeBeaCEqenxafwendaqJCabqdzeK",112,0.99115,88,113,1,112,1,1,0,1,1,29,28,36,36,48,48,57
"4857",56,"[88]GjfffHdwaClvBmmsxfHkbwandbCLCefgEyshxwafnfCJBdwHdwendfCIKdqgxeBeaCEqenxafwendaqJCabqdzeK",108,1,88,107,0,107,0,0,0,0,0,32,32,39,39,36,36,57
"4858",57,"[88]GjfffHdwaClvBmmsxfHkbwandbCLCefgEyshxwafnfCJBdwHdwendfCIKdqgxeBeaCEqenxafwendaqJCabqdzeK",99,0.962264,88,106,4,102,4,4,0,4,4,42,38,34,34,30,30,57
"4859",58,"[88]GjfffHdwaClvBmmsxfHkbwandbCLCefgEyshxwafnfCJBdwHdwendfCIKdqgxeBeaCEqenxafwendaqJCabqdzeK",112,1,88,111,0,111,0,0,0,0,0,37,37,31,31,43,43,57
"4860",59,"[88]GjfffHdwaClvBmmsxfHkbwandbCLCefgEyshxwafnfCJBdwHdwendfCIKdqgxeBeaCEqenxafwendaqJCabqdzeK",104,0.981308,88,107,2,105,2,2,0,2,2,26,24,47,47,34,34,57
"4861",60,"[88]GjfffHdwaClvBmmsxfHkbwandbCLCefgEyshxwafnfCJBdwHdwendfCIKdqgxeBeaCEqenxafwendaqJCabqdzeK",106,0.981651,88,109,2,107,2,2,0,2,2,35,33,36,36,38,38,57
"4862",61,"[88]GjfffHdwaClvBmmsxfHkbwandbCLCefgEyshxwafnfCJBdwHdwendfCIKdqgxeBeaCEqenxafwendaqJCabqdzeK",108,1,88,107,0,107,0,0,0,0,0,36,36,35,35,36,36,57
"4863",62,"[88]GjfffHdwaClvBmmsxfHkbwandbCLCefgEyshxwafnfCJBdwHdwendfCIKdqgxeBeaCEqenxafwendaqJCabqdzeK",110,1,88,109,0,109,0,0,0,0,0,28,28,41,41,40,40,57
"4864",63,"[88]GjfffHdwaClvBmmsxfHkbwandbCLCefgEyshxwafnfCJBdwHdwendfCIKdqgxeBeaCEqenxafwendaqJCabqdzeK",101,0.990196,88,102,1,101,1,1,0,1,1,38,37,40,40,24,24,57
"4865",64,"[88]GjfffHdwaClvBmmsxfHkbwandbCLCefgEyshxwafnfCJBdwHdwendfCIKdqgxeBeaCEqenxafwendaqJCabqdzeK",110,1,88,109,0,109,0,0,0,0,0,33,33,36,36,40,40,57
"4866",65,"[88]GjfffHdwaClvBmmsxfHkbwandbCLCefgEyshxwafnfCJBdwHdwendfCIKdqgxeBeaCEqenxafwendaqJCabqdzeK",105,1,88,104,0,104,0,0,0,0,0,33,33,43,43,28,28,57
"4867",66,"[88]GjfffHdwaClvBmmsxfHkbwandbCLCefgEyshxwafnfCJBdwHdwendfCIKdqgxeBeaCEqenxafwendaqJCabqdzeK",107,1,88,106,0,106,0,0,0,0,0,43,43,30,30,33,33,57
"4868",67,"[88]GjfffHdwaClvBmmsxfHkbwandbCLCefgEyshxwafnfCJBdwHdwendfCIKdqgxeBeaCEqenxafwendaqJCabqdzeK",108,1,88,107,0,107,0,0,0,0,0,34,34,37,37,36,36,57
"4869",68,"[88]GjfffHdwaClvBmmsxfHkbwandbCLCefgEyshxwafnfCJBdwHdwendfCIKdqgxeBeaCEqenxafwendaqJCabqdzeK",105,0.981481,88,108,2,106,2,2,0,2,2,40,38,32,32,36,36,57
"4870",69,"[88]GjfffHdwaClvBmmsxfHkbwandbCLCefgEyshxwafnfCJBdwHdwendfCIKdqgxeBeaCEqenxafwendaqJCabqdzeK",108,1,88,107,0,107,0,0,0,0,0,29,29,42,42,36,36,57
"4871",70,"[88]GjfffHdwaClvBmmsxfHkbwandbCLCefgEyshxwafnfCJBdwHdwendfCIKdqgxeBeaCEqenxafwendaqJCabqdzeK",101,0.980769,88,104,2,102,2,2,0,2,2,37,35,40,40,27,27,57
"4872",71,"[88]GjfffHdwaClvBmmsxfHkbwandbCLCefgEyshxwafnfCJBdwHdwendfCIKdqgxeBeaCEqenxafwendaqJCabqdzeK",105,0.990566,88,106,1,105,1,1,0,1,1,35,34,39,39,32,32,57
"4873",72,"[88]GjfffHdwaClvBmmsxfHkbwandbCLCefgEyshxwafnfCJBdwHdwendfCIKdqgxeBeaCEqenxafwendaqJCabqdzeK",101,0.971698,88,106,3,103,3,3,0,3,3,32,29,42,42,32,32,57
"4874",73,"[88]GjfffHdwaClvBmmsxfHkbwandbCLCefgEyshxwafnfCJBdwHdwendfCIKdqgxeBeaCEqenxafwendaqJCabqdzeK",106,1,88,105,0,105,0,0,0,0,0,36,36,38,38,31,31,57
"4875",74,"[88]GjfffHdwaClvBmmsxfHkbwandbCLCefgEyshxwafnfCJBdwHdwendfCIKdqgxeBeaCEqenxafwendaqJCabqdzeK",107,0.990741,88,108,1,107,1,1,0,1,1,43,42,30,30,35,35,57
"4876",75,"[88]GjfffHdwaClvBmmsxfHkbwandbCLCefgEyshxwafnfCJBdwHdwendfCIKdqgxeBeaCEqenxafwendaqJCabqdzeK",104,0.981308,88,107,2,105,2,2,0,2,2,40,38,35,35,32,32,57
"4877",76,"[88]GjfffHdwaClvBmmsxfHkbwandbCLCefgEyshxwafnfCJBdwHdwendfCIKdqgxeBeaCEqenxafwendaqJCabqdzeK",106,1,88,105,0,105,0,0,0,0,0,35,35,40,40,30,30,57
"4878",77,"[88]GjfffHdwaClvBmmsxfHkbwandbCLCefgEyshxwafnfCJBdwHdwendfCIKdqgxeBeaCEqenxafwendaqJCabqdzeK",99,0.980392,88,102,2,100,2,2,0,2,2,41,39,39,39,22,22,57
"4879",78,"[88]GjfffHdwaClvBmmsxfHkbwandbCLCefgEyshxwafnfCJBdwHdwendfCIKdqgxeBeaCEqenxafwendaqJCabqdzeK",106,1,88,105,0,105,0,0,0,0,0,38,38,36,36,31,31,57
"4880",79,"[88]GjfffHdwaClvBmmsxfHkbwandbCLCefgEyshxwafnfCJBdwHdwendfCIKdqgxeBeaCEqenxafwendaqJCabqdzeK",103,0.981132,88,106,2,104,2,2,0,2,2,42,40,33,33,31,31,57
"4881",80,"[88]GjfffHdwaClvBmmsxfHkbwandbCLCefgEyshxwafnfCJBdwHdwendfCIKdqgxeBeaCEqenxafwendaqJCabqdzeK",104,1,88,103,0,103,0,0,0,0,0,36,36,40,40,27,27,57
"4882",81,"[88]GjfffHdwaClvBmmsxfHkbwandbCLCefgEyshxwafnfCJBdwHdwendfCIKdqgxeBeaCEqenxafwendaqJCabqdzeK",105,1,88,104,0,104,0,0,0,0,0,28,28,46,46,30,30,57
"4883",82,"[88]GjfffHdwaClvBmmsxfHkbwandbCLCefgEyshxwafnfCJBdwHdwendfCIKdqgxeBeaCEqenxafwendaqJCabqdzeK",112,1,88,111,0,111,0,0,0,0,0,32,32,36,36,43,43,57
"4884",83,"[88]GjfffHdwaClvBmmsxfHkbwandbCLCefgEyshxwafnfCJBdwHdwendfCIKdqgxeBeaCEqenxafwendaqJCabqdzeK",113,1,88,112,0,112,0,0,0,0,0,32,32,33,33,47,47,57
"4885",84,"[88]GjfffHdwaClvBmmsxfHkbwandbCLCefgEyshxwafnfCJBdwHdwendfCIKdqgxeBeaCEqenxafwendaqJCabqdzeK",109,1,88,108,0,108,0,0,0,0,0,36,36,34,34,38,38,57
"4886",85,"[88]GjfffHdwaClvBmmsxfHkbwandbCLCefgEyshxwafnfCJBdwHdwendfCIKdqgxeBeaCEqenxafwendaqJCabqdzeK",109,1,88,108,0,108,0,0,0,0,0,36,36,35,35,37,37,57
"4887",86,"[88]GjfffHdwaClvBmmsxfHkbwandbCLCefgEyshxwafnfCJBdwHdwendfCIKdqgxeBeaCEqenxafwendaqJCabqdzeK",106,0.990654,88,107,1,106,1,1,0,1,1,32,31,41,41,34,34,57
"4888",87,"[88]GjfffHdwaClvBmmsxfHkbwandbCLCefgEyshxwafnfCJBdwHdwendfCIKdqgxeBeaCEqenxafwendaqJCabqdzeK",104,0.981308,88,107,2,105,2,2,0,2,2,34,32,39,39,34,34,57
"4889",88,"[88]GjfffHdwaClvBmmsxfHkbwandbCLCefgEyshxwafnfCJBdwHdwendfCIKdqgxeBeaCEqenxafwendaqJCabqdzeK",110,0.982301,88,113,2,111,2,2,0,2,2,30,28,35,35,48,48,57
"4890",89,"[88]GjfffHdwaClvBmmsxfHkbwandbCLCefgEyshxwafnfCJBdwHdwendfCIKdqgxeBeaCEqenxafwendaqJCabqdzeK",113,1,88,112,0,112,0,0,0,0,0,36,36,31,31,45,45,57
"4891",90,"[88]GjfffHdwaClvBmmsxfHkbwandbCLCefgEyshxwafnfCJBdwHdwendfCIKdqgxeBeaCEqenxafwendaqJCabqdzeK",107,1,88,106,0,106,0,0,0,0,0,33,33,39,39,34,34,57
"4892",91,"[88]GjfffHdwaClvBmmsxfHkbwandbCLCefgEyshxwafnfCJBdwHdwendfCIKdqgxeBeaCEqenxafwendaqJCabqdzeK",112,1,88,111,0,111,0,0,0,0,0,35,35,32,32,44,44,57
"4893",92,"[88]GjfffHdwaClvBmmsxfHkbwandbCLCefgEyshxwafnfCJBdwHdwendfCIKdqgxeBeaCEqenxafwendaqJCabqdzeK",112,1,88,111,0,111,0,0,0,0,0,27,27,40,40,44,44,57
"4894",93,"[88]GjfffHdwaClvBmmsxfHkbwandbCLCefgEyshxwafnfCJBdwHdwendfCIKdqgxeBeaCEqenxafwendaqJCabqdzeK",102,0.963303,88,109,4,105,4,4,0,4,4,40,36,34,34,35,35,57
"4895",94,"[88]GjfffHdwaClvBmmsxfHkbwandbCLCefgEyshxwafnfCJBdwHdwendfCIKdqgxeBeaCEqenxafwendaqJCabqdzeK",100,0.990099,88,101,1,100,1,1,0,1,1,44,43,36,36,21,21,57
"4896",95,"[88]GjfffHdwaClvBmmsxfHkbwandbCLCefgEyshxwafnfCJBdwHdwendfCIKdqgxeBeaCEqenxafwendaqJCabqdzeK",106,0.981651,88,109,2,107,2,2,0,2,2,40,38,32,32,37,37,57
"4897",96,"[88]GjfffHdwaClvBmmsxfHkbwandbCLCefgEyshxwafnfCJBdwHdwendfCIKdqgxeBeaCEqenxafwendaqJCabqdzeK",108,1,88,107,0,107,0,0,0,0,0,44,44,29,29,34,34,57
"4898",97,"[88]GjfffHdwaClvBmmsxfHkbwandbCLCefgEyshxwafnfCJBdwHdwendfCIKdqgxeBeaCEqenxafwendaqJCabqdzeK",109,1,88,108,0,108,0,0,0,0,0,32,32,38,38,38,38,57
"4899",98,"[88]GjfffHdwaClvBmmsxfHkbwandbCLCefgEyshxwafnfCJBdwHdwendfCIKdqgxeBeaCEqenxafwendaqJCabqdzeK",106,0.990654,88,107,1,106,1,1,0,1,1,44,43,30,30,33,33,57
"4900",99,"[88]GjfffHdwaClvBmmsxfHkbwandbCLCefgEyshxwafnfCJBdwHdwendfCIKdqgxeBeaCEqenxafwendaqJCabqdzeK",111,1,88,110,0,110,0,0,0,0,0,38,38,31,31,41,41,57
"4901",0,"[80]GDfeHdwaCuGcAbewafndbCLCabJswafoeaCJBdrHdbwendaCIKqAqiirBeaFCtuafAwendaqJCabaIeK",131,1,80,130,0,130,0,0,0,0,0,49,49,31,31,50,50,58
"4902",1,"[80]GDfeHdwaCuGcAbewafndbCLCabJswafoeaCJBdrHdbwendaCIKqAqiirBeaFCtuafAwendaqJCabaIeK",112,0.982609,80,115,2,113,2,2,0,2,2,33,31,41,41,41,41,58
"4903",2,"[80]GDfeHdwaCuGcAbewafndbCLCabJswafoeaCJBdrHdbwendaCIKqAqiirBeaFCtuafAwendaqJCabaIeK",113,1,80,112,0,112,0,0,0,0,0,37,37,38,38,37,37,58
"4904",3,"[80]GDfeHdwaCuGcAbewafndbCLCabJswafoeaCJBdrHdbwendaCIKqAqiirBeaFCtuafAwendaqJCabaIeK",114,1,80,113,0,113,0,0,0,0,0,37,37,38,38,38,38,58
"4905",4,"[80]GDfeHdwaCuGcAbewafndbCLCabJswafoeaCJBdrHdbwendaCIKqAqiirBeaFCtuafAwendaqJCabaIeK",122,1,80,121,0,121,0,0,0,0,0,41,41,33,33,47,47,58
"4906",5,"[80]GDfeHdwaCuGcAbewafndbCLCabJswafoeaCJBdrHdbwendaCIKqAqiirBeaFCtuafAwendaqJCabaIeK",107,0.981818,80,110,2,108,2,2,0,2,2,34,32,43,43,33,33,58
"4907",6,"[80]GDfeHdwaCuGcAbewafndbCLCabJswafoeaCJBdrHdbwendaCIKqAqiirBeaFCtuafAwendaqJCabaIeK",114,1,80,113,0,113,0,0,0,0,0,37,37,40,40,36,36,58
"4908",7,"[80]GDfeHdwaCuGcAbewafndbCLCabJswafoeaCJBdrHdbwendaCIKqAqiirBeaFCtuafAwendaqJCabaIeK",110,0.965812,80,117,4,113,4,4,0,4,4,36,32,41,41,40,40,58
"4909",8,"[80]GDfeHdwaCuGcAbewafndbCLCabJswafoeaCJBdrHdbwendaCIKqAqiirBeaFCtuafAwendaqJCabaIeK",122,0.99187,80,123,1,122,1,1,0,1,1,38,37,32,32,53,53,58
"4910",9,"[80]GDfeHdwaCuGcAbewafndbCLCabJswafoeaCJBdrHdbwendaCIKqAqiirBeaFCtuafAwendaqJCabaIeK",111,1,80,110,0,110,0,0,0,0,0,26,26,48,48,36,36,58
"4911",10,"[80]GDfeHdwaCuGcAbewafndbCLCabJswafoeaCJBdrHdbwendaCIKqAqiirBeaFCtuafAwendaqJCabaIeK",111,1,80,110,0,110,0,0,0,0,0,24,24,49,49,37,37,58
"4912",11,"[80]GDfeHdwaCuGcAbewafndbCLCabJswafoeaCJBdrHdbwendaCIKqAqiirBeaFCtuafAwendaqJCabaIeK",117,0.991525,80,118,1,117,1,1,0,1,1,31,30,39,39,48,48,58
"4913",12,"[80]GDfeHdwaCuGcAbewafndbCLCabJswafoeaCJBdrHdbwendaCIKqAqiirBeaFCtuafAwendaqJCabaIeK",114,0.982906,80,117,2,115,2,2,0,2,2,44,42,38,38,35,35,58
"4914",13,"[80]GDfeHdwaCuGcAbewafndbCLCabJswafoeaCJBdrHdbwendaCIKqAqiirBeaFCtuafAwendaqJCabaIeK",110,0.990991,80,111,1,110,1,1,0,1,1,37,36,41,41,33,33,58
"4915",14,"[80]GDfeHdwaCuGcAbewafndbCLCabJswafoeaCJBdrHdbwendaCIKqAqiirBeaFCtuafAwendaqJCabaIeK",114,0.982906,80,117,2,115,2,2,0,2,2,45,43,32,32,40,40,58
"4916",15,"[80]GDfeHdwaCuGcAbewafndbCLCabJswafoeaCJBdrHdbwendaCIKqAqiirBeaFCtuafAwendaqJCabaIeK",118,1,80,117,0,117,0,0,0,0,0,36,36,41,41,40,40,58
"4917",16,"[80]GDfeHdwaCuGcAbewafndbCLCabJswafoeaCJBdrHdbwendaCIKqAqiirBeaFCtuafAwendaqJCabaIeK",113,0.966667,80,120,4,116,4,4,0,4,4,41,37,38,38,41,41,58
"4918",17,"[80]GDfeHdwaCuGcAbewafndbCLCabJswafoeaCJBdrHdbwendaCIKqAqiirBeaFCtuafAwendaqJCabaIeK",116,0.991453,80,117,1,116,1,1,0,1,1,37,36,40,40,40,40,58
"4919",18,"[80]GDfeHdwaCuGcAbewafndbCLCabJswafoeaCJBdrHdbwendaCIKqAqiirBeaFCtuafAwendaqJCabaIeK",108,0.990826,80,109,1,108,1,1,0,1,1,38,37,40,40,31,31,58
"4920",19,"[80]GDfeHdwaCuGcAbewafndbCLCabJswafoeaCJBdrHdbwendaCIKqAqiirBeaFCtuafAwendaqJCabaIeK",110,0.990991,80,111,1,110,1,1,0,1,1,46,45,35,35,30,30,58
"4921",20,"[80]GDfeHdwaCuGcAbewafndbCLCabJswafoeaCJBdrHdbwendaCIKqAqiirBeaFCtuafAwendaqJCabaIeK",112,0.99115,80,113,1,112,1,1,0,1,1,34,33,41,41,38,38,58
"4922",21,"[80]GDfeHdwaCuGcAbewafndbCLCabJswafoeaCJBdrHdbwendaCIKqAqiirBeaFCtuafAwendaqJCabaIeK",107,0.949153,80,118,6,112,6,6,0,6,6,38,32,38,38,42,42,58
"4923",22,"[80]GDfeHdwaCuGcAbewafndbCLCabJswafoeaCJBdrHdbwendaCIKqAqiirBeaFCtuafAwendaqJCabaIeK",121,1,80,120,0,120,0,0,0,0,0,31,31,37,37,52,52,58
"4924",23,"[80]GDfeHdwaCuGcAbewafndbCLCabJswafoeaCJBdrHdbwendaCIKqAqiirBeaFCtuafAwendaqJCabaIeK",107,1,80,106,0,106,0,0,0,0,0,39,39,41,41,26,26,58
"4925",24,"[80]GDfeHdwaCuGcAbewafndbCLCabJswafoeaCJBdrHdbwendaCIKqAqiirBeaFCtuafAwendaqJCabaIeK",113,0.991228,80,114,1,113,1,1,0,1,1,39,38,37,37,38,38,58
"4926",25,"[80]GDfeHdwaCuGcAbewafndbCLCabJswafoeaCJBdrHdbwendaCIKqAqiirBeaFCtuafAwendaqJCabaIeK",93,0.918182,80,110,9,101,9,9,0,9,9,45,36,41,41,24,24,58
"4927",26,"[80]GDfeHdwaCuGcAbewafndbCLCabJswafoeaCJBdrHdbwendaCIKqAqiirBeaFCtuafAwendaqJCabaIeK",114,0.991304,80,115,1,114,1,1,0,1,1,38,37,39,39,38,38,58
"4928",27,"[80]GDfeHdwaCuGcAbewafndbCLCabJswafoeaCJBdrHdbwendaCIKqAqiirBeaFCtuafAwendaqJCabaIeK",113,1,80,112,0,112,0,0,0,0,0,50,50,31,31,31,31,58
"4929",28,"[80]GDfeHdwaCuGcAbewafndbCLCabJswafoeaCJBdrHdbwendaCIKqAqiirBeaFCtuafAwendaqJCabaIeK",114,0.991304,80,115,1,114,1,1,0,1,1,41,40,35,35,39,39,58
"4930",29,"[80]GDfeHdwaCuGcAbewafndbCLCabJswafoeaCJBdrHdbwendaCIKqAqiirBeaFCtuafAwendaqJCabaIeK",119,0.991667,80,120,1,119,1,1,0,1,1,39,38,33,33,48,48,58
"4931",30,"[80]GDfeHdwaCuGcAbewafndbCLCabJswafoeaCJBdrHdbwendaCIKqAqiirBeaFCtuafAwendaqJCabaIeK",113,1,80,112,0,112,0,0,0,0,0,31,31,42,42,39,39,58
"4932",31,"[80]GDfeHdwaCuGcAbewafndbCLCabJswafoeaCJBdrHdbwendaCIKqAqiirBeaFCtuafAwendaqJCabaIeK",116,1,80,115,0,115,0,0,0,0,0,38,38,36,36,41,41,58
"4933",32,"[80]GDfeHdwaCuGcAbewafndbCLCabJswafoeaCJBdrHdbwendaCIKqAqiirBeaFCtuafAwendaqJCabaIeK",118,1,80,117,0,117,0,0,0,0,0,29,29,43,43,45,45,58
"4934",33,"[80]GDfeHdwaCuGcAbewafndbCLCabJswafoeaCJBdrHdbwendaCIKqAqiirBeaFCtuafAwendaqJCabaIeK",115,0.975,80,120,3,117,3,3,0,3,3,43,40,35,35,42,42,58
"4935",34,"[80]GDfeHdwaCuGcAbewafndbCLCabJswafoeaCJBdrHdbwendaCIKqAqiirBeaFCtuafAwendaqJCabaIeK",116,0.991453,80,117,1,116,1,1,0,1,1,39,38,37,37,41,41,58
"4936",35,"[80]GDfeHdwaCuGcAbewafndbCLCabJswafoeaCJBdrHdbwendaCIKqAqiirBeaFCtuafAwendaqJCabaIeK",106,1,80,105,0,105,0,0,0,0,0,33,33,45,45,27,27,58
"4937",36,"[80]GDfeHdwaCuGcAbewafndbCLCabJswafoeaCJBdrHdbwendaCIKqAqiirBeaFCtuafAwendaqJCabaIeK",114,1,80,113,0,113,0,0,0,0,0,42,42,34,34,37,37,58
"4938",37,"[80]GDfeHdwaCuGcAbewafndbCLCabJswafoeaCJBdrHdbwendaCIKqAqiirBeaFCtuafAwendaqJCabaIeK",111,0.991071,80,112,1,111,1,1,0,1,1,38,37,40,40,34,34,58
"4939",38,"[80]GDfeHdwaCuGcAbewafndbCLCabJswafoeaCJBdrHdbwendaCIKqAqiirBeaFCtuafAwendaqJCabaIeK",114,0.991304,80,115,1,114,1,1,0,1,1,41,40,36,36,38,38,58
"4940",39,"[80]GDfeHdwaCuGcAbewafndbCLCabJswafoeaCJBdrHdbwendaCIKqAqiirBeaFCtuafAwendaqJCabaIeK",119,1,80,118,0,118,0,0,0,0,0,37,37,41,41,40,40,58
"4941",40,"[80]GDfeHdwaCuGcAbewafndbCLCabJswafoeaCJBdrHdbwendaCIKqAqiirBeaFCtuafAwendaqJCabaIeK",115,1,80,114,0,114,0,0,0,0,0,45,45,35,35,34,34,58
"4942",41,"[80]GDfeHdwaCuGcAbewafndbCLCabJswafoeaCJBdrHdbwendaCIKqAqiirBeaFCtuafAwendaqJCabaIeK",122,1,80,121,0,121,0,0,0,0,0,40,40,33,33,48,48,58
"4943",42,"[80]GDfeHdwaCuGcAbewafndbCLCabJswafoeaCJBdrHdbwendaCIKqAqiirBeaFCtuafAwendaqJCabaIeK",119,0.983607,80,122,2,120,2,2,0,2,2,35,33,38,38,49,49,58
"4944",43,"[80]GDfeHdwaCuGcAbewafndbCLCabJswafoeaCJBdrHdbwendaCIKqAqiirBeaFCtuafAwendaqJCabaIeK",112,0.99115,80,113,1,112,1,1,0,1,1,37,36,39,39,37,37,58
"4945",44,"[80]GDfeHdwaCuGcAbewafndbCLCabJswafoeaCJBdrHdbwendaCIKqAqiirBeaFCtuafAwendaqJCabaIeK",112,0.982609,80,115,2,113,2,2,0,2,2,50,48,29,29,36,36,58
"4946",45,"[80]GDfeHdwaCuGcAbewafndbCLCabJswafoeaCJBdrHdbwendaCIKqAqiirBeaFCtuafAwendaqJCabaIeK",97,0.936364,80,110,7,103,7,7,0,7,7,35,28,48,48,27,27,58
"4947",46,"[80]GDfeHdwaCuGcAbewafndbCLCabJswafoeaCJBdrHdbwendaCIKqAqiirBeaFCtuafAwendaqJCabaIeK",105,0.964286,80,112,4,108,4,4,0,4,4,41,37,39,39,32,32,58
"4948",47,"[80]GDfeHdwaCuGcAbewafndbCLCabJswafoeaCJBdrHdbwendaCIKqAqiirBeaFCtuafAwendaqJCabaIeK",117,1,80,116,0,116,0,0,0,0,0,32,32,39,39,45,45,58
"4949",48,"[80]GDfeHdwaCuGcAbewafndbCLCabJswafoeaCJBdrHdbwendaCIKqAqiirBeaFCtuafAwendaqJCabaIeK",112,1,80,111,0,111,0,0,0,0,0,40,40,39,39,32,32,58
"4950",49,"[80]GDfeHdwaCuGcAbewafndbCLCabJswafoeaCJBdrHdbwendaCIKqAqiirBeaFCtuafAwendaqJCabaIeK",117,0.991525,80,118,1,117,1,1,0,1,1,35,34,37,37,46,46,58
"4951",50,"[80]GDfeHdwaCuGcAbewafndbCLCabJswafoeaCJBdrHdbwendaCIKqAqiirBeaFCtuafAwendaqJCabaIeK",115,1,80,114,0,114,0,0,0,0,0,41,41,34,34,39,39,58
"4952",51,"[80]GDfeHdwaCuGcAbewafndbCLCabJswafoeaCJBdrHdbwendaCIKqAqiirBeaFCtuafAwendaqJCabaIeK",118,0.991597,80,119,1,118,1,1,0,1,1,43,42,31,31,45,45,58
"4953",52,"[80]GDfeHdwaCuGcAbewafndbCLCabJswafoeaCJBdrHdbwendaCIKqAqiirBeaFCtuafAwendaqJCabaIeK",119,1,80,118,0,118,0,0,0,0,0,41,41,36,36,41,41,58
"4954",53,"[80]GDfeHdwaCuGcAbewafndbCLCabJswafoeaCJBdrHdbwendaCIKqAqiirBeaFCtuafAwendaqJCabaIeK",108,1,80,107,0,107,0,0,0,0,0,43,43,37,37,27,27,58
"4955",54,"[80]GDfeHdwaCuGcAbewafndbCLCabJswafoeaCJBdrHdbwendaCIKqAqiirBeaFCtuafAwendaqJCabaIeK",106,0.948718,80,117,6,111,6,6,0,6,6,39,33,39,39,39,39,58
"4956",55,"[80]GDfeHdwaCuGcAbewafndbCLCabJswafoeaCJBdrHdbwendaCIKqAqiirBeaFCtuafAwendaqJCabaIeK",118,1,80,117,0,117,0,0,0,0,0,34,34,40,40,43,43,58
"4957",56,"[80]GDfeHdwaCuGcAbewafndbCLCabJswafoeaCJBdrHdbwendaCIKqAqiirBeaFCtuafAwendaqJCabaIeK",109,1,80,108,0,108,0,0,0,0,0,39,39,44,44,25,25,58
"4958",57,"[80]GDfeHdwaCuGcAbewafndbCLCabJswafoeaCJBdrHdbwendaCIKqAqiirBeaFCtuafAwendaqJCabaIeK",115,1,80,114,0,114,0,0,0,0,0,38,38,42,42,34,34,58
"4959",58,"[80]GDfeHdwaCuGcAbewafndbCLCabJswafoeaCJBdrHdbwendaCIKqAqiirBeaFCtuafAwendaqJCabaIeK",109,0.982143,80,112,2,110,2,2,0,2,2,39,37,40,40,33,33,58
"4960",59,"[80]GDfeHdwaCuGcAbewafndbCLCabJswafoeaCJBdrHdbwendaCIKqAqiirBeaFCtuafAwendaqJCabaIeK",114,1,80,113,0,113,0,0,0,0,0,36,36,38,38,39,39,58
"4961",60,"[80]GDfeHdwaCuGcAbewafndbCLCabJswafoeaCJBdrHdbwendaCIKqAqiirBeaFCtuafAwendaqJCabaIeK",108,1,80,107,0,107,0,0,0,0,0,30,30,47,47,30,30,58
"4962",61,"[80]GDfeHdwaCuGcAbewafndbCLCabJswafoeaCJBdrHdbwendaCIKqAqiirBeaFCtuafAwendaqJCabaIeK",114,0.982906,80,117,2,115,2,2,0,2,2,36,34,39,39,42,42,58
"4963",62,"[80]GDfeHdwaCuGcAbewafndbCLCabJswafoeaCJBdrHdbwendaCIKqAqiirBeaFCtuafAwendaqJCabaIeK",111,0.974138,80,116,3,113,3,3,0,3,3,38,35,38,38,40,40,58
"4964",63,"[80]GDfeHdwaCuGcAbewafndbCLCabJswafoeaCJBdrHdbwendaCIKqAqiirBeaFCtuafAwendaqJCabaIeK",114,0.97479,80,119,3,116,3,3,0,3,3,40,37,38,38,41,41,58
"4965",64,"[80]GDfeHdwaCuGcAbewafndbCLCabJswafoeaCJBdrHdbwendaCIKqAqiirBeaFCtuafAwendaqJCabaIeK",127,1,80,126,0,126,0,0,0,0,0,37,37,34,34,55,55,58
"4966",65,"[80]GDfeHdwaCuGcAbewafndbCLCabJswafoeaCJBdrHdbwendaCIKqAqiirBeaFCtuafAwendaqJCabaIeK",110,0.957983,80,119,5,114,5,5,0,5,5,38,33,41,41,40,40,58
"4967",66,"[80]GDfeHdwaCuGcAbewafndbCLCabJswafoeaCJBdrHdbwendaCIKqAqiirBeaFCtuafAwendaqJCabaIeK",118,0.983471,80,121,2,119,2,2,0,2,2,45,43,33,33,43,43,58
"4968",67,"[80]GDfeHdwaCuGcAbewafndbCLCabJswafoeaCJBdrHdbwendaCIKqAqiirBeaFCtuafAwendaqJCabaIeK",114,1,80,113,0,113,0,0,0,0,0,40,40,39,39,34,34,58
"4969",68,"[80]GDfeHdwaCuGcAbewafndbCLCabJswafoeaCJBdrHdbwendaCIKqAqiirBeaFCtuafAwendaqJCabaIeK",109,1,80,108,0,108,0,0,0,0,0,40,40,38,38,30,30,58
"4970",69,"[80]GDfeHdwaCuGcAbewafndbCLCabJswafoeaCJBdrHdbwendaCIKqAqiirBeaFCtuafAwendaqJCabaIeK",109,0.982143,80,112,2,110,2,2,0,2,2,34,32,43,43,35,35,58
"4971",70,"[80]GDfeHdwaCuGcAbewafndbCLCabJswafoeaCJBdrHdbwendaCIKqAqiirBeaFCtuafAwendaqJCabaIeK",114,1,80,113,0,113,0,0,0,0,0,37,37,39,39,37,37,58
"4972",71,"[80]GDfeHdwaCuGcAbewafndbCLCabJswafoeaCJBdrHdbwendaCIKqAqiirBeaFCtuafAwendaqJCabaIeK",105,0.972727,80,110,3,107,3,3,0,3,3,47,44,35,35,28,28,58
"4973",72,"[80]GDfeHdwaCuGcAbewafndbCLCabJswafoeaCJBdrHdbwendaCIKqAqiirBeaFCtuafAwendaqJCabaIeK",112,0.99115,80,113,1,112,1,1,0,1,1,33,32,41,41,39,39,58
"4974",73,"[80]GDfeHdwaCuGcAbewafndbCLCabJswafoeaCJBdrHdbwendaCIKqAqiirBeaFCtuafAwendaqJCabaIeK",107,1,80,106,0,106,0,0,0,0,0,34,34,45,45,27,27,58
"4975",74,"[80]GDfeHdwaCuGcAbewafndbCLCabJswafoeaCJBdrHdbwendaCIKqAqiirBeaFCtuafAwendaqJCabaIeK",109,0.973684,80,114,3,111,3,3,0,3,3,39,36,40,40,35,35,58
"4976",75,"[80]GDfeHdwaCuGcAbewafndbCLCabJswafoeaCJBdrHdbwendaCIKqAqiirBeaFCtuafAwendaqJCabaIeK",105,0.964286,80,112,4,108,4,4,0,4,4,35,31,45,45,32,32,58
"4977",76,"[80]GDfeHdwaCuGcAbewafndbCLCabJswafoeaCJBdrHdbwendaCIKqAqiirBeaFCtuafAwendaqJCabaIeK",116,1,80,115,0,115,0,0,0,0,0,36,36,42,42,37,37,58
"4978",77,"[80]GDfeHdwaCuGcAbewafndbCLCabJswafoeaCJBdrHdbwendaCIKqAqiirBeaFCtuafAwendaqJCabaIeK",108,0.990826,80,109,1,108,1,1,0,1,1,38,37,43,43,28,28,58
"4979",78,"[80]GDfeHdwaCuGcAbewafndbCLCabJswafoeaCJBdrHdbwendaCIKqAqiirBeaFCtuafAwendaqJCabaIeK",114,1,80,113,0,113,0,0,0,0,0,30,30,44,44,39,39,58
"4980",79,"[80]GDfeHdwaCuGcAbewafndbCLCabJswafoeaCJBdrHdbwendaCIKqAqiirBeaFCtuafAwendaqJCabaIeK",121,1,80,120,0,120,0,0,0,0,0,37,37,41,41,42,42,58
"4981",80,"[80]GDfeHdwaCuGcAbewafndbCLCabJswafoeaCJBdrHdbwendaCIKqAqiirBeaFCtuafAwendaqJCabaIeK",122,1,80,121,0,121,0,0,0,0,0,43,43,31,31,47,47,58
"4982",81,"[80]GDfeHdwaCuGcAbewafndbCLCabJswafoeaCJBdrHdbwendaCIKqAqiirBeaFCtuafAwendaqJCabaIeK",117,1,80,116,0,116,0,0,0,0,0,33,33,40,40,43,43,58
"4983",82,"[80]GDfeHdwaCuGcAbewafndbCLCabJswafoeaCJBdrHdbwendaCIKqAqiirBeaFCtuafAwendaqJCabaIeK",113,0.991228,80,114,1,113,1,1,0,1,1,40,39,37,37,37,37,58
"4984",83,"[80]GDfeHdwaCuGcAbewafndbCLCabJswafoeaCJBdrHdbwendaCIKqAqiirBeaFCtuafAwendaqJCabaIeK",114,1,80,113,0,113,0,0,0,0,0,42,42,36,36,35,35,58
"4985",84,"[80]GDfeHdwaCuGcAbewafndbCLCabJswafoeaCJBdrHdbwendaCIKqAqiirBeaFCtuafAwendaqJCabaIeK",110,1,80,109,0,109,0,0,0,0,0,39,39,41,41,29,29,58
"4986",85,"[80]GDfeHdwaCuGcAbewafndbCLCabJswafoeaCJBdrHdbwendaCIKqAqiirBeaFCtuafAwendaqJCabaIeK",117,1,80,116,0,116,0,0,0,0,0,35,35,38,38,43,43,58
"4987",86,"[80]GDfeHdwaCuGcAbewafndbCLCabJswafoeaCJBdrHdbwendaCIKqAqiirBeaFCtuafAwendaqJCabaIeK",112,0.974359,80,117,3,114,3,3,0,3,3,43,40,36,36,38,38,58
"4988",87,"[80]GDfeHdwaCuGcAbewafndbCLCabJswafoeaCJBdrHdbwendaCIKqAqiirBeaFCtuafAwendaqJCabaIeK",110,1,80,109,0,109,0,0,0,0,0,41,41,37,37,31,31,58
"4989",88,"[80]GDfeHdwaCuGcAbewafndbCLCabJswafoeaCJBdrHdbwendaCIKqAqiirBeaFCtuafAwendaqJCabaIeK",113,0.991228,80,114,1,113,1,1,0,1,1,39,38,36,36,39,39,58
"4990",89,"[80]GDfeHdwaCuGcAbewafndbCLCabJswafoeaCJBdrHdbwendaCIKqAqiirBeaFCtuafAwendaqJCabaIeK",121,0.991803,80,122,1,121,1,1,0,1,1,49,48,29,29,44,44,58
"4991",90,"[80]GDfeHdwaCuGcAbewafndbCLCabJswafoeaCJBdrHdbwendaCIKqAqiirBeaFCtuafAwendaqJCabaIeK",117,1,80,116,0,116,0,0,0,0,0,33,33,41,41,42,42,58
"4992",91,"[80]GDfeHdwaCuGcAbewafndbCLCabJswafoeaCJBdrHdbwendaCIKqAqiirBeaFCtuafAwendaqJCabaIeK",116,1,80,115,0,115,0,0,0,0,0,42,42,35,35,38,38,58
"4993",92,"[80]GDfeHdwaCuGcAbewafndbCLCabJswafoeaCJBdrHdbwendaCIKqAqiirBeaFCtuafAwendaqJCabaIeK",122,0.976378,80,127,3,124,3,3,0,3,3,39,36,33,33,55,55,58
"4994",93,"[80]GDfeHdwaCuGcAbewafndbCLCabJswafoeaCJBdrHdbwendaCIKqAqiirBeaFCtuafAwendaqJCabaIeK",115,1,80,114,0,114,0,0,0,0,0,40,40,37,37,37,37,58
"4995",94,"[80]GDfeHdwaCuGcAbewafndbCLCabJswafoeaCJBdrHdbwendaCIKqAqiirBeaFCtuafAwendaqJCabaIeK",110,0.982301,80,113,2,111,2,2,0,2,2,43,41,39,39,31,31,58
"4996",95,"[80]GDfeHdwaCuGcAbewafndbCLCabJswafoeaCJBdrHdbwendaCIKqAqiirBeaFCtuafAwendaqJCabaIeK",117,1,80,116,0,116,0,0,0,0,0,36,36,44,44,36,36,58
"4997",96,"[80]GDfeHdwaCuGcAbewafndbCLCabJswafoeaCJBdrHdbwendaCIKqAqiirBeaFCtuafAwendaqJCabaIeK",105,0.981481,80,108,2,106,2,2,0,2,2,37,35,42,42,29,29,58
"4998",97,"[80]GDfeHdwaCuGcAbewafndbCLCabJswafoeaCJBdrHdbwendaCIKqAqiirBeaFCtuafAwendaqJCabaIeK",116,0.991453,80,117,1,116,1,1,0,1,1,46,45,36,36,35,35,58
"4999",98,"[80]GDfeHdwaCuGcAbewafndbCLCabJswafoeaCJBdrHdbwendaCIKqAqiirBeaFCtuafAwendaqJCabaIeK",110,0.973913,80,115,3,112,3,3,0,3,3,46,43,38,38,31,31,58
"5000",99,"[80]GDfeHdwaCuGcAbewafndbCLCabJswafoeaCJBdrHdbwendaCIKqAqiirBeaFCtuafAwendaqJCabaIeK",105,0.95614,80,114,5,109,5,5,0,5,5,39,34,41,41,34,34,58
"5001",0,"[66]GHdwaCHHcitwcrivafnbdCLCafzFymIxafJHdnadCIKCabezFLsBczKymxicGohuzz",95,0.732673,66,202,54,148,54,54,0,54,54,99,45,54,54,49,49,59
"5002",1,"[66]GHdwaCHHcitwcrivafnbdCLCafzFymIxafJHdnadCIKCabezFLsBczKymxicGohuzz",101,0.742718,66,206,53,153,53,53,0,53,53,107,54,53,53,46,46,59
"5003",2,"[66]GHdwaCHHcitwcrivafnbdCLCafzFymIxafJHdnadCIKCabezFLsBczKymxicGohuzz",88,0.712195,66,205,59,146,59,59,0,59,59,107,48,59,59,39,39,59
"5004",3,"[66]GHdwaCHHcitwcrivafnbdCLCafzFymIxafJHdnadCIKCabezFLsBczKymxicGohuzz",114,0.78392,66,199,43,156,43,43,0,43,43,105,62,43,43,51,51,59
"5005",4,"[66]GHdwaCHHcitwcrivafnbdCLCafzFymIxafJHdnadCIKCabezFLsBczKymxicGohuzz",103,0.755,66,200,49,151,49,49,0,49,49,95,46,49,49,56,56,59
"5006",5,"[66]GHdwaCHHcitwcrivafnbdCLCafzFymIxafJHdnadCIKCabezFLsBczKymxicGohuzz",107,0.765,66,200,47,153,47,47,0,47,47,98,51,47,47,55,55,59
"5007",6,"[66]GHdwaCHHcitwcrivafnbdCLCafzFymIxafJHdnadCIKCabezFLsBczKymxicGohuzz",103,0.755,66,200,49,151,49,49,0,49,49,101,52,49,49,50,50,59
"5008",7,"[66]GHdwaCHHcitwcrivafnbdCLCafzFymIxafJHdnadCIKCabezFLsBczKymxicGohuzz",123,0.805,66,200,39,161,39,39,0,39,39,94,55,39,39,67,67,59
"5009",8,"[66]GHdwaCHHcitwcrivafnbdCLCafzFymIxafJHdnadCIKCabezFLsBczKymxicGohuzz",100,0.743842,66,203,52,151,52,52,0,52,52,112,60,52,52,39,39,59
"5010",9,"[66]GHdwaCHHcitwcrivafnbdCLCafzFymIxafJHdnadCIKCabezFLsBczKymxicGohuzz",101,0.75,66,200,50,150,50,50,0,50,50,102,52,50,50,48,48,59
"5011",10,"[66]GHdwaCHHcitwcrivafnbdCLCafzFymIxafJHdnadCIKCabezFLsBczKymxicGohuzz",105,0.76,66,200,48,152,48,48,0,48,48,99,51,48,48,53,53,59
"5012",11,"[66]GHdwaCHHcitwcrivafnbdCLCafzFymIxafJHdnadCIKCabezFLsBczKymxicGohuzz",105,0.757426,66,202,49,153,49,49,0,49,49,100,51,49,49,53,53,59
"5013",12,"[66]GHdwaCHHcitwcrivafnbdCLCafzFymIxafJHdnadCIKCabezFLsBczKymxicGohuzz",115,0.787879,66,198,42,156,42,42,0,42,42,107,65,42,42,49,49,59
"5014",13,"[66]GHdwaCHHcitwcrivafnbdCLCafzFymIxafJHdnadCIKCabezFLsBczKymxicGohuzz",110,0.773869,66,199,45,154,45,45,0,45,45,108,63,45,45,46,46,59
"5015",14,"[66]GHdwaCHHcitwcrivafnbdCLCafzFymIxafJHdnadCIKCabezFLsBczKymxicGohuzz",105,0.76,66,200,48,152,48,48,0,48,48,97,49,48,48,55,55,59
"5016",15,"[66]GHdwaCHHcitwcrivafnbdCLCafzFymIxafJHdnadCIKCabezFLsBczKymxicGohuzz",107,0.765,66,200,47,153,47,47,0,47,47,99,52,47,47,54,54,59
"5017",16,"[66]GHdwaCHHcitwcrivafnbdCLCafzFymIxafJHdnadCIKCabezFLsBczKymxicGohuzz",90,0.719212,66,203,57,146,57,57,0,57,57,107,50,57,57,39,39,59
"5018",17,"[66]GHdwaCHHcitwcrivafnbdCLCafzFymIxafJHdnadCIKCabezFLsBczKymxicGohuzz",100,0.746269,66,201,51,150,51,51,0,51,51,102,51,51,51,48,48,59
"5019",18,"[66]GHdwaCHHcitwcrivafnbdCLCafzFymIxafJHdnadCIKCabezFLsBczKymxicGohuzz",101,0.75,66,200,50,150,50,50,0,50,50,93,43,50,50,57,57,59
"5020",19,"[66]GHdwaCHHcitwcrivafnbdCLCafzFymIxafJHdnadCIKCabezFLsBczKymxicGohuzz",100,0.743842,66,203,52,151,52,52,0,52,52,105,53,52,52,46,46,59
"5021",20,"[66]GHdwaCHHcitwcrivafnbdCLCafzFymIxafJHdnadCIKCabezFLsBczKymxicGohuzz",113,0.78,66,200,44,156,44,44,0,44,44,104,60,44,44,52,52,59
"5022",21,"[66]GHdwaCHHcitwcrivafnbdCLCafzFymIxafJHdnadCIKCabezFLsBczKymxicGohuzz",105,0.76,66,200,48,152,48,48,0,48,48,107,59,48,48,45,45,59
"5023",22,"[66]GHdwaCHHcitwcrivafnbdCLCafzFymIxafJHdnadCIKCabezFLsBczKymxicGohuzz",105,0.757426,66,202,49,153,49,49,0,49,49,104,55,49,49,49,49,59
"5024",23,"[66]GHdwaCHHcitwcrivafnbdCLCafzFymIxafJHdnadCIKCabezFLsBczKymxicGohuzz",108,0.766169,66,201,47,154,47,47,0,47,47,104,57,47,47,50,50,59
"5025",24,"[66]GHdwaCHHcitwcrivafnbdCLCafzFymIxafJHdnadCIKCabezFLsBczKymxicGohuzz",111,0.775,66,200,45,155,45,45,0,45,45,99,54,45,45,56,56,59
"5026",25,"[66]GHdwaCHHcitwcrivafnbdCLCafzFymIxafJHdnadCIKCabezFLsBczKymxicGohuzz",92,0.721951,66,205,57,148,57,57,0,57,57,108,51,57,57,40,40,59
"5027",26,"[66]GHdwaCHHcitwcrivafnbdCLCafzFymIxafJHdnadCIKCabezFLsBczKymxicGohuzz",105,0.76,66,200,48,152,48,48,0,48,48,103,55,48,48,49,49,59
"5028",27,"[66]GHdwaCHHcitwcrivafnbdCLCafzFymIxafJHdnadCIKCabezFLsBczKymxicGohuzz",110,0.771144,66,201,46,155,46,46,0,46,46,104,58,46,46,51,51,59
"5029",28,"[66]GHdwaCHHcitwcrivafnbdCLCafzFymIxafJHdnadCIKCabezFLsBczKymxicGohuzz",114,0.78392,66,199,43,156,43,43,0,43,43,105,62,43,43,51,51,59
"5030",29,"[66]GHdwaCHHcitwcrivafnbdCLCafzFymIxafJHdnadCIKCabezFLsBczKymxicGohuzz",117,0.792929,66,198,41,157,41,41,0,41,41,98,57,41,41,59,59,59
"5031",30,"[66]GHdwaCHHcitwcrivafnbdCLCafzFymIxafJHdnadCIKCabezFLsBczKymxicGohuzz",95,0.732673,66,202,54,148,54,54,0,54,54,100,46,54,54,48,48,59
"5032",31,"[66]GHdwaCHHcitwcrivafnbdCLCafzFymIxafJHdnadCIKCabezFLsBczKymxicGohuzz",101,0.747525,66,202,51,151,51,51,0,51,51,104,53,51,51,47,47,59
"5033",32,"[66]GHdwaCHHcitwcrivafnbdCLCafzFymIxafJHdnadCIKCabezFLsBczKymxicGohuzz",100,0.746269,66,201,51,150,51,51,0,51,51,96,45,51,51,54,54,59
"5034",33,"[66]GHdwaCHHcitwcrivafnbdCLCafzFymIxafJHdnadCIKCabezFLsBczKymxicGohuzz",113,0.78,66,200,44,156,44,44,0,44,44,94,50,44,44,62,62,59
"5035",34,"[66]GHdwaCHHcitwcrivafnbdCLCafzFymIxafJHdnadCIKCabezFLsBczKymxicGohuzz",101,0.75,66,200,50,150,50,50,0,50,50,98,48,50,50,52,52,59
"5036",35,"[66]GHdwaCHHcitwcrivafnbdCLCafzFymIxafJHdnadCIKCabezFLsBczKymxicGohuzz",95,0.730392,66,204,55,149,55,55,0,55,55,102,47,55,55,47,47,59
"5037",36,"[66]GHdwaCHHcitwcrivafnbdCLCafzFymIxafJHdnadCIKCabezFLsBczKymxicGohuzz",92,0.724138,66,203,56,147,56,56,0,56,56,103,47,56,56,44,44,59
"5038",37,"[66]GHdwaCHHcitwcrivafnbdCLCafzFymIxafJHdnadCIKCabezFLsBczKymxicGohuzz",104,0.756219,66,201,49,152,49,49,0,49,49,103,54,49,49,49,49,59
"5039",38,"[66]GHdwaCHHcitwcrivafnbdCLCafzFymIxafJHdnadCIKCabezFLsBczKymxicGohuzz",104,0.756219,66,201,49,152,49,49,0,49,49,98,49,49,49,54,54,59
"5040",39,"[66]GHdwaCHHcitwcrivafnbdCLCafzFymIxafJHdnadCIKCabezFLsBczKymxicGohuzz",108,0.768844,66,199,46,153,46,46,0,46,46,93,47,46,46,60,60,59
"5041",40,"[66]GHdwaCHHcitwcrivafnbdCLCafzFymIxafJHdnadCIKCabezFLsBczKymxicGohuzz",86,0.70936,66,203,59,144,59,59,0,59,59,97,38,59,59,47,47,59
"5042",41,"[66]GHdwaCHHcitwcrivafnbdCLCafzFymIxafJHdnadCIKCabezFLsBczKymxicGohuzz",97,0.737624,66,202,53,149,53,53,0,53,53,105,52,53,53,44,44,59
"5043",42,"[66]GHdwaCHHcitwcrivafnbdCLCafzFymIxafJHdnadCIKCabezFLsBczKymxicGohuzz",96,0.736318,66,201,53,148,53,53,0,53,53,109,56,53,53,39,39,59
"5044",43,"[66]GHdwaCHHcitwcrivafnbdCLCafzFymIxafJHdnadCIKCabezFLsBczKymxicGohuzz",91,0.722772,66,202,56,146,56,56,0,56,56,98,42,56,56,48,48,59
"5045",44,"[66]GHdwaCHHcitwcrivafnbdCLCafzFymIxafJHdnadCIKCabezFLsBczKymxicGohuzz",97,0.737624,66,202,53,149,53,53,0,53,53,104,51,53,53,45,45,59
"5046",45,"[66]GHdwaCHHcitwcrivafnbdCLCafzFymIxafJHdnadCIKCabezFLsBczKymxicGohuzz",110,0.768473,66,203,47,156,47,47,0,47,47,100,53,47,47,56,56,59
"5047",46,"[66]GHdwaCHHcitwcrivafnbdCLCafzFymIxafJHdnadCIKCabezFLsBczKymxicGohuzz",103,0.752475,66,202,50,152,50,50,0,50,50,111,61,50,50,41,41,59
"5048",47,"[66]GHdwaCHHcitwcrivafnbdCLCafzFymIxafJHdnadCIKCabezFLsBczKymxicGohuzz",99,0.742574,66,202,52,150,52,52,0,52,52,101,49,52,52,49,49,59
"5049",48,"[66]GHdwaCHHcitwcrivafnbdCLCafzFymIxafJHdnadCIKCabezFLsBczKymxicGohuzz",101,0.75,66,200,50,150,50,50,0,50,50,99,49,50,50,51,51,59
"5050",49,"[66]GHdwaCHHcitwcrivafnbdCLCafzFymIxafJHdnadCIKCabezFLsBczKymxicGohuzz",108,0.768844,66,199,46,153,46,46,0,46,46,99,53,46,46,54,54,59
"5051",50,"[66]GHdwaCHHcitwcrivafnbdCLCafzFymIxafJHdnadCIKCabezFLsBczKymxicGohuzz",113,0.78,66,200,44,156,44,44,0,44,44,99,55,44,44,57,57,59
"5052",51,"[66]GHdwaCHHcitwcrivafnbdCLCafzFymIxafJHdnadCIKCabezFLsBczKymxicGohuzz",113,0.78,66,200,44,156,44,44,0,44,44,100,56,44,44,56,56,59
"5053",52,"[66]GHdwaCHHcitwcrivafnbdCLCafzFymIxafJHdnadCIKCabezFLsBczKymxicGohuzz",101,0.75,66,200,50,150,50,50,0,50,50,99,49,50,50,51,51,59
"5054",53,"[66]GHdwaCHHcitwcrivafnbdCLCafzFymIxafJHdnadCIKCabezFLsBczKymxicGohuzz",87,0.712871,66,202,58,144,58,58,0,58,58,99,41,58,58,45,45,59
"5055",54,"[66]GHdwaCHHcitwcrivafnbdCLCafzFymIxafJHdnadCIKCabezFLsBczKymxicGohuzz",108,0.766169,66,201,47,154,47,47,0,47,47,94,47,47,47,60,60,59
"5056",55,"[66]GHdwaCHHcitwcrivafnbdCLCafzFymIxafJHdnadCIKCabezFLsBczKymxicGohuzz",109,0.77,66,200,46,154,46,46,0,46,46,92,46,46,46,62,62,59
"5057",56,"[66]GHdwaCHHcitwcrivafnbdCLCafzFymIxafJHdnadCIKCabezFLsBczKymxicGohuzz",88,0.714286,66,203,58,145,58,58,0,58,58,94,36,58,58,51,51,59
"5058",57,"[66]GHdwaCHHcitwcrivafnbdCLCafzFymIxafJHdnadCIKCabezFLsBczKymxicGohuzz",104,0.756219,66,201,49,152,49,49,0,49,49,108,59,49,49,44,44,59
"5059",58,"[66]GHdwaCHHcitwcrivafnbdCLCafzFymIxafJHdnadCIKCabezFLsBczKymxicGohuzz",115,0.787879,66,198,42,156,42,42,0,42,42,103,61,42,42,53,53,59
"5060",59,"[66]GHdwaCHHcitwcrivafnbdCLCafzFymIxafJHdnadCIKCabezFLsBczKymxicGohuzz",119,0.79798,66,198,40,158,40,40,0,40,40,101,61,40,40,57,57,59
"5061",60,"[66]GHdwaCHHcitwcrivafnbdCLCafzFymIxafJHdnadCIKCabezFLsBczKymxicGohuzz",108,0.768844,66,199,46,153,46,46,0,46,46,94,48,46,46,59,59,59
"5062",61,"[66]GHdwaCHHcitwcrivafnbdCLCafzFymIxafJHdnadCIKCabezFLsBczKymxicGohuzz",111,0.775,66,200,45,155,45,45,0,45,45,105,60,45,45,50,50,59
"5063",62,"[66]GHdwaCHHcitwcrivafnbdCLCafzFymIxafJHdnadCIKCabezFLsBczKymxicGohuzz",108,0.766169,66,201,47,154,47,47,0,47,47,111,64,47,47,43,43,59
"5064",63,"[66]GHdwaCHHcitwcrivafnbdCLCafzFymIxafJHdnadCIKCabezFLsBczKymxicGohuzz",98,0.741294,66,201,52,149,52,52,0,52,52,100,48,52,52,49,49,59
"5065",64,"[66]GHdwaCHHcitwcrivafnbdCLCafzFymIxafJHdnadCIKCabezFLsBczKymxicGohuzz",102,0.751244,66,201,50,151,50,50,0,50,50,98,48,50,50,53,53,59
"5066",65,"[66]GHdwaCHHcitwcrivafnbdCLCafzFymIxafJHdnadCIKCabezFLsBczKymxicGohuzz",103,0.755,66,200,49,151,49,49,0,49,49,93,44,49,49,58,58,59
"5067",66,"[66]GHdwaCHHcitwcrivafnbdCLCafzFymIxafJHdnadCIKCabezFLsBczKymxicGohuzz",111,0.775,66,200,45,155,45,45,0,45,45,105,60,45,45,50,50,59
"5068",67,"[66]GHdwaCHHcitwcrivafnbdCLCafzFymIxafJHdnadCIKCabezFLsBczKymxicGohuzz",108,0.768844,66,199,46,153,46,46,0,46,46,94,48,46,46,59,59,59
"5069",68,"[66]GHdwaCHHcitwcrivafnbdCLCafzFymIxafJHdnadCIKCabezFLsBczKymxicGohuzz",97,0.737624,66,202,53,149,53,53,0,53,53,94,41,53,53,55,55,59
"5070",69,"[66]GHdwaCHHcitwcrivafnbdCLCafzFymIxafJHdnadCIKCabezFLsBczKymxicGohuzz",93,0.727723,66,202,55,147,55,55,0,55,55,107,52,55,55,40,40,59
"5071",70,"[66]GHdwaCHHcitwcrivafnbdCLCafzFymIxafJHdnadCIKCabezFLsBczKymxicGohuzz",101,0.75,66,200,50,150,50,50,0,50,50,100,50,50,50,50,50,59
"5072",71,"[66]GHdwaCHHcitwcrivafnbdCLCafzFymIxafJHdnadCIKCabezFLsBczKymxicGohuzz",115,0.787879,66,198,42,156,42,42,0,42,42,106,64,42,42,50,50,59
"5073",72,"[66]GHdwaCHHcitwcrivafnbdCLCafzFymIxafJHdnadCIKCabezFLsBczKymxicGohuzz",95,0.732673,66,202,54,148,54,54,0,54,54,99,45,54,54,49,49,59
"5074",73,"[66]GHdwaCHHcitwcrivafnbdCLCafzFymIxafJHdnadCIKCabezFLsBczKymxicGohuzz",93,0.727723,66,202,55,147,55,55,0,55,55,104,49,55,55,43,43,59
"5075",74,"[66]GHdwaCHHcitwcrivafnbdCLCafzFymIxafJHdnadCIKCabezFLsBczKymxicGohuzz",110,0.773869,66,199,45,154,45,45,0,45,45,104,59,45,45,50,50,59
"5076",75,"[66]GHdwaCHHcitwcrivafnbdCLCafzFymIxafJHdnadCIKCabezFLsBczKymxicGohuzz",107,0.765,66,200,47,153,47,47,0,47,47,111,64,47,47,42,42,59
"5077",76,"[66]GHdwaCHHcitwcrivafnbdCLCafzFymIxafJHdnadCIKCabezFLsBczKymxicGohuzz",104,0.753695,66,203,50,153,50,50,0,50,50,98,48,50,50,55,55,59
"5078",77,"[66]GHdwaCHHcitwcrivafnbdCLCafzFymIxafJHdnadCIKCabezFLsBczKymxicGohuzz",108,0.768844,66,199,46,153,46,46,0,46,46,92,46,46,46,61,61,59
"5079",78,"[66]GHdwaCHHcitwcrivafnbdCLCafzFymIxafJHdnadCIKCabezFLsBczKymxicGohuzz",89,0.717822,66,202,57,145,57,57,0,57,57,103,46,57,57,42,42,59
"5080",79,"[66]GHdwaCHHcitwcrivafnbdCLCafzFymIxafJHdnadCIKCabezFLsBczKymxicGohuzz",114,0.78392,66,199,43,156,43,43,0,43,43,102,59,43,43,54,54,59
"5081",80,"[66]GHdwaCHHcitwcrivafnbdCLCafzFymIxafJHdnadCIKCabezFLsBczKymxicGohuzz",106,0.761194,66,201,48,153,48,48,0,48,48,116,68,48,48,37,37,59
"5082",81,"[66]GHdwaCHHcitwcrivafnbdCLCafzFymIxafJHdnadCIKCabezFLsBczKymxicGohuzz",106,0.761194,66,201,48,153,48,48,0,48,48,97,49,48,48,56,56,59
"5083",82,"[66]GHdwaCHHcitwcrivafnbdCLCafzFymIxafJHdnadCIKCabezFLsBczKymxicGohuzz",107,0.762376,66,202,48,154,48,48,0,48,48,106,58,48,48,48,48,59
"5084",83,"[66]GHdwaCHHcitwcrivafnbdCLCafzFymIxafJHdnadCIKCabezFLsBczKymxicGohuzz",96,0.736318,66,201,53,148,53,53,0,53,53,100,47,53,53,48,48,59
"5085",84,"[66]GHdwaCHHcitwcrivafnbdCLCafzFymIxafJHdnadCIKCabezFLsBczKymxicGohuzz",94,0.731343,66,201,54,147,54,54,0,54,54,102,48,54,54,45,45,59
"5086",85,"[66]GHdwaCHHcitwcrivafnbdCLCafzFymIxafJHdnadCIKCabezFLsBczKymxicGohuzz",87,0.712871,66,202,58,144,58,58,0,58,58,102,44,58,58,42,42,59
"5087",86,"[66]GHdwaCHHcitwcrivafnbdCLCafzFymIxafJHdnadCIKCabezFLsBczKymxicGohuzz",89,0.717822,66,202,57,145,57,57,0,57,57,99,42,57,57,46,46,59
"5088",87,"[66]GHdwaCHHcitwcrivafnbdCLCafzFymIxafJHdnadCIKCabezFLsBczKymxicGohuzz",113,0.78,66,200,44,156,44,44,0,44,44,98,54,44,44,58,58,59
"5089",88,"[66]GHdwaCHHcitwcrivafnbdCLCafzFymIxafJHdnadCIKCabezFLsBczKymxicGohuzz",110,0.771144,66,201,46,155,46,46,0,46,46,108,62,46,46,47,47,59
"5090",89,"[66]GHdwaCHHcitwcrivafnbdCLCafzFymIxafJHdnadCIKCabezFLsBczKymxicGohuzz",107,0.765,66,200,47,153,47,47,0,47,47,94,47,47,47,59,59,59
"5091",90,"[66]GHdwaCHHcitwcrivafnbdCLCafzFymIxafJHdnadCIKCabezFLsBczKymxicGohuzz",83,0.70098,66,204,61,143,61,61,0,61,61,105,44,61,61,38,38,59
"5092",91,"[66]GHdwaCHHcitwcrivafnbdCLCafzFymIxafJHdnadCIKCabezFLsBczKymxicGohuzz",99,0.742574,66,202,52,150,52,52,0,52,52,103,51,52,52,47,47,59
"5093",92,"[66]GHdwaCHHcitwcrivafnbdCLCafzFymIxafJHdnadCIKCabezFLsBczKymxicGohuzz",100,0.746269,66,201,51,150,51,51,0,51,51,99,48,51,51,51,51,59
"5094",93,"[66]GHdwaCHHcitwcrivafnbdCLCafzFymIxafJHdnadCIKCabezFLsBczKymxicGohuzz",94,0.731343,66,201,54,147,54,54,0,54,54,94,40,54,54,53,53,59
"5095",94,"[66]GHdwaCHHcitwcrivafnbdCLCafzFymIxafJHdnadCIKCabezFLsBczKymxicGohuzz",106,0.761194,66,201,48,153,48,48,0,48,48,91,43,48,48,62,62,59
"5096",95,"[66]GHdwaCHHcitwcrivafnbdCLCafzFymIxafJHdnadCIKCabezFLsBczKymxicGohuzz",108,0.766169,66,201,47,154,47,47,0,47,47,93,46,47,47,61,61,59
"5097",96,"[66]GHdwaCHHcitwcrivafnbdCLCafzFymIxafJHdnadCIKCabezFLsBczKymxicGohuzz",101,0.75,66,200,50,150,50,50,0,50,50,97,47,50,50,53,53,59
"5098",97,"[66]GHdwaCHHcitwcrivafnbdCLCafzFymIxafJHdnadCIKCabezFLsBczKymxicGohuzz",101,0.75,66,200,50,150,50,50,0,50,50,98,48,50,50,52,52,59
"5099",98,"[66]GHdwaCHHcitwcrivafnbdCLCafzFymIxafJHdnadCIKCabezFLsBczKymxicGohuzz",100,0.746269,66,201,51,150,51,51,0,51,51,90,39,51,51,60,60,59
"5100",99,"[66]GHdwaCHHcitwcrivafnbdCLCafzFymIxafJHdnadCIKCabezFLsBczKymxicGohuzz",105,0.76,66,200,48,152,48,48,0,48,48,105,57,48,48,47,47,59
"5101",0,"[81]GHdwaCsAIwhHfcwandbCLCecDpwaeofCJBdHdnwendaCIKqrkaxLachKBeaCefHBqdwaendaCJCebnaeK",125,0.992063,81,126,1,125,1,1,0,1,1,31,30,45,45,50,50,60
"5102",1,"[81]GHdwaCsAIwhHfcwandbCLCecDpwaeofCJBdHdnwendaCIKqrkaxLachKBeaCefHBqdwaendaCJCebnaeK",119,0.975806,81,124,3,121,3,3,0,3,3,42,39,40,40,42,42,60
"5103",2,"[81]GHdwaCsAIwhHfcwandbCLCecDpwaeofCJBdHdnwendaCIKqrkaxLachKBeaCefHBqdwaendaCJCebnaeK",122,1,81,121,0,121,0,0,0,0,0,45,45,38,38,38,38,60
"5104",3,"[81]GHdwaCsAIwhHfcwandbCLCecDpwaeofCJBdHdnwendaCIKqrkaxLachKBeaCefHBqdwaendaCJCebnaeK",125,1,81,124,0,124,0,0,0,0,0,29,29,48,48,47,47,60
"5105",4,"[81]GHdwaCsAIwhHfcwandbCLCecDpwaeofCJBdHdnwendaCIKqrkaxLachKBeaCefHBqdwaendaCJCebnaeK",118,0.983471,81,121,2,119,2,2,0,2,2,40,38,45,45,36,36,60
"5106",5,"[81]GHdwaCsAIwhHfcwandbCLCecDpwaeofCJBdHdnwendaCIKqrkaxLachKBeaCefHBqdwaendaCJCebnaeK",121,0.983871,81,124,2,122,2,2,0,2,2,43,41,38,38,43,43,60
"5107",6,"[81]GHdwaCsAIwhHfcwandbCLCecDpwaeofCJBdHdnwendaCIKqrkaxLachKBeaCefHBqdwaendaCJCebnaeK",126,1,81,125,0,125,0,0,0,0,0,41,41,36,36,48,48,60
"5108",7,"[81]GHdwaCsAIwhHfcwandbCLCecDpwaeofCJBdHdnwendaCIKqrkaxLachKBeaCefHBqdwaendaCJCebnaeK",125,1,81,124,0,124,0,0,0,0,0,37,37,41,41,46,46,60
"5109",8,"[81]GHdwaCsAIwhHfcwandbCLCecDpwaeofCJBdHdnwendaCIKqrkaxLachKBeaCefHBqdwaendaCJCebnaeK",119,0.983607,81,122,2,120,2,2,0,2,2,44,42,40,40,38,38,60
"5110",9,"[81]GHdwaCsAIwhHfcwandbCLCecDpwaeofCJBdHdnwendaCIKqrkaxLachKBeaCefHBqdwaendaCJCebnaeK",128,1,81,127,0,127,0,0,0,0,0,35,35,39,39,53,53,60
"5111",10,"[81]GHdwaCsAIwhHfcwandbCLCecDpwaeofCJBdHdnwendaCIKqrkaxLachKBeaCefHBqdwaendaCJCebnaeK",121,1,81,120,0,120,0,0,0,0,0,49,49,35,35,36,36,60
"5112",11,"[81]GHdwaCsAIwhHfcwandbCLCecDpwaeofCJBdHdnwendaCIKqrkaxLachKBeaCefHBqdwaendaCJCebnaeK",121,0.991803,81,122,1,121,1,1,0,1,1,32,31,49,49,41,41,60
"5113",12,"[81]GHdwaCsAIwhHfcwandbCLCecDpwaeofCJBdHdnwendaCIKqrkaxLachKBeaCefHBqdwaendaCJCebnaeK",118,0.968,81,125,4,121,4,4,0,4,4,39,35,43,43,43,43,60
"5114",13,"[81]GHdwaCsAIwhHfcwandbCLCecDpwaeofCJBdHdnwendaCIKqrkaxLachKBeaCefHBqdwaendaCJCebnaeK",124,1,81,123,0,123,0,0,0,0,0,48,48,33,33,42,42,60
"5115",14,"[81]GHdwaCsAIwhHfcwandbCLCecDpwaeofCJBdHdnwendaCIKqrkaxLachKBeaCefHBqdwaendaCJCebnaeK",125,1,81,124,0,124,0,0,0,0,0,42,42,38,38,44,44,60
"5116",15,"[81]GHdwaCsAIwhHfcwandbCLCecDpwaeofCJBdHdnwendaCIKqrkaxLachKBeaCefHBqdwaendaCJCebnaeK",125,1,81,124,0,124,0,0,0,0,0,42,42,37,37,45,45,60
"5117",16,"[81]GHdwaCsAIwhHfcwandbCLCecDpwaeofCJBdHdnwendaCIKqrkaxLachKBeaCefHBqdwaendaCJCebnaeK",123,1,81,122,0,122,0,0,0,0,0,43,43,39,39,40,40,60
"5118",17,"[81]GHdwaCsAIwhHfcwandbCLCecDpwaeofCJBdHdnwendaCIKqrkaxLachKBeaCefHBqdwaendaCJCebnaeK",123,1,81,122,0,122,0,0,0,0,0,38,38,42,42,42,42,60
"5119",18,"[81]GHdwaCsAIwhHfcwandbCLCecDpwaeofCJBdHdnwendaCIKqrkaxLachKBeaCefHBqdwaendaCJCebnaeK",116,0.991453,81,117,1,116,1,1,0,1,1,44,43,44,44,29,29,60
"5120",19,"[81]GHdwaCsAIwhHfcwandbCLCecDpwaeofCJBdHdnwendaCIKqrkaxLachKBeaCefHBqdwaendaCJCebnaeK",117,0.991525,81,118,1,117,1,1,0,1,1,53,52,36,36,29,29,60
"5121",20,"[81]GHdwaCsAIwhHfcwandbCLCecDpwaeofCJBdHdnwendaCIKqrkaxLachKBeaCefHBqdwaendaCJCebnaeK",122,1,81,121,0,121,0,0,0,0,0,44,44,38,38,39,39,60
"5122",21,"[81]GHdwaCsAIwhHfcwandbCLCecDpwaeofCJBdHdnwendaCIKqrkaxLachKBeaCefHBqdwaendaCJCebnaeK",118,0.991597,81,119,1,118,1,1,0,1,1,37,36,48,48,34,34,60
"5123",22,"[81]GHdwaCsAIwhHfcwandbCLCecDpwaeofCJBdHdnwendaCIKqrkaxLachKBeaCefHBqdwaendaCJCebnaeK",123,0.991935,81,124,1,123,1,1,0,1,1,38,37,41,41,45,45,60
"5124",23,"[81]GHdwaCsAIwhHfcwandbCLCecDpwaeofCJBdHdnwendaCIKqrkaxLachKBeaCefHBqdwaendaCJCebnaeK",121,0.983871,81,124,2,122,2,2,0,2,2,40,38,42,42,42,42,60
"5125",24,"[81]GHdwaCsAIwhHfcwandbCLCecDpwaeofCJBdHdnwendaCIKqrkaxLachKBeaCefHBqdwaendaCJCebnaeK",121,0.983871,81,124,2,122,2,2,0,2,2,44,42,38,38,42,42,60
"5126",25,"[81]GHdwaCsAIwhHfcwandbCLCecDpwaeofCJBdHdnwendaCIKqrkaxLachKBeaCefHBqdwaendaCJCebnaeK",121,1,81,120,0,120,0,0,0,0,0,40,40,43,43,37,37,60
"5127",26,"[81]GHdwaCsAIwhHfcwandbCLCecDpwaeofCJBdHdnwendaCIKqrkaxLachKBeaCefHBqdwaendaCJCebnaeK",123,1,81,122,0,122,0,0,0,0,0,31,31,49,49,42,42,60
"5128",27,"[81]GHdwaCsAIwhHfcwandbCLCecDpwaeofCJBdHdnwendaCIKqrkaxLachKBeaCefHBqdwaendaCJCebnaeK",121,0.96875,81,128,4,124,4,4,0,4,4,42,38,38,38,48,48,60
"5129",28,"[81]GHdwaCsAIwhHfcwandbCLCecDpwaeofCJBdHdnwendaCIKqrkaxLachKBeaCefHBqdwaendaCJCebnaeK",119,0.983607,81,122,2,120,2,2,0,2,2,36,34,47,47,39,39,60
"5130",29,"[81]GHdwaCsAIwhHfcwandbCLCecDpwaeofCJBdHdnwendaCIKqrkaxLachKBeaCefHBqdwaendaCJCebnaeK",123,0.991935,81,124,1,123,1,1,0,1,1,46,45,34,34,44,44,60
"5131",30,"[81]GHdwaCsAIwhHfcwandbCLCecDpwaeofCJBdHdnwendaCIKqrkaxLachKBeaCefHBqdwaendaCJCebnaeK",114,0.982906,81,117,2,115,2,2,0,2,2,39,37,50,50,28,28,60
"5132",31,"[81]GHdwaCsAIwhHfcwandbCLCecDpwaeofCJBdHdnwendaCIKqrkaxLachKBeaCefHBqdwaendaCJCebnaeK",123,1,81,122,0,122,0,0,0,0,0,50,50,32,32,40,40,60
"5133",32,"[81]GHdwaCsAIwhHfcwandbCLCecDpwaeofCJBdHdnwendaCIKqrkaxLachKBeaCefHBqdwaendaCJCebnaeK",120,1,81,119,0,119,0,0,0,0,0,42,42,42,42,35,35,60
"5134",33,"[81]GHdwaCsAIwhHfcwandbCLCecDpwaeofCJBdHdnwendaCIKqrkaxLachKBeaCefHBqdwaendaCJCebnaeK",125,1,81,124,0,124,0,0,0,0,0,36,36,42,42,46,46,60
"5135",34,"[81]GHdwaCsAIwhHfcwandbCLCecDpwaeofCJBdHdnwendaCIKqrkaxLachKBeaCefHBqdwaendaCJCebnaeK",125,1,81,124,0,124,0,0,0,0,0,43,43,37,37,44,44,60
"5136",35,"[81]GHdwaCsAIwhHfcwandbCLCecDpwaeofCJBdHdnwendaCIKqrkaxLachKBeaCefHBqdwaendaCJCebnaeK",118,0.968,81,125,4,121,4,4,0,4,4,45,41,38,38,42,42,60
"5137",36,"[81]GHdwaCsAIwhHfcwandbCLCecDpwaeofCJBdHdnwendaCIKqrkaxLachKBeaCefHBqdwaendaCJCebnaeK",119,0.968254,81,126,4,122,4,4,0,4,4,52,48,30,30,44,44,60
"5138",37,"[81]GHdwaCsAIwhHfcwandbCLCecDpwaeofCJBdHdnwendaCIKqrkaxLachKBeaCefHBqdwaendaCJCebnaeK",124,1,81,123,0,123,0,0,0,0,0,40,40,39,39,44,44,60
"5139",38,"[81]GHdwaCsAIwhHfcwandbCLCecDpwaeofCJBdHdnwendaCIKqrkaxLachKBeaCefHBqdwaendaCJCebnaeK",121,0.96875,81,128,4,124,4,4,0,4,4,43,39,36,36,49,49,60
"5140",39,"[81]GHdwaCsAIwhHfcwandbCLCecDpwaeofCJBdHdnwendaCIKqrkaxLachKBeaCefHBqdwaendaCJCebnaeK",121,0.991803,81,122,1,121,1,1,0,1,1,32,31,49,49,41,41,60
"5141",40,"[81]GHdwaCsAIwhHfcwandbCLCecDpwaeofCJBdHdnwendaCIKqrkaxLachKBeaCefHBqdwaendaCJCebnaeK",122,0.99187,81,123,1,122,1,1,0,1,1,34,33,46,46,43,43,60
"5142",41,"[81]GHdwaCsAIwhHfcwandbCLCecDpwaeofCJBdHdnwendaCIKqrkaxLachKBeaCefHBqdwaendaCJCebnaeK",118,0.983471,81,121,2,119,2,2,0,2,2,44,42,41,41,36,36,60
"5143",42,"[81]GHdwaCsAIwhHfcwandbCLCecDpwaeofCJBdHdnwendaCIKqrkaxLachKBeaCefHBqdwaendaCJCebnaeK",115,0.967213,81,122,4,118,4,4,0,4,4,44,40,43,43,35,35,60
"5144",43,"[81]GHdwaCsAIwhHfcwandbCLCecDpwaeofCJBdHdnwendaCIKqrkaxLachKBeaCefHBqdwaendaCJCebnaeK",120,0.991736,81,121,1,120,1,1,0,1,1,49,48,35,35,37,37,60
"5145",44,"[81]GHdwaCsAIwhHfcwandbCLCecDpwaeofCJBdHdnwendaCIKqrkaxLachKBeaCefHBqdwaendaCJCebnaeK",123,0.991935,81,124,1,123,1,1,0,1,1,36,35,44,44,44,44,60
"5146",45,"[81]GHdwaCsAIwhHfcwandbCLCecDpwaeofCJBdHdnwendaCIKqrkaxLachKBeaCefHBqdwaendaCJCebnaeK",119,1,81,118,0,118,0,0,0,0,0,36,36,49,49,33,33,60
"5147",46,"[81]GHdwaCsAIwhHfcwandbCLCecDpwaeofCJBdHdnwendaCIKqrkaxLachKBeaCefHBqdwaendaCJCebnaeK",118,0.983471,81,121,2,119,2,2,0,2,2,44,42,40,40,37,37,60
"5148",47,"[81]GHdwaCsAIwhHfcwandbCLCecDpwaeofCJBdHdnwendaCIKqrkaxLachKBeaCefHBqdwaendaCJCebnaeK",123,0.991935,81,124,1,123,1,1,0,1,1,43,42,38,38,43,43,60
"5149",48,"[81]GHdwaCsAIwhHfcwandbCLCecDpwaeofCJBdHdnwendaCIKqrkaxLachKBeaCefHBqdwaendaCJCebnaeK",123,1,81,122,0,122,0,0,0,0,0,40,40,40,40,42,42,60
"5150",49,"[81]GHdwaCsAIwhHfcwandbCLCecDpwaeofCJBdHdnwendaCIKqrkaxLachKBeaCefHBqdwaendaCJCebnaeK",120,1,81,119,0,119,0,0,0,0,0,37,37,46,46,36,36,60
"5151",50,"[81]GHdwaCsAIwhHfcwandbCLCecDpwaeofCJBdHdnwendaCIKqrkaxLachKBeaCefHBqdwaendaCJCebnaeK",122,1,81,121,0,121,0,0,0,0,0,49,49,34,34,38,38,60
"5152",51,"[81]GHdwaCsAIwhHfcwandbCLCecDpwaeofCJBdHdnwendaCIKqrkaxLachKBeaCefHBqdwaendaCJCebnaeK",117,0.983333,81,120,2,118,2,2,0,2,2,43,41,43,43,34,34,60
"5153",52,"[81]GHdwaCsAIwhHfcwandbCLCecDpwaeofCJBdHdnwendaCIKqrkaxLachKBeaCefHBqdwaendaCJCebnaeK",124,1,81,123,0,123,0,0,0,0,0,34,34,45,45,44,44,60
"5154",53,"[81]GHdwaCsAIwhHfcwandbCLCecDpwaeofCJBdHdnwendaCIKqrkaxLachKBeaCefHBqdwaendaCJCebnaeK",120,1,81,119,0,119,0,0,0,0,0,40,40,44,44,35,35,60
"5155",54,"[81]GHdwaCsAIwhHfcwandbCLCecDpwaeofCJBdHdnwendaCIKqrkaxLachKBeaCefHBqdwaendaCJCebnaeK",122,0.99187,81,123,1,122,1,1,0,1,1,44,43,38,38,41,41,60
"5156",55,"[81]GHdwaCsAIwhHfcwandbCLCecDpwaeofCJBdHdnwendaCIKqrkaxLachKBeaCefHBqdwaendaCJCebnaeK",117,0.991525,81,118,1,117,1,1,0,1,1,43,42,45,45,30,30,60
"5157",56,"[81]GHdwaCsAIwhHfcwandbCLCecDpwaeofCJBdHdnwendaCIKqrkaxLachKBeaCefHBqdwaendaCJCebnaeK",117,0.983333,81,120,2,118,2,2,0,2,2,53,51,34,34,33,33,60
"5158",57,"[81]GHdwaCsAIwhHfcwandbCLCecDpwaeofCJBdHdnwendaCIKqrkaxLachKBeaCefHBqdwaendaCJCebnaeK",115,0.967213,81,122,4,118,4,4,0,4,4,44,40,42,42,36,36,60
"5159",58,"[81]GHdwaCsAIwhHfcwandbCLCecDpwaeofCJBdHdnwendaCIKqrkaxLachKBeaCefHBqdwaendaCJCebnaeK",121,1,81,120,0,120,0,0,0,0,0,37,37,45,45,38,38,60
"5160",59,"[81]GHdwaCsAIwhHfcwandbCLCecDpwaeofCJBdHdnwendaCIKqrkaxLachKBeaCefHBqdwaendaCJCebnaeK",120,0.976,81,125,3,122,3,3,0,3,3,38,35,43,43,44,44,60
"5161",60,"[81]GHdwaCsAIwhHfcwandbCLCecDpwaeofCJBdHdnwendaCIKqrkaxLachKBeaCefHBqdwaendaCJCebnaeK",118,0.97561,81,123,3,120,3,3,0,3,3,38,35,44,44,41,41,60
"5162",61,"[81]GHdwaCsAIwhHfcwandbCLCecDpwaeofCJBdHdnwendaCIKqrkaxLachKBeaCefHBqdwaendaCJCebnaeK",126,1,81,125,0,125,0,0,0,0,0,47,47,31,31,47,47,60
"5163",62,"[81]GHdwaCsAIwhHfcwandbCLCecDpwaeofCJBdHdnwendaCIKqrkaxLachKBeaCefHBqdwaendaCJCebnaeK",122,0.99187,81,123,1,122,1,1,0,1,1,38,37,43,43,42,42,60
"5164",63,"[81]GHdwaCsAIwhHfcwandbCLCecDpwaeofCJBdHdnwendaCIKqrkaxLachKBeaCefHBqdwaendaCJCebnaeK",123,0.991935,81,124,1,123,1,1,0,1,1,37,36,43,43,44,44,60
"5165",64,"[81]GHdwaCsAIwhHfcwandbCLCecDpwaeofCJBdHdnwendaCIKqrkaxLachKBeaCefHBqdwaendaCJCebnaeK",116,0.983193,81,119,2,117,2,2,0,2,2,41,39,46,46,32,32,60
"5166",65,"[81]GHdwaCsAIwhHfcwandbCLCecDpwaeofCJBdHdnwendaCIKqrkaxLachKBeaCefHBqdwaendaCJCebnaeK",118,0.991597,81,119,1,118,1,1,0,1,1,50,49,37,37,32,32,60
"5167",66,"[81]GHdwaCsAIwhHfcwandbCLCecDpwaeofCJBdHdnwendaCIKqrkaxLachKBeaCefHBqdwaendaCJCebnaeK",113,0.959016,81,122,5,117,5,5,0,5,5,41,36,45,45,36,36,60
"5168",67,"[81]GHdwaCsAIwhHfcwandbCLCecDpwaeofCJBdHdnwendaCIKqrkaxLachKBeaCefHBqdwaendaCJCebnaeK",113,0.959016,81,122,5,117,5,5,0,5,5,48,43,39,39,35,35,60
"5169",68,"[81]GHdwaCsAIwhHfcwandbCLCecDpwaeofCJBdHdnwendaCIKqrkaxLachKBeaCefHBqdwaendaCJCebnaeK",122,1,81,121,0,121,0,0,0,0,0,34,34,47,47,40,40,60
"5170",69,"[81]GHdwaCsAIwhHfcwandbCLCecDpwaeofCJBdHdnwendaCIKqrkaxLachKBeaCefHBqdwaendaCJCebnaeK",126,1,81,125,0,125,0,0,0,0,0,30,30,46,46,49,49,60
"5171",70,"[81]GHdwaCsAIwhHfcwandbCLCecDpwaeofCJBdHdnwendaCIKqrkaxLachKBeaCefHBqdwaendaCJCebnaeK",119,0.991667,81,120,1,119,1,1,0,1,1,42,41,43,43,35,35,60
"5172",71,"[81]GHdwaCsAIwhHfcwandbCLCecDpwaeofCJBdHdnwendaCIKqrkaxLachKBeaCefHBqdwaendaCJCebnaeK",119,0.991667,81,120,1,119,1,1,0,1,1,36,35,47,47,37,37,60
"5173",72,"[81]GHdwaCsAIwhHfcwandbCLCecDpwaeofCJBdHdnwendaCIKqrkaxLachKBeaCefHBqdwaendaCJCebnaeK",114,0.952,81,125,6,119,6,6,0,6,6,41,35,43,43,41,41,60
"5174",73,"[81]GHdwaCsAIwhHfcwandbCLCecDpwaeofCJBdHdnwendaCIKqrkaxLachKBeaCefHBqdwaendaCJCebnaeK",117,1,81,116,0,116,0,0,0,0,0,48,48,40,40,28,28,60
"5175",74,"[81]GHdwaCsAIwhHfcwandbCLCecDpwaeofCJBdHdnwendaCIKqrkaxLachKBeaCefHBqdwaendaCJCebnaeK",121,0.991803,81,122,1,121,1,1,0,1,1,42,41,40,40,40,40,60
"5176",75,"[81]GHdwaCsAIwhHfcwandbCLCecDpwaeofCJBdHdnwendaCIKqrkaxLachKBeaCefHBqdwaendaCJCebnaeK",118,0.991597,81,119,1,118,1,1,0,1,1,50,49,36,36,33,33,60
"5177",76,"[81]GHdwaCsAIwhHfcwandbCLCecDpwaeofCJBdHdnwendaCIKqrkaxLachKBeaCefHBqdwaendaCJCebnaeK",120,1,81,119,0,119,0,0,0,0,0,41,41,43,43,35,35,60
"5178",77,"[81]GHdwaCsAIwhHfcwandbCLCecDpwaeofCJBdHdnwendaCIKqrkaxLachKBeaCefHBqdwaendaCJCebnaeK",122,1,81,121,0,121,0,0,0,0,0,39,39,42,42,40,40,60
"5179",78,"[81]GHdwaCsAIwhHfcwandbCLCecDpwaeofCJBdHdnwendaCIKqrkaxLachKBeaCefHBqdwaendaCJCebnaeK",126,1,81,125,0,125,0,0,0,0,0,38,38,40,40,47,47,60
"5180",79,"[81]GHdwaCsAIwhHfcwandbCLCecDpwaeofCJBdHdnwendaCIKqrkaxLachKBeaCefHBqdwaendaCJCebnaeK",123,0.991935,81,124,1,123,1,1,0,1,1,31,30,47,47,46,46,60
"5181",80,"[81]GHdwaCsAIwhHfcwandbCLCecDpwaeofCJBdHdnwendaCIKqrkaxLachKBeaCefHBqdwaendaCJCebnaeK",121,0.991803,81,122,1,121,1,1,0,1,1,36,35,45,45,41,41,60
"5182",81,"[81]GHdwaCsAIwhHfcwandbCLCecDpwaeofCJBdHdnwendaCIKqrkaxLachKBeaCefHBqdwaendaCJCebnaeK",121,1,81,120,0,120,0,0,0,0,0,33,33,49,49,38,38,60
"5183",82,"[81]GHdwaCsAIwhHfcwandbCLCecDpwaeofCJBdHdnwendaCIKqrkaxLachKBeaCefHBqdwaendaCJCebnaeK",116,0.983193,81,119,2,117,2,2,0,2,2,42,40,44,44,33,33,60
"5184",83,"[81]GHdwaCsAIwhHfcwandbCLCecDpwaeofCJBdHdnwendaCIKqrkaxLachKBeaCefHBqdwaendaCJCebnaeK",121,1,81,120,0,120,0,0,0,0,0,46,46,38,38,36,36,60
"5185",84,"[81]GHdwaCsAIwhHfcwandbCLCecDpwaeofCJBdHdnwendaCIKqrkaxLachKBeaCefHBqdwaendaCJCebnaeK",122,0.99187,81,123,1,122,1,1,0,1,1,39,38,42,42,42,42,60
"5186",85,"[81]GHdwaCsAIwhHfcwandbCLCecDpwaeofCJBdHdnwendaCIKqrkaxLachKBeaCefHBqdwaendaCJCebnaeK",119,1,81,118,0,118,0,0,0,0,0,46,46,40,40,32,32,60
"5187",86,"[81]GHdwaCsAIwhHfcwandbCLCecDpwaeofCJBdHdnwendaCIKqrkaxLachKBeaCefHBqdwaendaCJCebnaeK",121,0.991803,81,122,1,121,1,1,0,1,1,42,41,41,41,39,39,60
"5188",87,"[81]GHdwaCsAIwhHfcwandbCLCecDpwaeofCJBdHdnwendaCIKqrkaxLachKBeaCefHBqdwaendaCJCebnaeK",121,1,81,120,0,120,0,0,0,0,0,39,39,44,44,37,37,60
"5189",88,"[81]GHdwaCsAIwhHfcwandbCLCecDpwaeofCJBdHdnwendaCIKqrkaxLachKBeaCefHBqdwaendaCJCebnaeK",120,0.991736,81,121,1,120,1,1,0,1,1,47,46,37,37,37,37,60
"5190",89,"[81]GHdwaCsAIwhHfcwandbCLCecDpwaeofCJBdHdnwendaCIKqrkaxLachKBeaCefHBqdwaendaCJCebnaeK",127,1,81,126,0,126,0,0,0,0,0,41,41,36,36,49,49,60
"5191",90,"[81]GHdwaCsAIwhHfcwandbCLCecDpwaeofCJBdHdnwendaCIKqrkaxLachKBeaCefHBqdwaendaCJCebnaeK",122,1,81,121,0,121,0,0,0,0,0,36,36,45,45,40,40,60
"5192",91,"[81]GHdwaCsAIwhHfcwandbCLCecDpwaeofCJBdHdnwendaCIKqrkaxLachKBeaCefHBqdwaendaCJCebnaeK",125,1,81,124,0,124,0,0,0,0,0,43,43,36,36,45,45,60
"5193",92,"[81]GHdwaCsAIwhHfcwandbCLCecDpwaeofCJBdHdnwendaCIKqrkaxLachKBeaCefHBqdwaendaCJCebnaeK",128,1,81,127,0,127,0,0,0,0,0,34,34,41,41,52,52,60
"5194",93,"[81]GHdwaCsAIwhHfcwandbCLCecDpwaeofCJBdHdnwendaCIKqrkaxLachKBeaCefHBqdwaendaCJCebnaeK",126,1,81,125,0,125,0,0,0,0,0,47,47,32,32,46,46,60
"5195",94,"[81]GHdwaCsAIwhHfcwandbCLCecDpwaeofCJBdHdnwendaCIKqrkaxLachKBeaCefHBqdwaendaCJCebnaeK",127,1,81,126,0,126,0,0,0,0,0,39,39,38,38,49,49,60
"5196",95,"[81]GHdwaCsAIwhHfcwandbCLCecDpwaeofCJBdHdnwendaCIKqrkaxLachKBeaCefHBqdwaendaCJCebnaeK",119,0.991667,81,120,1,119,1,1,0,1,1,44,43,41,41,35,35,60
"5197",96,"[81]GHdwaCsAIwhHfcwandbCLCecDpwaeofCJBdHdnwendaCIKqrkaxLachKBeaCefHBqdwaendaCJCebnaeK",117,0.967742,81,124,4,120,4,4,0,4,4,43,39,40,40,41,41,60
"5198",97,"[81]GHdwaCsAIwhHfcwandbCLCecDpwaeofCJBdHdnwendaCIKqrkaxLachKBeaCefHBqdwaendaCJCebnaeK",121,0.991803,81,122,1,121,1,1,0,1,1,47,46,37,37,38,38,60
"5199",98,"[81]GHdwaCsAIwhHfcwandbCLCecDpwaeofCJBdHdnwendaCIKqrkaxLachKBeaCefHBqdwaendaCJCebnaeK",112,0.958678,81,121,5,116,5,5,0,5,5,45,40,43,43,33,33,60
"5200",99,"[81]GHdwaCsAIwhHfcwandbCLCecDpwaeofCJBdHdnwendaCIKqrkaxLachKBeaCefHBqdwaendaCJCebnaeK",124,1,81,123,0,123,0,0,0,0,0,41,41,39,39,43,43,60
"5201",0,"[78]jfffHdwafndfCIHaFqCwafndbCLCabGrooliBdAbKIsHKEIwJnftvqAywmiufiafwendaCJCafLGeK",119,0.991667,78,120,1,119,1,1,0,1,1,45,45,39,38,36,36,61
"5202",1,"[78]jfffHdwafndfCIHaFqCwafndbCLCabGrooliBdAbKIsHKEIwJnftvqAywmiufiafwendaCJCafLGeK",123,0.991935,78,124,1,123,1,1,0,1,1,42,42,36,35,46,46,61
"5203",2,"[78]jfffHdwafndfCIHaFqCwafndbCLCabGrooliBdAbKIsHKEIwJnftvqAywmiufiafwendaCJCafLGeK",123,0.991935,78,124,1,123,1,1,0,1,1,42,42,36,35,46,46,61
"5204",3,"[78]jfffHdwafndfCIHaFqCwafndbCLCabGrooliBdAbKIsHKEIwJnftvqAywmiufiafwendaCJCafLGeK",120,0.991736,78,121,1,120,1,1,0,1,1,37,37,42,41,42,42,61
"5205",4,"[78]jfffHdwafndfCIHaFqCwafndbCLCabGrooliBdAbKIsHKEIwJnftvqAywmiufiafwendaCJCafLGeK",121,0.991803,78,122,1,121,1,1,0,1,1,48,48,36,35,38,38,61
"5206",5,"[78]jfffHdwafndfCIHaFqCwafndbCLCabGrooliBdAbKIsHKEIwJnftvqAywmiufiafwendaCJCafLGeK",119,0.991667,78,120,1,119,1,1,0,1,1,36,36,53,52,31,31,61
"5207",6,"[78]jfffHdwafndfCIHaFqCwafndbCLCabGrooliBdAbKIsHKEIwJnftvqAywmiufiafwendaCJCafLGeK",120,0.991736,78,121,1,120,1,1,0,1,1,40,40,41,40,40,40,61
"5208",7,"[78]jfffHdwafndfCIHaFqCwafndbCLCabGrooliBdAbKIsHKEIwJnftvqAywmiufiafwendaCJCafLGeK",116,0.991453,78,117,1,116,1,1,0,1,1,38,38,51,50,28,28,61
"5209",8,"[78]jfffHdwafndfCIHaFqCwafndbCLCabGrooliBdAbKIsHKEIwJnftvqAywmiufiafwendaCJCafLGeK",122,0.99187,78,123,1,122,1,1,0,1,1,40,40,40,39,43,43,61
"5210",9,"[78]jfffHdwafndfCIHaFqCwafndbCLCabGrooliBdAbKIsHKEIwJnftvqAywmiufiafwendaCJCafLGeK",122,0.99187,78,123,1,122,1,1,0,1,1,43,43,41,40,39,39,61
"5211",10,"[78]jfffHdwafndfCIHaFqCwafndbCLCabGrooliBdAbKIsHKEIwJnftvqAywmiufiafwendaCJCafLGeK",118,0.991597,78,119,1,118,1,1,0,1,1,41,41,41,40,37,37,61
"5212",11,"[78]jfffHdwafndfCIHaFqCwafndbCLCabGrooliBdAbKIsHKEIwJnftvqAywmiufiafwendaCJCafLGeK",125,0.992063,78,126,1,125,1,1,0,1,1,41,41,38,37,47,47,61
"5213",12,"[78]jfffHdwafndfCIHaFqCwafndbCLCabGrooliBdAbKIsHKEIwJnftvqAywmiufiafwendaCJCafLGeK",124,0.992,78,125,1,124,1,1,0,1,1,39,39,42,41,44,44,61
"5214",13,"[78]jfffHdwafndfCIHaFqCwafndbCLCabGrooliBdAbKIsHKEIwJnftvqAywmiufiafwendaCJCafLGeK",121,0.991803,78,122,1,121,1,1,0,1,1,30,30,46,45,46,46,61
"5215",14,"[78]jfffHdwafndfCIHaFqCwafndbCLCabGrooliBdAbKIsHKEIwJnftvqAywmiufiafwendaCJCafLGeK",116,0.991453,78,117,1,116,1,1,0,1,1,44,44,43,42,30,30,61
"5216",15,"[78]jfffHdwafndfCIHaFqCwafndbCLCabGrooliBdAbKIsHKEIwJnftvqAywmiufiafwendaCJCafLGeK",124,0.992,78,125,1,124,1,1,0,1,1,45,45,37,36,43,43,61
"5217",16,"[78]jfffHdwafndfCIHaFqCwafndbCLCabGrooliBdAbKIsHKEIwJnftvqAywmiufiafwendaCJCafLGeK",117,0.991525,78,118,1,117,1,1,0,1,1,43,43,43,42,32,32,61
"5218",17,"[78]jfffHdwafndfCIHaFqCwafndbCLCabGrooliBdAbKIsHKEIwJnftvqAywmiufiafwendaCJCafLGeK",120,0.991736,78,121,1,120,1,1,0,1,1,47,47,39,38,35,35,61
"5219",18,"[78]jfffHdwafndfCIHaFqCwafndbCLCabGrooliBdAbKIsHKEIwJnftvqAywmiufiafwendaCJCafLGeK",132,0.992481,78,133,1,132,1,1,0,1,1,47,47,36,35,50,50,61
"5220",19,"[78]jfffHdwafndfCIHaFqCwafndbCLCabGrooliBdAbKIsHKEIwJnftvqAywmiufiafwendaCJCafLGeK",121,0.991803,78,122,1,121,1,1,0,1,1,42,42,38,37,42,42,61
"5221",20,"[78]jfffHdwafndfCIHaFqCwafndbCLCabGrooliBdAbKIsHKEIwJnftvqAywmiufiafwendaCJCafLGeK",124,0.992,78,125,1,124,1,1,0,1,1,43,43,41,40,41,41,61
"5222",21,"[78]jfffHdwafndfCIHaFqCwafndbCLCabGrooliBdAbKIsHKEIwJnftvqAywmiufiafwendaCJCafLGeK",121,0.991803,78,122,1,121,1,1,0,1,1,50,50,33,32,39,39,61
"5223",22,"[78]jfffHdwafndfCIHaFqCwafndbCLCabGrooliBdAbKIsHKEIwJnftvqAywmiufiafwendaCJCafLGeK",125,0.992063,78,126,1,125,1,1,0,1,1,33,33,48,47,45,45,61
"5224",23,"[78]jfffHdwafndfCIHaFqCwafndbCLCabGrooliBdAbKIsHKEIwJnftvqAywmiufiafwendaCJCafLGeK",123,0.991935,78,124,1,123,1,1,0,1,1,39,39,38,37,47,47,61
"5225",24,"[78]jfffHdwafndfCIHaFqCwafndbCLCabGrooliBdAbKIsHKEIwJnftvqAywmiufiafwendaCJCafLGeK",123,0.991935,78,124,1,123,1,1,0,1,1,35,35,41,40,48,48,61
"5226",25,"[78]jfffHdwafndfCIHaFqCwafndbCLCabGrooliBdAbKIsHKEIwJnftvqAywmiufiafwendaCJCafLGeK",121,0.991803,78,122,1,121,1,1,0,1,1,35,35,49,48,38,38,61
"5227",26,"[78]jfffHdwafndfCIHaFqCwafndbCLCabGrooliBdAbKIsHKEIwJnftvqAywmiufiafwendaCJCafLGeK",124,0.992,78,125,1,124,1,1,0,1,1,30,30,59,58,36,36,61
"5228",27,"[78]jfffHdwafndfCIHaFqCwafndbCLCabGrooliBdAbKIsHKEIwJnftvqAywmiufiafwendaCJCafLGeK",118,0.991597,78,119,1,118,1,1,0,1,1,30,30,50,49,39,39,61
"5229",28,"[78]jfffHdwafndfCIHaFqCwafndbCLCabGrooliBdAbKIsHKEIwJnftvqAywmiufiafwendaCJCafLGeK",119,0.991667,78,120,1,119,1,1,0,1,1,42,42,39,38,39,39,61
"5230",29,"[78]jfffHdwafndfCIHaFqCwafndbCLCabGrooliBdAbKIsHKEIwJnftvqAywmiufiafwendaCJCafLGeK",121,0.991803,78,122,1,121,1,1,0,1,1,46,46,38,37,38,38,61
"5231",30,"[78]jfffHdwafndfCIHaFqCwafndbCLCabGrooliBdAbKIsHKEIwJnftvqAywmiufiafwendaCJCafLGeK",123,0.991935,78,124,1,123,1,1,0,1,1,42,42,34,33,48,48,61
"5232",31,"[78]jfffHdwafndfCIHaFqCwafndbCLCabGrooliBdAbKIsHKEIwJnftvqAywmiufiafwendaCJCafLGeK",121,0.991803,78,122,1,121,1,1,0,1,1,48,48,36,35,38,38,61
"5233",32,"[78]jfffHdwafndfCIHaFqCwafndbCLCabGrooliBdAbKIsHKEIwJnftvqAywmiufiafwendaCJCafLGeK",121,0.991803,78,122,1,121,1,1,0,1,1,33,33,51,50,38,38,61
"5234",33,"[78]jfffHdwafndfCIHaFqCwafndbCLCabGrooliBdAbKIsHKEIwJnftvqAywmiufiafwendaCJCafLGeK",118,0.991597,78,119,1,118,1,1,0,1,1,36,36,46,45,37,37,61
"5235",34,"[78]jfffHdwafndfCIHaFqCwafndbCLCabGrooliBdAbKIsHKEIwJnftvqAywmiufiafwendaCJCafLGeK",125,0.992063,78,126,1,125,1,1,0,1,1,59,59,36,35,31,31,61
"5236",35,"[78]jfffHdwafndfCIHaFqCwafndbCLCabGrooliBdAbKIsHKEIwJnftvqAywmiufiafwendaCJCafLGeK",121,0.991803,78,122,1,121,1,1,0,1,1,39,39,41,40,42,42,61
"5237",36,"[78]jfffHdwafndfCIHaFqCwafndbCLCabGrooliBdAbKIsHKEIwJnftvqAywmiufiafwendaCJCafLGeK",120,0.991736,78,121,1,120,1,1,0,1,1,43,43,39,38,39,39,61
"5238",37,"[78]jfffHdwafndfCIHaFqCwafndbCLCabGrooliBdAbKIsHKEIwJnftvqAywmiufiafwendaCJCafLGeK",120,0.991736,78,121,1,120,1,1,0,1,1,39,39,41,40,41,41,61
"5239",38,"[78]jfffHdwafndfCIHaFqCwafndbCLCabGrooliBdAbKIsHKEIwJnftvqAywmiufiafwendaCJCafLGeK",120,0.991736,78,121,1,120,1,1,0,1,1,51,51,42,41,28,28,61
"5240",39,"[78]jfffHdwafndfCIHaFqCwafndbCLCabGrooliBdAbKIsHKEIwJnftvqAywmiufiafwendaCJCafLGeK",119,0.991667,78,120,1,119,1,1,0,1,1,43,43,43,42,34,34,61
"5241",40,"[78]jfffHdwafndfCIHaFqCwafndbCLCabGrooliBdAbKIsHKEIwJnftvqAywmiufiafwendaCJCafLGeK",123,0.991935,78,124,1,123,1,1,0,1,1,39,39,46,45,39,39,61
"5242",41,"[78]jfffHdwafndfCIHaFqCwafndbCLCabGrooliBdAbKIsHKEIwJnftvqAywmiufiafwendaCJCafLGeK",135,0.992647,78,136,1,135,1,1,0,1,1,33,33,40,39,63,63,61
"5243",42,"[78]jfffHdwafndfCIHaFqCwafndbCLCabGrooliBdAbKIsHKEIwJnftvqAywmiufiafwendaCJCafLGeK",125,0.992063,78,126,1,125,1,1,0,1,1,36,36,34,33,56,56,61
"5244",43,"[78]jfffHdwafndfCIHaFqCwafndbCLCabGrooliBdAbKIsHKEIwJnftvqAywmiufiafwendaCJCafLGeK",117,0.991525,78,118,1,117,1,1,0,1,1,29,29,51,50,38,38,61
"5245",44,"[78]jfffHdwafndfCIHaFqCwafndbCLCabGrooliBdAbKIsHKEIwJnftvqAywmiufiafwendaCJCafLGeK",115,0.991379,78,116,1,115,1,1,0,1,1,30,30,53,52,33,33,61
"5246",45,"[78]jfffHdwafndfCIHaFqCwafndbCLCabGrooliBdAbKIsHKEIwJnftvqAywmiufiafwendaCJCafLGeK",120,0.991736,78,121,1,120,1,1,0,1,1,39,39,42,41,40,40,61
"5247",46,"[78]jfffHdwafndfCIHaFqCwafndbCLCabGrooliBdAbKIsHKEIwJnftvqAywmiufiafwendaCJCafLGeK",119,0.991667,78,120,1,119,1,1,0,1,1,42,42,41,40,37,37,61
"5248",47,"[78]jfffHdwafndfCIHaFqCwafndbCLCabGrooliBdAbKIsHKEIwJnftvqAywmiufiafwendaCJCafLGeK",121,0.991803,78,122,1,121,1,1,0,1,1,35,35,43,42,44,44,61
"5249",48,"[78]jfffHdwafndfCIHaFqCwafndbCLCabGrooliBdAbKIsHKEIwJnftvqAywmiufiafwendaCJCafLGeK",123,0.991935,78,124,1,123,1,1,0,1,1,39,39,35,34,50,50,61
"5250",49,"[78]jfffHdwafndfCIHaFqCwafndbCLCabGrooliBdAbKIsHKEIwJnftvqAywmiufiafwendaCJCafLGeK",122,0.99187,78,123,1,122,1,1,0,1,1,41,41,38,37,44,44,61
"5251",50,"[78]jfffHdwafndfCIHaFqCwafndbCLCabGrooliBdAbKIsHKEIwJnftvqAywmiufiafwendaCJCafLGeK",126,0.992126,78,127,1,126,1,1,0,1,1,42,42,39,38,46,46,61
"5252",51,"[78]jfffHdwafndfCIHaFqCwafndbCLCabGrooliBdAbKIsHKEIwJnftvqAywmiufiafwendaCJCafLGeK",121,0.991803,78,122,1,121,1,1,0,1,1,41,41,40,39,41,41,61
"5253",52,"[78]jfffHdwafndfCIHaFqCwafndbCLCabGrooliBdAbKIsHKEIwJnftvqAywmiufiafwendaCJCafLGeK",119,0.991667,78,120,1,119,1,1,0,1,1,39,39,42,41,39,39,61
"5254",53,"[78]jfffHdwafndfCIHaFqCwafndbCLCabGrooliBdAbKIsHKEIwJnftvqAywmiufiafwendaCJCafLGeK",117,0.991525,78,118,1,117,1,1,0,1,1,49,49,39,38,30,30,61
"5255",54,"[78]jfffHdwafndfCIHaFqCwafndbCLCabGrooliBdAbKIsHKEIwJnftvqAywmiufiafwendaCJCafLGeK",123,0.991935,78,124,1,123,1,1,0,1,1,34,34,41,40,49,49,61
"5256",55,"[78]jfffHdwafndfCIHaFqCwafndbCLCabGrooliBdAbKIsHKEIwJnftvqAywmiufiafwendaCJCafLGeK",130,0.992366,78,131,1,130,1,1,0,1,1,38,38,38,37,55,55,61
"5257",56,"[78]jfffHdwafndfCIHaFqCwafndbCLCabGrooliBdAbKIsHKEIwJnftvqAywmiufiafwendaCJCafLGeK",124,0.992,78,125,1,124,1,1,0,1,1,40,40,39,38,46,46,61
"5258",57,"[78]jfffHdwafndfCIHaFqCwafndbCLCabGrooliBdAbKIsHKEIwJnftvqAywmiufiafwendaCJCafLGeK",116,0.991453,78,117,1,116,1,1,0,1,1,41,41,44,43,32,32,61
"5259",58,"[78]jfffHdwafndfCIHaFqCwafndbCLCabGrooliBdAbKIsHKEIwJnftvqAywmiufiafwendaCJCafLGeK",118,0.991597,78,119,1,118,1,1,0,1,1,44,44,43,42,32,32,61
"5260",59,"[78]jfffHdwafndfCIHaFqCwafndbCLCabGrooliBdAbKIsHKEIwJnftvqAywmiufiafwendaCJCafLGeK",118,0.991597,78,119,1,118,1,1,0,1,1,38,38,44,43,37,37,61
"5261",60,"[78]jfffHdwafndfCIHaFqCwafndbCLCabGrooliBdAbKIsHKEIwJnftvqAywmiufiafwendaCJCafLGeK",121,0.991803,78,122,1,121,1,1,0,1,1,47,47,35,34,40,40,61
"5262",61,"[78]jfffHdwafndfCIHaFqCwafndbCLCabGrooliBdAbKIsHKEIwJnftvqAywmiufiafwendaCJCafLGeK",126,0.992126,78,127,1,126,1,1,0,1,1,38,38,42,41,47,47,61
"5263",62,"[78]jfffHdwafndfCIHaFqCwafndbCLCabGrooliBdAbKIsHKEIwJnftvqAywmiufiafwendaCJCafLGeK",118,0.991597,78,119,1,118,1,1,0,1,1,33,33,50,49,36,36,61
"5264",63,"[78]jfffHdwafndfCIHaFqCwafndbCLCabGrooliBdAbKIsHKEIwJnftvqAywmiufiafwendaCJCafLGeK",126,0.992126,78,127,1,126,1,1,0,1,1,34,34,43,42,50,50,61
"5265",64,"[78]jfffHdwafndfCIHaFqCwafndbCLCabGrooliBdAbKIsHKEIwJnftvqAywmiufiafwendaCJCafLGeK",122,0.99187,78,123,1,122,1,1,0,1,1,49,49,40,39,34,34,61
"5266",65,"[78]jfffHdwafndfCIHaFqCwafndbCLCabGrooliBdAbKIsHKEIwJnftvqAywmiufiafwendaCJCafLGeK",119,0.991667,78,120,1,119,1,1,0,1,1,32,32,49,48,39,39,61
"5267",66,"[78]jfffHdwafndfCIHaFqCwafndbCLCabGrooliBdAbKIsHKEIwJnftvqAywmiufiafwendaCJCafLGeK",130,0.992366,78,131,1,130,1,1,0,1,1,38,38,43,42,50,50,61
"5268",67,"[78]jfffHdwafndfCIHaFqCwafndbCLCabGrooliBdAbKIsHKEIwJnftvqAywmiufiafwendaCJCafLGeK",126,0.992126,78,127,1,126,1,1,0,1,1,32,32,41,40,54,54,61
"5269",68,"[78]jfffHdwafndfCIHaFqCwafndbCLCabGrooliBdAbKIsHKEIwJnftvqAywmiufiafwendaCJCafLGeK",118,0.991597,78,119,1,118,1,1,0,1,1,39,39,45,44,35,35,61
"5270",69,"[78]jfffHdwafndfCIHaFqCwafndbCLCabGrooliBdAbKIsHKEIwJnftvqAywmiufiafwendaCJCafLGeK",119,0.991667,78,120,1,119,1,1,0,1,1,42,42,41,40,37,37,61
"5271",70,"[78]jfffHdwafndfCIHaFqCwafndbCLCabGrooliBdAbKIsHKEIwJnftvqAywmiufiafwendaCJCafLGeK",122,0.99187,78,123,1,122,1,1,0,1,1,44,44,44,43,35,35,61
"5272",71,"[78]jfffHdwafndfCIHaFqCwafndbCLCabGrooliBdAbKIsHKEIwJnftvqAywmiufiafwendaCJCafLGeK",118,0.991597,78,119,1,118,1,1,0,1,1,39,39,44,43,36,36,61
"5273",72,"[78]jfffHdwafndfCIHaFqCwafndbCLCabGrooliBdAbKIsHKEIwJnftvqAywmiufiafwendaCJCafLGeK",125,0.992063,78,126,1,125,1,1,0,1,1,36,36,42,41,48,48,61
"5274",73,"[78]jfffHdwafndfCIHaFqCwafndbCLCabGrooliBdAbKIsHKEIwJnftvqAywmiufiafwendaCJCafLGeK",123,0.991935,78,124,1,123,1,1,0,1,1,32,32,48,47,44,44,61
"5275",74,"[78]jfffHdwafndfCIHaFqCwafndbCLCabGrooliBdAbKIsHKEIwJnftvqAywmiufiafwendaCJCafLGeK",121,0.991803,78,122,1,121,1,1,0,1,1,42,42,42,41,38,38,61
"5276",75,"[78]jfffHdwafndfCIHaFqCwafndbCLCabGrooliBdAbKIsHKEIwJnftvqAywmiufiafwendaCJCafLGeK",129,0.992308,78,130,1,129,1,1,0,1,1,51,51,36,35,43,43,61
"5277",76,"[78]jfffHdwafndfCIHaFqCwafndbCLCabGrooliBdAbKIsHKEIwJnftvqAywmiufiafwendaCJCafLGeK",120,0.991736,78,121,1,120,1,1,0,1,1,42,42,38,37,41,41,61
"5278",77,"[78]jfffHdwafndfCIHaFqCwafndbCLCabGrooliBdAbKIsHKEIwJnftvqAywmiufiafwendaCJCafLGeK",117,0.991525,78,118,1,117,1,1,0,1,1,33,33,50,49,35,35,61
"5279",78,"[78]jfffHdwafndfCIHaFqCwafndbCLCabGrooliBdAbKIsHKEIwJnftvqAywmiufiafwendaCJCafLGeK",118,0.991597,78,119,1,118,1,1,0,1,1,38,38,48,47,33,33,61
"5280",79,"[78]jfffHdwafndfCIHaFqCwafndbCLCabGrooliBdAbKIsHKEIwJnftvqAywmiufiafwendaCJCafLGeK",119,0.991667,78,120,1,119,1,1,0,1,1,42,42,40,39,38,38,61
"5281",80,"[78]jfffHdwafndfCIHaFqCwafndbCLCabGrooliBdAbKIsHKEIwJnftvqAywmiufiafwendaCJCafLGeK",122,0.99187,78,123,1,122,1,1,0,1,1,48,48,33,32,42,42,61
"5282",81,"[78]jfffHdwafndfCIHaFqCwafndbCLCabGrooliBdAbKIsHKEIwJnftvqAywmiufiafwendaCJCafLGeK",119,0.991667,78,120,1,119,1,1,0,1,1,36,36,43,42,41,41,61
"5283",82,"[78]jfffHdwafndfCIHaFqCwafndbCLCabGrooliBdAbKIsHKEIwJnftvqAywmiufiafwendaCJCafLGeK",121,0.991803,78,122,1,121,1,1,0,1,1,48,48,38,37,36,36,61
"5284",83,"[78]jfffHdwafndfCIHaFqCwafndbCLCabGrooliBdAbKIsHKEIwJnftvqAywmiufiafwendaCJCafLGeK",121,0.991803,78,122,1,121,1,1,0,1,1,38,38,40,39,44,44,61
"5285",84,"[78]jfffHdwafndfCIHaFqCwafndbCLCabGrooliBdAbKIsHKEIwJnftvqAywmiufiafwendaCJCafLGeK",120,0.991736,78,121,1,120,1,1,0,1,1,48,48,36,35,37,37,61
"5286",85,"[78]jfffHdwafndfCIHaFqCwafndbCLCabGrooliBdAbKIsHKEIwJnftvqAywmiufiafwendaCJCafLGeK",121,0.991803,78,122,1,121,1,1,0,1,1,47,47,36,35,39,39,61
"5287",86,"[78]jfffHdwafndfCIHaFqCwafndbCLCabGrooliBdAbKIsHKEIwJnftvqAywmiufiafwendaCJCafLGeK",122,0.99187,78,123,1,122,1,1,0,1,1,43,43,40,39,40,40,61
"5288",87,"[78]jfffHdwafndfCIHaFqCwafndbCLCabGrooliBdAbKIsHKEIwJnftvqAywmiufiafwendaCJCafLGeK",125,0.992063,78,126,1,125,1,1,0,1,1,42,42,37,36,47,47,61
"5289",88,"[78]jfffHdwafndfCIHaFqCwafndbCLCabGrooliBdAbKIsHKEIwJnftvqAywmiufiafwendaCJCafLGeK",126,0.992126,78,127,1,126,1,1,0,1,1,35,35,43,42,49,49,61
"5290",89,"[78]jfffHdwafndfCIHaFqCwafndbCLCabGrooliBdAbKIsHKEIwJnftvqAywmiufiafwendaCJCafLGeK",119,0.991667,78,120,1,119,1,1,0,1,1,43,43,40,39,37,37,61
"5291",90,"[78]jfffHdwafndfCIHaFqCwafndbCLCabGrooliBdAbKIsHKEIwJnftvqAywmiufiafwendaCJCafLGeK",123,0.991935,78,124,1,123,1,1,0,1,1,37,37,41,40,46,46,61
"5292",91,"[78]jfffHdwafndfCIHaFqCwafndbCLCabGrooliBdAbKIsHKEIwJnftvqAywmiufiafwendaCJCafLGeK",121,0.991803,78,122,1,121,1,1,0,1,1,53,53,31,30,38,38,61
"5293",92,"[78]jfffHdwafndfCIHaFqCwafndbCLCabGrooliBdAbKIsHKEIwJnftvqAywmiufiafwendaCJCafLGeK",118,0.991597,78,119,1,118,1,1,0,1,1,40,40,45,44,34,34,61
"5294",93,"[78]jfffHdwafndfCIHaFqCwafndbCLCabGrooliBdAbKIsHKEIwJnftvqAywmiufiafwendaCJCafLGeK",117,0.991525,78,118,1,117,1,1,0,1,1,37,37,45,44,36,36,61
"5295",94,"[78]jfffHdwafndfCIHaFqCwafndbCLCabGrooliBdAbKIsHKEIwJnftvqAywmiufiafwendaCJCafLGeK",121,0.991803,78,122,1,121,1,1,0,1,1,45,45,36,35,41,41,61
"5296",95,"[78]jfffHdwafndfCIHaFqCwafndbCLCabGrooliBdAbKIsHKEIwJnftvqAywmiufiafwendaCJCafLGeK",127,0.992188,78,128,1,127,1,1,0,1,1,37,37,42,41,49,49,61
"5297",96,"[78]jfffHdwafndfCIHaFqCwafndbCLCabGrooliBdAbKIsHKEIwJnftvqAywmiufiafwendaCJCafLGeK",117,0.991525,78,118,1,117,1,1,0,1,1,39,39,46,45,33,33,61
"5298",97,"[78]jfffHdwafndfCIHaFqCwafndbCLCabGrooliBdAbKIsHKEIwJnftvqAywmiufiafwendaCJCafLGeK",130,0.992366,78,131,1,130,1,1,0,1,1,36,36,37,36,58,58,61
"5299",98,"[78]jfffHdwafndfCIHaFqCwafndbCLCabGrooliBdAbKIsHKEIwJnftvqAywmiufiafwendaCJCafLGeK",118,0.991597,78,119,1,118,1,1,0,1,1,35,35,46,45,38,38,61
"5300",99,"[78]jfffHdwafndfCIHaFqCwafndbCLCabGrooliBdAbKIsHKEIwJnftvqAywmiufiafwendaCJCafLGeK",128,0.992248,78,129,1,128,1,1,0,1,1,35,35,44,43,50,50,61
"5301",0,"[81]GjfffHdwaCjzKAhwzuwafndbCLCebqcEuwafnfCJBdHdwendaCIKqEyuyuiBeaCecvafwendaCJCabkeK",111,1,81,110,0,110,0,0,0,0,0,37,37,33,33,40,40,62
"5302",1,"[81]GjfffHdwaCjzKAhwzuwafndbCLCebqcEuwafnfCJBdHdwendaCIKqEyuyuiBeaCecvafwendaCJCabkeK",106,0.990654,81,107,1,106,1,1,0,1,1,41,40,33,33,33,33,62
"5303",2,"[81]GjfffHdwaCjzKAhwzuwafndbCLCebqcEuwafnfCJBdHdwendaCIKqEyuyuiBeaCecvafwendaCJCabkeK",110,1,81,109,0,109,0,0,0,0,0,35,35,34,34,40,40,62
"5304",3,"[81]GjfffHdwaCjzKAhwzuwafndbCLCebqcEuwafnfCJBdHdwendaCIKqEyuyuiBeaCecvafwendaCJCabkeK",102,0.963303,81,109,4,105,4,4,0,4,4,42,38,35,35,32,32,62
"5305",4,"[81]GjfffHdwaCjzKAhwzuwafndbCLCebqcEuwafnfCJBdHdwendaCIKqEyuyuiBeaCecvafwendaCJCabkeK",108,0.990826,81,109,1,108,1,1,0,1,1,32,31,39,39,38,38,62
"5306",5,"[81]GjfffHdwaCjzKAhwzuwafndbCLCebqcEuwafnfCJBdHdwendaCIKqEyuyuiBeaCecvafwendaCJCabkeK",110,0.990991,81,111,1,110,1,1,0,1,1,38,37,31,31,42,42,62
"5307",6,"[81]GjfffHdwaCjzKAhwzuwafndbCLCebqcEuwafnfCJBdHdwendaCIKqEyuyuiBeaCecvafwendaCJCabkeK",109,1,81,108,0,108,0,0,0,0,0,34,34,38,38,36,36,62
"5308",7,"[81]GjfffHdwaCjzKAhwzuwafndbCLCebqcEuwafnfCJBdHdwendaCIKqEyuyuiBeaCecvafwendaCJCabkeK",109,0.990909,81,110,1,109,1,1,0,1,1,32,31,38,38,40,40,62
"5309",8,"[81]GjfffHdwaCjzKAhwzuwafndbCLCebqcEuwafnfCJBdHdwendaCIKqEyuyuiBeaCecvafwendaCJCabkeK",108,0.990826,81,109,1,108,1,1,0,1,1,41,40,31,31,37,37,62
"5310",9,"[81]GjfffHdwaCjzKAhwzuwafndbCLCebqcEuwafnfCJBdHdwendaCIKqEyuyuiBeaCecvafwendaCJCabkeK",106,0.990654,81,107,1,106,1,1,0,1,1,45,44,29,29,33,33,62
"5311",10,"[81]GjfffHdwaCjzKAhwzuwafndbCLCebqcEuwafnfCJBdHdwendaCIKqEyuyuiBeaCecvafwendaCJCabkeK",112,1,81,111,0,111,0,0,0,0,0,39,39,30,30,42,42,62
"5312",11,"[81]GjfffHdwaCjzKAhwzuwafndbCLCebqcEuwafnfCJBdHdwendaCIKqEyuyuiBeaCecvafwendaCJCabkeK",107,1,81,106,0,106,0,0,0,0,0,37,37,36,36,33,33,62
"5313",12,"[81]GjfffHdwaCjzKAhwzuwafndbCLCebqcEuwafnfCJBdHdwendaCIKqEyuyuiBeaCecvafwendaCJCabkeK",107,1,81,106,0,106,0,0,0,0,0,31,31,42,42,33,33,62
"5314",13,"[81]GjfffHdwaCjzKAhwzuwafndbCLCebqcEuwafnfCJBdHdwendaCIKqEyuyuiBeaCecvafwendaCJCabkeK",103,0.972222,81,108,3,105,3,3,0,3,3,36,33,39,39,33,33,62
"5315",14,"[81]GjfffHdwaCjzKAhwzuwafndbCLCebqcEuwafnfCJBdHdwendaCIKqEyuyuiBeaCecvafwendaCJCabkeK",103,0.972222,81,108,3,105,3,3,0,3,3,33,30,42,42,33,33,62
"5316",15,"[81]GjfffHdwaCjzKAhwzuwafndbCLCebqcEuwafnfCJBdHdwendaCIKqEyuyuiBeaCecvafwendaCJCabkeK",113,1,81,112,0,112,0,0,0,0,0,37,37,30,30,45,45,62
"5317",16,"[81]GjfffHdwaCjzKAhwzuwafndbCLCebqcEuwafnfCJBdHdwendaCIKqEyuyuiBeaCecvafwendaCJCabkeK",107,1,81,106,0,106,0,0,0,0,0,29,29,43,43,34,34,62
"5318",17,"[81]GjfffHdwaCjzKAhwzuwafndbCLCebqcEuwafnfCJBdHdwendaCIKqEyuyuiBeaCecvafwendaCJCabkeK",108,1,81,107,0,107,0,0,0,0,0,41,41,32,32,34,34,62
"5319",18,"[81]GjfffHdwaCjzKAhwzuwafndbCLCebqcEuwafnfCJBdHdwendaCIKqEyuyuiBeaCecvafwendaCJCabkeK",107,1,81,106,0,106,0,0,0,0,0,35,35,38,38,33,33,62
"5320",19,"[81]GjfffHdwaCjzKAhwzuwafndbCLCebqcEuwafnfCJBdHdwendaCIKqEyuyuiBeaCecvafwendaCJCabkeK",109,1,81,108,0,108,0,0,0,0,0,35,35,36,36,37,37,62
"5321",20,"[81]GjfffHdwaCjzKAhwzuwafndbCLCebqcEuwafnfCJBdHdwendaCIKqEyuyuiBeaCecvafwendaCJCabkeK",105,0.981481,81,108,2,106,2,2,0,2,2,38,36,36,36,34,34,62
"5322",21,"[81]GjfffHdwaCjzKAhwzuwafndbCLCebqcEuwafnfCJBdHdwendaCIKqEyuyuiBeaCecvafwendaCJCabkeK",107,0.990741,81,108,1,107,1,1,0,1,1,34,33,39,39,35,35,62
"5323",22,"[81]GjfffHdwaCjzKAhwzuwafndbCLCebqcEuwafnfCJBdHdwendaCIKqEyuyuiBeaCecvafwendaCJCabkeK",108,0.981982,81,111,2,109,2,2,0,2,2,35,33,35,35,41,41,62
"5324",23,"[81]GjfffHdwaCjzKAhwzuwafndbCLCebqcEuwafnfCJBdHdwendaCIKqEyuyuiBeaCecvafwendaCJCabkeK",112,0.99115,81,113,1,112,1,1,0,1,1,36,35,32,32,45,45,62
"5325",24,"[81]GjfffHdwaCjzKAhwzuwafndbCLCebqcEuwafnfCJBdHdwendaCIKqEyuyuiBeaCecvafwendaCJCabkeK",99,0.945455,81,110,6,104,6,6,0,6,6,36,30,42,42,32,32,62
"5326",25,"[81]GjfffHdwaCjzKAhwzuwafndbCLCebqcEuwafnfCJBdHdwendaCIKqEyuyuiBeaCecvafwendaCJCabkeK",97,0.944444,81,108,6,102,6,6,0,6,6,38,32,42,42,28,28,62
"5327",26,"[81]GjfffHdwaCjzKAhwzuwafndbCLCebqcEuwafnfCJBdHdwendaCIKqEyuyuiBeaCecvafwendaCJCabkeK",107,1,81,106,0,106,0,0,0,0,0,37,37,37,37,32,32,62
"5328",27,"[81]GjfffHdwaCjzKAhwzuwafndbCLCebqcEuwafnfCJBdHdwendaCIKqEyuyuiBeaCecvafwendaCJCabkeK",108,1,81,107,0,107,0,0,0,0,0,33,33,39,39,35,35,62
"5329",28,"[81]GjfffHdwaCjzKAhwzuwafndbCLCebqcEuwafnfCJBdHdwendaCIKqEyuyuiBeaCecvafwendaCJCabkeK",108,0.990826,81,109,1,108,1,1,0,1,1,33,32,38,38,38,38,62
"5330",29,"[81]GjfffHdwaCjzKAhwzuwafndbCLCebqcEuwafnfCJBdHdwendaCIKqEyuyuiBeaCecvafwendaCJCabkeK",111,1,81,110,0,110,0,0,0,0,0,40,40,29,29,41,41,62
"5331",30,"[81]GjfffHdwaCjzKAhwzuwafndbCLCebqcEuwafnfCJBdHdwendaCIKqEyuyuiBeaCecvafwendaCJCabkeK",109,0.982143,81,112,2,110,2,2,0,2,2,37,35,32,32,43,43,62
"5332",31,"[81]GjfffHdwaCjzKAhwzuwafndbCLCebqcEuwafnfCJBdHdwendaCIKqEyuyuiBeaCecvafwendaCJCabkeK",108,1,81,107,0,107,0,0,0,0,0,37,37,35,35,35,35,62
"5333",32,"[81]GjfffHdwaCjzKAhwzuwafndbCLCebqcEuwafnfCJBdHdwendaCIKqEyuyuiBeaCecvafwendaCJCabkeK",109,1,81,108,0,108,0,0,0,0,0,27,27,43,43,38,38,62
"5334",33,"[81]GjfffHdwaCjzKAhwzuwafndbCLCebqcEuwafnfCJBdHdwendaCIKqEyuyuiBeaCecvafwendaCJCabkeK",111,1,81,110,0,110,0,0,0,0,0,36,36,33,33,41,41,62
"5335",34,"[81]GjfffHdwaCjzKAhwzuwafndbCLCebqcEuwafnfCJBdHdwendaCIKqEyuyuiBeaCecvafwendaCJCabkeK",111,1,81,110,0,110,0,0,0,0,0,30,30,38,38,42,42,62
"5336",35,"[81]GjfffHdwaCjzKAhwzuwafndbCLCebqcEuwafnfCJBdHdwendaCIKqEyuyuiBeaCecvafwendaCJCabkeK",107,0.990741,81,108,1,107,1,1,0,1,1,38,37,35,35,35,35,62
"5337",36,"[81]GjfffHdwaCjzKAhwzuwafndbCLCebqcEuwafnfCJBdHdwendaCIKqEyuyuiBeaCecvafwendaCJCabkeK",104,1,81,103,0,103,0,0,0,0,0,45,45,33,33,25,25,62
"5338",37,"[81]GjfffHdwaCjzKAhwzuwafndbCLCebqcEuwafnfCJBdHdwendaCIKqEyuyuiBeaCecvafwendaCJCabkeK",109,0.982143,81,112,2,110,2,2,0,2,2,45,43,26,26,41,41,62
"5339",38,"[81]GjfffHdwaCjzKAhwzuwafndbCLCebqcEuwafnfCJBdHdwendaCIKqEyuyuiBeaCecvafwendaCJCabkeK",109,1,81,108,0,108,0,0,0,0,0,41,41,30,30,37,37,62
"5340",39,"[81]GjfffHdwaCjzKAhwzuwafndbCLCebqcEuwafnfCJBdHdwendaCIKqEyuyuiBeaCecvafwendaCJCabkeK",107,0.990741,81,108,1,107,1,1,0,1,1,40,39,33,33,35,35,62
"5341",40,"[81]GjfffHdwaCjzKAhwzuwafndbCLCebqcEuwafnfCJBdHdwendaCIKqEyuyuiBeaCecvafwendaCJCabkeK",110,1,81,109,0,109,0,0,0,0,0,32,32,37,37,40,40,62
"5342",41,"[81]GjfffHdwaCjzKAhwzuwafndbCLCebqcEuwafnfCJBdHdwendaCIKqEyuyuiBeaCecvafwendaCJCabkeK",108,1,81,107,0,107,0,0,0,0,0,31,31,41,41,35,35,62
"5343",42,"[81]GjfffHdwaCjzKAhwzuwafndbCLCebqcEuwafnfCJBdHdwendaCIKqEyuyuiBeaCecvafwendaCJCabkeK",100,0.962617,81,107,4,103,4,4,0,4,4,39,35,39,39,29,29,62
"5344",43,"[81]GjfffHdwaCjzKAhwzuwafndbCLCebqcEuwafnfCJBdHdwendaCIKqEyuyuiBeaCecvafwendaCJCabkeK",110,0.973913,81,115,3,112,3,3,0,3,3,31,28,36,36,48,48,62
"5345",44,"[81]GjfffHdwaCjzKAhwzuwafndbCLCebqcEuwafnfCJBdHdwendaCIKqEyuyuiBeaCecvafwendaCJCabkeK",106,0.990654,81,107,1,106,1,1,0,1,1,34,33,39,39,34,34,62
"5346",45,"[81]GjfffHdwaCjzKAhwzuwafndbCLCebqcEuwafnfCJBdHdwendaCIKqEyuyuiBeaCecvafwendaCJCabkeK",106,0.981651,81,109,2,107,2,2,0,2,2,36,34,37,37,36,36,62
"5347",46,"[81]GjfffHdwaCjzKAhwzuwafndbCLCebqcEuwafnfCJBdHdwendaCIKqEyuyuiBeaCecvafwendaCJCabkeK",107,0.990741,81,108,1,107,1,1,0,1,1,38,37,34,34,36,36,62
"5348",47,"[81]GjfffHdwaCjzKAhwzuwafndbCLCebqcEuwafnfCJBdHdwendaCIKqEyuyuiBeaCecvafwendaCJCabkeK",106,0.972973,81,111,3,108,3,3,0,3,3,31,28,41,41,39,39,62
"5349",48,"[81]GjfffHdwaCjzKAhwzuwafndbCLCebqcEuwafnfCJBdHdwendaCIKqEyuyuiBeaCecvafwendaCJCabkeK",112,1,81,111,0,111,0,0,0,0,0,33,33,34,34,44,44,62
"5350",49,"[81]GjfffHdwaCjzKAhwzuwafndbCLCebqcEuwafnfCJBdHdwendaCIKqEyuyuiBeaCecvafwendaCJCabkeK",109,1,81,108,0,108,0,0,0,0,0,33,33,37,37,38,38,62
"5351",50,"[81]GjfffHdwaCjzKAhwzuwafndbCLCebqcEuwafnfCJBdHdwendaCIKqEyuyuiBeaCecvafwendaCJCabkeK",107,0.990741,81,108,1,107,1,1,0,1,1,40,39,33,33,35,35,62
"5352",51,"[81]GjfffHdwaCjzKAhwzuwafndbCLCebqcEuwafnfCJBdHdwendaCIKqEyuyuiBeaCecvafwendaCJCabkeK",106,1,81,105,0,105,0,0,0,0,0,40,40,36,36,29,29,62
"5353",52,"[81]GjfffHdwaCjzKAhwzuwafndbCLCebqcEuwafnfCJBdHdwendaCIKqEyuyuiBeaCecvafwendaCJCabkeK",105,0.981481,81,108,2,106,2,2,0,2,2,36,34,38,38,34,34,62
"5354",53,"[81]GjfffHdwaCjzKAhwzuwafndbCLCebqcEuwafnfCJBdHdwendaCIKqEyuyuiBeaCecvafwendaCJCabkeK",111,0.991071,81,112,1,111,1,1,0,1,1,34,33,35,35,43,43,62
"5355",54,"[81]GjfffHdwaCjzKAhwzuwafndbCLCebqcEuwafnfCJBdHdwendaCIKqEyuyuiBeaCecvafwendaCJCabkeK",111,1,81,110,0,110,0,0,0,0,0,39,39,31,31,40,40,62
"5356",55,"[81]GjfffHdwaCjzKAhwzuwafndbCLCebqcEuwafnfCJBdHdwendaCIKqEyuyuiBeaCecvafwendaCJCabkeK",107,0.990741,81,108,1,107,1,1,0,1,1,39,38,34,34,35,35,62
"5357",56,"[81]GjfffHdwaCjzKAhwzuwafndbCLCebqcEuwafnfCJBdHdwendaCIKqEyuyuiBeaCecvafwendaCJCabkeK",111,1,81,110,0,110,0,0,0,0,0,42,42,27,27,41,41,62
"5358",57,"[81]GjfffHdwaCjzKAhwzuwafndbCLCebqcEuwafnfCJBdHdwendaCIKqEyuyuiBeaCecvafwendaCJCabkeK",109,1,81,108,0,108,0,0,0,0,0,34,34,37,37,37,37,62
"5359",58,"[81]GjfffHdwaCjzKAhwzuwafndbCLCebqcEuwafnfCJBdHdwendaCIKqEyuyuiBeaCecvafwendaCJCabkeK",111,1,81,110,0,110,0,0,0,0,0,36,36,33,33,41,41,62
"5360",59,"[81]GjfffHdwaCjzKAhwzuwafndbCLCebqcEuwafnfCJBdHdwendaCIKqEyuyuiBeaCecvafwendaCJCabkeK",107,0.990741,81,108,1,107,1,1,0,1,1,35,34,38,38,35,35,62
"5361",60,"[81]GjfffHdwaCjzKAhwzuwafndbCLCebqcEuwafnfCJBdHdwendaCIKqEyuyuiBeaCecvafwendaCJCabkeK",106,1,81,105,0,105,0,0,0,0,0,46,46,29,29,30,30,62
"5362",61,"[81]GjfffHdwaCjzKAhwzuwafndbCLCebqcEuwafnfCJBdHdwendaCIKqEyuyuiBeaCecvafwendaCJCabkeK",103,1,81,102,0,102,0,0,0,0,0,40,40,38,38,24,24,62
"5363",62,"[81]GjfffHdwaCjzKAhwzuwafndbCLCebqcEuwafnfCJBdHdwendaCIKqEyuyuiBeaCecvafwendaCJCabkeK",106,0.990654,81,107,1,106,1,1,0,1,1,39,38,36,36,32,32,62
"5364",63,"[81]GjfffHdwaCjzKAhwzuwafndbCLCebqcEuwafnfCJBdHdwendaCIKqEyuyuiBeaCecvafwendaCJCabkeK",108,1,81,107,0,107,0,0,0,0,0,37,37,35,35,35,35,62
"5365",64,"[81]GjfffHdwaCjzKAhwzuwafndbCLCebqcEuwafnfCJBdHdwendaCIKqEyuyuiBeaCecvafwendaCJCabkeK",107,0.981818,81,110,2,108,2,2,0,2,2,38,36,35,35,37,37,62
"5366",65,"[81]GjfffHdwaCjzKAhwzuwafndbCLCebqcEuwafnfCJBdHdwendaCIKqEyuyuiBeaCecvafwendaCJCabkeK",103,0.990385,81,104,1,103,1,1,0,1,1,34,33,43,43,27,27,62
"5367",66,"[81]GjfffHdwaCjzKAhwzuwafndbCLCebqcEuwafnfCJBdHdwendaCIKqEyuyuiBeaCecvafwendaCJCabkeK",102,0.980952,81,105,2,103,2,2,0,2,2,34,32,44,44,27,27,62
"5368",67,"[81]GjfffHdwaCjzKAhwzuwafndbCLCebqcEuwafnfCJBdHdwendaCIKqEyuyuiBeaCecvafwendaCJCabkeK",109,1,81,108,0,108,0,0,0,0,0,38,38,34,34,36,36,62
"5369",68,"[81]GjfffHdwaCjzKAhwzuwafndbCLCebqcEuwafnfCJBdHdwendaCIKqEyuyuiBeaCecvafwendaCJCabkeK",108,1,81,107,0,107,0,0,0,0,0,34,34,38,38,35,35,62
"5370",69,"[81]GjfffHdwaCjzKAhwzuwafndbCLCebqcEuwafnfCJBdHdwendaCIKqEyuyuiBeaCecvafwendaCJCabkeK",109,0.990909,81,110,1,109,1,1,0,1,1,34,33,37,37,39,39,62
"5371",70,"[81]GjfffHdwaCjzKAhwzuwafndbCLCebqcEuwafnfCJBdHdwendaCIKqEyuyuiBeaCecvafwendaCJCabkeK",110,1,81,109,0,109,0,0,0,0,0,46,46,25,25,38,38,62
"5372",71,"[81]GjfffHdwaCjzKAhwzuwafndbCLCebqcEuwafnfCJBdHdwendaCIKqEyuyuiBeaCecvafwendaCJCabkeK",111,1,81,110,0,110,0,0,0,0,0,34,34,35,35,41,41,62
"5373",72,"[81]GjfffHdwaCjzKAhwzuwafndbCLCebqcEuwafnfCJBdHdwendaCIKqEyuyuiBeaCecvafwendaCJCabkeK",101,0.954545,81,110,5,105,5,5,0,5,5,39,34,37,37,34,34,62
"5374",73,"[81]GjfffHdwaCjzKAhwzuwafndbCLCebqcEuwafnfCJBdHdwendaCIKqEyuyuiBeaCecvafwendaCJCabkeK",105,0.964286,81,112,4,108,4,4,0,4,4,38,34,34,34,40,40,62
"5375",74,"[81]GjfffHdwaCjzKAhwzuwafndbCLCebqcEuwafnfCJBdHdwendaCIKqEyuyuiBeaCecvafwendaCJCabkeK",103,0.981132,81,106,2,104,2,2,0,2,2,37,35,39,39,30,30,62
"5376",75,"[81]GjfffHdwaCjzKAhwzuwafndbCLCebqcEuwafnfCJBdHdwendaCIKqEyuyuiBeaCecvafwendaCJCabkeK",108,1,81,107,0,107,0,0,0,0,0,45,45,28,28,34,34,62
"5377",76,"[81]GjfffHdwaCjzKAhwzuwafndbCLCebqcEuwafnfCJBdHdwendaCIKqEyuyuiBeaCecvafwendaCJCabkeK",109,1,81,108,0,108,0,0,0,0,0,34,34,37,37,37,37,62
"5378",77,"[81]GjfffHdwaCjzKAhwzuwafndbCLCebqcEuwafnfCJBdHdwendaCIKqEyuyuiBeaCecvafwendaCJCabkeK",108,1,81,107,0,107,0,0,0,0,0,36,36,37,37,34,34,62
"5379",78,"[81]GjfffHdwaCjzKAhwzuwafndbCLCebqcEuwafnfCJBdHdwendaCIKqEyuyuiBeaCecvafwendaCJCabkeK",108,1,81,107,0,107,0,0,0,0,0,37,37,35,35,35,35,62
"5380",79,"[81]GjfffHdwaCjzKAhwzuwafndbCLCebqcEuwafnfCJBdHdwendaCIKqEyuyuiBeaCecvafwendaCJCabkeK",111,0.991071,81,112,1,111,1,1,0,1,1,36,35,33,33,43,43,62
"5381",80,"[81]GjfffHdwaCjzKAhwzuwafndbCLCebqcEuwafnfCJBdHdwendaCIKqEyuyuiBeaCecvafwendaCJCabkeK",110,1,81,109,0,109,0,0,0,0,0,37,37,34,34,38,38,62
"5382",81,"[81]GjfffHdwaCjzKAhwzuwafndbCLCebqcEuwafnfCJBdHdwendaCIKqEyuyuiBeaCecvafwendaCJCabkeK",107,0.990741,81,108,1,107,1,1,0,1,1,35,34,38,38,35,35,62
"5383",82,"[81]GjfffHdwaCjzKAhwzuwafndbCLCebqcEuwafnfCJBdHdwendaCIKqEyuyuiBeaCecvafwendaCJCabkeK",107,1,81,106,0,106,0,0,0,0,0,40,40,34,34,32,32,62
"5384",83,"[81]GjfffHdwaCjzKAhwzuwafndbCLCebqcEuwafnfCJBdHdwendaCIKqEyuyuiBeaCecvafwendaCJCabkeK",108,0.990826,81,109,1,108,1,1,0,1,1,31,30,41,41,37,37,62
"5385",84,"[81]GjfffHdwaCjzKAhwzuwafndbCLCebqcEuwafnfCJBdHdwendaCIKqEyuyuiBeaCecvafwendaCJCabkeK",114,1,81,113,0,113,0,0,0,0,0,33,33,32,32,48,48,62
"5386",85,"[81]GjfffHdwaCjzKAhwzuwafndbCLCebqcEuwafnfCJBdHdwendaCIKqEyuyuiBeaCecvafwendaCJCabkeK",102,0.980952,81,105,2,103,2,2,0,2,2,38,36,39,39,28,28,62
"5387",86,"[81]GjfffHdwaCjzKAhwzuwafndbCLCebqcEuwafnfCJBdHdwendaCIKqEyuyuiBeaCecvafwendaCJCabkeK",107,1,81,106,0,106,0,0,0,0,0,40,40,34,34,32,32,62
"5388",87,"[81]GjfffHdwaCjzKAhwzuwafndbCLCebqcEuwafnfCJBdHdwendaCIKqEyuyuiBeaCecvafwendaCJCabkeK",106,0.990654,81,107,1,106,1,1,0,1,1,40,39,34,34,33,33,62
"5389",88,"[81]GjfffHdwaCjzKAhwzuwafndbCLCebqcEuwafnfCJBdHdwendaCIKqEyuyuiBeaCecvafwendaCJCabkeK",111,1,81,110,0,110,0,0,0,0,0,38,38,31,31,41,41,62
"5390",89,"[81]GjfffHdwaCjzKAhwzuwafndbCLCebqcEuwafnfCJBdHdwendaCIKqEyuyuiBeaCecvafwendaCJCabkeK",104,0.990476,81,105,1,104,1,1,0,1,1,40,39,36,36,29,29,62
"5391",90,"[81]GjfffHdwaCjzKAhwzuwafndbCLCebqcEuwafnfCJBdHdwendaCIKqEyuyuiBeaCecvafwendaCJCabkeK",115,1,81,114,0,114,0,0,0,0,0,35,35,29,29,50,50,62
"5392",91,"[81]GjfffHdwaCjzKAhwzuwafndbCLCebqcEuwafnfCJBdHdwendaCIKqEyuyuiBeaCecvafwendaCJCabkeK",105,0.981481,81,108,2,106,2,2,0,2,2,38,36,36,36,34,34,62
"5393",92,"[81]GjfffHdwaCjzKAhwzuwafndbCLCebqcEuwafnfCJBdHdwendaCIKqEyuyuiBeaCecvafwendaCJCabkeK",109,0.990909,81,110,1,109,1,1,0,1,1,42,41,29,29,39,39,62
"5394",93,"[81]GjfffHdwaCjzKAhwzuwafndbCLCebqcEuwafnfCJBdHdwendaCIKqEyuyuiBeaCecvafwendaCJCabkeK",107,1,81,106,0,106,0,0,0,0,0,36,36,37,37,33,33,62
"5395",94,"[81]GjfffHdwaCjzKAhwzuwafndbCLCebqcEuwafnfCJBdHdwendaCIKqEyuyuiBeaCecvafwendaCJCabkeK",108,1,81,107,0,107,0,0,0,0,0,31,31,41,41,35,35,62
"5396",95,"[81]GjfffHdwaCjzKAhwzuwafndbCLCebqcEuwafnfCJBdHdwendaCIKqEyuyuiBeaCecvafwendaCJCabkeK",103,1,81,102,0,102,0,0,0,0,0,34,34,43,43,25,25,62
"5397",96,"[81]GjfffHdwaCjzKAhwzuwafndbCLCebqcEuwafnfCJBdHdwendaCIKqEyuyuiBeaCecvafwendaCJCabkeK",115,1,81,114,0,114,0,0,0,0,0,28,28,36,36,50,50,62
"5398",97,"[81]GjfffHdwaCjzKAhwzuwafndbCLCebqcEuwafnfCJBdHdwendaCIKqEyuyuiBeaCecvafwendaCJCabkeK",109,1,81,108,0,108,0,0,0,0,0,37,37,34,34,37,37,62
"5399",98,"[81]GjfffHdwaCjzKAhwzuwafndbCLCebqcEuwafnfCJBdHdwendaCIKqEyuyuiBeaCecvafwendaCJCabkeK",106,0.990654,81,107,1,106,1,1,0,1,1,40,39,34,34,33,33,62
"5400",99,"[81]GjfffHdwaCjzKAhwzuwafndbCLCebqcEuwafnfCJBdHdwendaCIKqEyuyuiBeaCecvafwendaCJCabkeK",106,0.990654,81,107,1,106,1,1,0,1,1,35,34,38,38,34,34,62
"5401",0,"[90]GDfeHdwaCkqbtwDuHvqzuqxubwaobdbCLCebnCcvwaeofaCJBdHdwendaCIKqmjfmFnBeaCafDwwaendaCJCebnaeK",128,1,90,127,0,127,0,0,0,0,0,43,43,41,41,43,43,63
"5402",1,"[90]GDfeHdwaCkqbtwDuHvqzuqxubwaobdbCLCebnCcvwaeofaCJBdHdwendaCIKqmjfmFnBeaCafDwwaendaCJCebnaeK",122,0.99187,90,123,1,122,1,1,0,1,1,40,39,47,47,36,36,63
"5403",2,"[90]GDfeHdwaCkqbtwDuHvqzuqxubwaobdbCLCebnCcvwaeofaCJBdHdwendaCIKqmjfmFnBeaCafDwwaendaCJCebnaeK",131,1,90,130,0,130,0,0,0,0,0,42,42,44,44,44,44,63
"5404",3,"[90]GDfeHdwaCkqbtwDuHvqzuqxubwaobdbCLCebnCcvwaeofaCJBdHdwendaCIKqmjfmFnBeaCafDwwaendaCJCebnaeK",130,1,90,129,0,129,0,0,0,0,0,42,42,39,39,48,48,63
"5405",4,"[90]GDfeHdwaCkqbtwDuHvqzuqxubwaobdbCLCebnCcvwaeofaCJBdHdwendaCIKqmjfmFnBeaCafDwwaendaCJCebnaeK",128,1,90,127,0,127,0,0,0,0,0,44,44,46,46,37,37,63
"5406",5,"[90]GDfeHdwaCkqbtwDuHvqzuqxubwaobdbCLCebnCcvwaeofaCJBdHdwendaCIKqmjfmFnBeaCafDwwaendaCJCebnaeK",124,0.992,90,125,1,124,1,1,0,1,1,45,44,46,46,34,34,63
"5407",6,"[90]GDfeHdwaCkqbtwDuHvqzuqxubwaobdbCLCebnCcvwaeofaCJBdHdwendaCIKqmjfmFnBeaCafDwwaendaCJCebnaeK",128,0.992248,90,129,1,128,1,1,0,1,1,30,29,49,49,50,50,63
"5408",7,"[90]GDfeHdwaCkqbtwDuHvqzuqxubwaobdbCLCebnCcvwaeofaCJBdHdwendaCIKqmjfmFnBeaCafDwwaendaCJCebnaeK",125,0.992063,90,126,1,125,1,1,0,1,1,46,45,39,39,41,41,63
"5409",8,"[90]GDfeHdwaCkqbtwDuHvqzuqxubwaobdbCLCebnCcvwaeofaCJBdHdwendaCIKqmjfmFnBeaCafDwwaendaCJCebnaeK",120,0.991736,90,121,1,120,1,1,0,1,1,51,50,40,40,30,30,63
"5410",9,"[90]GDfeHdwaCkqbtwDuHvqzuqxubwaobdbCLCebnCcvwaeofaCJBdHdwendaCIKqmjfmFnBeaCafDwwaendaCJCebnaeK",130,0.992366,90,131,1,130,1,1,0,1,1,49,48,40,40,42,42,63
"5411",10,"[90]GDfeHdwaCkqbtwDuHvqzuqxubwaobdbCLCebnCcvwaeofaCJBdHdwendaCIKqmjfmFnBeaCafDwwaendaCJCebnaeK",121,0.97619,90,126,3,123,3,3,0,3,3,44,41,43,43,39,39,63
"5412",11,"[90]GDfeHdwaCkqbtwDuHvqzuqxubwaobdbCLCebnCcvwaeofaCJBdHdwendaCIKqmjfmFnBeaCafDwwaendaCJCebnaeK",119,1,90,118,0,118,0,0,0,0,0,49,49,42,42,27,27,63
"5413",12,"[90]GDfeHdwaCkqbtwDuHvqzuqxubwaobdbCLCebnCcvwaeofaCJBdHdwendaCIKqmjfmFnBeaCafDwwaendaCJCebnaeK",135,1,90,134,0,134,0,0,0,0,0,36,36,45,45,53,53,63
"5414",13,"[90]GDfeHdwaCkqbtwDuHvqzuqxubwaobdbCLCebnCcvwaeofaCJBdHdwendaCIKqmjfmFnBeaCafDwwaendaCJCebnaeK",129,1,90,128,0,128,0,0,0,0,0,40,40,45,45,43,43,63
"5415",14,"[90]GDfeHdwaCkqbtwDuHvqzuqxubwaobdbCLCebnCcvwaeofaCJBdHdwendaCIKqmjfmFnBeaCafDwwaendaCJCebnaeK",120,0.976,90,125,3,122,3,3,0,3,3,44,41,46,46,35,35,63
"5416",15,"[90]GDfeHdwaCkqbtwDuHvqzuqxubwaobdbCLCebnCcvwaeofaCJBdHdwendaCIKqmjfmFnBeaCafDwwaendaCJCebnaeK",124,1,90,123,0,123,0,0,0,0,0,48,48,41,41,34,34,63
"5417",16,"[90]GDfeHdwaCkqbtwDuHvqzuqxubwaobdbCLCebnCcvwaeofaCJBdHdwendaCIKqmjfmFnBeaCafDwwaendaCJCebnaeK",134,1,90,133,0,133,0,0,0,0,0,34,34,43,43,56,56,63
"5418",17,"[90]GDfeHdwaCkqbtwDuHvqzuqxubwaobdbCLCebnCcvwaeofaCJBdHdwendaCIKqmjfmFnBeaCafDwwaendaCJCebnaeK",115,0.975,90,120,3,117,3,3,0,3,3,45,42,47,47,28,28,63
"5419",18,"[90]GDfeHdwaCkqbtwDuHvqzuqxubwaobdbCLCebnCcvwaeofaCJBdHdwendaCIKqmjfmFnBeaCafDwwaendaCJCebnaeK",128,1,90,127,0,127,0,0,0,0,0,42,42,42,42,43,43,63
"5420",19,"[90]GDfeHdwaCkqbtwDuHvqzuqxubwaobdbCLCebnCcvwaeofaCJBdHdwendaCIKqmjfmFnBeaCafDwwaendaCJCebnaeK",127,0.984615,90,130,2,128,2,2,0,2,2,44,42,42,42,44,44,63
"5421",20,"[90]GDfeHdwaCkqbtwDuHvqzuqxubwaobdbCLCebnCcvwaeofaCJBdHdwendaCIKqmjfmFnBeaCafDwwaendaCJCebnaeK",120,0.98374,90,123,2,121,2,2,0,2,2,45,43,45,45,33,33,63
"5422",21,"[90]GDfeHdwaCkqbtwDuHvqzuqxubwaobdbCLCebnCcvwaeofaCJBdHdwendaCIKqmjfmFnBeaCafDwwaendaCJCebnaeK",132,1,90,131,0,131,0,0,0,0,0,42,42,37,37,52,52,63
"5423",22,"[90]GDfeHdwaCkqbtwDuHvqzuqxubwaobdbCLCebnCcvwaeofaCJBdHdwendaCIKqmjfmFnBeaCafDwwaendaCJCebnaeK",127,0.992188,90,128,1,127,1,1,0,1,1,42,41,41,41,45,45,63
"5424",23,"[90]GDfeHdwaCkqbtwDuHvqzuqxubwaobdbCLCebnCcvwaeofaCJBdHdwendaCIKqmjfmFnBeaCafDwwaendaCJCebnaeK",121,1,90,120,0,120,0,0,0,0,0,40,40,47,47,33,33,63
"5425",24,"[90]GDfeHdwaCkqbtwDuHvqzuqxubwaobdbCLCebnCcvwaeofaCJBdHdwendaCIKqmjfmFnBeaCafDwwaendaCJCebnaeK",120,0.976,90,125,3,122,3,3,0,3,3,50,47,41,41,34,34,63
"5426",25,"[90]GDfeHdwaCkqbtwDuHvqzuqxubwaobdbCLCebnCcvwaeofaCJBdHdwendaCIKqmjfmFnBeaCafDwwaendaCJCebnaeK",136,1,90,135,0,135,0,0,0,0,0,42,42,42,42,51,51,63
"5427",26,"[90]GDfeHdwaCkqbtwDuHvqzuqxubwaobdbCLCebnCcvwaeofaCJBdHdwendaCIKqmjfmFnBeaCafDwwaendaCJCebnaeK",134,1,90,133,0,133,0,0,0,0,0,48,48,38,38,47,47,63
"5428",27,"[90]GDfeHdwaCkqbtwDuHvqzuqxubwaobdbCLCebnCcvwaeofaCJBdHdwendaCIKqmjfmFnBeaCafDwwaendaCJCebnaeK",129,1,90,128,0,128,0,0,0,0,0,43,43,44,44,41,41,63
"5429",28,"[90]GDfeHdwaCkqbtwDuHvqzuqxubwaobdbCLCebnCcvwaeofaCJBdHdwendaCIKqmjfmFnBeaCafDwwaendaCJCebnaeK",127,0.992188,90,128,1,127,1,1,0,1,1,46,45,39,39,43,43,63
"5430",29,"[90]GDfeHdwaCkqbtwDuHvqzuqxubwaobdbCLCebnCcvwaeofaCJBdHdwendaCIKqmjfmFnBeaCafDwwaendaCJCebnaeK",129,1,90,128,0,128,0,0,0,0,0,36,36,48,48,44,44,63
"5431",30,"[90]GDfeHdwaCkqbtwDuHvqzuqxubwaobdbCLCebnCcvwaeofaCJBdHdwendaCIKqmjfmFnBeaCafDwwaendaCJCebnaeK",121,0.97619,90,126,3,123,3,3,0,3,3,44,41,46,46,36,36,63
"5432",31,"[90]GDfeHdwaCkqbtwDuHvqzuqxubwaobdbCLCebnCcvwaeofaCJBdHdwendaCIKqmjfmFnBeaCafDwwaendaCJCebnaeK",126,0.984496,90,129,2,127,2,2,0,2,2,41,39,44,44,44,44,63
"5433",32,"[90]GDfeHdwaCkqbtwDuHvqzuqxubwaobdbCLCebnCcvwaeofaCJBdHdwendaCIKqmjfmFnBeaCafDwwaendaCJCebnaeK",124,1,90,123,0,123,0,0,0,0,0,43,43,42,42,38,38,63
"5434",33,"[90]GDfeHdwaCkqbtwDuHvqzuqxubwaobdbCLCebnCcvwaeofaCJBdHdwendaCIKqmjfmFnBeaCafDwwaendaCJCebnaeK",127,0.992188,90,128,1,127,1,1,0,1,1,40,39,42,42,46,46,63
"5435",34,"[90]GDfeHdwaCkqbtwDuHvqzuqxubwaobdbCLCebnCcvwaeofaCJBdHdwendaCIKqmjfmFnBeaCafDwwaendaCJCebnaeK",129,1,90,128,0,128,0,0,0,0,0,41,41,41,41,46,46,63
"5436",35,"[90]GDfeHdwaCkqbtwDuHvqzuqxubwaobdbCLCebnCcvwaeofaCJBdHdwendaCIKqmjfmFnBeaCafDwwaendaCJCebnaeK",122,1,90,121,0,121,0,0,0,0,0,40,40,47,47,34,34,63
"5437",36,"[90]GDfeHdwaCkqbtwDuHvqzuqxubwaobdbCLCebnCcvwaeofaCJBdHdwendaCIKqmjfmFnBeaCafDwwaendaCJCebnaeK",128,1,90,127,0,127,0,0,0,0,0,54,54,33,33,40,40,63
"5438",37,"[90]GDfeHdwaCkqbtwDuHvqzuqxubwaobdbCLCebnCcvwaeofaCJBdHdwendaCIKqmjfmFnBeaCafDwwaendaCJCebnaeK",130,1,90,129,0,129,0,0,0,0,0,40,40,40,40,49,49,63
"5439",38,"[90]GDfeHdwaCkqbtwDuHvqzuqxubwaobdbCLCebnCcvwaeofaCJBdHdwendaCIKqmjfmFnBeaCafDwwaendaCJCebnaeK",128,1,90,127,0,127,0,0,0,0,0,37,37,44,44,46,46,63
"5440",39,"[90]GDfeHdwaCkqbtwDuHvqzuqxubwaobdbCLCebnCcvwaeofaCJBdHdwendaCIKqmjfmFnBeaCafDwwaendaCJCebnaeK",139,1,90,138,0,138,0,0,0,0,0,40,40,42,42,56,56,63
"5441",40,"[90]GDfeHdwaCkqbtwDuHvqzuqxubwaobdbCLCebnCcvwaeofaCJBdHdwendaCIKqmjfmFnBeaCafDwwaendaCJCebnaeK",128,1,90,127,0,127,0,0,0,0,0,40,40,44,44,43,43,63
"5442",41,"[90]GDfeHdwaCkqbtwDuHvqzuqxubwaobdbCLCebnCcvwaeofaCJBdHdwendaCIKqmjfmFnBeaCafDwwaendaCJCebnaeK",128,0.992248,90,129,1,128,1,1,0,1,1,48,47,37,37,44,44,63
"5443",42,"[90]GDfeHdwaCkqbtwDuHvqzuqxubwaobdbCLCebnCcvwaeofaCJBdHdwendaCIKqmjfmFnBeaCafDwwaendaCJCebnaeK",130,0.977778,90,135,3,132,3,3,0,3,3,36,33,42,42,57,57,63
"5444",43,"[90]GDfeHdwaCkqbtwDuHvqzuqxubwaobdbCLCebnCcvwaeofaCJBdHdwendaCIKqmjfmFnBeaCafDwwaendaCJCebnaeK",127,1,90,126,0,126,0,0,0,0,0,44,44,39,39,43,43,63
"5445",44,"[90]GDfeHdwaCkqbtwDuHvqzuqxubwaobdbCLCebnCcvwaeofaCJBdHdwendaCIKqmjfmFnBeaCafDwwaendaCJCebnaeK",123,0.984127,90,126,2,124,2,2,0,2,2,48,46,40,40,38,38,63
"5446",45,"[90]GDfeHdwaCkqbtwDuHvqzuqxubwaobdbCLCebnCcvwaeofaCJBdHdwendaCIKqmjfmFnBeaCafDwwaendaCJCebnaeK",127,1,90,126,0,126,0,0,0,0,0,41,41,44,44,41,41,63
"5447",46,"[90]GDfeHdwaCkqbtwDuHvqzuqxubwaobdbCLCebnCcvwaeofaCJBdHdwendaCIKqmjfmFnBeaCafDwwaendaCJCebnaeK",136,1,90,135,0,135,0,0,0,0,0,51,51,41,41,43,43,63
"5448",47,"[90]GDfeHdwaCkqbtwDuHvqzuqxubwaobdbCLCebnCcvwaeofaCJBdHdwendaCIKqmjfmFnBeaCafDwwaendaCJCebnaeK",122,0.948148,90,135,7,128,7,7,0,7,7,44,37,40,40,51,51,63
"5449",48,"[90]GDfeHdwaCkqbtwDuHvqzuqxubwaobdbCLCebnCcvwaeofaCJBdHdwendaCIKqmjfmFnBeaCafDwwaendaCJCebnaeK",120,1,90,119,0,119,0,0,0,0,0,38,38,49,49,32,32,63
"5450",49,"[90]GDfeHdwaCkqbtwDuHvqzuqxubwaobdbCLCebnCcvwaeofaCJBdHdwendaCIKqmjfmFnBeaCafDwwaendaCJCebnaeK",125,1,90,124,0,124,0,0,0,0,0,43,43,48,48,33,33,63
"5451",50,"[90]GDfeHdwaCkqbtwDuHvqzuqxubwaobdbCLCebnCcvwaeofaCJBdHdwendaCIKqmjfmFnBeaCafDwwaendaCJCebnaeK",125,0.992063,90,126,1,125,1,1,0,1,1,48,47,39,39,39,39,63
"5452",51,"[90]GDfeHdwaCkqbtwDuHvqzuqxubwaobdbCLCebnCcvwaeofaCJBdHdwendaCIKqmjfmFnBeaCafDwwaendaCJCebnaeK",121,1,90,120,0,120,0,0,0,0,0,42,42,49,49,29,29,63
"5453",52,"[90]GDfeHdwaCkqbtwDuHvqzuqxubwaobdbCLCebnCcvwaeofaCJBdHdwendaCIKqmjfmFnBeaCafDwwaendaCJCebnaeK",120,0.976,90,125,3,122,3,3,0,3,3,43,40,51,51,31,31,63
"5454",53,"[90]GDfeHdwaCkqbtwDuHvqzuqxubwaobdbCLCebnCcvwaeofaCJBdHdwendaCIKqmjfmFnBeaCafDwwaendaCJCebnaeK",119,0.975806,90,124,3,121,3,3,0,3,3,49,46,44,44,31,31,63
"5455",54,"[90]GDfeHdwaCkqbtwDuHvqzuqxubwaobdbCLCebnCcvwaeofaCJBdHdwendaCIKqmjfmFnBeaCafDwwaendaCJCebnaeK",141,1,90,140,0,140,0,0,0,0,0,44,44,38,38,58,58,63
"5456",55,"[90]GDfeHdwaCkqbtwDuHvqzuqxubwaobdbCLCebnCcvwaeofaCJBdHdwendaCIKqmjfmFnBeaCafDwwaendaCJCebnaeK",118,0.991597,90,119,1,118,1,1,0,1,1,41,40,49,49,29,29,63
"5457",56,"[90]GDfeHdwaCkqbtwDuHvqzuqxubwaobdbCLCebnCcvwaeofaCJBdHdwendaCIKqmjfmFnBeaCafDwwaendaCJCebnaeK",126,1,90,125,0,125,0,0,0,0,0,44,44,41,41,40,40,63
"5458",57,"[90]GDfeHdwaCkqbtwDuHvqzuqxubwaobdbCLCebnCcvwaeofaCJBdHdwendaCIKqmjfmFnBeaCafDwwaendaCJCebnaeK",125,1,90,124,0,124,0,0,0,0,0,51,51,37,37,36,36,63
"5459",58,"[90]GDfeHdwaCkqbtwDuHvqzuqxubwaobdbCLCebnCcvwaeofaCJBdHdwendaCIKqmjfmFnBeaCafDwwaendaCJCebnaeK",121,1,90,120,0,120,0,0,0,0,0,49,49,43,43,28,28,63
"5460",59,"[90]GDfeHdwaCkqbtwDuHvqzuqxubwaobdbCLCebnCcvwaeofaCJBdHdwendaCIKqmjfmFnBeaCafDwwaendaCJCebnaeK",127,1,90,126,0,126,0,0,0,0,0,36,36,45,45,45,45,63
"5461",60,"[90]GDfeHdwaCkqbtwDuHvqzuqxubwaobdbCLCebnCcvwaeofaCJBdHdwendaCIKqmjfmFnBeaCafDwwaendaCJCebnaeK",123,0.991935,90,124,1,123,1,1,0,1,1,44,43,42,42,38,38,63
"5462",61,"[90]GDfeHdwaCkqbtwDuHvqzuqxubwaobdbCLCebnCcvwaeofaCJBdHdwendaCIKqmjfmFnBeaCafDwwaendaCJCebnaeK",126,0.992126,90,127,1,126,1,1,0,1,1,46,45,48,48,33,33,63
"5463",62,"[90]GDfeHdwaCkqbtwDuHvqzuqxubwaobdbCLCebnCcvwaeofaCJBdHdwendaCIKqmjfmFnBeaCafDwwaendaCJCebnaeK",130,0.992366,90,131,1,130,1,1,0,1,1,40,39,44,44,47,47,63
"5464",63,"[90]GDfeHdwaCkqbtwDuHvqzuqxubwaobdbCLCebnCcvwaeofaCJBdHdwendaCIKqmjfmFnBeaCafDwwaendaCJCebnaeK",130,1,90,129,0,129,0,0,0,0,0,50,50,36,36,43,43,63
"5465",64,"[90]GDfeHdwaCkqbtwDuHvqzuqxubwaobdbCLCebnCcvwaeofaCJBdHdwendaCIKqmjfmFnBeaCafDwwaendaCJCebnaeK",125,1,90,124,0,124,0,0,0,0,0,43,43,44,44,37,37,63
"5466",65,"[90]GDfeHdwaCkqbtwDuHvqzuqxubwaobdbCLCebnCcvwaeofaCJBdHdwendaCIKqmjfmFnBeaCafDwwaendaCJCebnaeK",136,1,90,135,0,135,0,0,0,0,0,48,48,39,39,48,48,63
"5467",66,"[90]GDfeHdwaCkqbtwDuHvqzuqxubwaobdbCLCebnCcvwaeofaCJBdHdwendaCIKqmjfmFnBeaCafDwwaendaCJCebnaeK",133,1,90,132,0,132,0,0,0,0,0,46,46,36,36,50,50,63
"5468",67,"[90]GDfeHdwaCkqbtwDuHvqzuqxubwaobdbCLCebnCcvwaeofaCJBdHdwendaCIKqmjfmFnBeaCafDwwaendaCJCebnaeK",126,0.984496,90,129,2,127,2,2,0,2,2,43,41,41,41,45,45,63
"5469",68,"[90]GDfeHdwaCkqbtwDuHvqzuqxubwaobdbCLCebnCcvwaeofaCJBdHdwendaCIKqmjfmFnBeaCafDwwaendaCJCebnaeK",127,0.992188,90,128,1,127,1,1,0,1,1,48,47,36,36,44,44,63
"5470",69,"[90]GDfeHdwaCkqbtwDuHvqzuqxubwaobdbCLCebnCcvwaeofaCJBdHdwendaCIKqmjfmFnBeaCafDwwaendaCJCebnaeK",124,1,90,123,0,123,0,0,0,0,0,44,44,44,44,35,35,63
"5471",70,"[90]GDfeHdwaCkqbtwDuHvqzuqxubwaobdbCLCebnCcvwaeofaCJBdHdwendaCIKqmjfmFnBeaCafDwwaendaCJCebnaeK",132,1,90,131,0,131,0,0,0,0,0,40,40,38,38,53,53,63
"5472",71,"[90]GDfeHdwaCkqbtwDuHvqzuqxubwaobdbCLCebnCcvwaeofaCJBdHdwendaCIKqmjfmFnBeaCafDwwaendaCJCebnaeK",121,1,90,120,0,120,0,0,0,0,0,39,39,47,47,34,34,63
"5473",72,"[90]GDfeHdwaCkqbtwDuHvqzuqxubwaobdbCLCebnCcvwaeofaCJBdHdwendaCIKqmjfmFnBeaCafDwwaendaCJCebnaeK",132,1,90,131,0,131,0,0,0,0,0,55,55,29,29,47,47,63
"5474",73,"[90]GDfeHdwaCkqbtwDuHvqzuqxubwaobdbCLCebnCcvwaeofaCJBdHdwendaCIKqmjfmFnBeaCafDwwaendaCJCebnaeK",123,0.991935,90,124,1,123,1,1,0,1,1,43,42,44,44,37,37,63
"5475",74,"[90]GDfeHdwaCkqbtwDuHvqzuqxubwaobdbCLCebnCcvwaeofaCJBdHdwendaCIKqmjfmFnBeaCafDwwaendaCJCebnaeK",130,1,90,129,0,129,0,0,0,0,0,50,50,38,38,41,41,63
"5476",75,"[90]GDfeHdwaCkqbtwDuHvqzuqxubwaobdbCLCebnCcvwaeofaCJBdHdwendaCIKqmjfmFnBeaCafDwwaendaCJCebnaeK",129,0.992308,90,130,1,129,1,1,0,1,1,32,31,46,46,52,52,63
"5477",76,"[90]GDfeHdwaCkqbtwDuHvqzuqxubwaobdbCLCebnCcvwaeofaCJBdHdwendaCIKqmjfmFnBeaCafDwwaendaCJCebnaeK",137,1,90,136,0,136,0,0,0,0,0,49,49,36,36,51,51,63
"5478",77,"[90]GDfeHdwaCkqbtwDuHvqzuqxubwaobdbCLCebnCcvwaeofaCJBdHdwendaCIKqmjfmFnBeaCafDwwaendaCJCebnaeK",125,1,90,124,0,124,0,0,0,0,0,39,39,47,47,38,38,63
"5479",78,"[90]GDfeHdwaCkqbtwDuHvqzuqxubwaobdbCLCebnCcvwaeofaCJBdHdwendaCIKqmjfmFnBeaCafDwwaendaCJCebnaeK",122,0.99187,90,123,1,122,1,1,0,1,1,38,37,48,48,37,37,63
"5480",79,"[90]GDfeHdwaCkqbtwDuHvqzuqxubwaobdbCLCebnCcvwaeofaCJBdHdwendaCIKqmjfmFnBeaCafDwwaendaCJCebnaeK",124,1,90,123,0,123,0,0,0,0,0,46,46,44,44,33,33,63
"5481",80,"[90]GDfeHdwaCkqbtwDuHvqzuqxubwaobdbCLCebnCcvwaeofaCJBdHdwendaCIKqmjfmFnBeaCafDwwaendaCJCebnaeK",128,0.984733,90,131,2,129,2,2,0,2,2,35,33,45,45,51,51,63
"5482",81,"[90]GDfeHdwaCkqbtwDuHvqzuqxubwaobdbCLCebnCcvwaeofaCJBdHdwendaCIKqmjfmFnBeaCafDwwaendaCJCebnaeK",129,1,90,128,0,128,0,0,0,0,0,36,36,45,45,47,47,63
"5483",82,"[90]GDfeHdwaCkqbtwDuHvqzuqxubwaobdbCLCebnCcvwaeofaCJBdHdwendaCIKqmjfmFnBeaCafDwwaendaCJCebnaeK",133,1,90,132,0,132,0,0,0,0,0,46,46,37,37,49,49,63
"5484",83,"[90]GDfeHdwaCkqbtwDuHvqzuqxubwaobdbCLCebnCcvwaeofaCJBdHdwendaCIKqmjfmFnBeaCafDwwaendaCJCebnaeK",131,1,90,130,0,130,0,0,0,0,0,49,49,38,38,43,43,63
"5485",84,"[90]GDfeHdwaCkqbtwDuHvqzuqxubwaobdbCLCebnCcvwaeofaCJBdHdwendaCIKqmjfmFnBeaCafDwwaendaCJCebnaeK",128,1,90,127,0,127,0,0,0,0,0,46,46,43,43,38,38,63
"5486",85,"[90]GDfeHdwaCkqbtwDuHvqzuqxubwaobdbCLCebnCcvwaeofaCJBdHdwendaCIKqmjfmFnBeaCafDwwaendaCJCebnaeK",123,1,90,122,0,122,0,0,0,0,0,43,43,45,45,34,34,63
"5487",86,"[90]GDfeHdwaCkqbtwDuHvqzuqxubwaobdbCLCebnCcvwaeofaCJBdHdwendaCIKqmjfmFnBeaCafDwwaendaCJCebnaeK",129,1,90,128,0,128,0,0,0,0,0,47,47,37,37,44,44,63
"5488",87,"[90]GDfeHdwaCkqbtwDuHvqzuqxubwaobdbCLCebnCcvwaeofaCJBdHdwendaCIKqmjfmFnBeaCafDwwaendaCJCebnaeK",129,1,90,128,0,128,0,0,0,0,0,46,46,39,39,43,43,63
"5489",88,"[90]GDfeHdwaCkqbtwDuHvqzuqxubwaobdbCLCebnCcvwaeofaCJBdHdwendaCIKqmjfmFnBeaCafDwwaendaCJCebnaeK",129,1,90,128,0,128,0,0,0,0,0,41,41,44,44,43,43,63
"5490",89,"[90]GDfeHdwaCkqbtwDuHvqzuqxubwaobdbCLCebnCcvwaeofaCJBdHdwendaCIKqmjfmFnBeaCafDwwaendaCJCebnaeK",129,1,90,128,0,128,0,0,0,0,0,29,29,49,49,50,50,63
"5491",90,"[90]GDfeHdwaCkqbtwDuHvqzuqxubwaobdbCLCebnCcvwaeofaCJBdHdwendaCIKqmjfmFnBeaCafDwwaendaCJCebnaeK",117,0.991525,90,118,1,117,1,1,0,1,1,40,39,49,49,29,29,63
"5492",91,"[90]GDfeHdwaCkqbtwDuHvqzuqxubwaobdbCLCebnCcvwaeofaCJBdHdwendaCIKqmjfmFnBeaCafDwwaendaCJCebnaeK",127,1,90,126,0,126,0,0,0,0,0,49,49,37,37,40,40,63
"5493",92,"[90]GDfeHdwaCkqbtwDuHvqzuqxubwaobdbCLCebnCcvwaeofaCJBdHdwendaCIKqmjfmFnBeaCafDwwaendaCJCebnaeK",126,0.984496,90,129,2,127,2,2,0,2,2,42,40,42,42,45,45,63
"5494",93,"[90]GDfeHdwaCkqbtwDuHvqzuqxubwaobdbCLCebnCcvwaeofaCJBdHdwendaCIKqmjfmFnBeaCafDwwaendaCJCebnaeK",140,1,90,139,0,139,0,0,0,0,0,36,36,47,47,56,56,63
"5495",94,"[90]GDfeHdwaCkqbtwDuHvqzuqxubwaobdbCLCebnCcvwaeofaCJBdHdwendaCIKqmjfmFnBeaCafDwwaendaCJCebnaeK",131,1,90,130,0,130,0,0,0,0,0,40,40,42,42,48,48,63
"5496",95,"[90]GDfeHdwaCkqbtwDuHvqzuqxubwaobdbCLCebnCcvwaeofaCJBdHdwendaCIKqmjfmFnBeaCafDwwaendaCJCebnaeK",127,1,90,126,0,126,0,0,0,0,0,42,42,44,44,40,40,63
"5497",96,"[90]GDfeHdwaCkqbtwDuHvqzuqxubwaobdbCLCebnCcvwaeofaCJBdHdwendaCIKqmjfmFnBeaCafDwwaendaCJCebnaeK",122,0.99187,90,123,1,122,1,1,0,1,1,36,35,48,48,39,39,63
"5498",97,"[90]GDfeHdwaCkqbtwDuHvqzuqxubwaobdbCLCebnCcvwaeofaCJBdHdwendaCIKqmjfmFnBeaCafDwwaendaCJCebnaeK",135,0.992647,90,136,1,135,1,1,0,1,1,50,49,42,42,44,44,63
"5499",98,"[90]GDfeHdwaCkqbtwDuHvqzuqxubwaobdbCLCebnCcvwaeofaCJBdHdwendaCIKqmjfmFnBeaCafDwwaendaCJCebnaeK",121,0.954545,90,132,6,126,6,6,0,6,6,42,36,46,46,44,44,63
"5500",99,"[90]GDfeHdwaCkqbtwDuHvqzuqxubwaobdbCLCebnCcvwaeofaCJBdHdwendaCIKqmjfmFnBeaCafDwwaendaCJCebnaeK",124,1,90,123,0,123,0,0,0,0,0,37,37,47,47,39,39,63
"5501",0,"[84]GjfffHdwaCDqbGooHuIdDzwandbCLCefDCwafnfCJBdHdwenadCIKqcEHCoIhBeaCebwafwendaqJCabKpeK",108,0.981982,84,111,2,109,2,2,0,2,2,34,32,36,36,41,41,64
"5502",1,"[84]GjfffHdwaCDqbGooHuIdDzwandbCLCefDCwafnfCJBdHdwenadCIKqcEHCoIhBeaCebwafwendaqJCabKpeK",110,1,84,109,0,109,0,0,0,0,0,32,32,37,37,40,40,64
"5503",2,"[84]GjfffHdwaCDqbGooHuIdDzwandbCLCefDCwafnfCJBdHdwenadCIKqcEHCoIhBeaCebwafwendaqJCabKpeK",104,0.981308,84,107,2,105,2,2,0,2,2,45,43,31,31,31,31,64
"5504",3,"[84]GjfffHdwaCDqbGooHuIdDzwandbCLCefDCwafnfCJBdHdwenadCIKqcEHCoIhBeaCebwafwendaqJCabKpeK",107,0.990741,84,108,1,107,1,1,0,1,1,42,41,32,32,34,34,64
"5505",4,"[84]GjfffHdwaCDqbGooHuIdDzwandbCLCefDCwafnfCJBdHdwenadCIKqcEHCoIhBeaCebwafwendaqJCabKpeK",108,0.990826,84,109,1,108,1,1,0,1,1,41,40,31,31,37,37,64
"5506",5,"[84]GjfffHdwaCDqbGooHuIdDzwandbCLCefDCwafnfCJBdHdwenadCIKqcEHCoIhBeaCebwafwendaqJCabKpeK",108,1,84,107,0,107,0,0,0,0,0,45,45,29,29,33,33,64
"5507",6,"[84]GjfffHdwaCDqbGooHuIdDzwandbCLCefDCwafnfCJBdHdwenadCIKqcEHCoIhBeaCebwafwendaqJCabKpeK",107,1,84,106,0,106,0,0,0,0,0,40,40,34,34,32,32,64
"5508",7,"[84]GjfffHdwaCDqbGooHuIdDzwandbCLCefDCwafnfCJBdHdwenadCIKqcEHCoIhBeaCebwafwendaqJCabKpeK",107,0.990741,84,108,1,107,1,1,0,1,1,37,36,36,36,35,35,64
"5509",8,"[84]GjfffHdwaCDqbGooHuIdDzwandbCLCefDCwafnfCJBdHdwenadCIKqcEHCoIhBeaCebwafwendaqJCabKpeK",110,1,84,109,0,109,0,0,0,0,0,33,33,36,36,40,40,64
"5510",9,"[84]GjfffHdwaCDqbGooHuIdDzwandbCLCefDCwafnfCJBdHdwenadCIKqcEHCoIhBeaCebwafwendaqJCabKpeK",107,0.973214,84,112,3,109,3,3,0,3,3,39,36,32,32,41,41,64
"5511",10,"[84]GjfffHdwaCDqbGooHuIdDzwandbCLCefDCwafnfCJBdHdwenadCIKqcEHCoIhBeaCebwafwendaqJCabKpeK",106,0.981651,84,109,2,107,2,2,0,2,2,43,41,30,30,36,36,64
"5512",11,"[84]GjfffHdwaCDqbGooHuIdDzwandbCLCefDCwafnfCJBdHdwenadCIKqcEHCoIhBeaCebwafwendaqJCabKpeK",112,1,84,111,0,111,0,0,0,0,0,29,29,38,38,44,44,64
"5513",12,"[84]GjfffHdwaCDqbGooHuIdDzwandbCLCefDCwafnfCJBdHdwenadCIKqcEHCoIhBeaCebwafwendaqJCabKpeK",105,1,84,104,0,104,0,0,0,0,0,43,43,33,33,28,28,64
"5514",13,"[84]GjfffHdwaCDqbGooHuIdDzwandbCLCefDCwafnfCJBdHdwenadCIKqcEHCoIhBeaCebwafwendaqJCabKpeK",103,0.947368,84,114,6,108,6,6,0,6,6,37,31,36,36,41,41,64
"5515",14,"[84]GjfffHdwaCDqbGooHuIdDzwandbCLCefDCwafnfCJBdHdwenadCIKqcEHCoIhBeaCebwafwendaqJCabKpeK",102,0.963303,84,109,4,105,4,4,0,4,4,43,39,34,34,32,32,64
"5516",15,"[84]GjfffHdwaCDqbGooHuIdDzwandbCLCefDCwafnfCJBdHdwenadCIKqcEHCoIhBeaCebwafwendaqJCabKpeK",107,0.981818,84,110,2,108,2,2,0,2,2,37,35,35,35,38,38,64
"5517",16,"[84]GjfffHdwaCDqbGooHuIdDzwandbCLCefDCwafnfCJBdHdwenadCIKqcEHCoIhBeaCebwafwendaqJCabKpeK",110,1,84,109,0,109,0,0,0,0,0,38,38,33,33,38,38,64
"5518",17,"[84]GjfffHdwaCDqbGooHuIdDzwandbCLCefDCwafnfCJBdHdwenadCIKqcEHCoIhBeaCebwafwendaqJCabKpeK",107,1,84,106,0,106,0,0,0,0,0,32,32,41,41,33,33,64
"5519",18,"[84]GjfffHdwaCDqbGooHuIdDzwandbCLCefDCwafnfCJBdHdwenadCIKqcEHCoIhBeaCebwafwendaqJCabKpeK",108,1,84,107,0,107,0,0,0,0,0,30,30,41,41,36,36,64
"5520",19,"[84]GjfffHdwaCDqbGooHuIdDzwandbCLCefDCwafnfCJBdHdwenadCIKqcEHCoIhBeaCebwafwendaqJCabKpeK",109,0.990909,84,110,1,109,1,1,0,1,1,34,33,37,37,39,39,64
"5521",20,"[84]GjfffHdwaCDqbGooHuIdDzwandbCLCefDCwafnfCJBdHdwenadCIKqcEHCoIhBeaCebwafwendaqJCabKpeK",106,1,84,105,0,105,0,0,0,0,0,35,35,40,40,30,30,64
"5522",21,"[84]GjfffHdwaCDqbGooHuIdDzwandbCLCefDCwafnfCJBdHdwenadCIKqcEHCoIhBeaCebwafwendaqJCabKpeK",108,1,84,107,0,107,0,0,0,0,0,39,39,33,33,35,35,64
"5523",22,"[84]GjfffHdwaCDqbGooHuIdDzwandbCLCefDCwafnfCJBdHdwenadCIKqcEHCoIhBeaCebwafwendaqJCabKpeK",109,1,84,108,0,108,0,0,0,0,0,33,33,37,37,38,38,64
"5524",23,"[84]GjfffHdwaCDqbGooHuIdDzwandbCLCefDCwafnfCJBdHdwenadCIKqcEHCoIhBeaCebwafwendaqJCabKpeK",106,0.964602,84,113,4,109,4,4,0,4,4,31,27,40,40,42,42,64
"5525",24,"[84]GjfffHdwaCDqbGooHuIdDzwandbCLCefDCwafnfCJBdHdwenadCIKqcEHCoIhBeaCebwafwendaqJCabKpeK",108,0.981982,84,111,2,109,2,2,0,2,2,26,24,44,44,41,41,64
"5526",25,"[84]GjfffHdwaCDqbGooHuIdDzwandbCLCefDCwafnfCJBdHdwenadCIKqcEHCoIhBeaCebwafwendaqJCabKpeK",107,0.990741,84,108,1,107,1,1,0,1,1,33,32,39,39,36,36,64
"5527",26,"[84]GjfffHdwaCDqbGooHuIdDzwandbCLCefDCwafnfCJBdHdwenadCIKqcEHCoIhBeaCebwafwendaqJCabKpeK",110,1,84,109,0,109,0,0,0,0,0,41,41,30,30,38,38,64
"5528",27,"[84]GjfffHdwaCDqbGooHuIdDzwandbCLCefDCwafnfCJBdHdwenadCIKqcEHCoIhBeaCebwafwendaqJCabKpeK",106,0.990654,84,107,1,106,1,1,0,1,1,45,44,30,30,32,32,64
"5529",28,"[84]GjfffHdwaCDqbGooHuIdDzwandbCLCefDCwafnfCJBdHdwenadCIKqcEHCoIhBeaCebwafwendaqJCabKpeK",107,0.981818,84,110,2,108,2,2,0,2,2,37,35,35,35,38,38,64
"5530",29,"[84]GjfffHdwaCDqbGooHuIdDzwandbCLCefDCwafnfCJBdHdwenadCIKqcEHCoIhBeaCebwafwendaqJCabKpeK",107,1,84,106,0,106,0,0,0,0,0,40,40,34,34,32,32,64
"5531",30,"[84]GjfffHdwaCDqbGooHuIdDzwandbCLCefDCwafnfCJBdHdwenadCIKqcEHCoIhBeaCebwafwendaqJCabKpeK",110,1,84,109,0,109,0,0,0,0,0,37,37,34,34,38,38,64
"5532",31,"[84]GjfffHdwaCDqbGooHuIdDzwandbCLCefDCwafnfCJBdHdwenadCIKqcEHCoIhBeaCebwafwendaqJCabKpeK",106,1,84,105,0,105,0,0,0,0,0,41,41,34,34,30,30,64
"5533",32,"[84]GjfffHdwaCDqbGooHuIdDzwandbCLCefDCwafnfCJBdHdwenadCIKqcEHCoIhBeaCebwafwendaqJCabKpeK",107,1,84,106,0,106,0,0,0,0,0,39,39,34,34,33,33,64
"5534",33,"[84]GjfffHdwaCDqbGooHuIdDzwandbCLCefDCwafnfCJBdHdwenadCIKqcEHCoIhBeaCebwafwendaqJCabKpeK",111,1,84,110,0,110,0,0,0,0,0,38,38,31,31,41,41,64
"5535",34,"[84]GjfffHdwaCDqbGooHuIdDzwandbCLCefDCwafnfCJBdHdwenadCIKqcEHCoIhBeaCebwafwendaqJCabKpeK",107,0.990741,84,108,1,107,1,1,0,1,1,42,41,31,31,35,35,64
"5536",35,"[84]GjfffHdwaCDqbGooHuIdDzwandbCLCefDCwafnfCJBdHdwenadCIKqcEHCoIhBeaCebwafwendaqJCabKpeK",110,1,84,109,0,109,0,0,0,0,0,33,33,36,36,40,40,64
"5537",36,"[84]GjfffHdwaCDqbGooHuIdDzwandbCLCefDCwafnfCJBdHdwenadCIKqcEHCoIhBeaCebwafwendaqJCabKpeK",105,0.990566,84,106,1,105,1,1,0,1,1,36,35,38,38,32,32,64
"5538",37,"[84]GjfffHdwaCDqbGooHuIdDzwandbCLCefDCwafnfCJBdHdwenadCIKqcEHCoIhBeaCebwafwendaqJCabKpeK",100,0.930435,84,115,8,107,8,8,0,8,8,41,33,36,36,38,38,64
"5539",38,"[84]GjfffHdwaCDqbGooHuIdDzwandbCLCefDCwafnfCJBdHdwenadCIKqcEHCoIhBeaCebwafwendaqJCabKpeK",109,0.990909,84,110,1,109,1,1,0,1,1,37,36,34,34,39,39,64
"5540",39,"[84]GjfffHdwaCDqbGooHuIdDzwandbCLCefDCwafnfCJBdHdwenadCIKqcEHCoIhBeaCebwafwendaqJCabKpeK",107,1,84,106,0,106,0,0,0,0,0,40,40,34,34,32,32,64
"5541",40,"[84]GjfffHdwaCDqbGooHuIdDzwandbCLCefDCwafnfCJBdHdwenadCIKqcEHCoIhBeaCebwafwendaqJCabKpeK",104,0.990476,84,105,1,104,1,1,0,1,1,42,41,34,34,29,29,64
"5542",41,"[84]GjfffHdwaCDqbGooHuIdDzwandbCLCefDCwafnfCJBdHdwenadCIKqcEHCoIhBeaCebwafwendaqJCabKpeK",112,1,84,111,0,111,0,0,0,0,0,33,33,34,34,44,44,64
"5543",42,"[84]GjfffHdwaCDqbGooHuIdDzwandbCLCefDCwafnfCJBdHdwenadCIKqcEHCoIhBeaCebwafwendaqJCabKpeK",112,1,84,111,0,111,0,0,0,0,0,43,43,25,25,43,43,64
"5544",43,"[84]GjfffHdwaCDqbGooHuIdDzwandbCLCefDCwafnfCJBdHdwenadCIKqcEHCoIhBeaCebwafwendaqJCabKpeK",103,0.990385,84,104,1,103,1,1,0,1,1,40,39,38,38,26,26,64
"5545",44,"[84]GjfffHdwaCDqbGooHuIdDzwandbCLCefDCwafnfCJBdHdwenadCIKqcEHCoIhBeaCebwafwendaqJCabKpeK",100,0.962617,84,107,4,103,4,4,0,4,4,41,37,37,37,29,29,64
"5546",45,"[84]GjfffHdwaCDqbGooHuIdDzwandbCLCefDCwafnfCJBdHdwenadCIKqcEHCoIhBeaCebwafwendaqJCabKpeK",107,1,84,106,0,106,0,0,0,0,0,39,39,34,34,33,33,64
"5547",46,"[84]GjfffHdwaCDqbGooHuIdDzwandbCLCefDCwafnfCJBdHdwenadCIKqcEHCoIhBeaCebwafwendaqJCabKpeK",105,0.990566,84,106,1,105,1,1,0,1,1,30,29,45,45,31,31,64
"5548",47,"[84]GjfffHdwaCDqbGooHuIdDzwandbCLCefDCwafnfCJBdHdwenadCIKqcEHCoIhBeaCebwafwendaqJCabKpeK",106,1,84,105,0,105,0,0,0,0,0,33,33,41,41,31,31,64
"5549",48,"[84]GjfffHdwaCDqbGooHuIdDzwandbCLCefDCwafnfCJBdHdwenadCIKqcEHCoIhBeaCebwafwendaqJCabKpeK",103,0.990385,84,104,1,103,1,1,0,1,1,32,31,44,44,28,28,64
"5550",49,"[84]GjfffHdwaCDqbGooHuIdDzwandbCLCefDCwafnfCJBdHdwenadCIKqcEHCoIhBeaCebwafwendaqJCabKpeK",106,1,84,105,0,105,0,0,0,0,0,38,38,36,36,31,31,64
"5551",50,"[84]GjfffHdwaCDqbGooHuIdDzwandbCLCefDCwafnfCJBdHdwenadCIKqcEHCoIhBeaCebwafwendaqJCabKpeK",109,1,84,108,0,108,0,0,0,0,0,44,44,28,28,36,36,64
"5552",51,"[84]GjfffHdwaCDqbGooHuIdDzwandbCLCefDCwafnfCJBdHdwenadCIKqcEHCoIhBeaCebwafwendaqJCabKpeK",111,1,84,110,0,110,0,0,0,0,0,29,29,40,40,41,41,64
"5553",52,"[84]GjfffHdwaCDqbGooHuIdDzwandbCLCefDCwafnfCJBdHdwenadCIKqcEHCoIhBeaCebwafwendaqJCabKpeK",107,0.990741,84,108,1,107,1,1,0,1,1,41,40,32,32,35,35,64
"5554",53,"[84]GjfffHdwaCDqbGooHuIdDzwandbCLCefDCwafnfCJBdHdwenadCIKqcEHCoIhBeaCebwafwendaqJCabKpeK",100,0.938053,84,113,7,106,7,7,0,7,7,35,28,41,41,37,37,64
"5555",54,"[84]GjfffHdwaCDqbGooHuIdDzwandbCLCefDCwafnfCJBdHdwenadCIKqcEHCoIhBeaCebwafwendaqJCabKpeK",102,0.980952,84,105,2,103,2,2,0,2,2,38,36,39,39,28,28,64
"5556",55,"[84]GjfffHdwaCDqbGooHuIdDzwandbCLCefDCwafnfCJBdHdwenadCIKqcEHCoIhBeaCebwafwendaqJCabKpeK",107,0.990741,84,108,1,107,1,1,0,1,1,38,37,34,34,36,36,64
"5557",56,"[84]GjfffHdwaCDqbGooHuIdDzwandbCLCefDCwafnfCJBdHdwenadCIKqcEHCoIhBeaCebwafwendaqJCabKpeK",107,1,84,106,0,106,0,0,0,0,0,38,38,35,35,33,33,64
"5558",57,"[84]GjfffHdwaCDqbGooHuIdDzwandbCLCefDCwafnfCJBdHdwenadCIKqcEHCoIhBeaCebwafwendaqJCabKpeK",108,1,84,107,0,107,0,0,0,0,0,40,40,33,33,34,34,64
"5559",58,"[84]GjfffHdwaCDqbGooHuIdDzwandbCLCefDCwafnfCJBdHdwenadCIKqcEHCoIhBeaCebwafwendaqJCabKpeK",105,0.981481,84,108,2,106,2,2,0,2,2,33,31,41,41,34,34,64
"5560",59,"[84]GjfffHdwaCDqbGooHuIdDzwandbCLCefDCwafnfCJBdHdwenadCIKqcEHCoIhBeaCebwafwendaqJCabKpeK",105,0.990566,84,106,1,105,1,1,0,1,1,35,34,39,39,32,32,64
"5561",60,"[84]GjfffHdwaCDqbGooHuIdDzwandbCLCefDCwafnfCJBdHdwenadCIKqcEHCoIhBeaCebwafwendaqJCabKpeK",103,0.981132,84,106,2,104,2,2,0,2,2,37,35,39,39,30,30,64
"5562",61,"[84]GjfffHdwaCDqbGooHuIdDzwandbCLCefDCwafnfCJBdHdwenadCIKqcEHCoIhBeaCebwafwendaqJCabKpeK",109,0.990909,84,110,1,109,1,1,0,1,1,36,35,35,35,39,39,64
"5563",62,"[84]GjfffHdwaCDqbGooHuIdDzwandbCLCefDCwafnfCJBdHdwenadCIKqcEHCoIhBeaCebwafwendaqJCabKpeK",103,0.963636,84,110,4,106,4,4,0,4,4,40,36,36,36,34,34,64
"5564",63,"[84]GjfffHdwaCDqbGooHuIdDzwandbCLCefDCwafnfCJBdHdwenadCIKqcEHCoIhBeaCebwafwendaqJCabKpeK",108,0.990826,84,109,1,108,1,1,0,1,1,36,35,35,35,38,38,64
"5565",64,"[84]GjfffHdwaCDqbGooHuIdDzwandbCLCefDCwafnfCJBdHdwenadCIKqcEHCoIhBeaCebwafwendaqJCabKpeK",107,0.990741,84,108,1,107,1,1,0,1,1,36,35,37,37,35,35,64
"5566",65,"[84]GjfffHdwaCDqbGooHuIdDzwandbCLCefDCwafnfCJBdHdwenadCIKqcEHCoIhBeaCebwafwendaqJCabKpeK",108,1,84,107,0,107,0,0,0,0,0,42,42,31,31,34,34,64
"5567",66,"[84]GjfffHdwaCDqbGooHuIdDzwandbCLCefDCwafnfCJBdHdwenadCIKqcEHCoIhBeaCebwafwendaqJCabKpeK",112,1,84,111,0,111,0,0,0,0,0,33,33,34,34,44,44,64
"5568",67,"[84]GjfffHdwaCDqbGooHuIdDzwandbCLCefDCwafnfCJBdHdwenadCIKqcEHCoIhBeaCebwafwendaqJCabKpeK",112,1,84,111,0,111,0,0,0,0,0,42,42,26,26,43,43,64
"5569",68,"[84]GjfffHdwaCDqbGooHuIdDzwandbCLCefDCwafnfCJBdHdwenadCIKqcEHCoIhBeaCebwafwendaqJCabKpeK",105,0.972727,84,110,3,107,3,3,0,3,3,36,33,38,38,36,36,64
"5570",69,"[84]GjfffHdwaCDqbGooHuIdDzwandbCLCefDCwafnfCJBdHdwenadCIKqcEHCoIhBeaCebwafwendaqJCabKpeK",110,1,84,109,0,109,0,0,0,0,0,37,37,33,33,39,39,64
"5571",70,"[84]GjfffHdwaCDqbGooHuIdDzwandbCLCefDCwafnfCJBdHdwenadCIKqcEHCoIhBeaCebwafwendaqJCabKpeK",107,1,84,106,0,106,0,0,0,0,0,38,38,35,35,33,33,64
"5572",71,"[84]GjfffHdwaCDqbGooHuIdDzwandbCLCefDCwafnfCJBdHdwenadCIKqcEHCoIhBeaCebwafwendaqJCabKpeK",108,1,84,107,0,107,0,0,0,0,0,36,36,36,36,35,35,64
"5573",72,"[84]GjfffHdwaCDqbGooHuIdDzwandbCLCefDCwafnfCJBdHdwenadCIKqcEHCoIhBeaCebwafwendaqJCabKpeK",105,0.990566,84,106,1,105,1,1,0,1,1,34,33,41,41,31,31,64
"5574",73,"[84]GjfffHdwaCDqbGooHuIdDzwandbCLCefDCwafnfCJBdHdwenadCIKqcEHCoIhBeaCebwafwendaqJCabKpeK",109,0.982143,84,112,2,110,2,2,0,2,2,36,34,33,33,43,43,64
"5575",74,"[84]GjfffHdwaCDqbGooHuIdDzwandbCLCefDCwafnfCJBdHdwenadCIKqcEHCoIhBeaCebwafwendaqJCabKpeK",109,1,84,108,0,108,0,0,0,0,0,36,36,35,35,37,37,64
"5576",75,"[84]GjfffHdwaCDqbGooHuIdDzwandbCLCefDCwafnfCJBdHdwenadCIKqcEHCoIhBeaCebwafwendaqJCabKpeK",106,0.990654,84,107,1,106,1,1,0,1,1,43,42,31,31,33,33,64
"5577",76,"[84]GjfffHdwaCDqbGooHuIdDzwandbCLCefDCwafnfCJBdHdwenadCIKqcEHCoIhBeaCebwafwendaqJCabKpeK",109,0.990909,84,110,1,109,1,1,0,1,1,27,26,42,42,41,41,64
"5578",77,"[84]GjfffHdwaCDqbGooHuIdDzwandbCLCefDCwafnfCJBdHdwenadCIKqcEHCoIhBeaCebwafwendaqJCabKpeK",110,1,84,109,0,109,0,0,0,0,0,44,44,28,28,37,37,64
"5579",78,"[84]GjfffHdwaCDqbGooHuIdDzwandbCLCefDCwafnfCJBdHdwenadCIKqcEHCoIhBeaCebwafwendaqJCabKpeK",110,1,84,109,0,109,0,0,0,0,0,37,37,33,33,39,39,64
"5580",79,"[84]GjfffHdwaCDqbGooHuIdDzwandbCLCefDCwafnfCJBdHdwenadCIKqcEHCoIhBeaCebwafwendaqJCabKpeK",109,1,84,108,0,108,0,0,0,0,0,30,30,40,40,38,38,64
"5581",80,"[84]GjfffHdwaCDqbGooHuIdDzwandbCLCefDCwafnfCJBdHdwenadCIKqcEHCoIhBeaCebwafwendaqJCabKpeK",105,1,84,104,0,104,0,0,0,0,0,30,30,44,44,30,30,64
"5582",81,"[84]GjfffHdwaCDqbGooHuIdDzwandbCLCefDCwafnfCJBdHdwenadCIKqcEHCoIhBeaCebwafwendaqJCabKpeK",107,1,84,106,0,106,0,0,0,0,0,39,39,35,35,32,32,64
"5583",82,"[84]GjfffHdwaCDqbGooHuIdDzwandbCLCefDCwafnfCJBdHdwenadCIKqcEHCoIhBeaCebwafwendaqJCabKpeK",106,0.972973,84,111,3,108,3,3,0,3,3,41,38,33,33,37,37,64
"5584",83,"[84]GjfffHdwaCDqbGooHuIdDzwandbCLCefDCwafnfCJBdHdwenadCIKqcEHCoIhBeaCebwafwendaqJCabKpeK",107,0.990741,84,108,1,107,1,1,0,1,1,32,31,40,40,36,36,64
"5585",84,"[84]GjfffHdwaCDqbGooHuIdDzwandbCLCefDCwafnfCJBdHdwenadCIKqcEHCoIhBeaCebwafwendaqJCabKpeK",103,0.972222,84,108,3,105,3,3,0,3,3,37,34,39,39,32,32,64
"5586",85,"[84]GjfffHdwaCDqbGooHuIdDzwandbCLCefDCwafnfCJBdHdwenadCIKqcEHCoIhBeaCebwafwendaqJCabKpeK",107,0.990741,84,108,1,107,1,1,0,1,1,32,31,40,40,36,36,64
"5587",86,"[84]GjfffHdwaCDqbGooHuIdDzwandbCLCefDCwafnfCJBdHdwenadCIKqcEHCoIhBeaCebwafwendaqJCabKpeK",106,1,84,105,0,105,0,0,0,0,0,35,35,39,39,31,31,64
"5588",87,"[84]GjfffHdwaCDqbGooHuIdDzwandbCLCefDCwafnfCJBdHdwenadCIKqcEHCoIhBeaCebwafwendaqJCabKpeK",105,0.972727,84,110,3,107,3,3,0,3,3,33,30,40,40,37,37,64
"5589",88,"[84]GjfffHdwaCDqbGooHuIdDzwandbCLCefDCwafnfCJBdHdwenadCIKqcEHCoIhBeaCebwafwendaqJCabKpeK",110,1,84,109,0,109,0,0,0,0,0,37,37,33,33,39,39,64
"5590",89,"[84]GjfffHdwaCDqbGooHuIdDzwandbCLCefDCwafnfCJBdHdwenadCIKqcEHCoIhBeaCebwafwendaqJCabKpeK",107,0.990741,84,108,1,107,1,1,0,1,1,40,39,34,34,34,34,64
"5591",90,"[84]GjfffHdwaCDqbGooHuIdDzwandbCLCefDCwafnfCJBdHdwenadCIKqcEHCoIhBeaCebwafwendaqJCabKpeK",102,0.980952,84,105,2,103,2,2,0,2,2,38,36,39,39,28,28,64
"5592",91,"[84]GjfffHdwaCDqbGooHuIdDzwandbCLCefDCwafnfCJBdHdwenadCIKqcEHCoIhBeaCebwafwendaqJCabKpeK",109,1,84,108,0,108,0,0,0,0,0,37,37,34,34,37,37,64
"5593",92,"[84]GjfffHdwaCDqbGooHuIdDzwandbCLCefDCwafnfCJBdHdwenadCIKqcEHCoIhBeaCebwafwendaqJCabKpeK",105,0.981481,84,108,2,106,2,2,0,2,2,34,32,40,40,34,34,64
"5594",93,"[84]GjfffHdwaCDqbGooHuIdDzwandbCLCefDCwafnfCJBdHdwenadCIKqcEHCoIhBeaCebwafwendaqJCabKpeK",108,0.981982,84,111,2,109,2,2,0,2,2,40,38,32,32,39,39,64
"5595",94,"[84]GjfffHdwaCDqbGooHuIdDzwandbCLCefDCwafnfCJBdHdwenadCIKqcEHCoIhBeaCebwafwendaqJCabKpeK",111,0.991071,84,112,1,111,1,1,0,1,1,35,34,33,33,44,44,64
"5596",95,"[84]GjfffHdwaCDqbGooHuIdDzwandbCLCefDCwafnfCJBdHdwenadCIKqcEHCoIhBeaCebwafwendaqJCabKpeK",109,1,84,108,0,108,0,0,0,0,0,37,37,35,35,36,36,64
"5597",96,"[84]GjfffHdwaCDqbGooHuIdDzwandbCLCefDCwafnfCJBdHdwenadCIKqcEHCoIhBeaCebwafwendaqJCabKpeK",102,0.990291,84,103,1,102,1,1,0,1,1,38,37,40,40,25,25,64
"5598",97,"[84]GjfffHdwaCDqbGooHuIdDzwandbCLCefDCwafnfCJBdHdwenadCIKqcEHCoIhBeaCebwafwendaqJCabKpeK",106,0.981651,84,109,2,107,2,2,0,2,2,32,30,41,41,36,36,64
"5599",98,"[84]GjfffHdwaCDqbGooHuIdDzwandbCLCefDCwafnfCJBdHdwenadCIKqcEHCoIhBeaCebwafwendaqJCabKpeK",110,0.990991,84,111,1,110,1,1,0,1,1,34,33,36,36,41,41,64
"5600",99,"[84]GjfffHdwaCDqbGooHuIdDzwandbCLCefDCwafnfCJBdHdwenadCIKqcEHCoIhBeaCebwafwendaqJCabKpeK",110,0.973913,84,115,3,112,3,3,0,3,3,36,33,31,31,48,48,64
"5601",0,"[86]jeHdwaCIJdoBsAdFnJKjKmwandbCLCefkjJqdwafofaCJBdHdowendaCIKqqFiBeaFCyrsafwendaCJqazljGK",115,0.991379,86,116,1,115,1,1,0,1,1,41,40,39,39,36,36,66
"5602",1,"[86]jeHdwaCIJdoBsAdFnJKjKmwandbCLCefkjJqdwafofaCJBdHdowendaCIKqqFiBeaFCyrsafwendaCJqazljGK",114,1,86,113,0,113,0,0,0,0,0,39,39,40,40,34,34,66
"5603",2,"[86]jeHdwaCIJdoBsAdFnJKjKmwandbCLCefkjJqdwafofaCJBdHdowendaCIKqqFiBeaFCyrsafwendaCJqazljGK",119,0.991667,86,120,1,119,1,1,0,1,1,38,37,42,42,40,40,66
"5604",3,"[86]jeHdwaCIJdoBsAdFnJKjKmwandbCLCefkjJqdwafofaCJBdHdowendaCIKqqFiBeaFCyrsafwendaCJqazljGK",119,1,86,118,0,118,0,0,0,0,0,40,40,35,35,43,43,66
"5605",4,"[86]jeHdwaCIJdoBsAdFnJKjKmwandbCLCefkjJqdwafofaCJBdHdowendaCIKqqFiBeaFCyrsafwendaCJqazljGK",109,0.965517,86,116,4,112,4,4,0,4,4,38,34,43,43,35,35,66
"5606",5,"[86]jeHdwaCIJdoBsAdFnJKjKmwandbCLCefkjJqdwafofaCJBdHdowendaCIKqqFiBeaFCyrsafwendaCJqazljGK",109,0.973684,86,114,3,111,3,3,0,3,3,39,36,42,42,33,33,66
"5607",6,"[86]jeHdwaCIJdoBsAdFnJKjKmwandbCLCefkjJqdwafofaCJBdHdowendaCIKqqFiBeaFCyrsafwendaCJqazljGK",114,1,86,113,0,113,0,0,0,0,0,45,45,34,34,34,34,66
"5608",7,"[86]jeHdwaCIJdoBsAdFnJKjKmwandbCLCefkjJqdwafofaCJBdHdowendaCIKqqFiBeaFCyrsafwendaCJqazljGK",120,0.991736,86,121,1,120,1,1,0,1,1,41,40,31,31,49,49,66
"5609",8,"[86]jeHdwaCIJdoBsAdFnJKjKmwandbCLCefkjJqdwafofaCJBdHdowendaCIKqqFiBeaFCyrsafwendaCJqazljGK",107,0.949153,86,118,6,112,6,6,0,6,6,43,37,41,41,34,34,66
"5610",9,"[86]jeHdwaCIJdoBsAdFnJKjKmwandbCLCefkjJqdwafofaCJBdHdowendaCIKqqFiBeaFCyrsafwendaCJqazljGK",115,1,86,114,0,114,0,0,0,0,0,42,42,39,39,33,33,66
"5611",10,"[86]jeHdwaCIJdoBsAdFnJKjKmwandbCLCefkjJqdwafofaCJBdHdowendaCIKqqFiBeaFCyrsafwendaCJqazljGK",116,0.991453,86,117,1,116,1,1,0,1,1,33,32,41,41,43,43,66
"5612",11,"[86]jeHdwaCIJdoBsAdFnJKjKmwandbCLCefkjJqdwafofaCJBdHdowendaCIKqqFiBeaFCyrsafwendaCJqazljGK",125,1,86,124,0,124,0,0,0,0,0,30,30,44,44,50,50,66
"5613",12,"[86]jeHdwaCIJdoBsAdFnJKjKmwandbCLCefkjJqdwafofaCJBdHdowendaCIKqqFiBeaFCyrsafwendaCJqazljGK",111,0.991071,86,112,1,111,1,1,0,1,1,40,39,41,41,31,31,66
"5614",13,"[86]jeHdwaCIJdoBsAdFnJKjKmwandbCLCefkjJqdwafofaCJBdHdowendaCIKqqFiBeaFCyrsafwendaCJqazljGK",117,1,86,116,0,116,0,0,0,0,0,43,43,37,37,36,36,66
"5615",14,"[86]jeHdwaCIJdoBsAdFnJKjKmwandbCLCefkjJqdwafofaCJBdHdowendaCIKqqFiBeaFCyrsafwendaCJqazljGK",120,1,86,119,0,119,0,0,0,0,0,40,40,36,36,43,43,66
"5616",15,"[86]jeHdwaCIJdoBsAdFnJKjKmwandbCLCefkjJqdwafofaCJBdHdowendaCIKqqFiBeaFCyrsafwendaCJqazljGK",113,1,86,112,0,112,0,0,0,0,0,35,35,47,47,30,30,66
"5617",16,"[86]jeHdwaCIJdoBsAdFnJKjKmwandbCLCefkjJqdwafofaCJBdHdowendaCIKqqFiBeaFCyrsafwendaCJqazljGK",119,1,86,118,0,118,0,0,0,0,0,46,46,35,35,37,37,66
"5618",17,"[86]jeHdwaCIJdoBsAdFnJKjKmwandbCLCefkjJqdwafofaCJBdHdowendaCIKqqFiBeaFCyrsafwendaCJqazljGK",117,1,86,116,0,116,0,0,0,0,0,34,34,40,40,42,42,66
"5619",18,"[86]jeHdwaCIJdoBsAdFnJKjKmwandbCLCefkjJqdwafofaCJBdHdowendaCIKqqFiBeaFCyrsafwendaCJqazljGK",116,1,86,115,0,115,0,0,0,0,0,45,45,34,34,36,36,66
"5620",19,"[86]jeHdwaCIJdoBsAdFnJKjKmwandbCLCefkjJqdwafofaCJBdHdowendaCIKqqFiBeaFCyrsafwendaCJqazljGK",118,1,86,117,0,117,0,0,0,0,0,38,38,36,36,43,43,66
"5621",20,"[86]jeHdwaCIJdoBsAdFnJKjKmwandbCLCefkjJqdwafofaCJBdHdowendaCIKqqFiBeaFCyrsafwendaCJqazljGK",116,0.975207,86,121,3,118,3,3,0,3,3,41,38,40,40,40,40,66
"5622",21,"[86]jeHdwaCIJdoBsAdFnJKjKmwandbCLCefkjJqdwafofaCJBdHdowendaCIKqqFiBeaFCyrsafwendaCJqazljGK",113,0.982759,86,116,2,114,2,2,0,2,2,40,38,38,38,38,38,66
"5623",22,"[86]jeHdwaCIJdoBsAdFnJKjKmwandbCLCefkjJqdwafofaCJBdHdowendaCIKqqFiBeaFCyrsafwendaCJqazljGK",117,0.983333,86,120,2,118,2,2,0,2,2,41,39,33,33,46,46,66
"5624",23,"[86]jeHdwaCIJdoBsAdFnJKjKmwandbCLCefkjJqdwafofaCJBdHdowendaCIKqqFiBeaFCyrsafwendaCJqazljGK",115,0.991379,86,116,1,115,1,1,0,1,1,44,43,34,34,38,38,66
"5625",24,"[86]jeHdwaCIJdoBsAdFnJKjKmwandbCLCefkjJqdwafofaCJBdHdowendaCIKqqFiBeaFCyrsafwendaCJqazljGK",114,0.991304,86,115,1,114,1,1,0,1,1,43,42,36,36,36,36,66
"5626",25,"[86]jeHdwaCIJdoBsAdFnJKjKmwandbCLCefkjJqdwafofaCJBdHdowendaCIKqqFiBeaFCyrsafwendaCJqazljGK",109,0.990909,86,110,1,109,1,1,0,1,1,41,40,42,42,27,27,66
"5627",26,"[86]jeHdwaCIJdoBsAdFnJKjKmwandbCLCefkjJqdwafofaCJBdHdowendaCIKqqFiBeaFCyrsafwendaCJqazljGK",116,1,86,115,0,115,0,0,0,0,0,36,36,41,41,38,38,66
"5628",27,"[86]jeHdwaCIJdoBsAdFnJKjKmwandbCLCefkjJqdwafofaCJBdHdowendaCIKqqFiBeaFCyrsafwendaCJqazljGK",120,0.991736,86,121,1,120,1,1,0,1,1,41,40,41,41,39,39,66
"5629",28,"[86]jeHdwaCIJdoBsAdFnJKjKmwandbCLCefkjJqdwafofaCJBdHdowendaCIKqqFiBeaFCyrsafwendaCJqazljGK",114,1,86,113,0,113,0,0,0,0,0,39,39,43,43,31,31,66
"5630",29,"[86]jeHdwaCIJdoBsAdFnJKjKmwandbCLCefkjJqdwafofaCJBdHdowendaCIKqqFiBeaFCyrsafwendaCJqazljGK",116,0.991453,86,117,1,116,1,1,0,1,1,45,44,35,35,37,37,66
"5631",30,"[86]jeHdwaCIJdoBsAdFnJKjKmwandbCLCefkjJqdwafofaCJBdHdowendaCIKqqFiBeaFCyrsafwendaCJqazljGK",116,0.991453,86,117,1,116,1,1,0,1,1,40,39,41,41,36,36,66
"5632",31,"[86]jeHdwaCIJdoBsAdFnJKjKmwandbCLCefkjJqdwafofaCJBdHdowendaCIKqqFiBeaFCyrsafwendaCJqazljGK",121,1,86,120,0,120,0,0,0,0,0,35,35,39,39,46,46,66
"5633",32,"[86]jeHdwaCIJdoBsAdFnJKjKmwandbCLCefkjJqdwafofaCJBdHdowendaCIKqqFiBeaFCyrsafwendaCJqazljGK",115,1,86,114,0,114,0,0,0,0,0,35,35,43,43,36,36,66
"5634",33,"[86]jeHdwaCIJdoBsAdFnJKjKmwandbCLCefkjJqdwafofaCJBdHdowendaCIKqqFiBeaFCyrsafwendaCJqazljGK",112,0.99115,86,113,1,112,1,1,0,1,1,45,44,35,35,33,33,66
"5635",34,"[86]jeHdwaCIJdoBsAdFnJKjKmwandbCLCefkjJqdwafofaCJBdHdowendaCIKqqFiBeaFCyrsafwendaCJqazljGK",119,0.983607,86,122,2,120,2,2,0,2,2,38,36,44,44,40,40,66
"5636",35,"[86]jeHdwaCIJdoBsAdFnJKjKmwandbCLCefkjJqdwafofaCJBdHdowendaCIKqqFiBeaFCyrsafwendaCJqazljGK",118,0.983471,86,121,2,119,2,2,0,2,2,37,35,38,38,46,46,66
"5637",36,"[86]jeHdwaCIJdoBsAdFnJKjKmwandbCLCefkjJqdwafofaCJBdHdowendaCIKqqFiBeaFCyrsafwendaCJqazljGK",122,1,86,121,0,121,0,0,0,0,0,31,31,38,38,52,52,66
"5638",37,"[86]jeHdwaCIJdoBsAdFnJKjKmwandbCLCefkjJqdwafofaCJBdHdowendaCIKqqFiBeaFCyrsafwendaCJqazljGK",116,1,86,115,0,115,0,0,0,0,0,44,44,39,39,32,32,66
"5639",38,"[86]jeHdwaCIJdoBsAdFnJKjKmwandbCLCefkjJqdwafofaCJBdHdowendaCIKqqFiBeaFCyrsafwendaCJqazljGK",117,0.991525,86,118,1,117,1,1,0,1,1,42,41,38,38,38,38,66
"5640",39,"[86]jeHdwaCIJdoBsAdFnJKjKmwandbCLCefkjJqdwafofaCJBdHdowendaCIKqqFiBeaFCyrsafwendaCJqazljGK",116,0.983193,86,119,2,117,2,2,0,2,2,46,44,32,32,41,41,66
"5641",40,"[86]jeHdwaCIJdoBsAdFnJKjKmwandbCLCefkjJqdwafofaCJBdHdowendaCIKqqFiBeaFCyrsafwendaCJqazljGK",113,0.982759,86,116,2,114,2,2,0,2,2,44,42,38,38,34,34,66
"5642",41,"[86]jeHdwaCIJdoBsAdFnJKjKmwandbCLCefkjJqdwafofaCJBdHdowendaCIKqqFiBeaFCyrsafwendaCJqazljGK",115,1,86,114,0,114,0,0,0,0,0,44,44,36,36,34,34,66
"5643",42,"[86]jeHdwaCIJdoBsAdFnJKjKmwandbCLCefkjJqdwafofaCJBdHdowendaCIKqqFiBeaFCyrsafwendaCJqazljGK",119,1,86,118,0,118,0,0,0,0,0,43,43,37,37,38,38,66
"5644",43,"[86]jeHdwaCIJdoBsAdFnJKjKmwandbCLCefkjJqdwafofaCJBdHdowendaCIKqqFiBeaFCyrsafwendaCJqazljGK",117,1,86,116,0,116,0,0,0,0,0,32,32,43,43,41,41,66
"5645",44,"[86]jeHdwaCIJdoBsAdFnJKjKmwandbCLCefkjJqdwafofaCJBdHdowendaCIKqqFiBeaFCyrsafwendaCJqazljGK",125,1,86,124,0,124,0,0,0,0,0,39,39,33,33,52,52,66
"5646",45,"[86]jeHdwaCIJdoBsAdFnJKjKmwandbCLCefkjJqdwafofaCJBdHdowendaCIKqqFiBeaFCyrsafwendaCJqazljGK",128,1,86,127,0,127,0,0,0,0,0,46,46,37,37,44,44,66
"5647",46,"[86]jeHdwaCIJdoBsAdFnJKjKmwandbCLCefkjJqdwafofaCJBdHdowendaCIKqqFiBeaFCyrsafwendaCJqazljGK",112,0.982609,86,115,2,113,2,2,0,2,2,36,34,47,47,32,32,66
"5648",47,"[86]jeHdwaCIJdoBsAdFnJKjKmwandbCLCefkjJqdwafofaCJBdHdowendaCIKqqFiBeaFCyrsafwendaCJqazljGK",120,0.98374,86,123,2,121,2,2,0,2,2,35,33,38,38,50,50,66
"5649",48,"[86]jeHdwaCIJdoBsAdFnJKjKmwandbCLCefkjJqdwafofaCJBdHdowendaCIKqqFiBeaFCyrsafwendaCJqazljGK",114,0.991304,86,115,1,114,1,1,0,1,1,30,29,46,46,39,39,66
"5650",49,"[86]jeHdwaCIJdoBsAdFnJKjKmwandbCLCefkjJqdwafofaCJBdHdowendaCIKqqFiBeaFCyrsafwendaCJqazljGK",118,1,86,117,0,117,0,0,0,0,0,41,41,37,37,39,39,66
"5651",50,"[86]jeHdwaCIJdoBsAdFnJKjKmwandbCLCefkjJqdwafofaCJBdHdowendaCIKqqFiBeaFCyrsafwendaCJqazljGK",119,0.991667,86,120,1,119,1,1,0,1,1,36,35,40,40,44,44,66
"5652",51,"[86]jeHdwaCIJdoBsAdFnJKjKmwandbCLCefkjJqdwafofaCJBdHdowendaCIKqqFiBeaFCyrsafwendaCJqazljGK",116,1,86,115,0,115,0,0,0,0,0,37,37,38,38,40,40,66
"5653",52,"[86]jeHdwaCIJdoBsAdFnJKjKmwandbCLCefkjJqdwafofaCJBdHdowendaCIKqqFiBeaFCyrsafwendaCJqazljGK",117,0.967742,86,124,4,120,4,4,0,4,4,45,41,32,32,47,47,66
"5654",53,"[86]jeHdwaCIJdoBsAdFnJKjKmwandbCLCefkjJqdwafofaCJBdHdowendaCIKqqFiBeaFCyrsafwendaCJqazljGK",119,1,86,118,0,118,0,0,0,0,0,42,42,34,34,42,42,66
"5655",54,"[86]jeHdwaCIJdoBsAdFnJKjKmwandbCLCefkjJqdwafofaCJBdHdowendaCIKqqFiBeaFCyrsafwendaCJqazljGK",114,1,86,113,0,113,0,0,0,0,0,43,43,35,35,35,35,66
"5656",55,"[86]jeHdwaCIJdoBsAdFnJKjKmwandbCLCefkjJqdwafofaCJBdHdowendaCIKqqFiBeaFCyrsafwendaCJqazljGK",115,0.975,86,120,3,117,3,3,0,3,3,34,31,42,42,44,44,66
"5657",56,"[86]jeHdwaCIJdoBsAdFnJKjKmwandbCLCefkjJqdwafofaCJBdHdowendaCIKqqFiBeaFCyrsafwendaCJqazljGK",122,0.99187,86,123,1,122,1,1,0,1,1,33,32,37,37,53,53,66
"5658",57,"[86]jeHdwaCIJdoBsAdFnJKjKmwandbCLCefkjJqdwafofaCJBdHdowendaCIKqqFiBeaFCyrsafwendaCJqazljGK",117,0.991525,86,118,1,117,1,1,0,1,1,39,38,36,36,43,43,66
"5659",58,"[86]jeHdwaCIJdoBsAdFnJKjKmwandbCLCefkjJqdwafofaCJBdHdowendaCIKqqFiBeaFCyrsafwendaCJqazljGK",112,1,86,111,0,111,0,0,0,0,0,36,36,43,43,32,32,66
"5660",59,"[86]jeHdwaCIJdoBsAdFnJKjKmwandbCLCefkjJqdwafofaCJBdHdowendaCIKqqFiBeaFCyrsafwendaCJqazljGK",113,0.991228,86,114,1,113,1,1,0,1,1,41,40,37,37,36,36,66
"5661",60,"[86]jeHdwaCIJdoBsAdFnJKjKmwandbCLCefkjJqdwafofaCJBdHdowendaCIKqqFiBeaFCyrsafwendaCJqazljGK",114,0.982906,86,117,2,115,2,2,0,2,2,38,36,43,43,36,36,66
"5662",61,"[86]jeHdwaCIJdoBsAdFnJKjKmwandbCLCefkjJqdwafofaCJBdHdowendaCIKqqFiBeaFCyrsafwendaCJqazljGK",116,0.991453,86,117,1,116,1,1,0,1,1,40,39,39,39,38,38,66
"5663",62,"[86]jeHdwaCIJdoBsAdFnJKjKmwandbCLCefkjJqdwafofaCJBdHdowendaCIKqqFiBeaFCyrsafwendaCJqazljGK",115,0.975,86,120,3,117,3,3,0,3,3,46,43,39,39,35,35,66
"5664",63,"[86]jeHdwaCIJdoBsAdFnJKjKmwandbCLCefkjJqdwafofaCJBdHdowendaCIKqqFiBeaFCyrsafwendaCJqazljGK",118,1,86,117,0,117,0,0,0,0,0,46,46,29,29,42,42,66
"5665",64,"[86]jeHdwaCIJdoBsAdFnJKjKmwandbCLCefkjJqdwafofaCJBdHdowendaCIKqqFiBeaFCyrsafwendaCJqazljGK",113,1,86,112,0,112,0,0,0,0,0,43,43,37,37,32,32,66
"5666",65,"[86]jeHdwaCIJdoBsAdFnJKjKmwandbCLCefkjJqdwafofaCJBdHdowendaCIKqqFiBeaFCyrsafwendaCJqazljGK",115,0.991379,86,116,1,115,1,1,0,1,1,33,32,43,43,40,40,66
"5667",66,"[86]jeHdwaCIJdoBsAdFnJKjKmwandbCLCefkjJqdwafofaCJBdHdowendaCIKqqFiBeaFCyrsafwendaCJqazljGK",111,1,86,110,0,110,0,0,0,0,0,36,36,44,44,30,30,66
"5668",67,"[86]jeHdwaCIJdoBsAdFnJKjKmwandbCLCefkjJqdwafofaCJBdHdowendaCIKqqFiBeaFCyrsafwendaCJqazljGK",120,1,86,119,0,119,0,0,0,0,0,39,39,34,34,46,46,66
"5669",68,"[86]jeHdwaCIJdoBsAdFnJKjKmwandbCLCefkjJqdwafofaCJBdHdowendaCIKqqFiBeaFCyrsafwendaCJqazljGK",123,1,86,122,0,122,0,0,0,0,0,45,45,39,39,38,38,66
"5670",69,"[86]jeHdwaCIJdoBsAdFnJKjKmwandbCLCefkjJqdwafofaCJBdHdowendaCIKqqFiBeaFCyrsafwendaCJqazljGK",118,0.991597,86,119,1,118,1,1,0,1,1,47,46,36,36,36,36,66
"5671",70,"[86]jeHdwaCIJdoBsAdFnJKjKmwandbCLCefkjJqdwafofaCJBdHdowendaCIKqqFiBeaFCyrsafwendaCJqazljGK",111,0.982456,86,114,2,112,2,2,0,2,2,36,34,45,45,33,33,66
"5672",71,"[86]jeHdwaCIJdoBsAdFnJKjKmwandbCLCefkjJqdwafofaCJBdHdowendaCIKqqFiBeaFCyrsafwendaCJqazljGK",115,1,86,114,0,114,0,0,0,0,0,36,36,45,45,33,33,66
"5673",72,"[86]jeHdwaCIJdoBsAdFnJKjKmwandbCLCefkjJqdwafofaCJBdHdowendaCIKqqFiBeaFCyrsafwendaCJqazljGK",108,0.973451,86,113,3,110,3,3,0,3,3,37,34,47,47,29,29,66
"5674",73,"[86]jeHdwaCIJdoBsAdFnJKjKmwandbCLCefkjJqdwafofaCJBdHdowendaCIKqqFiBeaFCyrsafwendaCJqazljGK",118,1,86,117,0,117,0,0,0,0,0,35,35,41,41,41,41,66
"5675",74,"[86]jeHdwaCIJdoBsAdFnJKjKmwandbCLCefkjJqdwafofaCJBdHdowendaCIKqqFiBeaFCyrsafwendaCJqazljGK",115,0.975,86,120,3,117,3,3,0,3,3,38,35,36,36,46,46,66
"5676",75,"[86]jeHdwaCIJdoBsAdFnJKjKmwandbCLCefkjJqdwafofaCJBdHdowendaCIKqqFiBeaFCyrsafwendaCJqazljGK",121,1,86,120,0,120,0,0,0,0,0,49,49,27,27,44,44,66
"5677",76,"[86]jeHdwaCIJdoBsAdFnJKjKmwandbCLCefkjJqdwafofaCJBdHdowendaCIKqqFiBeaFCyrsafwendaCJqazljGK",121,1,86,120,0,120,0,0,0,0,0,37,37,36,36,47,47,66
"5678",77,"[86]jeHdwaCIJdoBsAdFnJKjKmwandbCLCefkjJqdwafofaCJBdHdowendaCIKqqFiBeaFCyrsafwendaCJqazljGK",110,0.982301,86,113,2,111,2,2,0,2,2,43,41,38,38,32,32,66
"5679",78,"[86]jeHdwaCIJdoBsAdFnJKjKmwandbCLCefkjJqdwafofaCJBdHdowendaCIKqqFiBeaFCyrsafwendaCJqazljGK",117,1,86,116,0,116,0,0,0,0,0,38,38,38,38,40,40,66
"5680",79,"[86]jeHdwaCIJdoBsAdFnJKjKmwandbCLCefkjJqdwafofaCJBdHdowendaCIKqqFiBeaFCyrsafwendaCJqazljGK",109,0.965517,86,116,4,112,4,4,0,4,4,45,41,36,36,35,35,66
"5681",80,"[86]jeHdwaCIJdoBsAdFnJKjKmwandbCLCefkjJqdwafofaCJBdHdowendaCIKqqFiBeaFCyrsafwendaCJqazljGK",117,0.991525,86,118,1,117,1,1,0,1,1,27,26,48,48,43,43,66
"5682",81,"[86]jeHdwaCIJdoBsAdFnJKjKmwandbCLCefkjJqdwafofaCJBdHdowendaCIKqqFiBeaFCyrsafwendaCJqazljGK",115,0.975,86,120,3,117,3,3,0,3,3,36,33,38,38,46,46,66
"5683",82,"[86]jeHdwaCIJdoBsAdFnJKjKmwandbCLCefkjJqdwafofaCJBdHdowendaCIKqqFiBeaFCyrsafwendaCJqazljGK",120,1,86,119,0,119,0,0,0,0,0,38,38,35,35,46,46,66
"5684",83,"[86]jeHdwaCIJdoBsAdFnJKjKmwandbCLCefkjJqdwafofaCJBdHdowendaCIKqqFiBeaFCyrsafwendaCJqazljGK",119,1,86,118,0,118,0,0,0,0,0,48,48,31,31,39,39,66
"5685",84,"[86]jeHdwaCIJdoBsAdFnJKjKmwandbCLCefkjJqdwafofaCJBdHdowendaCIKqqFiBeaFCyrsafwendaCJqazljGK",116,1,86,115,0,115,0,0,0,0,0,41,41,35,35,39,39,66
"5686",85,"[86]jeHdwaCIJdoBsAdFnJKjKmwandbCLCefkjJqdwafofaCJBdHdowendaCIKqqFiBeaFCyrsafwendaCJqazljGK",117,0.983333,86,120,2,118,2,2,0,2,2,46,44,39,39,35,35,66
"5687",86,"[86]jeHdwaCIJdoBsAdFnJKjKmwandbCLCefkjJqdwafofaCJBdHdowendaCIKqqFiBeaFCyrsafwendaCJqazljGK",113,1,86,112,0,112,0,0,0,0,0,28,28,49,49,35,35,66
"5688",87,"[86]jeHdwaCIJdoBsAdFnJKjKmwandbCLCefkjJqdwafofaCJBdHdowendaCIKqqFiBeaFCyrsafwendaCJqazljGK",118,0.97561,86,123,3,120,3,3,0,3,3,34,31,39,39,50,50,66
"5689",88,"[86]jeHdwaCIJdoBsAdFnJKjKmwandbCLCefkjJqdwafofaCJBdHdowendaCIKqqFiBeaFCyrsafwendaCJqazljGK",114,1,86,113,0,113,0,0,0,0,0,40,40,40,40,33,33,66
"5690",89,"[86]jeHdwaCIJdoBsAdFnJKjKmwandbCLCefkjJqdwafofaCJBdHdowendaCIKqqFiBeaFCyrsafwendaCJqazljGK",111,0.974138,86,116,3,113,3,3,0,3,3,32,29,46,46,38,38,66
"5691",90,"[86]jeHdwaCIJdoBsAdFnJKjKmwandbCLCefkjJqdwafofaCJBdHdowendaCIKqqFiBeaFCyrsafwendaCJqazljGK",112,0.974359,86,117,3,114,3,3,0,3,3,37,34,41,41,39,39,66
"5692",91,"[86]jeHdwaCIJdoBsAdFnJKjKmwandbCLCefkjJqdwafofaCJBdHdowendaCIKqqFiBeaFCyrsafwendaCJqazljGK",117,0.991525,86,118,1,117,1,1,0,1,1,43,42,32,32,43,43,66
"5693",92,"[86]jeHdwaCIJdoBsAdFnJKjKmwandbCLCefkjJqdwafofaCJBdHdowendaCIKqqFiBeaFCyrsafwendaCJqazljGK",119,1,86,118,0,118,0,0,0,0,0,39,39,41,41,38,38,66
"5694",93,"[86]jeHdwaCIJdoBsAdFnJKjKmwandbCLCefkjJqdwafofaCJBdHdowendaCIKqqFiBeaFCyrsafwendaCJqazljGK",126,0.992126,86,127,1,126,1,1,0,1,1,45,44,31,31,51,51,66
"5695",94,"[86]jeHdwaCIJdoBsAdFnJKjKmwandbCLCefkjJqdwafofaCJBdHdowendaCIKqqFiBeaFCyrsafwendaCJqazljGK",119,1,86,118,0,118,0,0,0,0,0,37,37,39,39,42,42,66
"5696",95,"[86]jeHdwaCIJdoBsAdFnJKjKmwandbCLCefkjJqdwafofaCJBdHdowendaCIKqqFiBeaFCyrsafwendaCJqazljGK",115,0.991379,86,116,1,115,1,1,0,1,1,34,33,48,48,34,34,66
"5697",96,"[86]jeHdwaCIJdoBsAdFnJKjKmwandbCLCefkjJqdwafofaCJBdHdowendaCIKqqFiBeaFCyrsafwendaCJqazljGK",130,1,86,129,0,129,0,0,0,0,0,42,42,37,37,50,50,66
"5698",97,"[86]jeHdwaCIJdoBsAdFnJKjKmwandbCLCefkjJqdwafofaCJBdHdowendaCIKqqFiBeaFCyrsafwendaCJqazljGK",118,1,86,117,0,117,0,0,0,0,0,38,38,40,40,39,39,66
"5699",98,"[86]jeHdwaCIJdoBsAdFnJKjKmwandbCLCefkjJqdwafofaCJBdHdowendaCIKqqFiBeaFCyrsafwendaCJqazljGK",104,0.947826,86,115,6,109,6,6,0,6,6,43,37,43,43,29,29,66
"5700",99,"[86]jeHdwaCIJdoBsAdFnJKjKmwandbCLCefkjJqdwafofaCJBdHdowendaCIKqqFiBeaFCyrsafwendaCJqazljGK",112,1,86,111,0,111,0,0,0,0,0,36,36,43,43,32,32,66
"5701",0,"[84]GjfffHdwaClKbqmDledbjFkcKewandbCLCeffvgwafofCJBdHdwendfqIKCefDDBeaCrtafwendaqJCafbeK",107,0.981818,84,110,2,108,2,2,0,2,2,39,37,33,33,38,38,67
"5702",1,"[84]GjfffHdwaClKbqmDledbjFkcKewandbCLCeffvgwafofCJBdHdwendfqIKCefDDBeaCrtafwendaqJCafbeK",105,0.990566,84,106,1,105,1,1,0,1,1,38,37,37,37,31,31,67
"5703",2,"[84]GjfffHdwaClKbqmDledbjFkcKewandbCLCeffvgwafofCJBdHdwendfqIKCefDDBeaCrtafwendaqJCafbeK",109,0.982143,84,112,2,110,2,2,0,2,2,30,28,39,39,43,43,67
"5704",3,"[84]GjfffHdwaClKbqmDledbjFkcKewandbCLCeffvgwafofCJBdHdwendfqIKCefDDBeaCrtafwendaqJCafbeK",106,1,84,105,0,105,0,0,0,0,0,31,31,43,43,31,31,67
"5705",4,"[84]GjfffHdwaClKbqmDledbjFkcKewandbCLCeffvgwafofCJBdHdwendfqIKCefDDBeaCrtafwendaqJCafbeK",110,0.990991,84,111,1,110,1,1,0,1,1,32,31,36,36,43,43,67
"5706",5,"[84]GjfffHdwaClKbqmDledbjFkcKewandbCLCeffvgwafofCJBdHdwendfqIKCefDDBeaCrtafwendaqJCafbeK",108,1,84,107,0,107,0,0,0,0,0,33,33,38,38,36,36,67
"5707",6,"[84]GjfffHdwaClKbqmDledbjFkcKewandbCLCeffvgwafofCJBdHdwendfqIKCefDDBeaCrtafwendaqJCafbeK",105,0.964286,84,112,4,108,4,4,0,4,4,37,33,36,36,39,39,67
"5708",7,"[84]GjfffHdwaClKbqmDledbjFkcKewandbCLCeffvgwafofCJBdHdwendfqIKCefDDBeaCrtafwendaqJCafbeK",108,0.981982,84,111,2,109,2,2,0,2,2,41,39,31,31,39,39,67
"5709",8,"[84]GjfffHdwaClKbqmDledbjFkcKewandbCLCeffvgwafofCJBdHdwendfqIKCefDDBeaCrtafwendaqJCafbeK",112,1,84,111,0,111,0,0,0,0,0,37,37,31,31,43,43,67
"5710",9,"[84]GjfffHdwaClKbqmDledbjFkcKewandbCLCeffvgwafofCJBdHdwendfqIKCefDDBeaCrtafwendaqJCafbeK",110,1,84,109,0,109,0,0,0,0,0,37,37,33,33,39,39,67
"5711",10,"[84]GjfffHdwaClKbqmDledbjFkcKewandbCLCeffvgwafofCJBdHdwendfqIKCefDDBeaCrtafwendaqJCafbeK",111,1,84,110,0,110,0,0,0,0,0,31,31,36,36,43,43,67
"5712",11,"[84]GjfffHdwaClKbqmDledbjFkcKewandbCLCeffvgwafofCJBdHdwendfqIKCefDDBeaCrtafwendaqJCafbeK",105,0.990566,84,106,1,105,1,1,0,1,1,36,35,38,38,32,32,67
"5713",12,"[84]GjfffHdwaClKbqmDledbjFkcKewandbCLCeffvgwafofCJBdHdwendfqIKCefDDBeaCrtafwendaqJCafbeK",107,1,84,106,0,106,0,0,0,0,0,38,38,35,35,33,33,67
"5714",13,"[84]GjfffHdwaClKbqmDledbjFkcKewandbCLCeffvgwafofCJBdHdwendfqIKCefDDBeaCrtafwendaqJCafbeK",106,1,84,105,0,105,0,0,0,0,0,35,35,38,38,32,32,67
"5715",14,"[84]GjfffHdwaClKbqmDledbjFkcKewandbCLCeffvgwafofCJBdHdwendfqIKCefDDBeaCrtafwendaqJCafbeK",112,1,84,111,0,111,0,0,0,0,0,27,27,40,40,44,44,67
"5716",15,"[84]GjfffHdwaClKbqmDledbjFkcKewandbCLCeffvgwafofCJBdHdwendfqIKCefDDBeaCrtafwendaqJCafbeK",103,0.947368,84,114,6,108,6,6,0,6,6,41,35,35,35,38,38,67
"5717",16,"[84]GjfffHdwaClKbqmDledbjFkcKewandbCLCeffvgwafofCJBdHdwendfqIKCefDDBeaCrtafwendaqJCafbeK",104,0.990476,84,105,1,104,1,1,0,1,1,37,36,39,39,29,29,67
"5718",17,"[84]GjfffHdwaClKbqmDledbjFkcKewandbCLCeffvgwafofCJBdHdwendfqIKCefDDBeaCrtafwendaqJCafbeK",105,1,84,104,0,104,0,0,0,0,0,44,44,32,32,28,28,67
"5719",18,"[84]GjfffHdwaClKbqmDledbjFkcKewandbCLCeffvgwafofCJBdHdwendfqIKCefDDBeaCrtafwendaqJCafbeK",109,1,84,108,0,108,0,0,0,0,0,36,36,34,34,38,38,67
"5720",19,"[84]GjfffHdwaClKbqmDledbjFkcKewandbCLCeffvgwafofCJBdHdwendfqIKCefDDBeaCrtafwendaqJCafbeK",101,0.980769,84,104,2,102,2,2,0,2,2,44,42,37,37,23,23,67
"5721",20,"[84]GjfffHdwaClKbqmDledbjFkcKewandbCLCeffvgwafofCJBdHdwendfqIKCefDDBeaCrtafwendaqJCafbeK",112,0.974359,84,117,3,114,3,3,0,3,3,34,31,32,32,51,51,67
"5722",21,"[84]GjfffHdwaClKbqmDledbjFkcKewandbCLCeffvgwafofCJBdHdwendfqIKCefDDBeaCrtafwendaqJCafbeK",108,0.981982,84,111,2,109,2,2,0,2,2,40,38,32,32,39,39,67
"5723",22,"[84]GjfffHdwaClKbqmDledbjFkcKewandbCLCeffvgwafofCJBdHdwendfqIKCefDDBeaCrtafwendaqJCafbeK",116,1,84,115,0,115,0,0,0,0,0,37,37,25,25,53,53,67
"5724",23,"[84]GjfffHdwaClKbqmDledbjFkcKewandbCLCeffvgwafofCJBdHdwendfqIKCefDDBeaCrtafwendaqJCafbeK",106,1,84,105,0,105,0,0,0,0,0,37,37,38,38,30,30,67
"5725",24,"[84]GjfffHdwaClKbqmDledbjFkcKewandbCLCeffvgwafofCJBdHdwendfqIKCefDDBeaCrtafwendaqJCafbeK",112,1,84,111,0,111,0,0,0,0,0,37,37,31,31,43,43,67
"5726",25,"[84]GjfffHdwaClKbqmDledbjFkcKewandbCLCeffvgwafofCJBdHdwendfqIKCefDDBeaCrtafwendaqJCafbeK",107,1,84,106,0,106,0,0,0,0,0,38,38,35,35,33,33,67
"5727",26,"[84]GjfffHdwaClKbqmDledbjFkcKewandbCLCeffvgwafofCJBdHdwendfqIKCefDDBeaCrtafwendaqJCafbeK",105,1,84,104,0,104,0,0,0,0,0,38,38,37,37,29,29,67
"5728",27,"[84]GjfffHdwaClKbqmDledbjFkcKewandbCLCeffvgwafofCJBdHdwendfqIKCefDDBeaCrtafwendaqJCafbeK",106,0.990654,84,107,1,106,1,1,0,1,1,37,36,37,37,33,33,67
"5729",28,"[84]GjfffHdwaClKbqmDledbjFkcKewandbCLCeffvgwafofCJBdHdwendfqIKCefDDBeaCrtafwendaqJCafbeK",108,1,84,107,0,107,0,0,0,0,0,29,29,42,42,36,36,67
"5730",29,"[84]GjfffHdwaClKbqmDledbjFkcKewandbCLCeffvgwafofCJBdHdwendfqIKCefDDBeaCrtafwendaqJCafbeK",108,1,84,107,0,107,0,0,0,0,0,41,41,31,31,35,35,67
"5731",30,"[84]GjfffHdwaClKbqmDledbjFkcKewandbCLCeffvgwafofCJBdHdwendfqIKCefDDBeaCrtafwendaqJCafbeK",106,0.990654,84,107,1,106,1,1,0,1,1,40,39,35,35,32,32,67
"5732",31,"[84]GjfffHdwaClKbqmDledbjFkcKewandbCLCeffvgwafofCJBdHdwendfqIKCefDDBeaCrtafwendaqJCafbeK",106,1,84,105,0,105,0,0,0,0,0,34,34,39,39,32,32,67
"5733",32,"[84]GjfffHdwaClKbqmDledbjFkcKewandbCLCeffvgwafofCJBdHdwendfqIKCefDDBeaCrtafwendaqJCafbeK",106,0.990654,84,107,1,106,1,1,0,1,1,25,24,48,48,34,34,67
"5734",33,"[84]GjfffHdwaClKbqmDledbjFkcKewandbCLCeffvgwafofCJBdHdwendfqIKCefDDBeaCrtafwendaqJCafbeK",101,0.980769,84,104,2,102,2,2,0,2,2,42,40,38,38,24,24,67
"5735",34,"[84]GjfffHdwaClKbqmDledbjFkcKewandbCLCeffvgwafofCJBdHdwendfqIKCefDDBeaCrtafwendaqJCafbeK",103,0.972222,84,108,3,105,3,3,0,3,3,40,37,37,37,31,31,67
"5736",35,"[84]GjfffHdwaClKbqmDledbjFkcKewandbCLCeffvgwafofCJBdHdwendfqIKCefDDBeaCrtafwendaqJCafbeK",108,0.990826,84,109,1,108,1,1,0,1,1,37,36,34,34,38,38,67
"5737",36,"[84]GjfffHdwaClKbqmDledbjFkcKewandbCLCeffvgwafofCJBdHdwendfqIKCefDDBeaCrtafwendaqJCafbeK",109,0.990909,84,110,1,109,1,1,0,1,1,42,41,29,29,39,39,67
"5738",37,"[84]GjfffHdwaClKbqmDledbjFkcKewandbCLCeffvgwafofCJBdHdwendfqIKCefDDBeaCrtafwendaqJCafbeK",109,1,84,108,0,108,0,0,0,0,0,34,34,37,37,37,37,67
"5739",38,"[84]GjfffHdwaClKbqmDledbjFkcKewandbCLCeffvgwafofCJBdHdwendfqIKCefDDBeaCrtafwendaqJCafbeK",106,1,84,105,0,105,0,0,0,0,0,38,38,37,37,30,30,67
"5740",39,"[84]GjfffHdwaClKbqmDledbjFkcKewandbCLCeffvgwafofCJBdHdwendfqIKCefDDBeaCrtafwendaqJCafbeK",106,1,84,105,0,105,0,0,0,0,0,34,34,40,40,31,31,67
"5741",40,"[84]GjfffHdwaClKbqmDledbjFkcKewandbCLCeffvgwafofCJBdHdwendfqIKCefDDBeaCrtafwendaqJCafbeK",106,0.990654,84,107,1,106,1,1,0,1,1,36,35,37,37,34,34,67
"5742",41,"[84]GjfffHdwaClKbqmDledbjFkcKewandbCLCeffvgwafofCJBdHdwendfqIKCefDDBeaCrtafwendaqJCafbeK",109,0.973684,84,114,3,111,3,3,0,3,3,40,37,31,31,43,43,67
"5743",42,"[84]GjfffHdwaClKbqmDledbjFkcKewandbCLCeffvgwafofCJBdHdwendfqIKCefDDBeaCrtafwendaqJCafbeK",107,0.973214,84,112,3,109,3,3,0,3,3,35,32,36,36,41,41,67
"5744",43,"[84]GjfffHdwaClKbqmDledbjFkcKewandbCLCeffvgwafofCJBdHdwendfqIKCefDDBeaCrtafwendaqJCafbeK",107,0.981818,84,110,2,108,2,2,0,2,2,36,34,37,37,37,37,67
"5745",44,"[84]GjfffHdwaClKbqmDledbjFkcKewandbCLCeffvgwafofCJBdHdwendfqIKCefDDBeaCrtafwendaqJCafbeK",108,0.990826,84,109,1,108,1,1,0,1,1,30,29,40,40,39,39,67
"5746",45,"[84]GjfffHdwaClKbqmDledbjFkcKewandbCLCeffvgwafofCJBdHdwendfqIKCefDDBeaCrtafwendaqJCafbeK",105,0.981481,84,108,2,106,2,2,0,2,2,38,36,36,36,34,34,67
"5747",46,"[84]GjfffHdwaClKbqmDledbjFkcKewandbCLCeffvgwafofCJBdHdwendfqIKCefDDBeaCrtafwendaqJCafbeK",105,1,84,104,0,104,0,0,0,0,0,30,30,44,44,30,30,67
"5748",47,"[84]GjfffHdwaClKbqmDledbjFkcKewandbCLCeffvgwafofCJBdHdwendfqIKCefDDBeaCrtafwendaqJCafbeK",112,1,84,111,0,111,0,0,0,0,0,35,35,33,33,43,43,67
"5749",48,"[84]GjfffHdwaClKbqmDledbjFkcKewandbCLCeffvgwafofCJBdHdwendfqIKCefDDBeaCrtafwendaqJCafbeK",109,1,84,108,0,108,0,0,0,0,0,42,42,29,29,37,37,67
"5750",49,"[84]GjfffHdwaClKbqmDledbjFkcKewandbCLCeffvgwafofCJBdHdwendfqIKCefDDBeaCrtafwendaqJCafbeK",106,1,84,105,0,105,0,0,0,0,0,35,35,38,38,32,32,67
"5751",50,"[84]GjfffHdwaClKbqmDledbjFkcKewandbCLCeffvgwafofCJBdHdwendfqIKCefDDBeaCrtafwendaqJCafbeK",103,0.990385,84,104,1,103,1,1,0,1,1,41,40,36,36,27,27,67
"5752",51,"[84]GjfffHdwaClKbqmDledbjFkcKewandbCLCeffvgwafofCJBdHdwendfqIKCefDDBeaCrtafwendaqJCafbeK",103,0.981132,84,106,2,104,2,2,0,2,2,45,43,32,32,29,29,67
"5753",52,"[84]GjfffHdwaClKbqmDledbjFkcKewandbCLCeffvgwafofCJBdHdwendfqIKCefDDBeaCrtafwendaqJCafbeK",104,0.990476,84,105,1,104,1,1,0,1,1,34,33,41,41,30,30,67
"5754",53,"[84]GjfffHdwaClKbqmDledbjFkcKewandbCLCeffvgwafofCJBdHdwendfqIKCefDDBeaCrtafwendaqJCafbeK",107,1,84,106,0,106,0,0,0,0,0,44,44,30,30,32,32,67
"5755",54,"[84]GjfffHdwaClKbqmDledbjFkcKewandbCLCeffvgwafofCJBdHdwendfqIKCefDDBeaCrtafwendaqJCafbeK",100,0.945946,84,111,6,105,6,6,0,6,6,40,34,39,39,32,32,67
"5756",55,"[84]GjfffHdwaClKbqmDledbjFkcKewandbCLCeffvgwafofCJBdHdwendfqIKCefDDBeaCrtafwendaqJCafbeK",103,1,84,102,0,102,0,0,0,0,0,32,32,44,44,26,26,67
"5757",56,"[84]GjfffHdwaClKbqmDledbjFkcKewandbCLCeffvgwafofCJBdHdwendfqIKCefDDBeaCrtafwendaqJCafbeK",104,0.981308,84,107,2,105,2,2,0,2,2,42,40,34,34,31,31,67
"5758",57,"[84]GjfffHdwaClKbqmDledbjFkcKewandbCLCeffvgwafofCJBdHdwendfqIKCefDDBeaCrtafwendaqJCafbeK",103,0.972222,84,108,3,105,3,3,0,3,3,38,35,38,38,32,32,67
"5759",58,"[84]GjfffHdwaClKbqmDledbjFkcKewandbCLCeffvgwafofCJBdHdwendfqIKCefDDBeaCrtafwendaqJCafbeK",109,1,84,108,0,108,0,0,0,0,0,35,35,36,36,37,37,67
"5760",59,"[84]GjfffHdwaClKbqmDledbjFkcKewandbCLCeffvgwafofCJBdHdwendfqIKCefDDBeaCrtafwendaqJCafbeK",107,0.981818,84,110,2,108,2,2,0,2,2,41,39,31,31,38,38,67
"5761",60,"[84]GjfffHdwaClKbqmDledbjFkcKewandbCLCeffvgwafofCJBdHdwendfqIKCefDDBeaCrtafwendaqJCafbeK",107,1,84,106,0,106,0,0,0,0,0,32,32,40,40,34,34,67
"5762",61,"[84]GjfffHdwaClKbqmDledbjFkcKewandbCLCeffvgwafofCJBdHdwendfqIKCefDDBeaCrtafwendaqJCafbeK",109,1,84,108,0,108,0,0,0,0,0,32,32,39,39,37,37,67
"5763",62,"[84]GjfffHdwaClKbqmDledbjFkcKewandbCLCeffvgwafofCJBdHdwendfqIKCefDDBeaCrtafwendaqJCafbeK",108,1,84,107,0,107,0,0,0,0,0,34,34,38,38,35,35,67
"5764",63,"[84]GjfffHdwaClKbqmDledbjFkcKewandbCLCeffvgwafofCJBdHdwendfqIKCefDDBeaCrtafwendaqJCafbeK",105,0.972727,84,110,3,107,3,3,0,3,3,41,38,33,33,36,36,67
"5765",64,"[84]GjfffHdwaClKbqmDledbjFkcKewandbCLCeffvgwafofCJBdHdwendfqIKCefDDBeaCrtafwendaqJCafbeK",108,1,84,107,0,107,0,0,0,0,0,43,43,29,29,35,35,67
"5766",65,"[84]GjfffHdwaClKbqmDledbjFkcKewandbCLCeffvgwafofCJBdHdwendfqIKCefDDBeaCrtafwendaqJCafbeK",103,0.981132,84,106,2,104,2,2,0,2,2,39,37,38,38,29,29,67
"5767",66,"[84]GjfffHdwaClKbqmDledbjFkcKewandbCLCeffvgwafofCJBdHdwendfqIKCefDDBeaCrtafwendaqJCafbeK",105,1,84,104,0,104,0,0,0,0,0,34,34,41,41,29,29,67
"5768",67,"[84]GjfffHdwaClKbqmDledbjFkcKewandbCLCeffvgwafofCJBdHdwendfqIKCefDDBeaCrtafwendaqJCafbeK",106,0.981651,84,109,2,107,2,2,0,2,2,31,29,42,42,36,36,67
"5769",68,"[84]GjfffHdwaClKbqmDledbjFkcKewandbCLCeffvgwafofCJBdHdwendfqIKCefDDBeaCrtafwendaqJCafbeK",101,0.946429,84,112,6,106,6,6,0,6,6,37,31,40,40,35,35,67
"5770",69,"[84]GjfffHdwaClKbqmDledbjFkcKewandbCLCeffvgwafofCJBdHdwendfqIKCefDDBeaCrtafwendaqJCafbeK",101,0.962963,84,108,4,104,4,4,0,4,4,49,45,30,30,29,29,67
"5771",70,"[84]GjfffHdwaClKbqmDledbjFkcKewandbCLCeffvgwafofCJBdHdwendfqIKCefDDBeaCrtafwendaqJCafbeK",105,1,84,104,0,104,0,0,0,0,0,34,34,41,41,29,29,67
"5772",71,"[84]GjfffHdwaClKbqmDledbjFkcKewandbCLCeffvgwafofCJBdHdwendfqIKCefDDBeaCrtafwendaqJCafbeK",110,0.990991,84,111,1,110,1,1,0,1,1,35,34,34,34,42,42,67
"5773",72,"[84]GjfffHdwaClKbqmDledbjFkcKewandbCLCeffvgwafofCJBdHdwendfqIKCefDDBeaCrtafwendaqJCafbeK",103,1,84,102,0,102,0,0,0,0,0,37,37,41,41,24,24,67
"5774",73,"[84]GjfffHdwaClKbqmDledbjFkcKewandbCLCeffvgwafofCJBdHdwendfqIKCefDDBeaCrtafwendaqJCafbeK",105,0.981481,84,108,2,106,2,2,0,2,2,42,40,33,33,33,33,67
"5775",74,"[84]GjfffHdwaClKbqmDledbjFkcKewandbCLCeffvgwafofCJBdHdwendfqIKCefDDBeaCrtafwendaqJCafbeK",107,0.981818,84,110,2,108,2,2,0,2,2,39,37,34,34,37,37,67
"5776",75,"[84]GjfffHdwaClKbqmDledbjFkcKewandbCLCeffvgwafofCJBdHdwendfqIKCefDDBeaCrtafwendaqJCafbeK",107,1,84,106,0,106,0,0,0,0,0,33,33,39,39,34,34,67
"5777",76,"[84]GjfffHdwaClKbqmDledbjFkcKewandbCLCeffvgwafofCJBdHdwendfqIKCefDDBeaCrtafwendaqJCafbeK",107,0.981818,84,110,2,108,2,2,0,2,2,30,28,42,42,38,38,67
"5778",77,"[84]GjfffHdwaClKbqmDledbjFkcKewandbCLCeffvgwafofCJBdHdwendfqIKCefDDBeaCrtafwendaqJCafbeK",101,0.990196,84,102,1,101,1,1,0,1,1,49,48,31,31,22,22,67
"5779",78,"[84]GjfffHdwaClKbqmDledbjFkcKewandbCLCeffvgwafofCJBdHdwendfqIKCefDDBeaCrtafwendaqJCafbeK",96,0.952381,84,105,5,100,5,5,0,5,5,46,41,38,38,21,21,67
"5780",79,"[84]GjfffHdwaClKbqmDledbjFkcKewandbCLCeffvgwafofCJBdHdwendfqIKCefDDBeaCrtafwendaqJCafbeK",106,0.990654,84,107,1,106,1,1,0,1,1,36,35,37,37,34,34,67
"5781",80,"[84]GjfffHdwaClKbqmDledbjFkcKewandbCLCeffvgwafofCJBdHdwendfqIKCefDDBeaCrtafwendaqJCafbeK",106,0.972973,84,111,3,108,3,3,0,3,3,38,35,35,35,38,38,67
"5782",81,"[84]GjfffHdwaClKbqmDledbjFkcKewandbCLCeffvgwafofCJBdHdwendfqIKCefDDBeaCrtafwendaqJCafbeK",109,1,84,108,0,108,0,0,0,0,0,36,36,34,34,38,38,67
"5783",82,"[84]GjfffHdwaClKbqmDledbjFkcKewandbCLCeffvgwafofCJBdHdwendfqIKCefDDBeaCrtafwendaqJCafbeK",106,0.990654,84,107,1,106,1,1,0,1,1,41,40,34,34,32,32,67
"5784",83,"[84]GjfffHdwaClKbqmDledbjFkcKewandbCLCeffvgwafofCJBdHdwendfqIKCefDDBeaCrtafwendaqJCafbeK",104,1,84,103,0,103,0,0,0,0,0,38,38,38,38,27,27,67
"5785",84,"[84]GjfffHdwaClKbqmDledbjFkcKewandbCLCeffvgwafofCJBdHdwendfqIKCefDDBeaCrtafwendaqJCafbeK",109,0.990909,84,110,1,109,1,1,0,1,1,33,32,37,37,40,40,67
"5786",85,"[84]GjfffHdwaClKbqmDledbjFkcKewandbCLCeffvgwafofCJBdHdwendfqIKCefDDBeaCrtafwendaqJCafbeK",106,1,84,105,0,105,0,0,0,0,0,39,39,35,35,31,31,67
"5787",86,"[84]GjfffHdwaClKbqmDledbjFkcKewandbCLCeffvgwafofCJBdHdwendfqIKCefDDBeaCrtafwendaqJCafbeK",102,0.980952,84,105,2,103,2,2,0,2,2,37,35,40,40,28,28,67
"5788",87,"[84]GjfffHdwaClKbqmDledbjFkcKewandbCLCeffvgwafofCJBdHdwendfqIKCefDDBeaCrtafwendaqJCafbeK",108,1,84,107,0,107,0,0,0,0,0,38,38,34,34,35,35,67
"5789",88,"[84]GjfffHdwaClKbqmDledbjFkcKewandbCLCeffvgwafofCJBdHdwendfqIKCefDDBeaCrtafwendaqJCafbeK",104,0.990476,84,105,1,104,1,1,0,1,1,41,40,36,36,28,28,67
"5790",89,"[84]GjfffHdwaClKbqmDledbjFkcKewandbCLCeffvgwafofCJBdHdwendfqIKCefDDBeaCrtafwendaqJCafbeK",110,1,84,109,0,109,0,0,0,0,0,34,34,35,35,40,40,67
"5791",90,"[84]GjfffHdwaClKbqmDledbjFkcKewandbCLCeffvgwafofCJBdHdwendfqIKCefDDBeaCrtafwendaqJCafbeK",109,1,84,108,0,108,0,0,0,0,0,41,41,30,30,37,37,67
"5792",91,"[84]GjfffHdwaClKbqmDledbjFkcKewandbCLCeffvgwafofCJBdHdwendfqIKCefDDBeaCrtafwendaqJCafbeK",107,1,84,106,0,106,0,0,0,0,0,38,38,35,35,33,33,67
"5793",92,"[84]GjfffHdwaClKbqmDledbjFkcKewandbCLCeffvgwafofCJBdHdwendfqIKCefDDBeaCrtafwendaqJCafbeK",110,0.990991,84,111,1,110,1,1,0,1,1,39,38,31,31,41,41,67
"5794",93,"[84]GjfffHdwaClKbqmDledbjFkcKewandbCLCeffvgwafofCJBdHdwendfqIKCefDDBeaCrtafwendaqJCafbeK",107,0.990741,84,108,1,107,1,1,0,1,1,36,35,36,36,36,36,67
"5795",94,"[84]GjfffHdwaClKbqmDledbjFkcKewandbCLCeffvgwafofCJBdHdwendfqIKCefDDBeaCrtafwendaqJCafbeK",106,1,84,105,0,105,0,0,0,0,0,31,31,42,42,32,32,67
"5796",95,"[84]GjfffHdwaClKbqmDledbjFkcKewandbCLCeffvgwafofCJBdHdwendfqIKCefDDBeaCrtafwendaqJCafbeK",105,0.981481,84,108,2,106,2,2,0,2,2,36,34,39,39,33,33,67
"5797",96,"[84]GjfffHdwaClKbqmDledbjFkcKewandbCLCeffvgwafofCJBdHdwendfqIKCefDDBeaCrtafwendaqJCafbeK",101,0.962963,84,108,4,104,4,4,0,4,4,41,37,37,37,30,30,67
"5798",97,"[84]GjfffHdwaClKbqmDledbjFkcKewandbCLCeffvgwafofCJBdHdwendfqIKCefDDBeaCrtafwendaqJCafbeK",112,0.99115,84,113,1,112,1,1,0,1,1,41,40,27,27,45,45,67
"5799",98,"[84]GjfffHdwaClKbqmDledbjFkcKewandbCLCeffvgwafofCJBdHdwendfqIKCefDDBeaCrtafwendaqJCafbeK",102,1,84,101,0,101,0,0,0,0,0,31,31,46,46,24,24,67
"5800",99,"[84]GjfffHdwaClKbqmDledbjFkcKewandbCLCeffvgwafofCJBdHdwendfqIKCefDDBeaCrtafwendaqJCafbeK",107,1,84,106,0,106,0,0,0,0,0,40,40,33,33,33,33,67
"5801",0,"[83]GjfffHdwaCxjlCCcCwafndbCLCacpjHzfwafnfCJBdHdwendfCnIKqnGnLBeaFClqxafwaendaCJCacxaeK",105,0.981481,83,108,2,106,2,2,0,2,2,38,36,35,35,35,35,68
"5802",1,"[83]GjfffHdwaCxjlCCcCwafndbCLCacpjHzfwafnfCJBdHdwendfCnIKqnGnLBeaFClqxafwaendaCJCacxaeK",110,1,83,109,0,109,0,0,0,0,0,35,35,35,35,39,39,68
"5803",2,"[83]GjfffHdwaCxjlCCcCwafndbCLCacpjHzfwafnfCJBdHdwendfCnIKqnGnLBeaFClqxafwaendaCJCacxaeK",108,0.981982,83,111,2,109,2,2,0,2,2,33,31,37,37,41,41,68
"5804",3,"[83]GjfffHdwaCxjlCCcCwafndbCLCacpjHzfwafnfCJBdHdwendfCnIKqnGnLBeaFClqxafwaendaCJCacxaeK",110,1,83,109,0,109,0,0,0,0,0,32,32,37,37,40,40,68
"5805",4,"[83]GjfffHdwaCxjlCCcCwafndbCLCacpjHzfwafnfCJBdHdwendfCnIKqnGnLBeaFClqxafwaendaCJCacxaeK",108,1,83,107,0,107,0,0,0,0,0,37,37,36,36,34,34,68
"5806",5,"[83]GjfffHdwaCxjlCCcCwafndbCLCacpjHzfwafnfCJBdHdwendfCnIKqnGnLBeaFClqxafwaendaCJCacxaeK",108,0.990826,83,109,1,108,1,1,0,1,1,41,40,31,31,37,37,68
"5807",6,"[83]GjfffHdwaCxjlCCcCwafndbCLCacpjHzfwafnfCJBdHdwendfCnIKqnGnLBeaFClqxafwaendaCJCacxaeK",113,0.991228,83,114,1,113,1,1,0,1,1,35,34,31,31,48,48,68
"5808",7,"[83]GjfffHdwaCxjlCCcCwafndbCLCacpjHzfwafnfCJBdHdwendfCnIKqnGnLBeaFClqxafwaendaCJCacxaeK",108,1,83,107,0,107,0,0,0,0,0,38,38,34,34,35,35,68
"5809",8,"[83]GjfffHdwaCxjlCCcCwafndbCLCacpjHzfwafnfCJBdHdwendfCnIKqnGnLBeaFClqxafwaendaCJCacxaeK",105,1,83,104,0,104,0,0,0,0,0,34,34,41,41,29,29,68
"5810",9,"[83]GjfffHdwaCxjlCCcCwafndbCLCacpjHzfwafnfCJBdHdwendfCnIKqnGnLBeaFClqxafwaendaCJCacxaeK",109,0.957627,83,118,5,113,5,5,0,5,5,42,37,24,24,52,52,68
"5811",10,"[83]GjfffHdwaCxjlCCcCwafndbCLCacpjHzfwafnfCJBdHdwendfCnIKqnGnLBeaFClqxafwaendaCJCacxaeK",106,0.990654,83,107,1,106,1,1,0,1,1,33,32,39,39,35,35,68
"5812",11,"[83]GjfffHdwaCxjlCCcCwafndbCLCacpjHzfwafnfCJBdHdwendfCnIKqnGnLBeaFClqxafwaendaCJCacxaeK",110,0.990991,83,111,1,110,1,1,0,1,1,22,21,45,45,44,44,68
"5813",12,"[83]GjfffHdwaCxjlCCcCwafndbCLCacpjHzfwafnfCJBdHdwendfCnIKqnGnLBeaFClqxafwaendaCJCacxaeK",111,1,83,110,0,110,0,0,0,0,0,31,31,38,38,41,41,68
"5814",13,"[83]GjfffHdwaCxjlCCcCwafndbCLCacpjHzfwafnfCJBdHdwendfCnIKqnGnLBeaFClqxafwaendaCJCacxaeK",109,1,83,108,0,108,0,0,0,0,0,38,38,34,34,36,36,68
"5815",14,"[83]GjfffHdwaCxjlCCcCwafndbCLCacpjHzfwafnfCJBdHdwendfCnIKqnGnLBeaFClqxafwaendaCJCacxaeK",106,0.990654,83,107,1,106,1,1,0,1,1,42,41,31,31,34,34,68
"5816",15,"[83]GjfffHdwaCxjlCCcCwafndbCLCacpjHzfwafnfCJBdHdwendfCnIKqnGnLBeaFClqxafwaendaCJCacxaeK",113,1,83,112,0,112,0,0,0,0,0,35,35,32,32,45,45,68
"5817",16,"[83]GjfffHdwaCxjlCCcCwafndbCLCacpjHzfwafnfCJBdHdwendfCnIKqnGnLBeaFClqxafwaendaCJCacxaeK",110,1,83,109,0,109,0,0,0,0,0,36,36,33,33,40,40,68
"5818",17,"[83]GjfffHdwaCxjlCCcCwafndbCLCacpjHzfwafnfCJBdHdwendfCnIKqnGnLBeaFClqxafwaendaCJCacxaeK",105,0.981481,83,108,2,106,2,2,0,2,2,34,32,38,38,36,36,68
"5819",18,"[83]GjfffHdwaCxjlCCcCwafndbCLCacpjHzfwafnfCJBdHdwendfCnIKqnGnLBeaFClqxafwaendaCJCacxaeK",110,0.990991,83,111,1,110,1,1,0,1,1,38,37,30,30,43,43,68
"5820",19,"[83]GjfffHdwaCxjlCCcCwafndbCLCacpjHzfwafnfCJBdHdwendfCnIKqnGnLBeaFClqxafwaendaCJCacxaeK",104,1,83,103,0,103,0,0,0,0,0,44,44,34,34,25,25,68
"5821",20,"[83]GjfffHdwaCxjlCCcCwafndbCLCacpjHzfwafnfCJBdHdwendfCnIKqnGnLBeaFClqxafwaendaCJCacxaeK",106,0.990654,83,107,1,106,1,1,0,1,1,34,33,38,38,35,35,68
"5822",21,"[83]GjfffHdwaCxjlCCcCwafndbCLCacpjHzfwafnfCJBdHdwendfCnIKqnGnLBeaFClqxafwaendaCJCacxaeK",105,0.972727,83,110,3,107,3,3,0,3,3,38,35,35,35,37,37,68
"5823",22,"[83]GjfffHdwaCxjlCCcCwafndbCLCacpjHzfwafnfCJBdHdwendfCnIKqnGnLBeaFClqxafwaendaCJCacxaeK",110,1,83,109,0,109,0,0,0,0,0,38,38,32,32,39,39,68
"5824",23,"[83]GjfffHdwaCxjlCCcCwafndbCLCacpjHzfwafnfCJBdHdwendfCnIKqnGnLBeaFClqxafwaendaCJCacxaeK",111,0.991071,83,112,1,111,1,1,0,1,1,30,29,37,37,45,45,68
"5825",24,"[83]GjfffHdwaCxjlCCcCwafndbCLCacpjHzfwafnfCJBdHdwendfCnIKqnGnLBeaFClqxafwaendaCJCacxaeK",104,0.981308,83,107,2,105,2,2,0,2,2,39,37,35,35,33,33,68
"5826",25,"[83]GjfffHdwaCxjlCCcCwafndbCLCacpjHzfwafnfCJBdHdwendfCnIKqnGnLBeaFClqxafwaendaCJCacxaeK",105,1,83,104,0,104,0,0,0,0,0,32,32,42,42,30,30,68
"5827",26,"[83]GjfffHdwaCxjlCCcCwafndbCLCacpjHzfwafnfCJBdHdwendfCnIKqnGnLBeaFClqxafwaendaCJCacxaeK",107,1,83,106,0,106,0,0,0,0,0,42,42,33,33,31,31,68
"5828",27,"[83]GjfffHdwaCxjlCCcCwafndbCLCacpjHzfwafnfCJBdHdwendfCnIKqnGnLBeaFClqxafwaendaCJCacxaeK",107,0.990741,83,108,1,107,1,1,0,1,1,31,30,40,40,37,37,68
"5829",28,"[83]GjfffHdwaCxjlCCcCwafndbCLCacpjHzfwafnfCJBdHdwendfCnIKqnGnLBeaFClqxafwaendaCJCacxaeK",114,0.991304,83,115,1,114,1,1,0,1,1,38,37,27,27,50,50,68
"5830",29,"[83]GjfffHdwaCxjlCCcCwafndbCLCacpjHzfwafnfCJBdHdwendfCnIKqnGnLBeaFClqxafwaendaCJCacxaeK",106,0.972973,83,111,3,108,3,3,0,3,3,38,35,33,33,40,40,68
"5831",30,"[83]GjfffHdwaCxjlCCcCwafndbCLCacpjHzfwafnfCJBdHdwendfCnIKqnGnLBeaFClqxafwaendaCJCacxaeK",104,1,83,103,0,103,0,0,0,0,0,37,37,39,39,27,27,68
"5832",31,"[83]GjfffHdwaCxjlCCcCwafndbCLCacpjHzfwafnfCJBdHdwendfCnIKqnGnLBeaFClqxafwaendaCJCacxaeK",106,1,83,105,0,105,0,0,0,0,0,41,41,33,33,31,31,68
"5833",32,"[83]GjfffHdwaCxjlCCcCwafndbCLCacpjHzfwafnfCJBdHdwendfCnIKqnGnLBeaFClqxafwaendaCJCacxaeK",110,1,83,109,0,109,0,0,0,0,0,39,39,31,31,39,39,68
"5834",33,"[83]GjfffHdwaCxjlCCcCwafndbCLCacpjHzfwafnfCJBdHdwendfCnIKqnGnLBeaFClqxafwaendaCJCacxaeK",105,0.972727,83,110,3,107,3,3,0,3,3,40,37,32,32,38,38,68
"5835",34,"[83]GjfffHdwaCxjlCCcCwafndbCLCacpjHzfwafnfCJBdHdwendfCnIKqnGnLBeaFClqxafwaendaCJCacxaeK",111,1,83,110,0,110,0,0,0,0,0,41,41,28,28,41,41,68
"5836",35,"[83]GjfffHdwaCxjlCCcCwafndbCLCacpjHzfwafnfCJBdHdwendfCnIKqnGnLBeaFClqxafwaendaCJCacxaeK",107,0.990741,83,108,1,107,1,1,0,1,1,38,37,35,35,35,35,68
"5837",36,"[83]GjfffHdwaCxjlCCcCwafndbCLCacpjHzfwafnfCJBdHdwendfCnIKqnGnLBeaFClqxafwaendaCJCacxaeK",106,0.981651,83,109,2,107,2,2,0,2,2,35,33,36,36,38,38,68
"5838",37,"[83]GjfffHdwaCxjlCCcCwafndbCLCacpjHzfwafnfCJBdHdwendfCnIKqnGnLBeaFClqxafwaendaCJCacxaeK",108,1,83,107,0,107,0,0,0,0,0,30,30,41,41,36,36,68
"5839",38,"[83]GjfffHdwaCxjlCCcCwafndbCLCacpjHzfwafnfCJBdHdwendfCnIKqnGnLBeaFClqxafwaendaCJCacxaeK",107,1,83,106,0,106,0,0,0,0,0,36,36,37,37,33,33,68
"5840",39,"[83]GjfffHdwaCxjlCCcCwafndbCLCacpjHzfwafnfCJBdHdwendfCnIKqnGnLBeaFClqxafwaendaCJCacxaeK",112,0.99115,83,113,1,112,1,1,0,1,1,32,31,33,33,48,48,68
"5841",40,"[83]GjfffHdwaCxjlCCcCwafndbCLCacpjHzfwafnfCJBdHdwendfCnIKqnGnLBeaFClqxafwaendaCJCacxaeK",107,0.990741,83,108,1,107,1,1,0,1,1,27,26,43,43,38,38,68
"5842",41,"[83]GjfffHdwaCxjlCCcCwafndbCLCacpjHzfwafnfCJBdHdwendfCnIKqnGnLBeaFClqxafwaendaCJCacxaeK",107,0.990741,83,108,1,107,1,1,0,1,1,38,37,34,34,36,36,68
"5843",42,"[83]GjfffHdwaCxjlCCcCwafndbCLCacpjHzfwafnfCJBdHdwendfCnIKqnGnLBeaFClqxafwaendaCJCacxaeK",105,0.981481,83,108,2,106,2,2,0,2,2,39,37,35,35,34,34,68
"5844",43,"[83]GjfffHdwaCxjlCCcCwafndbCLCacpjHzfwafnfCJBdHdwendfCnIKqnGnLBeaFClqxafwaendaCJCacxaeK",103,0.990385,83,104,1,103,1,1,0,1,1,42,41,35,35,27,27,68
"5845",44,"[83]GjfffHdwaCxjlCCcCwafndbCLCacpjHzfwafnfCJBdHdwendfCnIKqnGnLBeaFClqxafwaendaCJCacxaeK",105,0.990566,83,106,1,105,1,1,0,1,1,32,31,41,41,33,33,68
"5846",45,"[83]GjfffHdwaCxjlCCcCwafndbCLCacpjHzfwafnfCJBdHdwendfCnIKqnGnLBeaFClqxafwaendaCJCacxaeK",105,0.95614,83,114,5,109,5,5,0,5,5,41,36,29,29,44,44,68
"5847",46,"[83]GjfffHdwaCxjlCCcCwafndbCLCacpjHzfwafnfCJBdHdwendfCnIKqnGnLBeaFClqxafwaendaCJCacxaeK",104,1,83,103,0,103,0,0,0,0,0,37,37,39,39,27,27,68
"5848",47,"[83]GjfffHdwaCxjlCCcCwafndbCLCacpjHzfwafnfCJBdHdwendfCnIKqnGnLBeaFClqxafwaendaCJCacxaeK",109,0.990909,83,110,1,109,1,1,0,1,1,30,29,40,40,40,40,68
"5849",48,"[83]GjfffHdwaCxjlCCcCwafndbCLCacpjHzfwafnfCJBdHdwendfCnIKqnGnLBeaFClqxafwaendaCJCacxaeK",109,1,83,108,0,108,0,0,0,0,0,42,42,29,29,37,37,68
"5850",49,"[83]GjfffHdwaCxjlCCcCwafndbCLCacpjHzfwafnfCJBdHdwendfCnIKqnGnLBeaFClqxafwaendaCJCacxaeK",108,0.990826,83,109,1,108,1,1,0,1,1,27,26,43,43,39,39,68
"5851",50,"[83]GjfffHdwaCxjlCCcCwafndbCLCacpjHzfwafnfCJBdHdwendfCnIKqnGnLBeaFClqxafwaendaCJCacxaeK",105,1,83,104,0,104,0,0,0,0,0,33,33,43,43,28,28,68
"5852",51,"[83]GjfffHdwaCxjlCCcCwafndbCLCacpjHzfwafnfCJBdHdwendfCnIKqnGnLBeaFClqxafwaendaCJCacxaeK",110,1,83,109,0,109,0,0,0,0,0,36,36,33,33,40,40,68
"5853",52,"[83]GjfffHdwaCxjlCCcCwafndbCLCacpjHzfwafnfCJBdHdwendfCnIKqnGnLBeaFClqxafwaendaCJCacxaeK",110,1,83,109,0,109,0,0,0,0,0,23,23,46,46,40,40,68
"5854",53,"[83]GjfffHdwaCxjlCCcCwafndbCLCacpjHzfwafnfCJBdHdwendfCnIKqnGnLBeaFClqxafwaendaCJCacxaeK",110,1,83,109,0,109,0,0,0,0,0,41,41,29,29,39,39,68
"5855",54,"[83]GjfffHdwaCxjlCCcCwafndbCLCacpjHzfwafnfCJBdHdwendfCnIKqnGnLBeaFClqxafwaendaCJCacxaeK",108,1,83,107,0,107,0,0,0,0,0,36,36,36,36,35,35,68
"5856",55,"[83]GjfffHdwaCxjlCCcCwafndbCLCacpjHzfwafnfCJBdHdwendfCnIKqnGnLBeaFClqxafwaendaCJCacxaeK",110,0.990991,83,111,1,110,1,1,0,1,1,41,40,28,28,42,42,68
"5857",56,"[83]GjfffHdwaCxjlCCcCwafndbCLCacpjHzfwafnfCJBdHdwendfCnIKqnGnLBeaFClqxafwaendaCJCacxaeK",103,0.990385,83,104,1,103,1,1,0,1,1,39,38,38,38,27,27,68
"5858",57,"[83]GjfffHdwaCxjlCCcCwafndbCLCacpjHzfwafnfCJBdHdwendfCnIKqnGnLBeaFClqxafwaendaCJCacxaeK",97,0.936364,83,110,7,103,7,7,0,7,7,36,29,40,40,34,34,68
"5859",58,"[83]GjfffHdwaCxjlCCcCwafndbCLCacpjHzfwafnfCJBdHdwendfCnIKqnGnLBeaFClqxafwaendaCJCacxaeK",114,1,83,113,0,113,0,0,0,0,0,37,37,28,28,48,48,68
"5860",59,"[83]GjfffHdwaCxjlCCcCwafndbCLCacpjHzfwafnfCJBdHdwendfCnIKqnGnLBeaFClqxafwaendaCJCacxaeK",107,0.990741,83,108,1,107,1,1,0,1,1,36,35,36,36,36,36,68
"5861",60,"[83]GjfffHdwaCxjlCCcCwafndbCLCacpjHzfwafnfCJBdHdwendfCnIKqnGnLBeaFClqxafwaendaCJCacxaeK",104,0.981308,83,107,2,105,2,2,0,2,2,36,34,38,38,33,33,68
"5862",61,"[83]GjfffHdwaCxjlCCcCwafndbCLCacpjHzfwafnfCJBdHdwendfCnIKqnGnLBeaFClqxafwaendaCJCacxaeK",110,1,83,109,0,109,0,0,0,0,0,32,32,37,37,40,40,68
"5863",62,"[83]GjfffHdwaCxjlCCcCwafndbCLCacpjHzfwafnfCJBdHdwendfCnIKqnGnLBeaFClqxafwaendaCJCacxaeK",109,0.990909,83,110,1,109,1,1,0,1,1,36,35,34,34,40,40,68
"5864",63,"[83]GjfffHdwaCxjlCCcCwafndbCLCacpjHzfwafnfCJBdHdwendfCnIKqnGnLBeaFClqxafwaendaCJCacxaeK",97,0.944444,83,108,6,102,6,6,0,6,6,47,41,32,32,29,29,68
"5865",64,"[83]GjfffHdwaCxjlCCcCwafndbCLCacpjHzfwafnfCJBdHdwendfCnIKqnGnLBeaFClqxafwaendaCJCacxaeK",105,1,83,104,0,104,0,0,0,0,0,42,42,34,34,28,28,68
"5866",65,"[83]GjfffHdwaCxjlCCcCwafndbCLCacpjHzfwafnfCJBdHdwendfCnIKqnGnLBeaFClqxafwaendaCJCacxaeK",111,0.982456,83,114,2,112,2,2,0,2,2,36,34,31,31,47,47,68
"5867",66,"[83]GjfffHdwaCxjlCCcCwafndbCLCacpjHzfwafnfCJBdHdwendfCnIKqnGnLBeaFClqxafwaendaCJCacxaeK",109,0.990909,83,110,1,109,1,1,0,1,1,33,32,37,37,40,40,68
"5868",67,"[83]GjfffHdwaCxjlCCcCwafndbCLCacpjHzfwafnfCJBdHdwendfCnIKqnGnLBeaFClqxafwaendaCJCacxaeK",98,0.970874,83,103,3,100,3,3,0,3,3,44,41,37,37,22,22,68
"5869",68,"[83]GjfffHdwaCxjlCCcCwafndbCLCacpjHzfwafnfCJBdHdwendfCnIKqnGnLBeaFClqxafwaendaCJCacxaeK",110,1,83,109,0,109,0,0,0,0,0,37,37,34,34,38,38,68
"5870",69,"[83]GjfffHdwaCxjlCCcCwafndbCLCacpjHzfwafnfCJBdHdwendfCnIKqnGnLBeaFClqxafwaendaCJCacxaeK",112,1,83,111,0,111,0,0,0,0,0,33,33,34,34,44,44,68
"5871",70,"[83]GjfffHdwaCxjlCCcCwafndbCLCacpjHzfwafnfCJBdHdwendfCnIKqnGnLBeaFClqxafwaendaCJCacxaeK",101,0.980769,83,104,2,102,2,2,0,2,2,46,44,32,32,26,26,68
"5872",71,"[83]GjfffHdwaCxjlCCcCwafndbCLCacpjHzfwafnfCJBdHdwendfCnIKqnGnLBeaFClqxafwaendaCJCacxaeK",107,1,83,106,0,106,0,0,0,0,0,34,34,40,40,32,32,68
"5873",72,"[83]GjfffHdwaCxjlCCcCwafndbCLCacpjHzfwafnfCJBdHdwendfCnIKqnGnLBeaFClqxafwaendaCJCacxaeK",112,1,83,111,0,111,0,0,0,0,0,37,37,30,30,44,44,68
"5874",73,"[83]GjfffHdwaCxjlCCcCwafndbCLCacpjHzfwafnfCJBdHdwendfCnIKqnGnLBeaFClqxafwaendaCJCacxaeK",112,1,83,111,0,111,0,0,0,0,0,30,30,36,36,45,45,68
"5875",74,"[83]GjfffHdwaCxjlCCcCwafndbCLCacpjHzfwafnfCJBdHdwendfCnIKqnGnLBeaFClqxafwaendaCJCacxaeK",102,0.954955,83,111,5,106,5,5,0,5,5,38,33,36,36,37,37,68
"5876",75,"[83]GjfffHdwaCxjlCCcCwafndbCLCacpjHzfwafnfCJBdHdwendfCnIKqnGnLBeaFClqxafwaendaCJCacxaeK",100,0.962617,83,107,4,103,4,4,0,4,4,37,33,40,40,30,30,68
"5877",76,"[83]GjfffHdwaCxjlCCcCwafndbCLCacpjHzfwafnfCJBdHdwendfCnIKqnGnLBeaFClqxafwaendaCJCacxaeK",104,0.990476,83,105,1,104,1,1,0,1,1,32,31,42,42,31,31,68
"5878",77,"[83]GjfffHdwaCxjlCCcCwafndbCLCacpjHzfwafnfCJBdHdwendfCnIKqnGnLBeaFClqxafwaendaCJCacxaeK",108,0.990826,83,109,1,108,1,1,0,1,1,36,35,35,35,38,38,68
"5879",78,"[83]GjfffHdwaCxjlCCcCwafndbCLCacpjHzfwafnfCJBdHdwendfCnIKqnGnLBeaFClqxafwaendaCJCacxaeK",109,1,83,108,0,108,0,0,0,0,0,39,39,33,33,36,36,68
"5880",79,"[83]GjfffHdwaCxjlCCcCwafndbCLCacpjHzfwafnfCJBdHdwendfCnIKqnGnLBeaFClqxafwaendaCJCacxaeK",114,1,83,113,0,113,0,0,0,0,0,40,40,25,25,48,48,68
"5881",80,"[83]GjfffHdwaCxjlCCcCwafndbCLCacpjHzfwafnfCJBdHdwendfCnIKqnGnLBeaFClqxafwaendaCJCacxaeK",105,1,83,104,0,104,0,0,0,0,0,37,37,38,38,29,29,68
"5882",81,"[83]GjfffHdwaCxjlCCcCwafndbCLCacpjHzfwafnfCJBdHdwendfCnIKqnGnLBeaFClqxafwaendaCJCacxaeK",115,1,83,114,0,114,0,0,0,0,0,43,43,22,22,49,49,68
"5883",82,"[83]GjfffHdwaCxjlCCcCwafndbCLCacpjHzfwafnfCJBdHdwendfCnIKqnGnLBeaFClqxafwaendaCJCacxaeK",105,0.981481,83,108,2,106,2,2,0,2,2,39,37,35,35,34,34,68
"5884",83,"[83]GjfffHdwaCxjlCCcCwafndbCLCacpjHzfwafnfCJBdHdwendfCnIKqnGnLBeaFClqxafwaendaCJCacxaeK",106,1,83,105,0,105,0,0,0,0,0,47,47,28,28,30,30,68
"5885",84,"[83]GjfffHdwaCxjlCCcCwafndbCLCacpjHzfwafnfCJBdHdwendfCnIKqnGnLBeaFClqxafwaendaCJCacxaeK",106,1,83,105,0,105,0,0,0,0,0,29,29,44,44,32,32,68
"5886",85,"[83]GjfffHdwaCxjlCCcCwafndbCLCacpjHzfwafnfCJBdHdwendfCnIKqnGnLBeaFClqxafwaendaCJCacxaeK",103,0.963636,83,110,4,106,4,4,0,4,4,40,36,33,33,37,37,68
"5887",86,"[83]GjfffHdwaCxjlCCcCwafndbCLCacpjHzfwafnfCJBdHdwendfCnIKqnGnLBeaFClqxafwaendaCJCacxaeK",103,0.990385,83,104,1,103,1,1,0,1,1,34,33,42,42,28,28,68
"5888",87,"[83]GjfffHdwaCxjlCCcCwafndbCLCacpjHzfwafnfCJBdHdwendfCnIKqnGnLBeaFClqxafwaendaCJCacxaeK",100,0.980583,83,103,2,101,2,2,0,2,2,32,30,46,46,25,25,68
"5889",88,"[83]GjfffHdwaCxjlCCcCwafndbCLCacpjHzfwafnfCJBdHdwendfCnIKqnGnLBeaFClqxafwaendaCJCacxaeK",108,1,83,107,0,107,0,0,0,0,0,37,37,36,36,34,34,68
"5890",89,"[83]GjfffHdwaCxjlCCcCwafndbCLCacpjHzfwafnfCJBdHdwendfCnIKqnGnLBeaFClqxafwaendaCJCacxaeK",109,1,83,108,0,108,0,0,0,0,0,35,35,35,35,38,38,68
"5891",90,"[83]GjfffHdwaCxjlCCcCwafndbCLCacpjHzfwafnfCJBdHdwendfCnIKqnGnLBeaFClqxafwaendaCJCacxaeK",108,1,83,107,0,107,0,0,0,0,0,31,31,41,41,35,35,68
"5892",91,"[83]GjfffHdwaCxjlCCcCwafndbCLCacpjHzfwafnfCJBdHdwendfCnIKqnGnLBeaFClqxafwaendaCJCacxaeK",107,1,83,106,0,106,0,0,0,0,0,37,37,36,36,33,33,68
"5893",92,"[83]GjfffHdwaCxjlCCcCwafndbCLCacpjHzfwafnfCJBdHdwendfCnIKqnGnLBeaFClqxafwaendaCJCacxaeK",104,0.990476,83,105,1,104,1,1,0,1,1,46,45,30,30,29,29,68
"5894",93,"[83]GjfffHdwaCxjlCCcCwafndbCLCacpjHzfwafnfCJBdHdwendfCnIKqnGnLBeaFClqxafwaendaCJCacxaeK",111,0.982456,83,114,2,112,2,2,0,2,2,39,37,28,28,47,47,68
"5895",94,"[83]GjfffHdwaCxjlCCcCwafndbCLCacpjHzfwafnfCJBdHdwendfCnIKqnGnLBeaFClqxafwaendaCJCacxaeK",103,1,83,102,0,102,0,0,0,0,0,38,38,39,39,25,25,68
"5896",95,"[83]GjfffHdwaCxjlCCcCwafndbCLCacpjHzfwafnfCJBdHdwendfCnIKqnGnLBeaFClqxafwaendaCJCacxaeK",112,0.99115,83,113,1,112,1,1,0,1,1,36,35,31,31,46,46,68
"5897",96,"[83]GjfffHdwaCxjlCCcCwafndbCLCacpjHzfwafnfCJBdHdwendfCnIKqnGnLBeaFClqxafwaendaCJCacxaeK",105,1,83,104,0,104,0,0,0,0,0,35,35,40,40,29,29,68
"5898",97,"[83]GjfffHdwaCxjlCCcCwafndbCLCacpjHzfwafnfCJBdHdwendfCnIKqnGnLBeaFClqxafwaendaCJCacxaeK",108,0.981982,83,111,2,109,2,2,0,2,2,35,33,35,35,41,41,68
"5899",98,"[83]GjfffHdwaCxjlCCcCwafndbCLCacpjHzfwafnfCJBdHdwendfCnIKqnGnLBeaFClqxafwaendaCJCacxaeK",110,0.990991,83,111,1,110,1,1,0,1,1,34,33,35,35,42,42,68
"5900",99,"[83]GjfffHdwaCxjlCCcCwafndbCLCacpjHzfwafnfCJBdHdwendfCnIKqnGnLBeaFClqxafwaendaCJCacxaeK",117,1,83,116,0,116,0,0,0,0,0,37,37,25,25,54,54,68
"5901",0,"[79]GDbeHdwaCnCwLyEznmwafndbCLCebzhilwafofCJBdHdwendaCIKqbrqBeaCebwafwendaCJCabEzeK",122,0.984,79,125,2,123,2,2,0,2,2,42,40,42,42,41,41,69
"5902",1,"[79]GDbeHdwaCnCwLyEznmwafndbCLCebzhilwafofCJBdHdwendaCIKqbrqBeaCebwafwendaCJCabEzeK",121,1,79,120,0,120,0,0,0,0,0,47,47,37,37,36,36,69
"5903",2,"[79]GDbeHdwaCnCwLyEznmwafndbCLCebzhilwafofCJBdHdwendaCIKqbrqBeaCebwafwendaCJCabEzeK",126,1,79,125,0,125,0,0,0,0,0,35,35,43,43,47,47,69
"5904",3,"[79]GDbeHdwaCnCwLyEznmwafndbCLCebzhilwafofCJBdHdwendaCIKqbrqBeaCebwafwendaCJCabEzeK",118,0.991597,79,119,1,118,1,1,0,1,1,36,35,49,49,34,34,69
"5905",4,"[79]GDbeHdwaCnCwLyEznmwafndbCLCebzhilwafofCJBdHdwendaCIKqbrqBeaCebwafwendaCJCabEzeK",115,0.991379,79,116,1,115,1,1,0,1,1,44,43,40,40,32,32,69
"5906",5,"[79]GDbeHdwaCnCwLyEznmwafndbCLCebzhilwafofCJBdHdwendaCIKqbrqBeaCebwafwendaCJCabEzeK",127,1,79,126,0,126,0,0,0,0,0,48,48,34,34,44,44,69
"5907",6,"[79]GDbeHdwaCnCwLyEznmwafndbCLCebzhilwafofCJBdHdwendaCIKqbrqBeaCebwafwendaCJCabEzeK",120,0.991736,79,121,1,120,1,1,0,1,1,38,37,41,41,42,42,69
"5908",7,"[79]GDbeHdwaCnCwLyEznmwafndbCLCebzhilwafofCJBdHdwendaCIKqbrqBeaCebwafwendaCJCabEzeK",116,1,79,115,0,115,0,0,0,0,0,38,38,43,43,34,34,69
"5909",8,"[79]GDbeHdwaCnCwLyEznmwafndbCLCebzhilwafofCJBdHdwendaCIKqbrqBeaCebwafwendaCJCabEzeK",119,1,79,118,0,118,0,0,0,0,0,49,49,36,36,33,33,69
"5910",9,"[79]GDbeHdwaCnCwLyEznmwafndbCLCebzhilwafofCJBdHdwendaCIKqbrqBeaCebwafwendaCJCabEzeK",130,0.984962,79,133,2,131,2,2,0,2,2,43,41,38,38,52,52,69
"5911",10,"[79]GDbeHdwaCnCwLyEznmwafndbCLCebzhilwafofCJBdHdwendaCIKqbrqBeaCebwafwendaCJCabEzeK",122,1,79,121,0,121,0,0,0,0,0,40,40,38,38,43,43,69
"5912",11,"[79]GDbeHdwaCnCwLyEznmwafndbCLCebzhilwafofCJBdHdwendaCIKqbrqBeaCebwafwendaCJCabEzeK",112,0.982609,79,115,2,113,2,2,0,2,2,40,38,44,44,31,31,69
"5913",12,"[79]GDbeHdwaCnCwLyEznmwafndbCLCebzhilwafofCJBdHdwendaCIKqbrqBeaCebwafwendaCJCabEzeK",125,0.992063,79,126,1,125,1,1,0,1,1,41,40,44,44,41,41,69
"5914",13,"[79]GDbeHdwaCnCwLyEznmwafndbCLCebzhilwafofCJBdHdwendaCIKqbrqBeaCebwafwendaCJCabEzeK",125,1,79,124,0,124,0,0,0,0,0,47,47,33,33,44,44,69
"5915",14,"[79]GDbeHdwaCnCwLyEznmwafndbCLCebzhilwafofCJBdHdwendaCIKqbrqBeaCebwafwendaCJCabEzeK",117,1,79,116,0,116,0,0,0,0,0,51,51,35,35,30,30,69
"5916",15,"[79]GDbeHdwaCnCwLyEznmwafndbCLCebzhilwafofCJBdHdwendaCIKqbrqBeaCebwafwendaCJCabEzeK",119,1,79,118,0,118,0,0,0,0,0,28,28,50,50,40,40,69
"5917",16,"[79]GDbeHdwaCnCwLyEznmwafndbCLCebzhilwafofCJBdHdwendaCIKqbrqBeaCebwafwendaCJCabEzeK",122,1,79,121,0,121,0,0,0,0,0,42,42,39,39,40,40,69
"5918",17,"[79]GDbeHdwaCnCwLyEznmwafndbCLCebzhilwafofCJBdHdwendaCIKqbrqBeaCebwafwendaCJCabEzeK",122,1,79,121,0,121,0,0,0,0,0,39,39,40,40,42,42,69
"5919",18,"[79]GDbeHdwaCnCwLyEznmwafndbCLCebzhilwafofCJBdHdwendaCIKqbrqBeaCebwafwendaCJCabEzeK",112,0.99115,79,113,1,112,1,1,0,1,1,36,35,50,50,27,27,69
"5920",19,"[79]GDbeHdwaCnCwLyEznmwafndbCLCebzhilwafofCJBdHdwendaCIKqbrqBeaCebwafwendaCJCabEzeK",116,0.975207,79,121,3,118,3,3,0,3,3,40,37,47,47,34,34,69
"5921",20,"[79]GDbeHdwaCnCwLyEznmwafndbCLCebzhilwafofCJBdHdwendaCIKqbrqBeaCebwafwendaCJCabEzeK",119,0.991667,79,120,1,119,1,1,0,1,1,36,35,46,46,38,38,69
"5922",21,"[79]GDbeHdwaCnCwLyEznmwafndbCLCebzhilwafofCJBdHdwendaCIKqbrqBeaCebwafwendaCJCabEzeK",119,1,79,118,0,118,0,0,0,0,0,53,53,33,33,32,32,69
"5923",22,"[79]GDbeHdwaCnCwLyEznmwafndbCLCebzhilwafofCJBdHdwendaCIKqbrqBeaCebwafwendaCJCabEzeK",121,1,79,120,0,120,0,0,0,0,0,47,47,36,36,37,37,69
"5924",23,"[79]GDbeHdwaCnCwLyEznmwafndbCLCebzhilwafofCJBdHdwendaCIKqbrqBeaCebwafwendaCJCabEzeK",131,1,79,130,0,130,0,0,0,0,0,36,36,40,40,54,54,69
"5925",24,"[79]GDbeHdwaCnCwLyEznmwafndbCLCebzhilwafofCJBdHdwendaCIKqbrqBeaCebwafwendaCJCabEzeK",111,0.991071,79,112,1,111,1,1,0,1,1,37,36,47,47,28,28,69
"5926",25,"[79]GDbeHdwaCnCwLyEznmwafndbCLCebzhilwafofCJBdHdwendaCIKqbrqBeaCebwafwendaCJCabEzeK",122,1,79,121,0,121,0,0,0,0,0,49,49,34,34,38,38,69
"5927",26,"[79]GDbeHdwaCnCwLyEznmwafndbCLCebzhilwafofCJBdHdwendaCIKqbrqBeaCebwafwendaCJCabEzeK",118,0.97561,79,123,3,120,3,3,0,3,3,36,33,44,44,43,43,69
"5928",27,"[79]GDbeHdwaCnCwLyEznmwafndbCLCebzhilwafofCJBdHdwendaCIKqbrqBeaCebwafwendaCJCabEzeK",120,1,79,119,0,119,0,0,0,0,0,41,41,40,40,38,38,69
"5929",28,"[79]GDbeHdwaCnCwLyEznmwafndbCLCebzhilwafofCJBdHdwendaCIKqbrqBeaCebwafwendaCJCabEzeK",120,1,79,119,0,119,0,0,0,0,0,45,45,36,36,38,38,69
"5930",29,"[79]GDbeHdwaCnCwLyEznmwafndbCLCebzhilwafofCJBdHdwendaCIKqbrqBeaCebwafwendaCJCabEzeK",114,0.944882,79,127,7,120,7,7,0,7,7,44,37,39,39,44,44,69
"5931",30,"[79]GDbeHdwaCnCwLyEznmwafndbCLCebzhilwafofCJBdHdwendaCIKqbrqBeaCebwafwendaCJCabEzeK",124,1,79,123,0,123,0,0,0,0,0,34,34,43,43,46,46,69
"5932",31,"[79]GDbeHdwaCnCwLyEznmwafndbCLCebzhilwafofCJBdHdwendaCIKqbrqBeaCebwafwendaCJCabEzeK",114,0.95935,79,123,5,118,5,5,0,5,5,44,39,40,40,39,39,69
"5933",32,"[79]GDbeHdwaCnCwLyEznmwafndbCLCebzhilwafofCJBdHdwendaCIKqbrqBeaCebwafwendaCJCabEzeK",125,1,79,124,0,124,0,0,0,0,0,39,39,36,36,49,49,69
"5934",33,"[79]GDbeHdwaCnCwLyEznmwafndbCLCebzhilwafofCJBdHdwendaCIKqbrqBeaCebwafwendaCJCabEzeK",112,0.958678,79,121,5,116,5,5,0,5,5,45,40,43,43,33,33,69
"5935",34,"[79]GDbeHdwaCnCwLyEznmwafndbCLCebzhilwafofCJBdHdwendaCIKqbrqBeaCebwafwendaCJCabEzeK",117,1,79,116,0,116,0,0,0,0,0,41,41,44,44,31,31,69
"5936",35,"[79]GDbeHdwaCnCwLyEznmwafndbCLCebzhilwafofCJBdHdwendaCIKqbrqBeaCebwafwendaCJCabEzeK",119,1,79,118,0,118,0,0,0,0,0,38,38,41,41,39,39,69
"5937",36,"[79]GDbeHdwaCnCwLyEznmwafndbCLCebzhilwafofCJBdHdwendaCIKqbrqBeaCebwafwendaCJCabEzeK",117,0.991525,79,118,1,117,1,1,0,1,1,41,40,40,40,37,37,69
"5938",37,"[79]GDbeHdwaCnCwLyEznmwafndbCLCebzhilwafofCJBdHdwendaCIKqbrqBeaCebwafwendaCJCabEzeK",116,0.991453,79,117,1,116,1,1,0,1,1,45,44,40,40,32,32,69
"5939",38,"[79]GDbeHdwaCnCwLyEznmwafndbCLCebzhilwafofCJBdHdwendaCIKqbrqBeaCebwafwendaCJCabEzeK",116,1,79,115,0,115,0,0,0,0,0,51,51,36,36,28,28,69
"5940",39,"[79]GDbeHdwaCnCwLyEznmwafndbCLCebzhilwafofCJBdHdwendaCIKqbrqBeaCebwafwendaCJCabEzeK",126,1,79,125,0,125,0,0,0,0,0,48,48,34,34,43,43,69
"5941",40,"[79]GDbeHdwaCnCwLyEznmwafndbCLCebzhilwafofCJBdHdwendaCIKqbrqBeaCebwafwendaCJCabEzeK",127,0.992188,79,128,1,127,1,1,0,1,1,42,41,34,34,52,52,69
"5942",41,"[79]GDbeHdwaCnCwLyEznmwafndbCLCebzhilwafofCJBdHdwendaCIKqbrqBeaCebwafwendaCJCabEzeK",120,0.991736,79,121,1,120,1,1,0,1,1,40,39,42,42,39,39,69
"5943",42,"[79]GDbeHdwaCnCwLyEznmwafndbCLCebzhilwafofCJBdHdwendaCIKqbrqBeaCebwafwendaCJCabEzeK",122,1,79,121,0,121,0,0,0,0,0,38,38,39,39,44,44,69
"5944",43,"[79]GDbeHdwaCnCwLyEznmwafndbCLCebzhilwafofCJBdHdwendaCIKqbrqBeaCebwafwendaCJCabEzeK",116,0.983193,79,119,2,117,2,2,0,2,2,46,44,38,38,35,35,69
"5945",44,"[79]GDbeHdwaCnCwLyEznmwafndbCLCebzhilwafofCJBdHdwendaCIKqbrqBeaCebwafwendaCJCabEzeK",121,1,79,120,0,120,0,0,0,0,0,51,51,36,36,33,33,69
"5946",45,"[79]GDbeHdwaCnCwLyEznmwafndbCLCebzhilwafofCJBdHdwendaCIKqbrqBeaCebwafwendaCJCabEzeK",128,0.977444,79,133,3,130,3,3,0,3,3,45,42,41,41,47,47,69
"5947",46,"[79]GDbeHdwaCnCwLyEznmwafndbCLCebzhilwafofCJBdHdwendaCIKqbrqBeaCebwafwendaCJCabEzeK",122,0.99187,79,123,1,122,1,1,0,1,1,44,43,36,36,43,43,69
"5948",47,"[79]GDbeHdwaCnCwLyEznmwafndbCLCebzhilwafofCJBdHdwendaCIKqbrqBeaCebwafwendaCJCabEzeK",119,0.983607,79,122,2,120,2,2,0,2,2,29,27,48,48,45,45,69
"5949",48,"[79]GDbeHdwaCnCwLyEznmwafndbCLCebzhilwafofCJBdHdwendaCIKqbrqBeaCebwafwendaCJCabEzeK",119,0.991667,79,120,1,119,1,1,0,1,1,50,49,33,33,37,37,69
"5950",49,"[79]GDbeHdwaCnCwLyEznmwafndbCLCebzhilwafofCJBdHdwendaCIKqbrqBeaCebwafwendaCJCabEzeK",118,0.991597,79,119,1,118,1,1,0,1,1,52,51,32,32,35,35,69
"5951",50,"[79]GDbeHdwaCnCwLyEznmwafndbCLCebzhilwafofCJBdHdwendaCIKqbrqBeaCebwafwendaCJCabEzeK",113,1,79,112,0,112,0,0,0,0,0,32,32,50,50,30,30,69
"5952",51,"[79]GDbeHdwaCnCwLyEznmwafndbCLCebzhilwafofCJBdHdwendaCIKqbrqBeaCebwafwendaCJCabEzeK",120,0.991736,79,121,1,120,1,1,0,1,1,39,38,40,40,42,42,69
"5953",52,"[79]GDbeHdwaCnCwLyEznmwafndbCLCebzhilwafofCJBdHdwendaCIKqbrqBeaCebwafwendaCJCabEzeK",121,1,79,120,0,120,0,0,0,0,0,36,36,41,41,43,43,69
"5954",53,"[79]GDbeHdwaCnCwLyEznmwafndbCLCebzhilwafofCJBdHdwendaCIKqbrqBeaCebwafwendaCJCabEzeK",117,0.97541,79,122,3,119,3,3,0,3,3,35,32,47,47,40,40,69
"5955",54,"[79]GDbeHdwaCnCwLyEznmwafndbCLCebzhilwafofCJBdHdwendaCIKqbrqBeaCebwafwendaCJCabEzeK",120,0.991736,79,121,1,120,1,1,0,1,1,44,43,37,37,40,40,69
"5956",55,"[79]GDbeHdwaCnCwLyEznmwafndbCLCebzhilwafofCJBdHdwendaCIKqbrqBeaCebwafwendaCJCabEzeK",124,1,79,123,0,123,0,0,0,0,0,45,45,35,35,43,43,69
"5957",56,"[79]GDbeHdwaCnCwLyEznmwafndbCLCebzhilwafofCJBdHdwendaCIKqbrqBeaCebwafwendaCJCabEzeK",125,1,79,124,0,124,0,0,0,0,0,51,51,37,37,36,36,69
"5958",57,"[79]GDbeHdwaCnCwLyEznmwafndbCLCebzhilwafofCJBdHdwendaCIKqbrqBeaCebwafwendaCJCabEzeK",114,0.991304,79,115,1,114,1,1,0,1,1,47,46,38,38,30,30,69
"5959",58,"[79]GDbeHdwaCnCwLyEznmwafndbCLCebzhilwafofCJBdHdwendaCIKqbrqBeaCebwafwendaCJCabEzeK",123,1,79,122,0,122,0,0,0,0,0,36,36,42,42,44,44,69
"5960",59,"[79]GDbeHdwaCnCwLyEznmwafndbCLCebzhilwafofCJBdHdwendaCIKqbrqBeaCebwafwendaCJCabEzeK",120,0.991736,79,121,1,120,1,1,0,1,1,38,37,48,48,35,35,69
"5961",60,"[79]GDbeHdwaCnCwLyEznmwafndbCLCebzhilwafofCJBdHdwendaCIKqbrqBeaCebwafwendaCJCabEzeK",124,0.969466,79,131,4,127,4,4,0,4,4,38,34,49,49,44,44,69
"5962",61,"[79]GDbeHdwaCnCwLyEznmwafndbCLCebzhilwafofCJBdHdwendaCIKqbrqBeaCebwafwendaCJCabEzeK",118,1,79,117,0,117,0,0,0,0,0,27,27,50,50,40,40,69
"5963",62,"[79]GDbeHdwaCnCwLyEznmwafndbCLCebzhilwafofCJBdHdwendaCIKqbrqBeaCebwafwendaCJCabEzeK",117,0.991525,79,118,1,117,1,1,0,1,1,32,31,48,48,38,38,69
"5964",63,"[79]GDbeHdwaCnCwLyEznmwafndbCLCebzhilwafofCJBdHdwendaCIKqbrqBeaCebwafwendaCJCabEzeK",118,1,79,117,0,117,0,0,0,0,0,53,53,37,37,27,27,69
"5965",64,"[79]GDbeHdwaCnCwLyEznmwafndbCLCebzhilwafofCJBdHdwendaCIKqbrqBeaCebwafwendaCJCabEzeK",122,1,79,121,0,121,0,0,0,0,0,41,41,43,43,37,37,69
"5966",65,"[79]GDbeHdwaCnCwLyEznmwafndbCLCebzhilwafofCJBdHdwendaCIKqbrqBeaCebwafwendaCJCabEzeK",124,1,79,123,0,123,0,0,0,0,0,35,35,40,40,48,48,69
"5967",66,"[79]GDbeHdwaCnCwLyEznmwafndbCLCebzhilwafofCJBdHdwendaCIKqbrqBeaCebwafwendaCJCabEzeK",116,1,79,115,0,115,0,0,0,0,0,50,50,37,37,28,28,69
"5968",67,"[79]GDbeHdwaCnCwLyEznmwafndbCLCebzhilwafofCJBdHdwendaCIKqbrqBeaCebwafwendaCJCabEzeK",124,0.992,79,125,1,124,1,1,0,1,1,50,49,39,39,36,36,69
"5969",68,"[79]GDbeHdwaCnCwLyEznmwafndbCLCebzhilwafofCJBdHdwendaCIKqbrqBeaCebwafwendaCJCabEzeK",130,0.984962,79,133,2,131,2,2,0,2,2,38,36,36,36,59,59,69
"5970",69,"[79]GDbeHdwaCnCwLyEznmwafndbCLCebzhilwafofCJBdHdwendaCIKqbrqBeaCebwafwendaCJCabEzeK",125,1,79,124,0,124,0,0,0,0,0,44,44,38,38,42,42,69
"5971",70,"[79]GDbeHdwaCnCwLyEznmwafndbCLCebzhilwafofCJBdHdwendaCIKqbrqBeaCebwafwendaCJCabEzeK",110,0.982301,79,113,2,111,2,2,0,2,2,41,39,49,49,23,23,69
"5972",71,"[79]GDbeHdwaCnCwLyEznmwafndbCLCebzhilwafofCJBdHdwendaCIKqbrqBeaCebwafwendaCJCabEzeK",119,1,79,118,0,118,0,0,0,0,0,39,39,41,41,38,38,69
"5973",72,"[79]GDbeHdwaCnCwLyEznmwafndbCLCebzhilwafofCJBdHdwendaCIKqbrqBeaCebwafwendaCJCabEzeK",117,0.97541,79,122,3,119,3,3,0,3,3,44,41,38,38,40,40,69
"5974",73,"[79]GDbeHdwaCnCwLyEznmwafndbCLCebzhilwafofCJBdHdwendaCIKqbrqBeaCebwafwendaCJCabEzeK",122,1,79,121,0,121,0,0,0,0,0,36,36,41,41,44,44,69
"5975",74,"[79]GDbeHdwaCnCwLyEznmwafndbCLCebzhilwafofCJBdHdwendaCIKqbrqBeaCebwafwendaCJCabEzeK",118,0.991597,79,119,1,118,1,1,0,1,1,37,36,44,44,38,38,69
"5976",75,"[79]GDbeHdwaCnCwLyEznmwafndbCLCebzhilwafofCJBdHdwendaCIKqbrqBeaCebwafwendaCJCabEzeK",119,1,79,118,0,118,0,0,0,0,0,38,38,42,42,38,38,69
"5977",76,"[79]GDbeHdwaCnCwLyEznmwafndbCLCebzhilwafofCJBdHdwendaCIKqbrqBeaCebwafwendaCJCabEzeK",117,0.967742,79,124,4,120,4,4,0,4,4,38,34,44,44,42,42,69
"5978",77,"[79]GDbeHdwaCnCwLyEznmwafndbCLCebzhilwafofCJBdHdwendaCIKqbrqBeaCebwafwendaCJCabEzeK",122,1,79,121,0,121,0,0,0,0,0,43,43,36,36,42,42,69
"5979",78,"[79]GDbeHdwaCnCwLyEznmwafndbCLCebzhilwafofCJBdHdwendaCIKqbrqBeaCebwafwendaCJCabEzeK",117,1,79,116,0,116,0,0,0,0,0,33,33,46,46,37,37,69
"5980",79,"[79]GDbeHdwaCnCwLyEznmwafndbCLCebzhilwafofCJBdHdwendaCIKqbrqBeaCebwafwendaCJCabEzeK",118,1,79,117,0,117,0,0,0,0,0,43,43,39,39,35,35,69
"5981",80,"[79]GDbeHdwaCnCwLyEznmwafndbCLCebzhilwafofCJBdHdwendaCIKqbrqBeaCebwafwendaCJCabEzeK",121,0.991803,79,122,1,121,1,1,0,1,1,45,44,38,38,39,39,69
"5982",81,"[79]GDbeHdwaCnCwLyEznmwafndbCLCebzhilwafofCJBdHdwendaCIKqbrqBeaCebwafwendaCJCabEzeK",119,0.975806,79,124,3,121,3,3,0,3,3,49,46,33,33,42,42,69
"5983",82,"[79]GDbeHdwaCnCwLyEznmwafndbCLCebzhilwafofCJBdHdwendaCIKqbrqBeaCebwafwendaCJCabEzeK",120,0.991736,79,121,1,120,1,1,0,1,1,34,33,44,44,43,43,69
"5984",83,"[79]GDbeHdwaCnCwLyEznmwafndbCLCebzhilwafofCJBdHdwendaCIKqbrqBeaCebwafwendaCJCabEzeK",120,0.991736,79,121,1,120,1,1,0,1,1,35,34,43,43,43,43,69
"5985",84,"[79]GDbeHdwaCnCwLyEznmwafndbCLCebzhilwafofCJBdHdwendaCIKqbrqBeaCebwafwendaCJCabEzeK",116,1,79,115,0,115,0,0,0,0,0,43,43,40,40,32,32,69
"5986",85,"[79]GDbeHdwaCnCwLyEznmwafndbCLCebzhilwafofCJBdHdwendaCIKqbrqBeaCebwafwendaCJCabEzeK",120,1,79,119,0,119,0,0,0,0,0,41,41,39,39,39,39,69
"5987",86,"[79]GDbeHdwaCnCwLyEznmwafndbCLCebzhilwafofCJBdHdwendaCIKqbrqBeaCebwafwendaCJCabEzeK",121,0.991803,79,122,1,121,1,1,0,1,1,45,44,38,38,39,39,69
"5988",87,"[79]GDbeHdwaCnCwLyEznmwafndbCLCebzhilwafofCJBdHdwendaCIKqbrqBeaCebwafwendaCJCabEzeK",109,0.982143,79,112,2,110,2,2,0,2,2,37,35,48,48,27,27,69
"5989",88,"[79]GDbeHdwaCnCwLyEznmwafndbCLCebzhilwafofCJBdHdwendaCIKqbrqBeaCebwafwendaCJCabEzeK",116,0.975207,79,121,3,118,3,3,0,3,3,35,32,45,45,41,41,69
"5990",89,"[79]GDbeHdwaCnCwLyEznmwafndbCLCebzhilwafofCJBdHdwendaCIKqbrqBeaCebwafwendaCJCabEzeK",124,1,79,123,0,123,0,0,0,0,0,44,44,34,34,45,45,69
"5991",90,"[79]GDbeHdwaCnCwLyEznmwafndbCLCebzhilwafofCJBdHdwendaCIKqbrqBeaCebwafwendaCJCabEzeK",123,1,79,122,0,122,0,0,0,0,0,47,47,36,36,39,39,69
"5992",91,"[79]GDbeHdwaCnCwLyEznmwafndbCLCebzhilwafofCJBdHdwendaCIKqbrqBeaCebwafwendaCJCabEzeK",125,1,79,124,0,124,0,0,0,0,0,42,42,39,39,43,43,69
"5993",92,"[79]GDbeHdwaCnCwLyEznmwafndbCLCebzhilwafofCJBdHdwendaCIKqbrqBeaCebwafwendaCJCabEzeK",115,0.983051,79,118,2,116,2,2,0,2,2,37,35,45,45,36,36,69
"5994",93,"[79]GDbeHdwaCnCwLyEznmwafndbCLCebzhilwafofCJBdHdwendaCIKqbrqBeaCebwafwendaCJCabEzeK",131,1,79,130,0,130,0,0,0,0,0,46,46,36,36,48,48,69
"5995",94,"[79]GDbeHdwaCnCwLyEznmwafndbCLCebzhilwafofCJBdHdwendaCIKqbrqBeaCebwafwendaCJCabEzeK",122,0.976378,79,127,3,124,3,3,0,3,3,49,46,34,34,44,44,69
"5996",95,"[79]GDbeHdwaCnCwLyEznmwafndbCLCebzhilwafofCJBdHdwendaCIKqbrqBeaCebwafwendaCJCabEzeK",122,0.99187,79,123,1,122,1,1,0,1,1,40,39,39,39,44,44,69
"5997",96,"[79]GDbeHdwaCnCwLyEznmwafndbCLCebzhilwafofCJBdHdwendaCIKqbrqBeaCebwafwendaCJCabEzeK",120,0.991736,79,121,1,120,1,1,0,1,1,36,35,43,43,42,42,69
"5998",97,"[79]GDbeHdwaCnCwLyEznmwafndbCLCebzhilwafofCJBdHdwendaCIKqbrqBeaCebwafwendaCJCabEzeK",122,0.984,79,125,2,123,2,2,0,2,2,50,48,31,31,44,44,69
"5999",98,"[79]GDbeHdwaCnCwLyEznmwafndbCLCebzhilwafofCJBdHdwendaCIKqbrqBeaCebwafwendaCJCabEzeK",117,0.97541,79,122,3,119,3,3,0,3,3,44,41,38,38,40,40,69
"6000",99,"[79]GDbeHdwaCnCwLyEznmwafndbCLCebzhilwafofCJBdHdwendaCIKqbrqBeaCebwafwendaCJCabEzeK",119,0.991667,79,120,1,119,1,1,0,1,1,33,32,44,44,43,43,69
"6001",0,"[84]GjfffHdwaCouIvIcqmwandbCLCefIHlJwaeofCJBdHdwendaCIKqmxFCDLBeaFqKfigIJwaendaCJCacDaeK",114,0.991304,84,115,1,114,1,1,0,1,1,43,42,31,31,41,41,70
"6002",1,"[84]GjfffHdwaCouIvIcqmwandbCLCefIHlJwaeofCJBdHdwendaCIKqmxFCDLBeaFqKfigIJwaendaCJCacDaeK",111,1,84,110,0,110,0,0,0,0,0,46,46,33,33,31,31,70
"6003",2,"[84]GjfffHdwaCouIvIcqmwandbCLCefIHlJwaeofCJBdHdwendaCIKqmxFCDLBeaFqKfigIJwaendaCJCacDaeK",108,0.981982,84,111,2,109,2,2,0,2,2,31,29,47,47,33,33,70
"6004",3,"[84]GjfffHdwaCouIvIcqmwandbCLCefIHlJwaeofCJBdHdwendaCIKqmxFCDLBeaFqKfigIJwaendaCJCacDaeK",113,1,84,112,0,112,0,0,0,0,0,41,41,36,36,35,35,70
"6005",4,"[84]GjfffHdwaCouIvIcqmwandbCLCefIHlJwaeofCJBdHdwendaCIKqmxFCDLBeaFqKfigIJwaendaCJCacDaeK",115,1,84,114,0,114,0,0,0,0,0,44,44,31,31,39,39,70
"6006",5,"[84]GjfffHdwaCouIvIcqmwandbCLCefIHlJwaeofCJBdHdwendaCIKqmxFCDLBeaFqKfigIJwaendaCJCacDaeK",117,1,84,116,0,116,0,0,0,0,0,41,41,31,31,44,44,70
"6007",6,"[84]GjfffHdwaCouIvIcqmwandbCLCefIHlJwaeofCJBdHdwendaCIKqmxFCDLBeaFqKfigIJwaendaCJCacDaeK",109,0.990909,84,110,1,109,1,1,0,1,1,40,39,40,40,30,30,70
"6008",7,"[84]GjfffHdwaCouIvIcqmwandbCLCefIHlJwaeofCJBdHdwendaCIKqmxFCDLBeaFqKfigIJwaendaCJCacDaeK",107,0.956897,84,116,5,111,5,5,0,5,5,41,36,37,37,38,38,70
"6009",8,"[84]GjfffHdwaCouIvIcqmwandbCLCefIHlJwaeofCJBdHdwendaCIKqmxFCDLBeaFqKfigIJwaendaCJCacDaeK",107,0.990741,84,108,1,107,1,1,0,1,1,40,39,43,43,25,25,70
"6010",9,"[84]GjfffHdwaCouIvIcqmwandbCLCefIHlJwaeofCJBdHdwendaCIKqmxFCDLBeaFqKfigIJwaendaCJCacDaeK",108,0.990826,84,109,1,108,1,1,0,1,1,40,39,42,42,27,27,70
"6011",10,"[84]GjfffHdwaCouIvIcqmwandbCLCefIHlJwaeofCJBdHdwendaCIKqmxFCDLBeaFqKfigIJwaendaCJCacDaeK",115,1,84,114,0,114,0,0,0,0,0,39,39,34,34,41,41,70
"6012",11,"[84]GjfffHdwaCouIvIcqmwandbCLCefIHlJwaeofCJBdHdwendaCIKqmxFCDLBeaFqKfigIJwaendaCJCacDaeK",107,1,84,106,0,106,0,0,0,0,0,39,39,44,44,23,23,70
"6013",12,"[84]GjfffHdwaCouIvIcqmwandbCLCefIHlJwaeofCJBdHdwendaCIKqmxFCDLBeaFqKfigIJwaendaCJCacDaeK",113,1,84,112,0,112,0,0,0,0,0,36,36,40,40,36,36,70
"6014",13,"[84]GjfffHdwaCouIvIcqmwandbCLCefIHlJwaeofCJBdHdwendaCIKqmxFCDLBeaFqKfigIJwaendaCJCacDaeK",118,1,84,117,0,117,0,0,0,0,0,39,39,31,31,47,47,70
"6015",14,"[84]GjfffHdwaCouIvIcqmwandbCLCefIHlJwaeofCJBdHdwendaCIKqmxFCDLBeaFqKfigIJwaendaCJCacDaeK",108,0.981982,84,111,2,109,2,2,0,2,2,35,33,45,45,31,31,70
"6016",15,"[84]GjfffHdwaCouIvIcqmwandbCLCefIHlJwaeofCJBdHdwendaCIKqmxFCDLBeaFqKfigIJwaendaCJCacDaeK",109,0.973684,84,114,3,111,3,3,0,3,3,37,34,40,40,37,37,70
"6017",16,"[84]GjfffHdwaCouIvIcqmwandbCLCefIHlJwaeofCJBdHdwendaCIKqmxFCDLBeaFqKfigIJwaendaCJCacDaeK",117,1,84,116,0,116,0,0,0,0,0,33,33,38,38,45,45,70
"6018",17,"[84]GjfffHdwaCouIvIcqmwandbCLCefIHlJwaeofCJBdHdwendaCIKqmxFCDLBeaFqKfigIJwaendaCJCacDaeK",109,0.982143,84,112,2,110,2,2,0,2,2,39,37,39,39,34,34,70
"6019",18,"[84]GjfffHdwaCouIvIcqmwandbCLCefIHlJwaeofCJBdHdwendaCIKqmxFCDLBeaFqKfigIJwaendaCJCacDaeK",109,0.965517,84,116,4,112,4,4,0,4,4,42,38,34,34,40,40,70
"6020",19,"[84]GjfffHdwaCouIvIcqmwandbCLCefIHlJwaeofCJBdHdwendaCIKqmxFCDLBeaFqKfigIJwaendaCJCacDaeK",113,0.982759,84,116,2,114,2,2,0,2,2,39,37,34,34,43,43,70
"6021",20,"[84]GjfffHdwaCouIvIcqmwandbCLCefIHlJwaeofCJBdHdwendaCIKqmxFCDLBeaFqKfigIJwaendaCJCacDaeK",106,0.948718,84,117,6,111,6,6,0,6,6,39,33,39,39,39,39,70
"6022",21,"[84]GjfffHdwaCouIvIcqmwandbCLCefIHlJwaeofCJBdHdwendaCIKqmxFCDLBeaFqKfigIJwaendaCJCacDaeK",113,0.991228,84,114,1,113,1,1,0,1,1,44,43,32,32,38,38,70
"6023",22,"[84]GjfffHdwaCouIvIcqmwandbCLCefIHlJwaeofCJBdHdwendaCIKqmxFCDLBeaFqKfigIJwaendaCJCacDaeK",114,1,84,113,0,113,0,0,0,0,0,39,39,35,35,39,39,70
"6024",23,"[84]GjfffHdwaCouIvIcqmwandbCLCefIHlJwaeofCJBdHdwendaCIKqmxFCDLBeaFqKfigIJwaendaCJCacDaeK",115,1,84,114,0,114,0,0,0,0,0,45,45,29,29,40,40,70
"6025",24,"[84]GjfffHdwaCouIvIcqmwandbCLCefIHlJwaeofCJBdHdwendaCIKqmxFCDLBeaFqKfigIJwaendaCJCacDaeK",113,1,84,112,0,112,0,0,0,0,0,36,36,39,39,37,37,70
"6026",25,"[84]GjfffHdwaCouIvIcqmwandbCLCefIHlJwaeofCJBdHdwendaCIKqmxFCDLBeaFqKfigIJwaendaCJCacDaeK",114,0.982906,84,117,2,115,2,2,0,2,2,43,41,31,31,43,43,70
"6027",26,"[84]GjfffHdwaCouIvIcqmwandbCLCefIHlJwaeofCJBdHdwendaCIKqmxFCDLBeaFqKfigIJwaendaCJCacDaeK",110,0.973913,84,115,3,112,3,3,0,3,3,39,36,37,37,39,39,70
"6028",27,"[84]GjfffHdwaCouIvIcqmwandbCLCefIHlJwaeofCJBdHdwendaCIKqmxFCDLBeaFqKfigIJwaendaCJCacDaeK",109,1,84,108,0,108,0,0,0,0,0,43,43,39,39,26,26,70
"6029",28,"[84]GjfffHdwaCouIvIcqmwandbCLCefIHlJwaeofCJBdHdwendaCIKqmxFCDLBeaFqKfigIJwaendaCJCacDaeK",112,0.982609,84,115,2,113,2,2,0,2,2,44,42,32,32,39,39,70
"6030",29,"[84]GjfffHdwaCouIvIcqmwandbCLCefIHlJwaeofCJBdHdwendaCIKqmxFCDLBeaFqKfigIJwaendaCJCacDaeK",108,0.965217,84,115,4,111,4,4,0,4,4,38,34,39,39,38,38,70
"6031",30,"[84]GjfffHdwaCouIvIcqmwandbCLCefIHlJwaeofCJBdHdwendaCIKqmxFCDLBeaFqKfigIJwaendaCJCacDaeK",117,0.991525,84,118,1,117,1,1,0,1,1,48,47,24,24,46,46,70
"6032",31,"[84]GjfffHdwaCouIvIcqmwandbCLCefIHlJwaeofCJBdHdwendaCIKqmxFCDLBeaFqKfigIJwaendaCJCacDaeK",114,1,84,113,0,113,0,0,0,0,0,34,34,40,40,39,39,70
"6033",32,"[84]GjfffHdwaCouIvIcqmwandbCLCefIHlJwaeofCJBdHdwendaCIKqmxFCDLBeaFqKfigIJwaendaCJCacDaeK",109,1,84,108,0,108,0,0,0,0,0,36,36,46,46,26,26,70
"6034",33,"[84]GjfffHdwaCouIvIcqmwandbCLCefIHlJwaeofCJBdHdwendaCIKqmxFCDLBeaFqKfigIJwaendaCJCacDaeK",115,0.983051,84,118,2,116,2,2,0,2,2,34,32,37,37,47,47,70
"6035",34,"[84]GjfffHdwaCouIvIcqmwandbCLCefIHlJwaeofCJBdHdwendaCIKqmxFCDLBeaFqKfigIJwaendaCJCacDaeK",109,0.965517,84,116,4,112,4,4,0,4,4,36,32,40,40,40,40,70
"6036",35,"[84]GjfffHdwaCouIvIcqmwandbCLCefIHlJwaeofCJBdHdwendaCIKqmxFCDLBeaFqKfigIJwaendaCJCacDaeK",109,0.973684,84,114,3,111,3,3,0,3,3,37,34,40,40,37,37,70
"6037",36,"[84]GjfffHdwaCouIvIcqmwandbCLCefIHlJwaeofCJBdHdwendaCIKqmxFCDLBeaFqKfigIJwaendaCJCacDaeK",114,0.991304,84,115,1,114,1,1,0,1,1,29,28,43,43,43,43,70
"6038",37,"[84]GjfffHdwaCouIvIcqmwandbCLCefIHlJwaeofCJBdHdwendaCIKqmxFCDLBeaFqKfigIJwaendaCJCacDaeK",112,1,84,111,0,111,0,0,0,0,0,42,42,36,36,33,33,70
"6039",38,"[84]GjfffHdwaCouIvIcqmwandbCLCefIHlJwaeofCJBdHdwendaCIKqmxFCDLBeaFqKfigIJwaendaCJCacDaeK",108,1,84,107,0,107,0,0,0,0,0,39,39,43,43,25,25,70
"6040",39,"[84]GjfffHdwaCouIvIcqmwandbCLCefIHlJwaeofCJBdHdwendaCIKqmxFCDLBeaFqKfigIJwaendaCJCacDaeK",112,0.99115,84,113,1,112,1,1,0,1,1,40,39,36,36,37,37,70
"6041",40,"[84]GjfffHdwaCouIvIcqmwandbCLCefIHlJwaeofCJBdHdwendaCIKqmxFCDLBeaFqKfigIJwaendaCJCacDaeK",113,0.991228,84,114,1,113,1,1,0,1,1,39,38,36,36,39,39,70
"6042",41,"[84]GjfffHdwaCouIvIcqmwandbCLCefIHlJwaeofCJBdHdwendaCIKqmxFCDLBeaFqKfigIJwaendaCJCacDaeK",110,0.982301,84,113,2,111,2,2,0,2,2,34,32,44,44,35,35,70
"6043",42,"[84]GjfffHdwaCouIvIcqmwandbCLCefIHlJwaeofCJBdHdwendaCIKqmxFCDLBeaFqKfigIJwaendaCJCacDaeK",111,1,84,110,0,110,0,0,0,0,0,39,39,40,40,31,31,70
"6044",43,"[84]GjfffHdwaCouIvIcqmwandbCLCefIHlJwaeofCJBdHdwendaCIKqmxFCDLBeaFqKfigIJwaendaCJCacDaeK",115,0.983051,84,118,2,116,2,2,0,2,2,42,40,29,29,47,47,70
"6045",44,"[84]GjfffHdwaCouIvIcqmwandbCLCefIHlJwaeofCJBdHdwendaCIKqmxFCDLBeaFqKfigIJwaendaCJCacDaeK",113,1,84,112,0,112,0,0,0,0,0,29,29,46,46,37,37,70
"6046",45,"[84]GjfffHdwaCouIvIcqmwandbCLCefIHlJwaeofCJBdHdwendaCIKqmxFCDLBeaFqKfigIJwaendaCJCacDaeK",113,0.991228,84,114,1,113,1,1,0,1,1,40,39,36,36,38,38,70
"6047",46,"[84]GjfffHdwaCouIvIcqmwandbCLCefIHlJwaeofCJBdHdwendaCIKqmxFCDLBeaFqKfigIJwaendaCJCacDaeK",108,0.973451,84,113,3,110,3,3,0,3,3,40,37,38,38,35,35,70
"6048",47,"[84]GjfffHdwaCouIvIcqmwandbCLCefIHlJwaeofCJBdHdwendaCIKqmxFCDLBeaFqKfigIJwaendaCJCacDaeK",107,0.964912,84,114,4,110,4,4,0,4,4,43,39,36,36,35,35,70
"6049",48,"[84]GjfffHdwaCouIvIcqmwandbCLCefIHlJwaeofCJBdHdwendaCIKqmxFCDLBeaFqKfigIJwaendaCJCacDaeK",119,1,84,118,0,118,0,0,0,0,0,36,36,33,33,49,49,70
"6050",49,"[84]GjfffHdwaCouIvIcqmwandbCLCefIHlJwaeofCJBdHdwendaCIKqmxFCDLBeaFqKfigIJwaendaCJCacDaeK",117,1,84,116,0,116,0,0,0,0,0,33,33,37,37,46,46,70
"6051",50,"[84]GjfffHdwaCouIvIcqmwandbCLCefIHlJwaeofCJBdHdwendaCIKqmxFCDLBeaFqKfigIJwaendaCJCacDaeK",111,1,84,110,0,110,0,0,0,0,0,43,43,36,36,31,31,70
"6052",51,"[84]GjfffHdwaCouIvIcqmwandbCLCefIHlJwaeofCJBdHdwendaCIKqmxFCDLBeaFqKfigIJwaendaCJCacDaeK",117,0.991525,84,118,1,117,1,1,0,1,1,33,32,36,36,49,49,70
"6053",52,"[84]GjfffHdwaCouIvIcqmwandbCLCefIHlJwaeofCJBdHdwendaCIKqmxFCDLBeaFqKfigIJwaendaCJCacDaeK",112,1,84,111,0,111,0,0,0,0,0,44,44,35,35,32,32,70
"6054",53,"[84]GjfffHdwaCouIvIcqmwandbCLCefIHlJwaeofCJBdHdwendaCIKqmxFCDLBeaFqKfigIJwaendaCJCacDaeK",111,1,84,110,0,110,0,0,0,0,0,42,42,37,37,31,31,70
"6055",54,"[84]GjfffHdwaCouIvIcqmwandbCLCefIHlJwaeofCJBdHdwendaCIKqmxFCDLBeaFqKfigIJwaendaCJCacDaeK",113,0.982759,84,116,2,114,2,2,0,2,2,38,36,35,35,43,43,70
"6056",55,"[84]GjfffHdwaCouIvIcqmwandbCLCefIHlJwaeofCJBdHdwendaCIKqmxFCDLBeaFqKfigIJwaendaCJCacDaeK",111,0.991071,84,112,1,111,1,1,0,1,1,47,46,32,32,33,33,70
"6057",56,"[84]GjfffHdwaCouIvIcqmwandbCLCefIHlJwaeofCJBdHdwendaCIKqmxFCDLBeaFqKfigIJwaendaCJCacDaeK",111,0.991071,84,112,1,111,1,1,0,1,1,47,46,31,31,34,34,70
"6058",57,"[84]GjfffHdwaCouIvIcqmwandbCLCefIHlJwaeofCJBdHdwendaCIKqmxFCDLBeaFqKfigIJwaendaCJCacDaeK",115,1,84,114,0,114,0,0,0,0,0,35,35,38,38,41,41,70
"6059",58,"[84]GjfffHdwaCouIvIcqmwandbCLCefIHlJwaeofCJBdHdwendaCIKqmxFCDLBeaFqKfigIJwaendaCJCacDaeK",106,0.964602,84,113,4,109,4,4,0,4,4,39,35,42,42,32,32,70
"6060",59,"[84]GjfffHdwaCouIvIcqmwandbCLCefIHlJwaeofCJBdHdwendaCIKqmxFCDLBeaFqKfigIJwaendaCJCacDaeK",111,0.991071,84,112,1,111,1,1,0,1,1,39,38,39,39,34,34,70
"6061",60,"[84]GjfffHdwaCouIvIcqmwandbCLCefIHlJwaeofCJBdHdwendaCIKqmxFCDLBeaFqKfigIJwaendaCJCacDaeK",117,1,84,116,0,116,0,0,0,0,0,29,29,40,40,47,47,70
"6062",61,"[84]GjfffHdwaCouIvIcqmwandbCLCefIHlJwaeofCJBdHdwendaCIKqmxFCDLBeaFqKfigIJwaendaCJCacDaeK",114,1,84,113,0,113,0,0,0,0,0,31,31,43,43,39,39,70
"6063",62,"[84]GjfffHdwaCouIvIcqmwandbCLCefIHlJwaeofCJBdHdwendaCIKqmxFCDLBeaFqKfigIJwaendaCJCacDaeK",116,1,84,115,0,115,0,0,0,0,0,36,36,36,36,43,43,70
"6064",63,"[84]GjfffHdwaCouIvIcqmwandbCLCefIHlJwaeofCJBdHdwendaCIKqmxFCDLBeaFqKfigIJwaendaCJCacDaeK",116,1,84,115,0,115,0,0,0,0,0,31,31,41,41,43,43,70
"6065",64,"[84]GjfffHdwaCouIvIcqmwandbCLCefIHlJwaeofCJBdHdwendaCIKqmxFCDLBeaFqKfigIJwaendaCJCacDaeK",115,1,84,114,0,114,0,0,0,0,0,37,37,36,36,41,41,70
"6066",65,"[84]GjfffHdwaCouIvIcqmwandbCLCefIHlJwaeofCJBdHdwendaCIKqmxFCDLBeaFqKfigIJwaendaCJCacDaeK",113,1,84,112,0,112,0,0,0,0,0,43,43,33,33,36,36,70
"6067",66,"[84]GjfffHdwaCouIvIcqmwandbCLCefIHlJwaeofCJBdHdwendaCIKqmxFCDLBeaFqKfigIJwaendaCJCacDaeK",116,1,84,115,0,115,0,0,0,0,0,39,39,34,34,42,42,70
"6068",67,"[84]GjfffHdwaCouIvIcqmwandbCLCefIHlJwaeofCJBdHdwendaCIKqmxFCDLBeaFqKfigIJwaendaCJCacDaeK",110,0.982301,84,113,2,111,2,2,0,2,2,39,37,38,38,36,36,70
"6069",68,"[84]GjfffHdwaCouIvIcqmwandbCLCefIHlJwaeofCJBdHdwendaCIKqmxFCDLBeaFqKfigIJwaendaCJCacDaeK",111,0.982456,84,114,2,112,2,2,0,2,2,37,35,39,39,38,38,70
"6070",69,"[84]GjfffHdwaCouIvIcqmwandbCLCefIHlJwaeofCJBdHdwendaCIKqmxFCDLBeaFqKfigIJwaendaCJCacDaeK",114,1,84,113,0,113,0,0,0,0,0,37,37,38,38,38,38,70
"6071",70,"[84]GjfffHdwaCouIvIcqmwandbCLCefIHlJwaeofCJBdHdwendaCIKqmxFCDLBeaFqKfigIJwaendaCJCacDaeK",114,1,84,113,0,113,0,0,0,0,0,33,33,41,41,39,39,70
"6072",71,"[84]GjfffHdwaCouIvIcqmwandbCLCefIHlJwaeofCJBdHdwendaCIKqmxFCDLBeaFqKfigIJwaendaCJCacDaeK",111,0.991071,84,112,1,111,1,1,0,1,1,42,41,35,35,35,35,70
"6073",72,"[84]GjfffHdwaCouIvIcqmwandbCLCefIHlJwaeofCJBdHdwendaCIKqmxFCDLBeaFqKfigIJwaendaCJCacDaeK",107,0.981818,84,110,2,108,2,2,0,2,2,35,33,46,46,29,29,70
"6074",73,"[84]GjfffHdwaCouIvIcqmwandbCLCefIHlJwaeofCJBdHdwendaCIKqmxFCDLBeaFqKfigIJwaendaCJCacDaeK",114,1,84,113,0,113,0,0,0,0,0,35,35,40,40,38,38,70
"6075",74,"[84]GjfffHdwaCouIvIcqmwandbCLCefIHlJwaeofCJBdHdwendaCIKqmxFCDLBeaFqKfigIJwaendaCJCacDaeK",111,0.991071,84,112,1,111,1,1,0,1,1,35,34,43,43,34,34,70
"6076",75,"[84]GjfffHdwaCouIvIcqmwandbCLCefIHlJwaeofCJBdHdwendaCIKqmxFCDLBeaFqKfigIJwaendaCJCacDaeK",114,1,84,113,0,113,0,0,0,0,0,36,36,38,38,39,39,70
"6077",76,"[84]GjfffHdwaCouIvIcqmwandbCLCefIHlJwaeofCJBdHdwendaCIKqmxFCDLBeaFqKfigIJwaendaCJCacDaeK",117,1,84,116,0,116,0,0,0,0,0,35,35,35,35,46,46,70
"6078",77,"[84]GjfffHdwaCouIvIcqmwandbCLCefIHlJwaeofCJBdHdwendaCIKqmxFCDLBeaFqKfigIJwaendaCJCacDaeK",115,0.991379,84,116,1,115,1,1,0,1,1,37,36,36,36,43,43,70
"6079",78,"[84]GjfffHdwaCouIvIcqmwandbCLCefIHlJwaeofCJBdHdwendaCIKqmxFCDLBeaFqKfigIJwaendaCJCacDaeK",114,0.991304,84,115,1,114,1,1,0,1,1,35,34,38,38,42,42,70
"6080",79,"[84]GjfffHdwaCouIvIcqmwandbCLCefIHlJwaeofCJBdHdwendaCIKqmxFCDLBeaFqKfigIJwaendaCJCacDaeK",110,0.982301,84,113,2,111,2,2,0,2,2,36,34,42,42,35,35,70
"6081",80,"[84]GjfffHdwaCouIvIcqmwandbCLCefIHlJwaeofCJBdHdwendaCIKqmxFCDLBeaFqKfigIJwaendaCJCacDaeK",113,1,84,112,0,112,0,0,0,0,0,34,34,42,42,36,36,70
"6082",81,"[84]GjfffHdwaCouIvIcqmwandbCLCefIHlJwaeofCJBdHdwendaCIKqmxFCDLBeaFqKfigIJwaendaCJCacDaeK",112,1,84,111,0,111,0,0,0,0,0,35,35,41,41,35,35,70
"6083",82,"[84]GjfffHdwaCouIvIcqmwandbCLCefIHlJwaeofCJBdHdwendaCIKqmxFCDLBeaFqKfigIJwaendaCJCacDaeK",110,0.982301,84,113,2,111,2,2,0,2,2,39,37,38,38,36,36,70
"6084",83,"[84]GjfffHdwaCouIvIcqmwandbCLCefIHlJwaeofCJBdHdwendaCIKqmxFCDLBeaFqKfigIJwaendaCJCacDaeK",111,0.982456,84,114,2,112,2,2,0,2,2,44,42,33,33,37,37,70
"6085",84,"[84]GjfffHdwaCouIvIcqmwandbCLCefIHlJwaeofCJBdHdwendaCIKqmxFCDLBeaFqKfigIJwaendaCJCacDaeK",114,1,84,113,0,113,0,0,0,0,0,39,39,35,35,39,39,70
"6086",85,"[84]GjfffHdwaCouIvIcqmwandbCLCefIHlJwaeofCJBdHdwendaCIKqmxFCDLBeaFqKfigIJwaendaCJCacDaeK",110,0.982301,84,113,2,111,2,2,0,2,2,40,38,38,38,35,35,70
"6087",86,"[84]GjfffHdwaCouIvIcqmwandbCLCefIHlJwaeofCJBdHdwendaCIKqmxFCDLBeaFqKfigIJwaendaCJCacDaeK",112,0.99115,84,113,1,112,1,1,0,1,1,46,45,32,32,35,35,70
"6088",87,"[84]GjfffHdwaCouIvIcqmwandbCLCefIHlJwaeofCJBdHdwendaCIKqmxFCDLBeaFqKfigIJwaendaCJCacDaeK",105,0.981481,84,108,2,106,2,2,0,2,2,35,33,48,48,25,25,70
"6089",88,"[84]GjfffHdwaCouIvIcqmwandbCLCefIHlJwaeofCJBdHdwendaCIKqmxFCDLBeaFqKfigIJwaendaCJCacDaeK",111,0.991071,84,112,1,111,1,1,0,1,1,37,36,40,40,35,35,70
"6090",89,"[84]GjfffHdwaCouIvIcqmwandbCLCefIHlJwaeofCJBdHdwendaCIKqmxFCDLBeaFqKfigIJwaendaCJCacDaeK",114,0.991304,84,115,1,114,1,1,0,1,1,36,35,38,38,41,41,70
"6091",90,"[84]GjfffHdwaCouIvIcqmwandbCLCefIHlJwaeofCJBdHdwendaCIKqmxFCDLBeaFqKfigIJwaendaCJCacDaeK",111,0.982456,84,114,2,112,2,2,0,2,2,33,31,42,42,39,39,70
"6092",91,"[84]GjfffHdwaCouIvIcqmwandbCLCefIHlJwaeofCJBdHdwendaCIKqmxFCDLBeaFqKfigIJwaendaCJCacDaeK",111,1,84,110,0,110,0,0,0,0,0,47,47,32,32,31,31,70
"6093",92,"[84]GjfffHdwaCouIvIcqmwandbCLCefIHlJwaeofCJBdHdwendaCIKqmxFCDLBeaFqKfigIJwaendaCJCacDaeK",113,1,84,112,0,112,0,0,0,0,0,44,44,34,34,34,34,70
"6094",93,"[84]GjfffHdwaCouIvIcqmwandbCLCefIHlJwaeofCJBdHdwendaCIKqmxFCDLBeaFqKfigIJwaendaCJCacDaeK",112,0.99115,84,113,1,112,1,1,0,1,1,37,36,38,38,38,38,70
"6095",94,"[84]GjfffHdwaCouIvIcqmwandbCLCefIHlJwaeofCJBdHdwendaCIKqmxFCDLBeaFqKfigIJwaendaCJCacDaeK",112,1,84,111,0,111,0,0,0,0,0,41,41,36,36,34,34,70
"6096",95,"[84]GjfffHdwaCouIvIcqmwandbCLCefIHlJwaeofCJBdHdwendaCIKqmxFCDLBeaFqKfigIJwaendaCJCacDaeK",113,0.991228,84,114,1,113,1,1,0,1,1,46,45,31,31,37,37,70
"6097",96,"[84]GjfffHdwaCouIvIcqmwandbCLCefIHlJwaeofCJBdHdwendaCIKqmxFCDLBeaFqKfigIJwaendaCJCacDaeK",116,1,84,115,0,115,0,0,0,0,0,34,34,37,37,44,44,70
"6098",97,"[84]GjfffHdwaCouIvIcqmwandbCLCefIHlJwaeofCJBdHdwendaCIKqmxFCDLBeaFqKfigIJwaendaCJCacDaeK",114,0.991304,84,115,1,114,1,1,0,1,1,35,34,38,38,42,42,70
"6099",98,"[84]GjfffHdwaCouIvIcqmwandbCLCefIHlJwaeofCJBdHdwendaCIKqmxFCDLBeaFqKfigIJwaendaCJCacDaeK",113,1,84,112,0,112,0,0,0,0,0,41,41,35,35,36,36,70
"6100",99,"[84]GjfffHdwaCouIvIcqmwandbCLCefIHlJwaeofCJBdHdwendaCIKqmxFCDLBeaFqKfigIJwaendaCJCacDaeK",109,0.973684,84,114,3,111,3,3,0,3,3,40,37,37,37,37,37,70
"6101",0,"[81]GjfffHdwaCrkpgDteKCwandbCLCecuCvbvafofCJBdDyHdxwendfCIKEpBeaCebtafwendaCJCabmhmeK",106,0.981651,81,109,2,107,2,2,0,2,2,34,32,37,37,38,38,71
"6102",1,"[81]GjfffHdwaCrkpgDteKCwandbCLCecuCvbvafofCJBdDyHdxwendfCIKEpBeaCebtafwendaCJCabmhmeK",100,0.980583,81,103,2,101,2,2,0,2,2,37,35,42,42,24,24,71
"6103",2,"[81]GjfffHdwaCrkpgDteKCwandbCLCecuCvbvafofCJBdDyHdxwendfCIKEpBeaCebtafwendaCJCabmhmeK",108,1,81,107,0,107,0,0,0,0,0,36,36,37,37,34,34,71
"6104",3,"[81]GjfffHdwaCrkpgDteKCwandbCLCecuCvbvafofCJBdDyHdxwendfCIKEpBeaCebtafwendaCJCabmhmeK",110,1,81,109,0,109,0,0,0,0,0,30,30,40,40,39,39,71
"6105",4,"[81]GjfffHdwaCrkpgDteKCwandbCLCecuCvbvafofCJBdDyHdxwendfCIKEpBeaCebtafwendaCJCabmhmeK",113,1,81,112,0,112,0,0,0,0,0,32,32,34,34,46,46,71
"6106",5,"[81]GjfffHdwaCrkpgDteKCwandbCLCecuCvbvafofCJBdDyHdxwendfCIKEpBeaCebtafwendaCJCabmhmeK",103,0.990385,81,104,1,103,1,1,0,1,1,39,38,38,38,27,27,71
"6107",6,"[81]GjfffHdwaCrkpgDteKCwandbCLCecuCvbvafofCJBdDyHdxwendfCIKEpBeaCebtafwendaCJCabmhmeK",106,1,81,105,0,105,0,0,0,0,0,40,40,34,34,31,31,71
"6108",7,"[81]GjfffHdwaCrkpgDteKCwandbCLCecuCvbvafofCJBdDyHdxwendfCIKEpBeaCebtafwendaCJCabmhmeK",108,0.990826,81,109,1,108,1,1,0,1,1,31,30,39,39,39,39,71
"6109",8,"[81]GjfffHdwaCrkpgDteKCwandbCLCecuCvbvafofCJBdDyHdxwendfCIKEpBeaCebtafwendaCJCabmhmeK",103,0.981132,81,106,2,104,2,2,0,2,2,42,40,35,35,29,29,71
"6110",9,"[81]GjfffHdwaCrkpgDteKCwandbCLCecuCvbvafofCJBdDyHdxwendfCIKEpBeaCebtafwendaCJCabmhmeK",105,1,81,104,0,104,0,0,0,0,0,36,36,40,40,28,28,71
"6111",10,"[81]GjfffHdwaCrkpgDteKCwandbCLCecuCvbvafofCJBdDyHdxwendfCIKEpBeaCebtafwendaCJCabmhmeK",101,0.971698,81,106,3,103,3,3,0,3,3,41,38,37,37,28,28,71
"6112",11,"[81]GjfffHdwaCrkpgDteKCwandbCLCecuCvbvafofCJBdDyHdxwendfCIKEpBeaCebtafwendaCJCabmhmeK",107,1,81,106,0,106,0,0,0,0,0,43,43,32,32,31,31,71
"6113",12,"[81]GjfffHdwaCrkpgDteKCwandbCLCecuCvbvafofCJBdDyHdxwendfCIKEpBeaCebtafwendaCJCabmhmeK",105,0.990566,81,106,1,105,1,1,0,1,1,47,46,28,28,31,31,71
"6114",13,"[81]GjfffHdwaCrkpgDteKCwandbCLCecuCvbvafofCJBdDyHdxwendfCIKEpBeaCebtafwendaCJCabmhmeK",102,0.980952,81,105,2,103,2,2,0,2,2,41,39,37,37,27,27,71
"6115",14,"[81]GjfffHdwaCrkpgDteKCwandbCLCecuCvbvafofCJBdDyHdxwendfCIKEpBeaCebtafwendaCJCabmhmeK",105,0.990566,81,106,1,105,1,1,0,1,1,33,32,41,41,32,32,71
"6116",15,"[81]GjfffHdwaCrkpgDteKCwandbCLCecuCvbvafofCJBdDyHdxwendfCIKEpBeaCebtafwendaCJCabmhmeK",105,0.990566,81,106,1,105,1,1,0,1,1,35,34,39,39,32,32,71
"6117",16,"[81]GjfffHdwaCrkpgDteKCwandbCLCecuCvbvafofCJBdDyHdxwendfCIKEpBeaCebtafwendaCJCabmhmeK",104,0.981308,81,107,2,105,2,2,0,2,2,33,31,42,42,32,32,71
"6118",17,"[81]GjfffHdwaCrkpgDteKCwandbCLCecuCvbvafofCJBdDyHdxwendfCIKEpBeaCebtafwendaCJCabmhmeK",106,0.981651,81,109,2,107,2,2,0,2,2,34,32,37,37,38,38,71
"6119",18,"[81]GjfffHdwaCrkpgDteKCwandbCLCecuCvbvafofCJBdDyHdxwendfCIKEpBeaCebtafwendaCJCabmhmeK",110,1,81,109,0,109,0,0,0,0,0,32,32,38,38,39,39,71
"6120",19,"[81]GjfffHdwaCrkpgDteKCwandbCLCecuCvbvafofCJBdDyHdxwendfCIKEpBeaCebtafwendaCJCabmhmeK",100,0.962617,81,107,4,103,4,4,0,4,4,36,32,40,40,31,31,71
"6121",20,"[81]GjfffHdwaCrkpgDteKCwandbCLCecuCvbvafofCJBdDyHdxwendfCIKEpBeaCebtafwendaCJCabmhmeK",106,0.990654,81,107,1,106,1,1,0,1,1,41,40,32,32,34,34,71
"6122",21,"[81]GjfffHdwaCrkpgDteKCwandbCLCecuCvbvafofCJBdDyHdxwendfCIKEpBeaCebtafwendaCJCabmhmeK",111,0.982456,81,114,2,112,2,2,0,2,2,35,33,32,32,47,47,71
"6123",22,"[81]GjfffHdwaCrkpgDteKCwandbCLCecuCvbvafofCJBdDyHdxwendfCIKEpBeaCebtafwendaCJCabmhmeK",105,0.990566,81,106,1,105,1,1,0,1,1,33,32,42,42,31,31,71
"6124",23,"[81]GjfffHdwaCrkpgDteKCwandbCLCecuCvbvafofCJBdDyHdxwendfCIKEpBeaCebtafwendaCJCabmhmeK",104,0.990476,81,105,1,104,1,1,0,1,1,39,38,37,37,29,29,71
"6125",24,"[81]GjfffHdwaCrkpgDteKCwandbCLCecuCvbvafofCJBdDyHdxwendfCIKEpBeaCebtafwendaCJCabmhmeK",112,1,81,111,0,111,0,0,0,0,0,30,30,36,36,45,45,71
"6126",25,"[81]GjfffHdwaCrkpgDteKCwandbCLCecuCvbvafofCJBdDyHdxwendfCIKEpBeaCebtafwendaCJCabmhmeK",111,1,81,110,0,110,0,0,0,0,0,24,24,43,43,43,43,71
"6127",26,"[81]GjfffHdwaCrkpgDteKCwandbCLCecuCvbvafofCJBdDyHdxwendfCIKEpBeaCebtafwendaCJCabmhmeK",111,1,81,110,0,110,0,0,0,0,0,35,35,34,34,41,41,71
"6128",27,"[81]GjfffHdwaCrkpgDteKCwandbCLCecuCvbvafofCJBdDyHdxwendfCIKEpBeaCebtafwendaCJCabmhmeK",106,0.972973,81,111,3,108,3,3,0,3,3,33,30,37,37,41,41,71
"6129",28,"[81]GjfffHdwaCrkpgDteKCwandbCLCecuCvbvafofCJBdDyHdxwendfCIKEpBeaCebtafwendaCJCabmhmeK",104,0.981308,81,107,2,105,2,2,0,2,2,48,46,27,27,32,32,71
"6130",29,"[81]GjfffHdwaCrkpgDteKCwandbCLCecuCvbvafofCJBdDyHdxwendfCIKEpBeaCebtafwendaCJCabmhmeK",102,1,81,101,0,101,0,0,0,0,0,41,41,38,38,22,22,71
"6131",30,"[81]GjfffHdwaCrkpgDteKCwandbCLCecuCvbvafofCJBdDyHdxwendfCIKEpBeaCebtafwendaCJCabmhmeK",104,0.972477,81,109,3,106,3,3,0,3,3,37,34,36,36,36,36,71
"6132",31,"[81]GjfffHdwaCrkpgDteKCwandbCLCecuCvbvafofCJBdDyHdxwendfCIKEpBeaCebtafwendaCJCabmhmeK",106,0.972973,81,111,3,108,3,3,0,3,3,34,31,36,36,41,41,71
"6133",32,"[81]GjfffHdwaCrkpgDteKCwandbCLCecuCvbvafofCJBdDyHdxwendfCIKEpBeaCebtafwendaCJCabmhmeK",107,1,81,106,0,106,0,0,0,0,0,41,41,32,32,33,33,71
"6134",33,"[81]GjfffHdwaCrkpgDteKCwandbCLCecuCvbvafofCJBdDyHdxwendfCIKEpBeaCebtafwendaCJCabmhmeK",103,0.972222,81,108,3,105,3,3,0,3,3,39,36,35,35,34,34,71
"6135",34,"[81]GjfffHdwaCrkpgDteKCwandbCLCecuCvbvafofCJBdDyHdxwendfCIKEpBeaCebtafwendaCJCabmhmeK",109,0.982143,81,112,2,110,2,2,0,2,2,35,33,33,33,44,44,71
"6136",35,"[81]GjfffHdwaCrkpgDteKCwandbCLCecuCvbvafofCJBdDyHdxwendfCIKEpBeaCebtafwendaCJCabmhmeK",104,1,81,103,0,103,0,0,0,0,0,40,40,37,37,26,26,71
"6137",36,"[81]GjfffHdwaCrkpgDteKCwandbCLCecuCvbvafofCJBdDyHdxwendfCIKEpBeaCebtafwendaCJCabmhmeK",108,0.990826,81,109,1,108,1,1,0,1,1,46,45,26,26,37,37,71
"6138",37,"[81]GjfffHdwaCrkpgDteKCwandbCLCecuCvbvafofCJBdDyHdxwendfCIKEpBeaCebtafwendaCJCabmhmeK",110,1,81,109,0,109,0,0,0,0,0,33,33,36,36,40,40,71
"6139",38,"[81]GjfffHdwaCrkpgDteKCwandbCLCecuCvbvafofCJBdDyHdxwendfCIKEpBeaCebtafwendaCJCabmhmeK",107,0.981818,81,110,2,108,2,2,0,2,2,35,33,36,36,39,39,71
"6140",39,"[81]GjfffHdwaCrkpgDteKCwandbCLCecuCvbvafofCJBdDyHdxwendfCIKEpBeaCebtafwendaCJCabmhmeK",113,1,81,112,0,112,0,0,0,0,0,29,29,37,37,46,46,71
"6141",40,"[81]GjfffHdwaCrkpgDteKCwandbCLCecuCvbvafofCJBdDyHdxwendfCIKEpBeaCebtafwendaCJCabmhmeK",104,0.955752,81,113,5,108,5,5,0,5,5,38,33,34,34,41,41,71
"6142",41,"[81]GjfffHdwaCrkpgDteKCwandbCLCecuCvbvafofCJBdDyHdxwendfCIKEpBeaCebtafwendaCJCabmhmeK",105,0.990566,81,106,1,105,1,1,0,1,1,29,28,44,44,33,33,71
"6143",42,"[81]GjfffHdwaCrkpgDteKCwandbCLCecuCvbvafofCJBdDyHdxwendfCIKEpBeaCebtafwendaCJCabmhmeK",106,0.981651,81,109,2,107,2,2,0,2,2,31,29,40,40,38,38,71
"6144",43,"[81]GjfffHdwaCrkpgDteKCwandbCLCecuCvbvafofCJBdDyHdxwendfCIKEpBeaCebtafwendaCJCabmhmeK",106,0.990654,81,107,1,106,1,1,0,1,1,43,42,32,32,32,32,71
"6145",44,"[81]GjfffHdwaCrkpgDteKCwandbCLCecuCvbvafofCJBdDyHdxwendfCIKEpBeaCebtafwendaCJCabmhmeK",114,1,81,113,0,113,0,0,0,0,0,22,22,42,42,49,49,71
"6146",45,"[81]GjfffHdwaCrkpgDteKCwandbCLCecuCvbvafofCJBdDyHdxwendfCIKEpBeaCebtafwendaCJCabmhmeK",106,1,81,105,0,105,0,0,0,0,0,29,29,44,44,32,32,71
"6147",46,"[81]GjfffHdwaCrkpgDteKCwandbCLCecuCvbvafofCJBdDyHdxwendfCIKEpBeaCebtafwendaCJCabmhmeK",108,1,81,107,0,107,0,0,0,0,0,43,43,30,30,34,34,71
"6148",47,"[81]GjfffHdwaCrkpgDteKCwandbCLCecuCvbvafofCJBdDyHdxwendfCIKEpBeaCebtafwendaCJCabmhmeK",101,0.980769,81,104,2,102,2,2,0,2,2,42,40,37,37,25,25,71
"6149",48,"[81]GjfffHdwaCrkpgDteKCwandbCLCecuCvbvafofCJBdDyHdxwendfCIKEpBeaCebtafwendaCJCabmhmeK",105,0.990566,81,106,1,105,1,1,0,1,1,29,28,44,44,33,33,71
"6150",49,"[81]GjfffHdwaCrkpgDteKCwandbCLCecuCvbvafofCJBdDyHdxwendfCIKEpBeaCebtafwendaCJCabmhmeK",108,0.990826,81,109,1,108,1,1,0,1,1,34,33,36,36,39,39,71
"6151",50,"[81]GjfffHdwaCrkpgDteKCwandbCLCecuCvbvafofCJBdDyHdxwendfCIKEpBeaCebtafwendaCJCabmhmeK",104,0.981308,81,107,2,105,2,2,0,2,2,39,37,35,35,33,33,71
"6152",51,"[81]GjfffHdwaCrkpgDteKCwandbCLCecuCvbvafofCJBdDyHdxwendfCIKEpBeaCebtafwendaCJCabmhmeK",110,1,81,109,0,109,0,0,0,0,0,36,36,34,34,39,39,71
"6153",52,"[81]GjfffHdwaCrkpgDteKCwandbCLCecuCvbvafofCJBdDyHdxwendfCIKEpBeaCebtafwendaCJCabmhmeK",110,1,81,109,0,109,0,0,0,0,0,39,39,32,32,38,38,71
"6154",53,"[81]GjfffHdwaCrkpgDteKCwandbCLCecuCvbvafofCJBdDyHdxwendfCIKEpBeaCebtafwendaCJCabmhmeK",111,0.991071,81,112,1,111,1,1,0,1,1,39,38,30,30,43,43,71
"6155",54,"[81]GjfffHdwaCrkpgDteKCwandbCLCecuCvbvafofCJBdDyHdxwendfCIKEpBeaCebtafwendaCJCabmhmeK",107,0.990741,81,108,1,107,1,1,0,1,1,39,38,33,33,36,36,71
"6156",55,"[81]GjfffHdwaCrkpgDteKCwandbCLCecuCvbvafofCJBdDyHdxwendfCIKEpBeaCebtafwendaCJCabmhmeK",110,1,81,109,0,109,0,0,0,0,0,39,39,31,31,39,39,71
"6157",56,"[81]GjfffHdwaCrkpgDteKCwandbCLCecuCvbvafofCJBdDyHdxwendfCIKEpBeaCebtafwendaCJCabmhmeK",108,1,81,107,0,107,0,0,0,0,0,43,43,30,30,34,34,71
"6158",57,"[81]GjfffHdwaCrkpgDteKCwandbCLCecuCvbvafofCJBdDyHdxwendfCIKEpBeaCebtafwendaCJCabmhmeK",112,1,81,111,0,111,0,0,0,0,0,32,32,35,35,44,44,71
"6159",58,"[81]GjfffHdwaCrkpgDteKCwandbCLCecuCvbvafofCJBdDyHdxwendfCIKEpBeaCebtafwendaCJCabmhmeK",106,0.981651,81,109,2,107,2,2,0,2,2,42,40,31,31,36,36,71
"6160",59,"[81]GjfffHdwaCrkpgDteKCwandbCLCecuCvbvafofCJBdDyHdxwendfCIKEpBeaCebtafwendaCJCabmhmeK",106,0.990654,81,107,1,106,1,1,0,1,1,42,41,33,33,32,32,71
"6161",60,"[81]GjfffHdwaCrkpgDteKCwandbCLCecuCvbvafofCJBdDyHdxwendfCIKEpBeaCebtafwendaCJCabmhmeK",100,0.962617,81,107,4,103,4,4,0,4,4,39,35,37,37,31,31,71
"6162",61,"[81]GjfffHdwaCrkpgDteKCwandbCLCecuCvbvafofCJBdDyHdxwendfCIKEpBeaCebtafwendaCJCabmhmeK",105,0.990566,81,106,1,105,1,1,0,1,1,41,40,35,35,30,30,71
"6163",62,"[81]GjfffHdwaCrkpgDteKCwandbCLCecuCvbvafofCJBdDyHdxwendfCIKEpBeaCebtafwendaCJCabmhmeK",108,1,81,107,0,107,0,0,0,0,0,37,37,36,36,34,34,71
"6164",63,"[81]GjfffHdwaCrkpgDteKCwandbCLCecuCvbvafofCJBdDyHdxwendfCIKEpBeaCebtafwendaCJCabmhmeK",107,0.990741,81,108,1,107,1,1,0,1,1,35,34,36,36,37,37,71
"6165",64,"[81]GjfffHdwaCrkpgDteKCwandbCLCecuCvbvafofCJBdDyHdxwendfCIKEpBeaCebtafwendaCJCabmhmeK",107,1,81,106,0,106,0,0,0,0,0,39,39,34,34,33,33,71
"6166",65,"[81]GjfffHdwaCrkpgDteKCwandbCLCecuCvbvafofCJBdDyHdxwendfCIKEpBeaCebtafwendaCJCabmhmeK",113,1,81,112,0,112,0,0,0,0,0,30,30,36,36,46,46,71
"6167",66,"[81]GjfffHdwaCrkpgDteKCwandbCLCecuCvbvafofCJBdDyHdxwendfCIKEpBeaCebtafwendaCJCabmhmeK",108,0.973451,81,113,3,110,3,3,0,3,3,30,27,39,39,44,44,71
"6168",67,"[81]GjfffHdwaCrkpgDteKCwandbCLCecuCvbvafofCJBdDyHdxwendfCIKEpBeaCebtafwendaCJCabmhmeK",107,1,81,106,0,106,0,0,0,0,0,34,34,40,40,32,32,71
"6169",68,"[81]GjfffHdwaCrkpgDteKCwandbCLCecuCvbvafofCJBdDyHdxwendfCIKEpBeaCebtafwendaCJCabmhmeK",105,0.990566,81,106,1,105,1,1,0,1,1,32,31,41,41,33,33,71
"6170",69,"[81]GjfffHdwaCrkpgDteKCwandbCLCecuCvbvafofCJBdDyHdxwendfCIKEpBeaCebtafwendaCJCabmhmeK",112,1,81,111,0,111,0,0,0,0,0,42,42,27,27,42,42,71
"6171",70,"[81]GjfffHdwaCrkpgDteKCwandbCLCecuCvbvafofCJBdDyHdxwendfCIKEpBeaCebtafwendaCJCabmhmeK",114,0.991304,81,115,1,114,1,1,0,1,1,32,31,32,32,51,51,71
"6172",71,"[81]GjfffHdwaCrkpgDteKCwandbCLCecuCvbvafofCJBdDyHdxwendfCIKEpBeaCebtafwendaCJCabmhmeK",109,0.990909,81,110,1,109,1,1,0,1,1,29,28,40,40,41,41,71
"6173",72,"[81]GjfffHdwaCrkpgDteKCwandbCLCecuCvbvafofCJBdDyHdxwendfCIKEpBeaCebtafwendaCJCabmhmeK",99,0.953704,81,108,5,103,5,5,0,5,5,47,42,30,30,31,31,71
"6174",73,"[81]GjfffHdwaCrkpgDteKCwandbCLCecuCvbvafofCJBdDyHdxwendfCIKEpBeaCebtafwendaCJCabmhmeK",110,1,81,109,0,109,0,0,0,0,0,41,41,29,29,39,39,71
"6175",74,"[81]GjfffHdwaCrkpgDteKCwandbCLCecuCvbvafofCJBdDyHdxwendfCIKEpBeaCebtafwendaCJCabmhmeK",110,0.990991,81,111,1,110,1,1,0,1,1,26,25,41,41,44,44,71
"6176",75,"[81]GjfffHdwaCrkpgDteKCwandbCLCecuCvbvafofCJBdDyHdxwendfCIKEpBeaCebtafwendaCJCabmhmeK",106,1,81,105,0,105,0,0,0,0,0,43,43,32,32,30,30,71
"6177",76,"[81]GjfffHdwaCrkpgDteKCwandbCLCecuCvbvafofCJBdDyHdxwendfCIKEpBeaCebtafwendaCJCabmhmeK",107,1,81,106,0,106,0,0,0,0,0,41,41,33,33,32,32,71
"6178",77,"[81]GjfffHdwaCrkpgDteKCwandbCLCecuCvbvafofCJBdDyHdxwendfCIKEpBeaCebtafwendaCJCabmhmeK",109,1,81,108,0,108,0,0,0,0,0,43,43,29,29,36,36,71
"6179",78,"[81]GjfffHdwaCrkpgDteKCwandbCLCecuCvbvafofCJBdDyHdxwendfCIKEpBeaCebtafwendaCJCabmhmeK",111,1,81,110,0,110,0,0,0,0,0,31,31,38,38,41,41,71
"6180",79,"[81]GjfffHdwaCrkpgDteKCwandbCLCecuCvbvafofCJBdDyHdxwendfCIKEpBeaCebtafwendaCJCabmhmeK",102,0.980952,81,105,2,103,2,2,0,2,2,39,37,38,38,28,28,71
"6181",80,"[81]GjfffHdwaCrkpgDteKCwandbCLCecuCvbvafofCJBdDyHdxwendfCIKEpBeaCebtafwendaCJCabmhmeK",107,0.990741,81,108,1,107,1,1,0,1,1,38,37,35,35,35,35,71
"6182",81,"[81]GjfffHdwaCrkpgDteKCwandbCLCecuCvbvafofCJBdDyHdxwendfCIKEpBeaCebtafwendaCJCabmhmeK",108,1,81,107,0,107,0,0,0,0,0,43,43,29,29,35,35,71
"6183",82,"[81]GjfffHdwaCrkpgDteKCwandbCLCecuCvbvafofCJBdDyHdxwendfCIKEpBeaCebtafwendaCJCabmhmeK",109,1,81,108,0,108,0,0,0,0,0,33,33,38,38,37,37,71
"6184",83,"[81]GjfffHdwaCrkpgDteKCwandbCLCecuCvbvafofCJBdDyHdxwendfCIKEpBeaCebtafwendaCJCabmhmeK",111,0.991071,81,112,1,111,1,1,0,1,1,37,36,31,31,44,44,71
"6185",84,"[81]GjfffHdwaCrkpgDteKCwandbCLCecuCvbvafofCJBdDyHdxwendfCIKEpBeaCebtafwendaCJCabmhmeK",106,0.990654,81,107,1,106,1,1,0,1,1,35,34,39,39,33,33,71
"6186",85,"[81]GjfffHdwaCrkpgDteKCwandbCLCecuCvbvafofCJBdDyHdxwendfCIKEpBeaCebtafwendaCJCabmhmeK",110,1,81,109,0,109,0,0,0,0,0,40,40,31,31,38,38,71
"6187",86,"[81]GjfffHdwaCrkpgDteKCwandbCLCecuCvbvafofCJBdDyHdxwendfCIKEpBeaCebtafwendaCJCabmhmeK",108,1,81,107,0,107,0,0,0,0,0,40,40,32,32,35,35,71
"6188",87,"[81]GjfffHdwaCrkpgDteKCwandbCLCecuCvbvafofCJBdDyHdxwendfCIKEpBeaCebtafwendaCJCabmhmeK",111,1,81,110,0,110,0,0,0,0,0,38,38,31,31,41,41,71
"6189",88,"[81]GjfffHdwaCrkpgDteKCwandbCLCecuCvbvafofCJBdDyHdxwendfCIKEpBeaCebtafwendaCJCabmhmeK",107,0.990741,81,108,1,107,1,1,0,1,1,34,33,37,37,37,37,71
"6190",89,"[81]GjfffHdwaCrkpgDteKCwandbCLCecuCvbvafofCJBdDyHdxwendfCIKEpBeaCebtafwendaCJCabmhmeK",109,0.990909,81,110,1,109,1,1,0,1,1,42,41,29,29,39,39,71
"6191",90,"[81]GjfffHdwaCrkpgDteKCwandbCLCecuCvbvafofCJBdDyHdxwendfCIKEpBeaCebtafwendaCJCabmhmeK",106,0.981651,81,109,2,107,2,2,0,2,2,50,48,24,24,35,35,71
"6192",91,"[81]GjfffHdwaCrkpgDteKCwandbCLCecuCvbvafofCJBdDyHdxwendfCIKEpBeaCebtafwendaCJCabmhmeK",99,0.953704,81,108,5,103,5,5,0,5,5,37,32,40,40,31,31,71
"6193",92,"[81]GjfffHdwaCrkpgDteKCwandbCLCecuCvbvafofCJBdDyHdxwendfCIKEpBeaCebtafwendaCJCabmhmeK",103,0.990385,81,104,1,103,1,1,0,1,1,48,47,30,30,26,26,71
"6194",93,"[81]GjfffHdwaCrkpgDteKCwandbCLCecuCvbvafofCJBdDyHdxwendfCIKEpBeaCebtafwendaCJCabmhmeK",101,0.980769,81,104,2,102,2,2,0,2,2,31,29,47,47,26,26,71
"6195",94,"[81]GjfffHdwaCrkpgDteKCwandbCLCecuCvbvafofCJBdDyHdxwendfCIKEpBeaCebtafwendaCJCabmhmeK",104,0.990476,81,105,1,104,1,1,0,1,1,40,39,35,35,30,30,71
"6196",95,"[81]GjfffHdwaCrkpgDteKCwandbCLCecuCvbvafofCJBdDyHdxwendfCIKEpBeaCebtafwendaCJCabmhmeK",109,1,81,108,0,108,0,0,0,0,0,32,32,39,39,37,37,71
"6197",96,"[81]GjfffHdwaCrkpgDteKCwandbCLCecuCvbvafofCJBdDyHdxwendfCIKEpBeaCebtafwendaCJCabmhmeK",104,1,81,103,0,103,0,0,0,0,0,31,31,44,44,28,28,71
"6198",97,"[81]GjfffHdwaCrkpgDteKCwandbCLCecuCvbvafofCJBdDyHdxwendfCIKEpBeaCebtafwendaCJCabmhmeK",105,0.990566,81,106,1,105,1,1,0,1,1,33,32,40,40,33,33,71
"6199",98,"[81]GjfffHdwaCrkpgDteKCwandbCLCecuCvbvafofCJBdDyHdxwendfCIKEpBeaCebtafwendaCJCabmhmeK",105,0.990566,81,106,1,105,1,1,0,1,1,35,34,40,40,31,31,71
"6200",99,"[81]GjfffHdwaCrkpgDteKCwandbCLCecuCvbvafofCJBdDyHdxwendfCIKEpBeaCebtafwendaCJCabmhmeK",112,1,81,111,0,111,0,0,0,0,0,41,41,27,27,43,43,71
"6201",0,"[83]GCfaHdwaCJlzIuiBCxGewandbCLCebKdwafofCJBdeHdwendaCIKqllopatIEBeaCebxafwendaqJCabGeK",109,0.982143,83,112,2,110,2,2,0,2,2,31,29,46,46,35,35,72
"6202",1,"[83]GCfaHdwaCJlzIuiBCxGewandbCLCebKdwafofCJBdeHdwendaCIKqllopatIEBeaCebxafwendaqJCabGeK",112,1,83,111,0,111,0,0,0,0,0,43,43,36,36,32,32,72
"6203",2,"[83]GCfaHdwaCJlzIuiBCxGewandbCLCebKdwafofCJBdeHdwendaCIKqllopatIEBeaCebxafwendaqJCabGeK",118,1,83,117,0,117,0,0,0,0,0,41,41,35,35,41,41,72
"6204",3,"[83]GCfaHdwaCJlzIuiBCxGewandbCLCebKdwafofCJBdeHdwendaCIKqllopatIEBeaCebxafwendaqJCabGeK",108,0.957265,83,117,5,112,5,5,0,5,5,35,30,44,44,38,38,72
"6205",4,"[83]GCfaHdwaCJlzIuiBCxGewandbCLCebKdwafofCJBdeHdwendaCIKqllopatIEBeaCebxafwendaqJCabGeK",110,0.990991,83,111,1,110,1,1,0,1,1,39,38,39,39,33,33,72
"6206",5,"[83]GCfaHdwaCJlzIuiBCxGewandbCLCebKdwafofCJBdeHdwendaCIKqllopatIEBeaCebxafwendaqJCabGeK",114,1,83,113,0,113,0,0,0,0,0,35,35,39,39,39,39,72
"6207",6,"[83]GCfaHdwaCJlzIuiBCxGewandbCLCebKdwafofCJBdeHdwendaCIKqllopatIEBeaCebxafwendaqJCabGeK",109,0.973684,83,114,3,111,3,3,0,3,3,38,35,46,46,30,30,72
"6208",7,"[83]GCfaHdwaCJlzIuiBCxGewandbCLCebKdwafofCJBdeHdwendaCIKqllopatIEBeaCebxafwendaqJCabGeK",112,0.99115,83,113,1,112,1,1,0,1,1,46,45,32,32,35,35,72
"6209",8,"[83]GCfaHdwaCJlzIuiBCxGewandbCLCebKdwafofCJBdeHdwendaCIKqllopatIEBeaCebxafwendaqJCabGeK",119,0.991667,83,120,1,119,1,1,0,1,1,51,50,38,38,31,31,72
"6210",9,"[83]GCfaHdwaCJlzIuiBCxGewandbCLCebKdwafofCJBdeHdwendaCIKqllopatIEBeaCebxafwendaqJCabGeK",112,1,83,111,0,111,0,0,0,0,0,31,31,44,44,36,36,72
"6211",10,"[83]GCfaHdwaCJlzIuiBCxGewandbCLCebKdwafofCJBdeHdwendaCIKqllopatIEBeaCebxafwendaqJCabGeK",109,0.990909,83,110,1,109,1,1,0,1,1,50,49,34,34,26,26,72
"6212",11,"[83]GCfaHdwaCJlzIuiBCxGewandbCLCebKdwafofCJBdeHdwendaCIKqllopatIEBeaCebxafwendaqJCabGeK",111,0.974138,83,116,3,113,3,3,0,3,3,36,33,40,40,40,40,72
"6213",12,"[83]GCfaHdwaCJlzIuiBCxGewandbCLCebKdwafofCJBdeHdwendaCIKqllopatIEBeaCebxafwendaqJCabGeK",115,0.991379,83,116,1,115,1,1,0,1,1,38,37,40,40,38,38,72
"6214",13,"[83]GCfaHdwaCJlzIuiBCxGewandbCLCebKdwafofCJBdeHdwendaCIKqllopatIEBeaCebxafwendaqJCabGeK",116,0.991453,83,117,1,116,1,1,0,1,1,37,36,39,39,41,41,72
"6215",14,"[83]GCfaHdwaCJlzIuiBCxGewandbCLCebKdwafofCJBdeHdwendaCIKqllopatIEBeaCebxafwendaqJCabGeK",115,1,83,114,0,114,0,0,0,0,0,37,37,37,37,40,40,72
"6216",15,"[83]GCfaHdwaCJlzIuiBCxGewandbCLCebKdwafofCJBdeHdwendaCIKqllopatIEBeaCebxafwendaqJCabGeK",106,0.933884,83,121,8,113,8,8,0,8,8,42,34,39,39,40,40,72
"6217",16,"[83]GCfaHdwaCJlzIuiBCxGewandbCLCebKdwafofCJBdeHdwendaCIKqllopatIEBeaCebxafwendaqJCabGeK",113,1,83,112,0,112,0,0,0,0,0,46,46,32,32,34,34,72
"6218",17,"[83]GCfaHdwaCJlzIuiBCxGewandbCLCebKdwafofCJBdeHdwendaCIKqllopatIEBeaCebxafwendaqJCabGeK",114,1,83,113,0,113,0,0,0,0,0,37,37,40,40,36,36,72
"6219",18,"[83]GCfaHdwaCJlzIuiBCxGewandbCLCebKdwafofCJBdeHdwendaCIKqllopatIEBeaCebxafwendaqJCabGeK",107,0.973214,83,112,3,109,3,3,0,3,3,42,39,40,40,30,30,72
"6220",19,"[83]GCfaHdwaCJlzIuiBCxGewandbCLCebKdwafofCJBdeHdwendaCIKqllopatIEBeaCebxafwendaqJCabGeK",114,0.991304,83,115,1,114,1,1,0,1,1,49,48,32,32,34,34,72
"6221",20,"[83]GCfaHdwaCJlzIuiBCxGewandbCLCebKdwafofCJBdeHdwendaCIKqllopatIEBeaCebxafwendaqJCabGeK",116,1,83,115,0,115,0,0,0,0,0,33,33,41,41,41,41,72
"6222",21,"[83]GCfaHdwaCJlzIuiBCxGewandbCLCebKdwafofCJBdeHdwendaCIKqllopatIEBeaCebxafwendaqJCabGeK",111,0.958333,83,120,5,115,5,5,0,5,5,47,42,33,33,40,40,72
"6223",22,"[83]GCfaHdwaCJlzIuiBCxGewandbCLCebKdwafofCJBdeHdwendaCIKqllopatIEBeaCebxafwendaqJCabGeK",110,0.973913,83,115,3,112,3,3,0,3,3,43,40,38,38,34,34,72
"6224",23,"[83]GCfaHdwaCJlzIuiBCxGewandbCLCebKdwafofCJBdeHdwendaCIKqllopatIEBeaCebxafwendaqJCabGeK",110,1,83,109,0,109,0,0,0,0,0,40,40,40,40,29,29,72
"6225",24,"[83]GCfaHdwaCJlzIuiBCxGewandbCLCebKdwafofCJBdeHdwendaCIKqllopatIEBeaCebxafwendaqJCabGeK",114,1,83,113,0,113,0,0,0,0,0,37,37,38,38,38,38,72
"6226",25,"[83]GCfaHdwaCJlzIuiBCxGewandbCLCebKdwafofCJBdeHdwendaCIKqllopatIEBeaCebxafwendaqJCabGeK",109,1,83,108,0,108,0,0,0,0,0,41,41,40,40,27,27,72
"6227",26,"[83]GCfaHdwaCJlzIuiBCxGewandbCLCebKdwafofCJBdeHdwendaCIKqllopatIEBeaCebxafwendaqJCabGeK",119,0.983607,83,122,2,120,2,2,0,2,2,38,36,37,37,47,47,72
"6228",27,"[83]GCfaHdwaCJlzIuiBCxGewandbCLCebKdwafofCJBdeHdwendaCIKqllopatIEBeaCebxafwendaqJCabGeK",116,1,83,115,0,115,0,0,0,0,0,48,48,27,27,40,40,72
"6229",28,"[83]GCfaHdwaCJlzIuiBCxGewandbCLCebKdwafofCJBdeHdwendaCIKqllopatIEBeaCebxafwendaqJCabGeK",117,1,83,116,0,116,0,0,0,0,0,42,42,32,32,42,42,72
"6230",29,"[83]GCfaHdwaCJlzIuiBCxGewandbCLCebKdwafofCJBdeHdwendaCIKqllopatIEBeaCebxafwendaqJCabGeK",109,0.965517,83,116,4,112,4,4,0,4,4,47,43,33,33,36,36,72
"6231",30,"[83]GCfaHdwaCJlzIuiBCxGewandbCLCebKdwafofCJBdeHdwendaCIKqllopatIEBeaCebxafwendaqJCabGeK",121,1,83,120,0,120,0,0,0,0,0,45,45,27,27,48,48,72
"6232",31,"[83]GCfaHdwaCJlzIuiBCxGewandbCLCebKdwafofCJBdeHdwendaCIKqllopatIEBeaCebxafwendaqJCabGeK",116,0.991453,83,117,1,116,1,1,0,1,1,41,40,33,33,43,43,72
"6233",32,"[83]GCfaHdwaCJlzIuiBCxGewandbCLCebKdwafofCJBdeHdwendaCIKqllopatIEBeaCebxafwendaqJCabGeK",115,1,83,114,0,114,0,0,0,0,0,39,39,35,35,40,40,72
"6234",33,"[83]GCfaHdwaCJlzIuiBCxGewandbCLCebKdwafofCJBdeHdwendaCIKqllopatIEBeaCebxafwendaqJCabGeK",107,0.990741,83,108,1,107,1,1,0,1,1,43,42,39,39,26,26,72
"6235",34,"[83]GCfaHdwaCJlzIuiBCxGewandbCLCebKdwafofCJBdeHdwendaCIKqllopatIEBeaCebxafwendaqJCabGeK",110,0.990991,83,111,1,110,1,1,0,1,1,38,37,40,40,33,33,72
"6236",35,"[83]GCfaHdwaCJlzIuiBCxGewandbCLCebKdwafofCJBdeHdwendaCIKqllopatIEBeaCebxafwendaqJCabGeK",117,1,83,116,0,116,0,0,0,0,0,36,36,37,37,43,43,72
"6237",36,"[83]GCfaHdwaCJlzIuiBCxGewandbCLCebKdwafofCJBdeHdwendaCIKqllopatIEBeaCebxafwendaqJCabGeK",105,0.981481,83,108,2,106,2,2,0,2,2,40,38,43,43,25,25,72
"6238",37,"[83]GCfaHdwaCJlzIuiBCxGewandbCLCebKdwafofCJBdeHdwendaCIKqllopatIEBeaCebxafwendaqJCabGeK",111,0.991071,83,112,1,111,1,1,0,1,1,41,40,40,40,31,31,72
"6239",38,"[83]GCfaHdwaCJlzIuiBCxGewandbCLCebKdwafofCJBdeHdwendaCIKqllopatIEBeaCebxafwendaqJCabGeK",114,0.97479,83,119,3,116,3,3,0,3,3,37,34,39,39,43,43,72
"6240",39,"[83]GCfaHdwaCJlzIuiBCxGewandbCLCebKdwafofCJBdeHdwendaCIKqllopatIEBeaCebxafwendaqJCabGeK",115,0.983051,83,118,2,116,2,2,0,2,2,41,39,34,34,43,43,72
"6241",40,"[83]GCfaHdwaCJlzIuiBCxGewandbCLCebKdwafofCJBdeHdwendaCIKqllopatIEBeaCebxafwendaqJCabGeK",111,1,83,110,0,110,0,0,0,0,0,45,45,37,37,28,28,72
"6242",41,"[83]GCfaHdwaCJlzIuiBCxGewandbCLCebKdwafofCJBdeHdwendaCIKqllopatIEBeaCebxafwendaqJCabGeK",115,1,83,114,0,114,0,0,0,0,0,37,37,37,37,40,40,72
"6243",42,"[83]GCfaHdwaCJlzIuiBCxGewandbCLCebKdwafofCJBdeHdwendaCIKqllopatIEBeaCebxafwendaqJCabGeK",112,0.99115,83,113,1,112,1,1,0,1,1,39,38,37,37,37,37,72
"6244",43,"[83]GCfaHdwaCJlzIuiBCxGewandbCLCebKdwafofCJBdeHdwendaCIKqllopatIEBeaCebxafwendaqJCabGeK",111,0.991071,83,112,1,111,1,1,0,1,1,46,45,35,35,31,31,72
"6245",44,"[83]GCfaHdwaCJlzIuiBCxGewandbCLCebKdwafofCJBdeHdwendaCIKqllopatIEBeaCebxafwendaqJCabGeK",105,0.940678,83,118,7,111,7,7,0,7,7,38,31,46,46,34,34,72
"6246",45,"[83]GCfaHdwaCJlzIuiBCxGewandbCLCebKdwafofCJBdeHdwendaCIKqllopatIEBeaCebxafwendaqJCabGeK",118,0.983471,83,121,2,119,2,2,0,2,2,44,42,36,36,41,41,72
"6247",46,"[83]GCfaHdwaCJlzIuiBCxGewandbCLCebKdwafofCJBdeHdwendaCIKqllopatIEBeaCebxafwendaqJCabGeK",112,0.99115,83,113,1,112,1,1,0,1,1,42,41,41,41,30,30,72
"6248",47,"[83]GCfaHdwaCJlzIuiBCxGewandbCLCebKdwafofCJBdeHdwendaCIKqllopatIEBeaCebxafwendaqJCabGeK",115,1,83,114,0,114,0,0,0,0,0,45,45,37,37,32,32,72
"6249",48,"[83]GCfaHdwaCJlzIuiBCxGewandbCLCebKdwafofCJBdeHdwendaCIKqllopatIEBeaCebxafwendaqJCabGeK",116,0.991453,83,117,1,116,1,1,0,1,1,45,44,32,32,40,40,72
"6250",49,"[83]GCfaHdwaCJlzIuiBCxGewandbCLCebKdwafofCJBdeHdwendaCIKqllopatIEBeaCebxafwendaqJCabGeK",115,1,83,114,0,114,0,0,0,0,0,36,36,44,44,34,34,72
"6251",50,"[83]GCfaHdwaCJlzIuiBCxGewandbCLCebKdwafofCJBdeHdwendaCIKqllopatIEBeaCebxafwendaqJCabGeK",110,0.990991,83,111,1,110,1,1,0,1,1,47,46,34,34,30,30,72
"6252",51,"[83]GCfaHdwaCJlzIuiBCxGewandbCLCebKdwafofCJBdeHdwendaCIKqllopatIEBeaCebxafwendaqJCabGeK",118,1,83,117,0,117,0,0,0,0,0,36,36,38,38,43,43,72
"6253",52,"[83]GCfaHdwaCJlzIuiBCxGewandbCLCebKdwafofCJBdeHdwendaCIKqllopatIEBeaCebxafwendaqJCabGeK",108,0.973451,83,113,3,110,3,3,0,3,3,47,44,34,34,32,32,72
"6254",53,"[83]GCfaHdwaCJlzIuiBCxGewandbCLCebKdwafofCJBdeHdwendaCIKqllopatIEBeaCebxafwendaqJCabGeK",117,1,83,116,0,116,0,0,0,0,0,40,40,38,38,38,38,72
"6255",54,"[83]GCfaHdwaCJlzIuiBCxGewandbCLCebKdwafofCJBdeHdwendaCIKqllopatIEBeaCebxafwendaqJCabGeK",109,0.942623,83,122,7,115,7,7,0,7,7,43,36,34,34,45,45,72
"6256",55,"[83]GCfaHdwaCJlzIuiBCxGewandbCLCebKdwafofCJBdeHdwendaCIKqllopatIEBeaCebxafwendaqJCabGeK",112,0.99115,83,113,1,112,1,1,0,1,1,37,36,39,39,37,37,72
"6257",56,"[83]GCfaHdwaCJlzIuiBCxGewandbCLCebKdwafofCJBdeHdwendaCIKqllopatIEBeaCebxafwendaqJCabGeK",106,0.981651,83,109,2,107,2,2,0,2,2,51,49,34,34,24,24,72
"6258",57,"[83]GCfaHdwaCJlzIuiBCxGewandbCLCebKdwafofCJBdeHdwendaCIKqllopatIEBeaCebxafwendaqJCabGeK",115,0.983051,83,118,2,116,2,2,0,2,2,35,33,42,42,41,41,72
"6259",58,"[83]GCfaHdwaCJlzIuiBCxGewandbCLCebKdwafofCJBdeHdwendaCIKqllopatIEBeaCebxafwendaqJCabGeK",111,0.982456,83,114,2,112,2,2,0,2,2,41,39,38,38,35,35,72
"6260",59,"[83]GCfaHdwaCJlzIuiBCxGewandbCLCebKdwafofCJBdeHdwendaCIKqllopatIEBeaCebxafwendaqJCabGeK",119,0.991667,83,120,1,119,1,1,0,1,1,39,38,35,35,46,46,72
"6261",60,"[83]GCfaHdwaCJlzIuiBCxGewandbCLCebKdwafofCJBdeHdwendaCIKqllopatIEBeaCebxafwendaqJCabGeK",109,0.982143,83,112,2,110,2,2,0,2,2,42,40,39,39,31,31,72
"6262",61,"[83]GCfaHdwaCJlzIuiBCxGewandbCLCebKdwafofCJBdeHdwendaCIKqllopatIEBeaCebxafwendaqJCabGeK",119,1,83,118,0,118,0,0,0,0,0,39,39,38,38,41,41,72
"6263",62,"[83]GCfaHdwaCJlzIuiBCxGewandbCLCebKdwafofCJBdeHdwendaCIKqllopatIEBeaCebxafwendaqJCabGeK",120,0.991736,83,121,1,120,1,1,0,1,1,32,31,42,42,47,47,72
"6264",63,"[83]GCfaHdwaCJlzIuiBCxGewandbCLCebKdwafofCJBdeHdwendaCIKqllopatIEBeaCebxafwendaqJCabGeK",120,1,83,119,0,119,0,0,0,0,0,41,41,36,36,42,42,72
"6265",64,"[83]GCfaHdwaCJlzIuiBCxGewandbCLCebKdwafofCJBdeHdwendaCIKqllopatIEBeaCebxafwendaqJCabGeK",114,1,83,113,0,113,0,0,0,0,0,27,27,45,45,41,41,72
"6266",65,"[83]GCfaHdwaCJlzIuiBCxGewandbCLCebKdwafofCJBdeHdwendaCIKqllopatIEBeaCebxafwendaqJCabGeK",114,0.982906,83,117,2,115,2,2,0,2,2,38,36,38,38,41,41,72
"6267",66,"[83]GCfaHdwaCJlzIuiBCxGewandbCLCebKdwafofCJBdeHdwendaCIKqllopatIEBeaCebxafwendaqJCabGeK",114,0.97479,83,119,3,116,3,3,0,3,3,40,37,36,36,43,43,72
"6268",67,"[83]GCfaHdwaCJlzIuiBCxGewandbCLCebKdwafofCJBdeHdwendaCIKqllopatIEBeaCebxafwendaqJCabGeK",116,0.983193,83,119,2,117,2,2,0,2,2,40,38,33,33,46,46,72
"6269",68,"[83]GCfaHdwaCJlzIuiBCxGewandbCLCebKdwafofCJBdeHdwendaCIKqllopatIEBeaCebxafwendaqJCabGeK",119,1,83,118,0,118,0,0,0,0,0,34,34,36,36,48,48,72
"6270",69,"[83]GCfaHdwaCJlzIuiBCxGewandbCLCebKdwafofCJBdeHdwendaCIKqllopatIEBeaCebxafwendaqJCabGeK",114,0.991304,83,115,1,114,1,1,0,1,1,32,31,43,43,40,40,72
"6271",70,"[83]GCfaHdwaCJlzIuiBCxGewandbCLCebKdwafofCJBdeHdwendaCIKqllopatIEBeaCebxafwendaqJCabGeK",110,0.990991,83,111,1,110,1,1,0,1,1,35,34,43,43,33,33,72
"6272",71,"[83]GCfaHdwaCJlzIuiBCxGewandbCLCebKdwafofCJBdeHdwendaCIKqllopatIEBeaCebxafwendaqJCabGeK",121,1,83,120,0,120,0,0,0,0,0,34,34,36,36,50,50,72
"6273",72,"[83]GCfaHdwaCJlzIuiBCxGewandbCLCebKdwafofCJBdeHdwendaCIKqllopatIEBeaCebxafwendaqJCabGeK",118,1,83,117,0,117,0,0,0,0,0,39,39,33,33,45,45,72
"6274",73,"[83]GCfaHdwaCJlzIuiBCxGewandbCLCebKdwafofCJBdeHdwendaCIKqllopatIEBeaCebxafwendaqJCabGeK",113,0.982759,83,116,2,114,2,2,0,2,2,38,36,38,38,40,40,72
"6275",74,"[83]GCfaHdwaCJlzIuiBCxGewandbCLCebKdwafofCJBdeHdwendaCIKqllopatIEBeaCebxafwendaqJCabGeK",118,1,83,117,0,117,0,0,0,0,0,35,35,36,36,46,46,72
"6276",75,"[83]GCfaHdwaCJlzIuiBCxGewandbCLCebKdwafofCJBdeHdwendaCIKqllopatIEBeaCebxafwendaqJCabGeK",116,0.983193,83,119,2,117,2,2,0,2,2,32,30,44,44,43,43,72
"6277",76,"[83]GCfaHdwaCJlzIuiBCxGewandbCLCebKdwafofCJBdeHdwendaCIKqllopatIEBeaCebxafwendaqJCabGeK",113,1,83,112,0,112,0,0,0,0,0,40,40,39,39,33,33,72
"6278",77,"[83]GCfaHdwaCJlzIuiBCxGewandbCLCebKdwafofCJBdeHdwendaCIKqllopatIEBeaCebxafwendaqJCabGeK",120,1,83,119,0,119,0,0,0,0,0,47,47,38,38,34,34,72
"6279",78,"[83]GCfaHdwaCJlzIuiBCxGewandbCLCebKdwafofCJBdeHdwendaCIKqllopatIEBeaCebxafwendaqJCabGeK",127,1,83,126,0,126,0,0,0,0,0,43,43,42,42,41,41,72
"6280",79,"[83]GCfaHdwaCJlzIuiBCxGewandbCLCebKdwafofCJBdeHdwendaCIKqllopatIEBeaCebxafwendaqJCabGeK",117,1,83,116,0,116,0,0,0,0,0,38,38,39,39,39,39,72
"6281",80,"[83]GCfaHdwaCJlzIuiBCxGewandbCLCebKdwafofCJBdeHdwendaCIKqllopatIEBeaCebxafwendaqJCabGeK",111,1,83,110,0,110,0,0,0,0,0,42,42,37,37,31,31,72
"6282",81,"[83]GCfaHdwaCJlzIuiBCxGewandbCLCebKdwafofCJBdeHdwendaCIKqllopatIEBeaCebxafwendaqJCabGeK",116,0.983193,83,119,2,117,2,2,0,2,2,38,36,34,34,47,47,72
"6283",82,"[83]GCfaHdwaCJlzIuiBCxGewandbCLCebKdwafofCJBdeHdwendaCIKqllopatIEBeaCebxafwendaqJCabGeK",118,0.991597,83,119,1,118,1,1,0,1,1,30,29,43,43,46,46,72
"6284",83,"[83]GCfaHdwaCJlzIuiBCxGewandbCLCebKdwafofCJBdeHdwendaCIKqllopatIEBeaCebxafwendaqJCabGeK",112,1,83,111,0,111,0,0,0,0,0,35,35,42,42,34,34,72
"6285",84,"[83]GCfaHdwaCJlzIuiBCxGewandbCLCebKdwafofCJBdeHdwendaCIKqllopatIEBeaCebxafwendaqJCabGeK",110,0.990991,83,111,1,110,1,1,0,1,1,33,32,44,44,34,34,72
"6286",85,"[83]GCfaHdwaCJlzIuiBCxGewandbCLCebKdwafofCJBdeHdwendaCIKqllopatIEBeaCebxafwendaqJCabGeK",107,0.941667,83,120,7,113,7,7,0,7,7,39,32,39,39,42,42,72
"6287",86,"[83]GCfaHdwaCJlzIuiBCxGewandbCLCebKdwafofCJBdeHdwendaCIKqllopatIEBeaCebxafwendaqJCabGeK",114,0.991304,83,115,1,114,1,1,0,1,1,50,49,29,29,36,36,72
"6288",87,"[83]GCfaHdwaCJlzIuiBCxGewandbCLCebKdwafofCJBdeHdwendaCIKqllopatIEBeaCebxafwendaqJCabGeK",109,1,83,108,0,108,0,0,0,0,0,34,34,44,44,30,30,72
"6289",88,"[83]GCfaHdwaCJlzIuiBCxGewandbCLCebKdwafofCJBdeHdwendaCIKqllopatIEBeaCebxafwendaqJCabGeK",111,0.966102,83,118,4,114,4,4,0,4,4,40,36,44,44,34,34,72
"6290",89,"[83]GCfaHdwaCJlzIuiBCxGewandbCLCebKdwafofCJBdeHdwendaCIKqllopatIEBeaCebxafwendaqJCabGeK",101,0.923729,83,118,9,109,9,9,0,9,9,36,27,46,46,36,36,72
"6291",90,"[83]GCfaHdwaCJlzIuiBCxGewandbCLCebKdwafofCJBdeHdwendaCIKqllopatIEBeaCebxafwendaqJCabGeK",115,0.991379,83,116,1,115,1,1,0,1,1,48,47,29,29,39,39,72
"6292",91,"[83]GCfaHdwaCJlzIuiBCxGewandbCLCebKdwafofCJBdeHdwendaCIKqllopatIEBeaCebxafwendaqJCabGeK",112,0.982609,83,115,2,113,2,2,0,2,2,46,44,32,32,37,37,72
"6293",92,"[83]GCfaHdwaCJlzIuiBCxGewandbCLCebKdwafofCJBdeHdwendaCIKqllopatIEBeaCebxafwendaqJCabGeK",119,0.991667,83,120,1,119,1,1,0,1,1,40,39,36,36,44,44,72
"6294",93,"[83]GCfaHdwaCJlzIuiBCxGewandbCLCebKdwafofCJBdeHdwendaCIKqllopatIEBeaCebxafwendaqJCabGeK",126,1,83,125,0,125,0,0,0,0,0,36,36,43,43,46,46,72
"6295",94,"[83]GCfaHdwaCJlzIuiBCxGewandbCLCebKdwafofCJBdeHdwendaCIKqllopatIEBeaCebxafwendaqJCabGeK",113,0.991228,83,114,1,113,1,1,0,1,1,45,44,35,35,34,34,72
"6296",95,"[83]GCfaHdwaCJlzIuiBCxGewandbCLCebKdwafofCJBdeHdwendaCIKqllopatIEBeaCebxafwendaqJCabGeK",112,1,83,111,0,111,0,0,0,0,0,36,36,41,41,34,34,72
"6297",96,"[83]GCfaHdwaCJlzIuiBCxGewandbCLCebKdwafofCJBdeHdwendaCIKqllopatIEBeaCebxafwendaqJCabGeK",113,1,83,112,0,112,0,0,0,0,0,42,42,36,36,34,34,72
"6298",97,"[83]GCfaHdwaCJlzIuiBCxGewandbCLCebKdwafofCJBdeHdwendaCIKqllopatIEBeaCebxafwendaqJCabGeK",112,0.99115,83,113,1,112,1,1,0,1,1,34,33,43,43,36,36,72
"6299",98,"[83]GCfaHdwaCJlzIuiBCxGewandbCLCebKdwafofCJBdeHdwendaCIKqllopatIEBeaCebxafwendaqJCabGeK",113,1,83,112,0,112,0,0,0,0,0,39,39,38,38,35,35,72
"6300",99,"[83]GCfaHdwaCJlzIuiBCxGewandbCLCebKdwafofCJBdeHdwendaCIKqllopatIEBeaCebxafwendaqJCabGeK",107,0.973214,83,112,3,109,3,3,0,3,3,38,35,43,43,31,31,72
"6301",0,"[81]GjfffHdwaCHrBwzLKhlwafndbCLCabbunwafocaCJBdHdwbndaCIKCebFDfBeaCtiafwenadqJCafJweK",118,0.983471,81,121,2,119,2,2,0,2,2,42,40,29,29,50,50,73
"6302",1,"[81]GjfffHdwaCHrBwzLKhlwafndbCLCabbunwafocaCJBdHdwbndaCIKCebFDfBeaCtiafwenadqJCafJweK",111,1,81,110,0,110,0,0,0,0,0,35,35,41,41,34,34,73
"6303",2,"[81]GjfffHdwaCHrBwzLKhlwafndbCLCabbunwafocaCJBdHdwbndaCIKCebFDfBeaCtiafwenadqJCafJweK",110,0.990991,81,111,1,110,1,1,0,1,1,36,35,42,42,33,33,73
"6304",3,"[81]GjfffHdwaCHrBwzLKhlwafndbCLCabbunwafocaCJBdHdwbndaCIKCebFDfBeaCtiafwenadqJCafJweK",117,0.983333,81,120,2,118,2,2,0,2,2,38,36,34,34,48,48,73
"6305",4,"[81]GjfffHdwaCHrBwzLKhlwafndbCLCabbunwafocaCJBdHdwbndaCIKCebFDfBeaCtiafwenadqJCafJweK",113,1,81,112,0,112,0,0,0,0,0,29,29,48,48,35,35,73
"6306",5,"[81]GjfffHdwaCHrBwzLKhlwafndbCLCabbunwafocaCJBdHdwbndaCIKCebFDfBeaCtiafwenadqJCafJweK",115,0.991379,81,116,1,115,1,1,0,1,1,28,27,43,43,45,45,73
"6307",6,"[81]GjfffHdwaCHrBwzLKhlwafndbCLCabbunwafocaCJBdHdwbndaCIKCebFDfBeaCtiafwenadqJCafJweK",114,0.991304,81,115,1,114,1,1,0,1,1,35,34,42,42,38,38,73
"6308",7,"[81]GjfffHdwaCHrBwzLKhlwafndbCLCabbunwafocaCJBdHdwbndaCIKCebFDfBeaCtiafwenadqJCafJweK",111,0.991071,81,112,1,111,1,1,0,1,1,40,39,37,37,35,35,73
"6309",8,"[81]GjfffHdwaCHrBwzLKhlwafndbCLCabbunwafocaCJBdHdwbndaCIKCebFDfBeaCtiafwenadqJCafJweK",110,0.990991,81,111,1,110,1,1,0,1,1,34,33,44,44,33,33,73
"6310",9,"[81]GjfffHdwaCHrBwzLKhlwafndbCLCabbunwafocaCJBdHdwbndaCIKCebFDfBeaCtiafwenadqJCafJweK",111,0.991071,81,112,1,111,1,1,0,1,1,41,40,36,36,35,35,73
"6311",10,"[81]GjfffHdwaCHrBwzLKhlwafndbCLCabbunwafocaCJBdHdwbndaCIKCebFDfBeaCtiafwenadqJCafJweK",108,0.981982,81,111,2,109,2,2,0,2,2,40,38,39,39,32,32,73
"6312",11,"[81]GjfffHdwaCHrBwzLKhlwafndbCLCabbunwafocaCJBdHdwbndaCIKCebFDfBeaCtiafwenadqJCafJweK",111,1,81,110,0,110,0,0,0,0,0,33,33,44,44,33,33,73
"6313",12,"[81]GjfffHdwaCHrBwzLKhlwafndbCLCabbunwafocaCJBdHdwbndaCIKCebFDfBeaCtiafwenadqJCafJweK",113,1,81,112,0,112,0,0,0,0,0,26,26,46,46,40,40,73
"6314",13,"[81]GjfffHdwaCHrBwzLKhlwafndbCLCabbunwafocaCJBdHdwbndaCIKCebFDfBeaCtiafwenadqJCafJweK",116,1,81,115,0,115,0,0,0,0,0,31,31,42,42,42,42,73
"6315",14,"[81]GjfffHdwaCHrBwzLKhlwafndbCLCabbunwafocaCJBdHdwbndaCIKCebFDfBeaCtiafwenadqJCafJweK",119,1,81,118,0,118,0,0,0,0,0,33,33,42,42,43,43,73
"6316",15,"[81]GjfffHdwaCHrBwzLKhlwafndbCLCabbunwafocaCJBdHdwbndaCIKCebFDfBeaCtiafwenadqJCafJweK",114,0.991304,81,115,1,114,1,1,0,1,1,40,39,39,39,36,36,73
"6317",16,"[81]GjfffHdwaCHrBwzLKhlwafndbCLCabbunwafocaCJBdHdwbndaCIKCebFDfBeaCtiafwenadqJCafJweK",112,0.974359,81,117,3,114,3,3,0,3,3,42,39,37,37,38,38,73
"6318",17,"[81]GjfffHdwaCHrBwzLKhlwafndbCLCabbunwafocaCJBdHdwbndaCIKCebFDfBeaCtiafwenadqJCafJweK",110,0.982301,81,113,2,111,2,2,0,2,2,32,30,44,44,37,37,73
"6319",18,"[81]GjfffHdwaCHrBwzLKhlwafndbCLCabbunwafocaCJBdHdwbndaCIKCebFDfBeaCtiafwenadqJCafJweK",113,1,81,112,0,112,0,0,0,0,0,44,44,34,34,34,34,73
"6320",19,"[81]GjfffHdwaCHrBwzLKhlwafndbCLCabbunwafocaCJBdHdwbndaCIKCebFDfBeaCtiafwenadqJCafJweK",115,0.991379,81,116,1,115,1,1,0,1,1,43,42,36,36,37,37,73
"6321",20,"[81]GjfffHdwaCHrBwzLKhlwafndbCLCabbunwafocaCJBdHdwbndaCIKCebFDfBeaCtiafwenadqJCafJweK",103,0.955357,81,112,5,107,5,5,0,5,5,34,29,50,50,28,28,73
"6322",21,"[81]GjfffHdwaCHrBwzLKhlwafndbCLCabbunwafocaCJBdHdwbndaCIKCebFDfBeaCtiafwenadqJCafJweK",124,1,81,123,0,123,0,0,0,0,0,37,37,35,35,51,51,73
"6323",22,"[81]GjfffHdwaCHrBwzLKhlwafndbCLCabbunwafocaCJBdHdwbndaCIKCebFDfBeaCtiafwenadqJCafJweK",114,0.991304,81,115,1,114,1,1,0,1,1,36,35,41,41,38,38,73
"6324",23,"[81]GjfffHdwaCHrBwzLKhlwafndbCLCabbunwafocaCJBdHdwbndaCIKCebFDfBeaCtiafwenadqJCafJweK",109,1,81,108,0,108,0,0,0,0,0,35,35,43,43,30,30,73
"6325",24,"[81]GjfffHdwaCHrBwzLKhlwafndbCLCabbunwafocaCJBdHdwbndaCIKCebFDfBeaCtiafwenadqJCafJweK",115,0.991379,81,116,1,115,1,1,0,1,1,30,29,42,42,44,44,73
"6326",25,"[81]GjfffHdwaCHrBwzLKhlwafndbCLCabbunwafocaCJBdHdwbndaCIKCebFDfBeaCtiafwenadqJCafJweK",115,1,81,114,0,114,0,0,0,0,0,40,40,37,37,37,37,73
"6327",26,"[81]GjfffHdwaCHrBwzLKhlwafndbCLCabbunwafocaCJBdHdwbndaCIKCebFDfBeaCtiafwenadqJCafJweK",113,0.982759,81,116,2,114,2,2,0,2,2,36,34,38,38,42,42,73
"6328",27,"[81]GjfffHdwaCHrBwzLKhlwafndbCLCabbunwafocaCJBdHdwbndaCIKCebFDfBeaCtiafwenadqJCafJweK",124,1,81,123,0,123,0,0,0,0,0,42,42,36,36,45,45,73
"6329",28,"[81]GjfffHdwaCHrBwzLKhlwafndbCLCabbunwafocaCJBdHdwbndaCIKCebFDfBeaCtiafwenadqJCafJweK",114,0.982906,81,117,2,115,2,2,0,2,2,42,40,41,41,34,34,73
"6330",29,"[81]GjfffHdwaCHrBwzLKhlwafndbCLCabbunwafocaCJBdHdwbndaCIKCebFDfBeaCtiafwenadqJCafJweK",109,0.965517,81,116,4,112,4,4,0,4,4,29,25,47,47,40,40,73
"6331",30,"[81]GjfffHdwaCHrBwzLKhlwafndbCLCabbunwafocaCJBdHdwbndaCIKCebFDfBeaCtiafwenadqJCafJweK",114,0.991304,81,115,1,114,1,1,0,1,1,35,34,38,38,42,42,73
"6332",31,"[81]GjfffHdwaCHrBwzLKhlwafndbCLCabbunwafocaCJBdHdwbndaCIKCebFDfBeaCtiafwenadqJCafJweK",113,0.974576,81,118,3,115,3,3,0,3,3,47,44,36,36,35,35,73
"6333",32,"[81]GjfffHdwaCHrBwzLKhlwafndbCLCabbunwafocaCJBdHdwbndaCIKCebFDfBeaCtiafwenadqJCafJweK",116,1,81,115,0,115,0,0,0,0,0,38,38,36,36,41,41,73
"6334",33,"[81]GjfffHdwaCHrBwzLKhlwafndbCLCabbunwafocaCJBdHdwbndaCIKCebFDfBeaCtiafwenadqJCafJweK",118,0.991597,81,119,1,118,1,1,0,1,1,40,39,35,35,44,44,73
"6335",34,"[81]GjfffHdwaCHrBwzLKhlwafndbCLCabbunwafocaCJBdHdwbndaCIKCebFDfBeaCtiafwenadqJCafJweK",115,0.991379,81,116,1,115,1,1,0,1,1,34,33,44,44,38,38,73
"6336",35,"[81]GjfffHdwaCHrBwzLKhlwafndbCLCabbunwafocaCJBdHdwbndaCIKCebFDfBeaCtiafwenadqJCafJweK",115,0.991379,81,116,1,115,1,1,0,1,1,47,46,37,37,32,32,73
"6337",36,"[81]GjfffHdwaCHrBwzLKhlwafndbCLCabbunwafocaCJBdHdwbndaCIKCebFDfBeaCtiafwenadqJCafJweK",109,0.957627,81,118,5,113,5,5,0,5,5,41,36,43,43,34,34,73
"6338",37,"[81]GjfffHdwaCHrBwzLKhlwafndbCLCabbunwafocaCJBdHdwbndaCIKCebFDfBeaCtiafwenadqJCafJweK",116,1,81,115,0,115,0,0,0,0,0,29,29,48,48,38,38,73
"6339",38,"[81]GjfffHdwaCHrBwzLKhlwafndbCLCabbunwafocaCJBdHdwbndaCIKCebFDfBeaCtiafwenadqJCafJweK",112,0.99115,81,113,1,112,1,1,0,1,1,42,41,36,36,35,35,73
"6340",39,"[81]GjfffHdwaCHrBwzLKhlwafndbCLCabbunwafocaCJBdHdwbndaCIKCebFDfBeaCtiafwenadqJCafJweK",115,1,81,114,0,114,0,0,0,0,0,40,40,42,42,32,32,73
"6341",40,"[81]GjfffHdwaCHrBwzLKhlwafndbCLCabbunwafocaCJBdHdwbndaCIKCebFDfBeaCtiafwenadqJCafJweK",112,0.99115,81,113,1,112,1,1,0,1,1,39,38,39,39,35,35,73
"6342",41,"[81]GjfffHdwaCHrBwzLKhlwafndbCLCabbunwafocaCJBdHdwbndaCIKCebFDfBeaCtiafwenadqJCafJweK",113,1,81,112,0,112,0,0,0,0,0,42,42,34,34,36,36,73
"6343",42,"[81]GjfffHdwaCHrBwzLKhlwafndbCLCabbunwafocaCJBdHdwbndaCIKCebFDfBeaCtiafwenadqJCafJweK",108,1,81,107,0,107,0,0,0,0,0,42,42,41,41,24,24,73
"6344",43,"[81]GjfffHdwaCHrBwzLKhlwafndbCLCabbunwafocaCJBdHdwbndaCIKCebFDfBeaCtiafwenadqJCafJweK",106,0.990654,81,107,1,106,1,1,0,1,1,39,38,42,42,26,26,73
"6345",44,"[81]GjfffHdwaCHrBwzLKhlwafndbCLCabbunwafocaCJBdHdwbndaCIKCebFDfBeaCtiafwenadqJCafJweK",112,1,81,111,0,111,0,0,0,0,0,46,46,35,35,30,30,73
"6346",45,"[81]GjfffHdwaCHrBwzLKhlwafndbCLCabbunwafocaCJBdHdwbndaCIKCebFDfBeaCtiafwenadqJCafJweK",112,0.99115,81,113,1,112,1,1,0,1,1,41,40,37,37,35,35,73
"6347",46,"[81]GjfffHdwaCHrBwzLKhlwafndbCLCabbunwafocaCJBdHdwbndaCIKCebFDfBeaCtiafwenadqJCafJweK",117,0.97541,81,122,3,119,3,3,0,3,3,36,33,35,35,51,51,73
"6348",47,"[81]GjfffHdwaCHrBwzLKhlwafndbCLCabbunwafocaCJBdHdwbndaCIKCebFDfBeaCtiafwenadqJCafJweK",114,0.991304,81,115,1,114,1,1,0,1,1,41,40,35,35,39,39,73
"6349",48,"[81]GjfffHdwaCHrBwzLKhlwafndbCLCabbunwafocaCJBdHdwbndaCIKCebFDfBeaCtiafwenadqJCafJweK",110,0.982301,81,113,2,111,2,2,0,2,2,40,38,42,42,31,31,73
"6350",49,"[81]GjfffHdwaCHrBwzLKhlwafndbCLCabbunwafocaCJBdHdwbndaCIKCebFDfBeaCtiafwenadqJCafJweK",112,0.966387,81,119,4,115,4,4,0,4,4,44,40,36,36,39,39,73
"6351",50,"[81]GjfffHdwaCHrBwzLKhlwafndbCLCabbunwafocaCJBdHdwbndaCIKCebFDfBeaCtiafwenadqJCafJweK",114,1,81,113,0,113,0,0,0,0,0,38,38,37,37,38,38,73
"6352",51,"[81]GjfffHdwaCHrBwzLKhlwafndbCLCabbunwafocaCJBdHdwbndaCIKCebFDfBeaCtiafwenadqJCafJweK",110,0.990991,81,111,1,110,1,1,0,1,1,45,44,36,36,30,30,73
"6353",52,"[81]GjfffHdwaCHrBwzLKhlwafndbCLCabbunwafocaCJBdHdwbndaCIKCebFDfBeaCtiafwenadqJCafJweK",116,0.991453,81,117,1,116,1,1,0,1,1,33,32,41,41,43,43,73
"6354",53,"[81]GjfffHdwaCHrBwzLKhlwafndbCLCabbunwafocaCJBdHdwbndaCIKCebFDfBeaCtiafwenadqJCafJweK",111,1,81,110,0,110,0,0,0,0,0,38,38,39,39,33,33,73
"6355",54,"[81]GjfffHdwaCHrBwzLKhlwafndbCLCabbunwafocaCJBdHdwbndaCIKCebFDfBeaCtiafwenadqJCafJweK",119,0.991667,81,120,1,119,1,1,0,1,1,48,47,32,32,40,40,73
"6356",55,"[81]GjfffHdwaCHrBwzLKhlwafndbCLCabbunwafocaCJBdHdwbndaCIKCebFDfBeaCtiafwenadqJCafJweK",117,0.983333,81,120,2,118,2,2,0,2,2,42,40,35,35,43,43,73
"6357",56,"[81]GjfffHdwaCHrBwzLKhlwafndbCLCabbunwafocaCJBdHdwbndaCIKCebFDfBeaCtiafwenadqJCafJweK",116,0.991453,81,117,1,116,1,1,0,1,1,36,35,43,43,38,38,73
"6358",57,"[81]GjfffHdwaCHrBwzLKhlwafndbCLCabbunwafocaCJBdHdwbndaCIKCebFDfBeaCtiafwenadqJCafJweK",125,1,81,124,0,124,0,0,0,0,0,39,39,33,33,52,52,73
"6359",58,"[81]GjfffHdwaCHrBwzLKhlwafndbCLCabbunwafocaCJBdHdwbndaCIKCebFDfBeaCtiafwenadqJCafJweK",114,0.991304,81,115,1,114,1,1,0,1,1,31,30,43,43,41,41,73
"6360",59,"[81]GjfffHdwaCHrBwzLKhlwafndbCLCabbunwafocaCJBdHdwbndaCIKCebFDfBeaCtiafwenadqJCafJweK",113,0.982759,81,116,2,114,2,2,0,2,2,32,30,42,42,42,42,73
"6361",60,"[81]GjfffHdwaCHrBwzLKhlwafndbCLCabbunwafocaCJBdHdwbndaCIKCebFDfBeaCtiafwenadqJCafJweK",113,1,81,112,0,112,0,0,0,0,0,39,39,38,38,35,35,73
"6362",61,"[81]GjfffHdwaCHrBwzLKhlwafndbCLCabbunwafocaCJBdHdwbndaCIKCebFDfBeaCtiafwenadqJCafJweK",116,0.983193,81,119,2,117,2,2,0,2,2,38,36,38,38,43,43,73
"6363",62,"[81]GjfffHdwaCHrBwzLKhlwafndbCLCabbunwafocaCJBdHdwbndaCIKCebFDfBeaCtiafwenadqJCafJweK",117,1,81,116,0,116,0,0,0,0,0,34,34,39,39,43,43,73
"6364",63,"[81]GjfffHdwaCHrBwzLKhlwafndbCLCabbunwafocaCJBdHdwbndaCIKCebFDfBeaCtiafwenadqJCafJweK",117,0.991525,81,118,1,117,1,1,0,1,1,36,35,38,38,44,44,73
"6365",64,"[81]GjfffHdwaCHrBwzLKhlwafndbCLCabbunwafocaCJBdHdwbndaCIKCebFDfBeaCtiafwenadqJCafJweK",116,0.983193,81,119,2,117,2,2,0,2,2,40,38,36,36,43,43,73
"6366",65,"[81]GjfffHdwaCHrBwzLKhlwafndbCLCabbunwafocaCJBdHdwbndaCIKCebFDfBeaCtiafwenadqJCafJweK",117,1,81,116,0,116,0,0,0,0,0,36,36,40,40,40,40,73
"6367",66,"[81]GjfffHdwaCHrBwzLKhlwafndbCLCabbunwafocaCJBdHdwbndaCIKCebFDfBeaCtiafwenadqJCafJweK",121,0.991803,81,122,1,121,1,1,0,1,1,47,46,31,31,44,44,73
"6368",67,"[81]GjfffHdwaCHrBwzLKhlwafndbCLCabbunwafocaCJBdHdwbndaCIKCebFDfBeaCtiafwenadqJCafJweK",116,0.96748,81,123,4,119,4,4,0,4,4,39,35,36,36,48,48,73
"6369",68,"[81]GjfffHdwaCHrBwzLKhlwafndbCLCabbunwafocaCJBdHdwbndaCIKCebFDfBeaCtiafwenadqJCafJweK",113,0.991228,81,114,1,113,1,1,0,1,1,42,41,34,34,38,38,73
"6370",69,"[81]GjfffHdwaCHrBwzLKhlwafndbCLCabbunwafocaCJBdHdwbndaCIKCebFDfBeaCtiafwenadqJCafJweK",110,0.965812,81,117,4,113,4,4,0,4,4,38,34,43,43,36,36,73
"6371",70,"[81]GjfffHdwaCHrBwzLKhlwafndbCLCabbunwafocaCJBdHdwbndaCIKCebFDfBeaCtiafwenadqJCafJweK",107,0.949153,81,118,6,112,6,6,0,6,6,43,37,41,41,34,34,73
"6372",71,"[81]GjfffHdwaCHrBwzLKhlwafndbCLCabbunwafocaCJBdHdwbndaCIKCebFDfBeaCtiafwenadqJCafJweK",117,1,81,116,0,116,0,0,0,0,0,37,37,37,37,42,42,73
"6373",72,"[81]GjfffHdwaCHrBwzLKhlwafndbCLCabbunwafocaCJBdHdwbndaCIKCebFDfBeaCtiafwenadqJCafJweK",119,1,81,118,0,118,0,0,0,0,0,41,41,34,34,43,43,73
"6374",73,"[81]GjfffHdwaCHrBwzLKhlwafndbCLCabbunwafocaCJBdHdwbndaCIKCebFDfBeaCtiafwenadqJCafJweK",114,1,81,113,0,113,0,0,0,0,0,45,45,31,31,37,37,73
"6375",74,"[81]GjfffHdwaCHrBwzLKhlwafndbCLCabbunwafocaCJBdHdwbndaCIKCebFDfBeaCtiafwenadqJCafJweK",111,0.982456,81,114,2,112,2,2,0,2,2,44,42,34,34,36,36,73
"6376",75,"[81]GjfffHdwaCHrBwzLKhlwafndbCLCabbunwafocaCJBdHdwbndaCIKCebFDfBeaCtiafwenadqJCafJweK",114,1,81,113,0,113,0,0,0,0,0,38,38,38,38,37,37,73
"6377",76,"[81]GjfffHdwaCHrBwzLKhlwafndbCLCabbunwafocaCJBdHdwbndaCIKCebFDfBeaCtiafwenadqJCafJweK",112,0.966387,81,119,4,115,4,4,0,4,4,45,41,41,41,33,33,73
"6378",77,"[81]GjfffHdwaCHrBwzLKhlwafndbCLCabbunwafocaCJBdHdwbndaCIKCebFDfBeaCtiafwenadqJCafJweK",111,0.958333,81,120,5,115,5,5,0,5,5,39,34,37,37,44,44,73
"6379",78,"[81]GjfffHdwaCHrBwzLKhlwafndbCLCabbunwafocaCJBdHdwbndaCIKCebFDfBeaCtiafwenadqJCafJweK",113,0.991228,81,114,1,113,1,1,0,1,1,31,30,42,42,41,41,73
"6380",79,"[81]GjfffHdwaCHrBwzLKhlwafndbCLCabbunwafocaCJBdHdwbndaCIKCebFDfBeaCtiafwenadqJCafJweK",121,1,81,120,0,120,0,0,0,0,0,37,37,32,32,51,51,73
"6381",80,"[81]GjfffHdwaCHrBwzLKhlwafndbCLCabbunwafocaCJBdHdwbndaCIKCebFDfBeaCtiafwenadqJCafJweK",110,1,81,109,0,109,0,0,0,0,0,44,44,40,40,25,25,73
"6382",81,"[81]GjfffHdwaCHrBwzLKhlwafndbCLCabbunwafocaCJBdHdwbndaCIKCebFDfBeaCtiafwenadqJCafJweK",113,1,81,112,0,112,0,0,0,0,0,36,36,39,39,37,37,73
"6383",82,"[81]GjfffHdwaCHrBwzLKhlwafndbCLCabbunwafocaCJBdHdwbndaCIKCebFDfBeaCtiafwenadqJCafJweK",117,1,81,116,0,116,0,0,0,0,0,42,42,36,36,38,38,73
"6384",83,"[81]GjfffHdwaCHrBwzLKhlwafndbCLCabbunwafocaCJBdHdwbndaCIKCebFDfBeaCtiafwenadqJCafJweK",113,1,81,112,0,112,0,0,0,0,0,31,31,43,43,38,38,73
"6385",84,"[81]GjfffHdwaCHrBwzLKhlwafndbCLCabbunwafocaCJBdHdwbndaCIKCebFDfBeaCtiafwenadqJCafJweK",115,1,81,114,0,114,0,0,0,0,0,40,40,37,37,37,37,73
"6386",85,"[81]GjfffHdwaCHrBwzLKhlwafndbCLCabbunwafocaCJBdHdwbndaCIKCebFDfBeaCtiafwenadqJCafJweK",112,0.982609,81,115,2,113,2,2,0,2,2,35,33,45,45,35,35,73
"6387",86,"[81]GjfffHdwaCHrBwzLKhlwafndbCLCabbunwafocaCJBdHdwbndaCIKCebFDfBeaCtiafwenadqJCafJweK",113,1,81,112,0,112,0,0,0,0,0,44,44,37,37,31,31,73
"6388",87,"[81]GjfffHdwaCHrBwzLKhlwafndbCLCabbunwafocaCJBdHdwbndaCIKCebFDfBeaCtiafwenadqJCafJweK",113,0.991228,81,114,1,113,1,1,0,1,1,41,40,37,37,36,36,73
"6389",88,"[81]GjfffHdwaCHrBwzLKhlwafndbCLCabbunwafocaCJBdHdwbndaCIKCebFDfBeaCtiafwenadqJCafJweK",114,1,81,113,0,113,0,0,0,0,0,44,44,33,33,36,36,73
"6390",89,"[81]GjfffHdwaCHrBwzLKhlwafndbCLCabbunwafocaCJBdHdwbndaCIKCebFDfBeaCtiafwenadqJCafJweK",115,0.991379,81,116,1,115,1,1,0,1,1,46,45,32,32,38,38,73
"6391",90,"[81]GjfffHdwaCHrBwzLKhlwafndbCLCabbunwafocaCJBdHdwbndaCIKCebFDfBeaCtiafwenadqJCafJweK",113,0.974576,81,118,3,115,3,3,0,3,3,40,37,38,38,40,40,73
"6392",91,"[81]GjfffHdwaCHrBwzLKhlwafndbCLCabbunwafocaCJBdHdwbndaCIKCebFDfBeaCtiafwenadqJCafJweK",108,0.990826,81,109,1,108,1,1,0,1,1,42,41,41,41,26,26,73
"6393",92,"[81]GjfffHdwaCHrBwzLKhlwafndbCLCabbunwafocaCJBdHdwbndaCIKCebFDfBeaCtiafwenadqJCafJweK",110,0.982301,81,113,2,111,2,2,0,2,2,38,36,43,43,32,32,73
"6394",93,"[81]GjfffHdwaCHrBwzLKhlwafndbCLCabbunwafocaCJBdHdwbndaCIKCebFDfBeaCtiafwenadqJCafJweK",114,1,81,113,0,113,0,0,0,0,0,41,41,39,39,33,33,73
"6395",94,"[81]GjfffHdwaCHrBwzLKhlwafndbCLCabbunwafocaCJBdHdwbndaCIKCebFDfBeaCtiafwenadqJCafJweK",118,1,81,117,0,117,0,0,0,0,0,38,38,34,34,45,45,73
"6396",95,"[81]GjfffHdwaCHrBwzLKhlwafndbCLCabbunwafocaCJBdHdwbndaCIKCebFDfBeaCtiafwenadqJCafJweK",116,0.991453,81,117,1,116,1,1,0,1,1,38,37,37,37,42,42,73
"6397",96,"[81]GjfffHdwaCHrBwzLKhlwafndbCLCabbunwafocaCJBdHdwbndaCIKCebFDfBeaCtiafwenadqJCafJweK",110,0.965812,81,117,4,113,4,4,0,4,4,36,32,42,42,39,39,73
"6398",97,"[81]GjfffHdwaCHrBwzLKhlwafndbCLCabbunwafocaCJBdHdwbndaCIKCebFDfBeaCtiafwenadqJCafJweK",110,0.965812,81,117,4,113,4,4,0,4,4,37,33,42,42,38,38,73
"6399",98,"[81]GjfffHdwaCHrBwzLKhlwafndbCLCabbunwafocaCJBdHdwbndaCIKCebFDfBeaCtiafwenadqJCafJweK",117,1,81,116,0,116,0,0,0,0,0,32,32,46,46,38,38,73
"6400",99,"[81]GjfffHdwaCHrBwzLKhlwafndbCLCabbunwafocaCJBdHdwbndaCIKCebFDfBeaCtiafwenadqJCafJweK",120,1,81,119,0,119,0,0,0,0,0,43,43,34,34,42,42,73
"6401",0,"[79]GxfwHdwafnadCJCebhgChwkJaIwafndbCLCebfwafofCsBecDbcbFHaqBaHArejIejbusdDhiDdwafK",158,1,79,157,0,157,0,0,0,0,0,49,49,56,56,52,52,74
"6402",1,"[79]GxfwHdwafnadCJCebhgChwkJaIwafndbCLCebfwafofCsBecDbcbFHaqBaHArejIejbusdDhiDdwafK",0,0,79,1,99,0,100,0,0,0,0,1,0,99,0,0,0,74
"6403",2,"[79]GxfwHdwafnadCJCebhgChwkJaIwafndbCLCebfwafofCsBecDbcbFHaqBaHArejIejbusdDhiDdwafK",155,1,79,154,0,154,0,0,0,0,0,44,44,58,58,52,52,74
"6404",3,"[79]GxfwHdwafnadCJCebhgChwkJaIwafndbCLCebfwafofCsBecDbcbFHaqBaHArejIejbusdDhiDdwafK",0,0,79,1,99,0,100,0,0,0,0,1,0,99,0,0,0,74
"6405",4,"[79]GxfwHdwafnadCJCebhgChwkJaIwafndbCLCebfwafofCsBecDbcbFHaqBaHArejIejbusdDhiDdwafK",0,0,79,1,99,0,100,0,0,0,0,1,0,99,0,0,0,74
"6406",5,"[79]GxfwHdwafnadCJCebhgChwkJaIwafndbCLCebfwafofCsBecDbcbFHaqBaHArejIejbusdDhiDdwafK",159,1,79,158,0,158,0,0,0,0,0,45,45,52,52,61,61,74
"6407",6,"[79]GxfwHdwafnadCJCebhgChwkJaIwafndbCLCebfwafofCsBecDbcbFHaqBaHArejIejbusdDhiDdwafK",0,0,79,1,99,0,100,0,0,0,0,1,0,99,0,0,0,74
"6408",7,"[79]GxfwHdwafnadCJCebhgChwkJaIwafndbCLCebfwafofCsBecDbcbFHaqBaHArejIejbusdDhiDdwafK",0,0,79,1,99,0,100,0,0,0,0,1,0,99,0,0,0,74
"6409",8,"[79]GxfwHdwafnadCJCebhgChwkJaIwafndbCLCebfwafofCsBecDbcbFHaqBaHArejIejbusdDhiDdwafK",159,1,79,158,0,158,0,0,0,0,0,54,54,55,55,49,49,74
"6410",9,"[79]GxfwHdwafnadCJCebhgChwkJaIwafndbCLCebfwafofCsBecDbcbFHaqBaHArejIejbusdDhiDdwafK",160,1,79,159,0,159,0,0,0,0,0,55,55,55,55,49,49,74
"6411",10,"[79]GxfwHdwafnadCJCebhgChwkJaIwafndbCLCebfwafofCsBecDbcbFHaqBaHArejIejbusdDhiDdwafK",0,0.666667,79,3,98,2,99,0,0,0,0,1,0,98,0,2,2,74
"6412",11,"[79]GxfwHdwafnadCJCebhgChwkJaIwafndbCLCebfwafofCsBecDbcbFHaqBaHArejIejbusdDhiDdwafK",0,0.5,79,2,98,1,99,0,0,0,0,1,0,98,0,1,1,74
"6413",12,"[79]GxfwHdwafnadCJCebhgChwkJaIwafndbCLCebfwafofCsBecDbcbFHaqBaHArejIejbusdDhiDdwafK",0,0.666667,79,3,98,2,99,0,0,0,0,1,0,98,0,2,2,74
"6414",13,"[79]GxfwHdwafnadCJCebhgChwkJaIwafndbCLCebfwafofCsBecDbcbFHaqBaHArejIejbusdDhiDdwafK",0,0,79,1,99,0,100,0,0,0,0,1,0,99,0,0,0,74
"6415",14,"[79]GxfwHdwafnadCJCebhgChwkJaIwafndbCLCebfwafofCsBecDbcbFHaqBaHArejIejbusdDhiDdwafK",155,1,79,154,0,154,0,0,0,0,0,48,48,57,57,49,49,74
"6416",15,"[79]GxfwHdwafnadCJCebhgChwkJaIwafndbCLCebfwafofCsBecDbcbFHaqBaHArejIejbusdDhiDdwafK",165,1,79,164,0,164,0,0,0,0,0,57,57,55,55,52,52,74
"6417",16,"[79]GxfwHdwafnadCJCebhgChwkJaIwafndbCLCebfwafofCsBecDbcbFHaqBaHArejIejbusdDhiDdwafK",0,0,79,1,99,0,100,0,0,0,0,1,0,99,0,0,0,74
"6418",17,"[79]GxfwHdwafnadCJCebhgChwkJaIwafndbCLCebfwafofCsBecDbcbFHaqBaHArejIejbusdDhiDdwafK",0,0,79,1,99,0,100,0,0,0,0,1,0,99,0,0,0,74
"6419",18,"[79]GxfwHdwafnadCJCebhgChwkJaIwafndbCLCebfwafofCsBecDbcbFHaqBaHArejIejbusdDhiDdwafK",0,0.5,79,2,98,1,99,0,0,0,0,1,0,98,0,1,1,74
"6420",19,"[79]GxfwHdwafnadCJCebhgChwkJaIwafndbCLCebfwafofCsBecDbcbFHaqBaHArejIejbusdDhiDdwafK",162,1,79,161,0,161,0,0,0,0,0,56,56,54,54,51,51,74
"6421",20,"[79]GxfwHdwafnadCJCebhgChwkJaIwafndbCLCebfwafofCsBecDbcbFHaqBaHArejIejbusdDhiDdwafK",162,1,79,161,0,161,0,0,0,0,0,52,52,51,51,58,58,74
"6422",21,"[79]GxfwHdwafnadCJCebhgChwkJaIwafndbCLCebfwafofCsBecDbcbFHaqBaHArejIejbusdDhiDdwafK",164,1,79,163,0,163,0,0,0,0,0,61,61,53,53,49,49,74
"6423",22,"[79]GxfwHdwafnadCJCebhgChwkJaIwafndbCLCebfwafofCsBecDbcbFHaqBaHArejIejbusdDhiDdwafK",166,1,79,165,0,165,0,0,0,0,0,58,58,49,49,58,58,74
"6424",23,"[79]GxfwHdwafnadCJCebhgChwkJaIwafndbCLCebfwafofCsBecDbcbFHaqBaHArejIejbusdDhiDdwafK",0,0,79,1,99,0,100,0,0,0,0,1,0,99,0,0,0,74
"6425",24,"[79]GxfwHdwafnadCJCebhgChwkJaIwafndbCLCebfwafofCsBecDbcbFHaqBaHArejIejbusdDhiDdwafK",0,0,79,1,99,0,100,0,0,0,0,1,0,99,0,0,0,74
"6426",25,"[79]GxfwHdwafnadCJCebhgChwkJaIwafndbCLCebfwafofCsBecDbcbFHaqBaHArejIejbusdDhiDdwafK",0,0.75,79,4,97,3,98,0,0,0,0,1,0,97,0,3,3,74
"6427",26,"[79]GxfwHdwafnadCJCebhgChwkJaIwafndbCLCebfwafofCsBecDbcbFHaqBaHArejIejbusdDhiDdwafK",0,0,79,1,99,0,100,0,0,0,0,1,0,99,0,0,0,74
"6428",27,"[79]GxfwHdwafnadCJCebhgChwkJaIwafndbCLCebfwafofCsBecDbcbFHaqBaHArejIejbusdDhiDdwafK",0,0,79,1,99,0,100,0,0,0,0,1,0,99,0,0,0,74
"6429",28,"[79]GxfwHdwafnadCJCebhgChwkJaIwafndbCLCebfwafofCsBecDbcbFHaqBaHArejIejbusdDhiDdwafK",176,1,79,175,0,175,0,0,0,0,0,71,71,45,45,59,59,74
"6430",29,"[79]GxfwHdwafnadCJCebhgChwkJaIwafndbCLCebfwafofCsBecDbcbFHaqBaHArejIejbusdDhiDdwafK",166,1,79,165,0,165,0,0,0,0,0,53,53,51,51,61,61,74
"6431",30,"[79]GxfwHdwafnadCJCebhgChwkJaIwafndbCLCebfwafofCsBecDbcbFHaqBaHArejIejbusdDhiDdwafK",0,0,79,1,99,0,100,0,0,0,0,1,0,99,0,0,0,74
"6432",31,"[79]GxfwHdwafnadCJCebhgChwkJaIwafndbCLCebfwafofCsBecDbcbFHaqBaHArejIejbusdDhiDdwafK",0,0,79,1,99,0,100,0,0,0,0,1,0,99,0,0,0,74
"6433",32,"[79]GxfwHdwafnadCJCebhgChwkJaIwafndbCLCebfwafofCsBecDbcbFHaqBaHArejIejbusdDhiDdwafK",172,1,79,171,0,171,0,0,0,0,0,71,71,48,48,52,52,74
"6434",33,"[79]GxfwHdwafnadCJCebhgChwkJaIwafndbCLCebfwafofCsBecDbcbFHaqBaHArejIejbusdDhiDdwafK",155,1,79,154,0,154,0,0,0,0,0,48,48,57,57,49,49,74
"6435",34,"[79]GxfwHdwafnadCJCebhgChwkJaIwafndbCLCebfwafofCsBecDbcbFHaqBaHArejIejbusdDhiDdwafK",0,0,79,1,99,0,100,0,0,0,0,1,0,99,0,0,0,74
"6436",35,"[79]GxfwHdwafnadCJCebhgChwkJaIwafndbCLCebfwafofCsBecDbcbFHaqBaHArejIejbusdDhiDdwafK",170,1,79,169,0,169,0,0,0,0,0,64,64,48,48,57,57,74
"6437",36,"[79]GxfwHdwafnadCJCebhgChwkJaIwafndbCLCebfwafofCsBecDbcbFHaqBaHArejIejbusdDhiDdwafK",169,1,79,168,0,168,0,0,0,0,0,66,66,48,48,54,54,74
"6438",37,"[79]GxfwHdwafnadCJCebhgChwkJaIwafndbCLCebfwafofCsBecDbcbFHaqBaHArejIejbusdDhiDdwafK",0,0,79,1,99,0,100,0,0,0,0,1,0,99,0,0,0,74
"6439",38,"[79]GxfwHdwafnadCJCebhgChwkJaIwafndbCLCebfwafofCsBecDbcbFHaqBaHArejIejbusdDhiDdwafK",166,1,79,165,0,165,0,0,0,0,0,58,58,51,51,56,56,74
"6440",39,"[79]GxfwHdwafnadCJCebhgChwkJaIwafndbCLCebfwafofCsBecDbcbFHaqBaHArejIejbusdDhiDdwafK",152,1,79,151,0,151,0,0,0,0,0,47,47,60,60,44,44,74
"6441",40,"[79]GxfwHdwafnadCJCebhgChwkJaIwafndbCLCebfwafofCsBecDbcbFHaqBaHArejIejbusdDhiDdwafK",0,0,79,1,99,0,100,0,0,0,0,1,0,99,0,0,0,74
"6442",41,"[79]GxfwHdwafnadCJCebhgChwkJaIwafndbCLCebfwafofCsBecDbcbFHaqBaHArejIejbusdDhiDdwafK",0,0.5,79,2,98,1,99,0,0,0,0,1,0,98,0,1,1,74
"6443",42,"[79]GxfwHdwafnadCJCebhgChwkJaIwafndbCLCebfwafofCsBecDbcbFHaqBaHArejIejbusdDhiDdwafK",0,0,79,1,99,0,100,0,0,0,0,1,0,99,0,0,0,74
"6444",43,"[79]GxfwHdwafnadCJCebhgChwkJaIwafndbCLCebfwafofCsBecDbcbFHaqBaHArejIejbusdDhiDdwafK",0,0.666667,79,3,98,2,99,0,0,0,0,1,0,98,0,2,2,74
"6445",44,"[79]GxfwHdwafnadCJCebhgChwkJaIwafndbCLCebfwafofCsBecDbcbFHaqBaHArejIejbusdDhiDdwafK",0,0,79,1,99,0,100,0,0,0,0,1,0,99,0,0,0,74
"6446",45,"[79]GxfwHdwafnadCJCebhgChwkJaIwafndbCLCebfwafofCsBecDbcbFHaqBaHArejIejbusdDhiDdwafK",159,1,79,158,0,158,0,0,0,0,0,56,56,57,57,45,45,74
"6447",46,"[79]GxfwHdwafnadCJCebhgChwkJaIwafndbCLCebfwafofCsBecDbcbFHaqBaHArejIejbusdDhiDdwafK",0,0,79,1,99,0,100,0,0,0,0,1,0,99,0,0,0,74
"6448",47,"[79]GxfwHdwafnadCJCebhgChwkJaIwafndbCLCebfwafofCsBecDbcbFHaqBaHArejIejbusdDhiDdwafK",157,1,79,156,0,156,0,0,0,0,0,46,46,55,55,55,55,74
"6449",48,"[79]GxfwHdwafnadCJCebhgChwkJaIwafndbCLCebfwafofCsBecDbcbFHaqBaHArejIejbusdDhiDdwafK",160,1,79,159,0,159,0,0,0,0,0,49,49,52,52,58,58,74
"6450",49,"[79]GxfwHdwafnadCJCebhgChwkJaIwafndbCLCebfwafofCsBecDbcbFHaqBaHArejIejbusdDhiDdwafK",0,0.5,79,2,98,1,99,0,0,0,0,1,0,98,0,1,1,74
"6451",50,"[79]GxfwHdwafnadCJCebhgChwkJaIwafndbCLCebfwafofCsBecDbcbFHaqBaHArejIejbusdDhiDdwafK",0,0,79,1,99,0,100,0,0,0,0,1,0,99,0,0,0,74
"6452",51,"[79]GxfwHdwafnadCJCebhgChwkJaIwafndbCLCebfwafofCsBecDbcbFHaqBaHArejIejbusdDhiDdwafK",162,1,79,161,0,161,0,0,0,0,0,56,56,52,52,53,53,74
"6453",52,"[79]GxfwHdwafnadCJCebhgChwkJaIwafndbCLCebfwafofCsBecDbcbFHaqBaHArejIejbusdDhiDdwafK",0,0.5,79,2,98,1,99,0,0,0,0,1,0,98,0,1,1,74
"6454",53,"[79]GxfwHdwafnadCJCebhgChwkJaIwafndbCLCebfwafofCsBecDbcbFHaqBaHArejIejbusdDhiDdwafK",168,1,79,167,0,167,0,0,0,0,0,68,68,52,52,47,47,74
"6455",54,"[79]GxfwHdwafnadCJCebhgChwkJaIwafndbCLCebfwafofCsBecDbcbFHaqBaHArejIejbusdDhiDdwafK",155,1,79,154,0,154,0,0,0,0,0,46,46,57,57,51,51,74
"6456",55,"[79]GxfwHdwafnadCJCebhgChwkJaIwafndbCLCebfwafofCsBecDbcbFHaqBaHArejIejbusdDhiDdwafK",162,1,79,161,0,161,0,0,0,0,0,58,58,55,55,48,48,74
"6457",56,"[79]GxfwHdwafnadCJCebhgChwkJaIwafndbCLCebfwafofCsBecDbcbFHaqBaHArejIejbusdDhiDdwafK",0,0.5,79,2,98,1,99,0,0,0,0,1,0,98,0,1,1,74
"6458",57,"[79]GxfwHdwafnadCJCebhgChwkJaIwafndbCLCebfwafofCsBecDbcbFHaqBaHArejIejbusdDhiDdwafK",0,0.75,79,4,97,3,98,0,0,0,0,1,0,97,0,3,3,74
"6459",58,"[79]GxfwHdwafnadCJCebhgChwkJaIwafndbCLCebfwafofCsBecDbcbFHaqBaHArejIejbusdDhiDdwafK",0,0,79,1,99,0,100,0,0,0,0,1,0,99,0,0,0,74
"6460",59,"[79]GxfwHdwafnadCJCebhgChwkJaIwafndbCLCebfwafofCsBecDbcbFHaqBaHArejIejbusdDhiDdwafK",0,0.5,79,2,98,1,99,0,0,0,0,1,0,98,0,1,1,74
"6461",60,"[79]GxfwHdwafnadCJCebhgChwkJaIwafndbCLCebfwafofCsBecDbcbFHaqBaHArejIejbusdDhiDdwafK",166,1,79,165,0,165,0,0,0,0,0,62,62,55,55,48,48,74
"6462",61,"[79]GxfwHdwafnadCJCebhgChwkJaIwafndbCLCebfwafofCsBecDbcbFHaqBaHArejIejbusdDhiDdwafK",164,1,79,163,0,163,0,0,0,0,0,58,58,54,54,51,51,74
"6463",62,"[79]GxfwHdwafnadCJCebhgChwkJaIwafndbCLCebfwafofCsBecDbcbFHaqBaHArejIejbusdDhiDdwafK",156,1,79,155,0,155,0,0,0,0,0,56,56,59,59,40,40,74
"6464",63,"[79]GxfwHdwafnadCJCebhgChwkJaIwafndbCLCebfwafofCsBecDbcbFHaqBaHArejIejbusdDhiDdwafK",169,1,79,168,0,168,0,0,0,0,0,61,61,49,49,58,58,74
"6465",64,"[79]GxfwHdwafnadCJCebhgChwkJaIwafndbCLCebfwafofCsBecDbcbFHaqBaHArejIejbusdDhiDdwafK",165,1,79,164,0,164,0,0,0,0,0,57,57,52,52,55,55,74
"6466",65,"[79]GxfwHdwafnadCJCebhgChwkJaIwafndbCLCebfwafofCsBecDbcbFHaqBaHArejIejbusdDhiDdwafK",168,1,79,167,0,167,0,0,0,0,0,59,59,49,49,59,59,74
"6467",66,"[79]GxfwHdwafnadCJCebhgChwkJaIwafndbCLCebfwafofCsBecDbcbFHaqBaHArejIejbusdDhiDdwafK",158,1,79,157,0,157,0,0,0,0,0,44,44,55,55,58,58,74
"6468",67,"[79]GxfwHdwafnadCJCebhgChwkJaIwafndbCLCebfwafofCsBecDbcbFHaqBaHArejIejbusdDhiDdwafK",163,1,79,162,0,162,0,0,0,0,0,55,55,50,50,57,57,74
"6469",68,"[79]GxfwHdwafnadCJCebhgChwkJaIwafndbCLCebfwafofCsBecDbcbFHaqBaHArejIejbusdDhiDdwafK",0,0,79,1,99,0,100,0,0,0,0,1,0,99,0,0,0,74
"6470",69,"[79]GxfwHdwafnadCJCebhgChwkJaIwafndbCLCebfwafofCsBecDbcbFHaqBaHArejIejbusdDhiDdwafK",163,1,79,162,0,162,0,0,0,0,0,61,61,55,55,46,46,74
"6471",70,"[79]GxfwHdwafnadCJCebhgChwkJaIwafndbCLCebfwafofCsBecDbcbFHaqBaHArejIejbusdDhiDdwafK",163,1,79,162,0,162,0,0,0,0,0,60,60,53,53,49,49,74
"6472",71,"[79]GxfwHdwafnadCJCebhgChwkJaIwafndbCLCebfwafofCsBecDbcbFHaqBaHArejIejbusdDhiDdwafK",0,0,79,1,99,0,100,0,0,0,0,1,0,99,0,0,0,74
"6473",72,"[79]GxfwHdwafnadCJCebhgChwkJaIwafndbCLCebfwafofCsBecDbcbFHaqBaHArejIejbusdDhiDdwafK",0,0,79,1,99,0,100,0,0,0,0,1,0,99,0,0,0,74
"6474",73,"[79]GxfwHdwafnadCJCebhgChwkJaIwafndbCLCebfwafofCsBecDbcbFHaqBaHArejIejbusdDhiDdwafK",168,1,79,167,0,167,0,0,0,0,0,56,56,46,46,65,65,74
"6475",74,"[79]GxfwHdwafnadCJCebhgChwkJaIwafndbCLCebfwafofCsBecDbcbFHaqBaHArejIejbusdDhiDdwafK",0,0,79,1,99,0,100,0,0,0,0,1,0,99,0,0,0,74
"6476",75,"[79]GxfwHdwafnadCJCebhgChwkJaIwafndbCLCebfwafofCsBecDbcbFHaqBaHArejIejbusdDhiDdwafK",0,0,79,1,99,0,100,0,0,0,0,1,0,99,0,0,0,74
"6477",76,"[79]GxfwHdwafnadCJCebhgChwkJaIwafndbCLCebfwafofCsBecDbcbFHaqBaHArejIejbusdDhiDdwafK",0,0.5,79,2,98,1,99,0,0,0,0,1,0,98,0,1,1,74
"6478",77,"[79]GxfwHdwafnadCJCebhgChwkJaIwafndbCLCebfwafofCsBecDbcbFHaqBaHArejIejbusdDhiDdwafK",165,1,79,164,0,164,0,0,0,0,0,62,62,53,53,49,49,74
"6479",78,"[79]GxfwHdwafnadCJCebhgChwkJaIwafndbCLCebfwafofCsBecDbcbFHaqBaHArejIejbusdDhiDdwafK",0,0,79,1,99,0,100,0,0,0,0,1,0,99,0,0,0,74
"6480",79,"[79]GxfwHdwafnadCJCebhgChwkJaIwafndbCLCebfwafofCsBecDbcbFHaqBaHArejIejbusdDhiDdwafK",161,1,79,160,0,160,0,0,0,0,0,50,50,53,53,57,57,74
"6481",80,"[79]GxfwHdwafnadCJCebhgChwkJaIwafndbCLCebfwafofCsBecDbcbFHaqBaHArejIejbusdDhiDdwafK",0,0.5,79,2,98,1,99,0,0,0,0,1,0,98,0,1,1,74
"6482",81,"[79]GxfwHdwafnadCJCebhgChwkJaIwafndbCLCebfwafofCsBecDbcbFHaqBaHArejIejbusdDhiDdwafK",161,1,79,160,0,160,0,0,0,0,0,50,50,54,54,56,56,74
"6483",82,"[79]GxfwHdwafnadCJCebhgChwkJaIwafndbCLCebfwafofCsBecDbcbFHaqBaHArejIejbusdDhiDdwafK",0,0,79,1,99,0,100,0,0,0,0,1,0,99,0,0,0,74
"6484",83,"[79]GxfwHdwafnadCJCebhgChwkJaIwafndbCLCebfwafofCsBecDbcbFHaqBaHArejIejbusdDhiDdwafK",0,0.666667,79,3,98,2,99,0,0,0,0,1,0,98,0,2,2,74
"6485",84,"[79]GxfwHdwafnadCJCebhgChwkJaIwafndbCLCebfwafofCsBecDbcbFHaqBaHArejIejbusdDhiDdwafK",164,1,79,163,0,163,0,0,0,0,0,47,47,51,51,65,65,74
"6486",85,"[79]GxfwHdwafnadCJCebhgChwkJaIwafndbCLCebfwafofCsBecDbcbFHaqBaHArejIejbusdDhiDdwafK",161,1,79,160,0,160,0,0,0,0,0,54,54,54,54,52,52,74
"6487",86,"[79]GxfwHdwafnadCJCebhgChwkJaIwafndbCLCebfwafofCsBecDbcbFHaqBaHArejIejbusdDhiDdwafK",171,1,79,170,0,170,0,0,0,0,0,66,66,49,49,55,55,74
"6488",87,"[79]GxfwHdwafnadCJCebhgChwkJaIwafndbCLCebfwafofCsBecDbcbFHaqBaHArejIejbusdDhiDdwafK",0,0.5,79,2,98,1,99,0,0,0,0,1,0,98,0,1,1,74
"6489",88,"[79]GxfwHdwafnadCJCebhgChwkJaIwafndbCLCebfwafofCsBecDbcbFHaqBaHArejIejbusdDhiDdwafK",160,1,79,159,0,159,0,0,0,0,0,48,48,52,52,59,59,74
"6490",89,"[79]GxfwHdwafnadCJCebhgChwkJaIwafndbCLCebfwafofCsBecDbcbFHaqBaHArejIejbusdDhiDdwafK",0,0.5,79,2,98,1,99,0,0,0,0,1,0,98,0,1,1,74
"6491",90,"[79]GxfwHdwafnadCJCebhgChwkJaIwafndbCLCebfwafofCsBecDbcbFHaqBaHArejIejbusdDhiDdwafK",157,1,79,156,0,156,0,0,0,0,0,54,54,57,57,45,45,74
"6492",91,"[79]GxfwHdwafnadCJCebhgChwkJaIwafndbCLCebfwafofCsBecDbcbFHaqBaHArejIejbusdDhiDdwafK",166,1,79,165,0,165,0,0,0,0,0,61,61,52,52,52,52,74
"6493",92,"[79]GxfwHdwafnadCJCebhgChwkJaIwafndbCLCebfwafofCsBecDbcbFHaqBaHArejIejbusdDhiDdwafK",0,0.666667,79,3,98,2,99,0,0,0,0,1,0,98,0,2,2,74
"6494",93,"[79]GxfwHdwafnadCJCebhgChwkJaIwafndbCLCebfwafofCsBecDbcbFHaqBaHArejIejbusdDhiDdwafK",0,0,79,1,99,0,100,0,0,0,0,1,0,99,0,0,0,74
"6495",94,"[79]GxfwHdwafnadCJCebhgChwkJaIwafndbCLCebfwafofCsBecDbcbFHaqBaHArejIejbusdDhiDdwafK",160,1,79,159,0,159,0,0,0,0,0,54,54,55,55,50,50,74
"6496",95,"[79]GxfwHdwafnadCJCebhgChwkJaIwafndbCLCebfwafofCsBecDbcbFHaqBaHArejIejbusdDhiDdwafK",162,1,79,161,0,161,0,0,0,0,0,50,50,50,50,61,61,74
"6497",96,"[79]GxfwHdwafnadCJCebhgChwkJaIwafndbCLCebfwafofCsBecDbcbFHaqBaHArejIejbusdDhiDdwafK",165,1,79,164,0,164,0,0,0,0,0,64,64,53,53,47,47,74
"6498",97,"[79]GxfwHdwafnadCJCebhgChwkJaIwafndbCLCebfwafofCsBecDbcbFHaqBaHArejIejbusdDhiDdwafK",0,0,79,1,99,0,100,0,0,0,0,1,0,99,0,0,0,74
"6499",98,"[79]GxfwHdwafnadCJCebhgChwkJaIwafndbCLCebfwafofCsBecDbcbFHaqBaHArejIejbusdDhiDdwafK",0,0,79,1,99,0,100,0,0,0,0,1,0,99,0,0,0,74
"6500",99,"[79]GxfwHdwafnadCJCebhgChwkJaIwafndbCLCebfwafofCsBecDbcbFHaqBaHArejIejbusdDhiDdwafK",0,0,79,1,99,0,100,0,0,0,0,1,0,99,0,0,0,74
"6501",0,"[89]GsfffHdwaCDHztLdIECEmlrbwandbCLCecdCDmuxIwafofCJBdHdwendaCIKqLpCdxBeaCeftafwendaCJCabqfeK",106,0.990654,89,107,1,106,1,1,0,1,1,37,36,33,33,37,37,75
"6502",1,"[89]GsfffHdwaCDHztLdIECEmlrbwandbCLCecdCDmuxIwafofCJBdHdwendaCIKqLpCdxBeaCeftafwendaCJCabqfeK",103,1,89,102,0,102,0,0,0,0,0,40,40,34,34,28,28,75
"6503",2,"[89]GsfffHdwaCDHztLdIECEmlrbwandbCLCecdCDmuxIwafofCJBdHdwendaCIKqLpCdxBeaCeftafwendaCJCabqfeK",116,1,89,115,0,115,0,0,0,0,0,37,37,23,23,55,55,75
"6504",3,"[89]GsfffHdwaCDHztLdIECEmlrbwandbCLCecdCDmuxIwafofCJBdHdwendaCIKqLpCdxBeaCeftafwendaCJCabqfeK",107,1,89,106,0,106,0,0,0,0,0,32,32,36,36,38,38,75
"6505",4,"[89]GsfffHdwaCDHztLdIECEmlrbwandbCLCecdCDmuxIwafofCJBdHdwendaCIKqLpCdxBeaCeftafwendaCJCabqfeK",103,0.990385,89,104,1,103,1,1,0,1,1,32,31,39,39,33,33,75
"6506",5,"[89]GsfffHdwaCDHztLdIECEmlrbwandbCLCecdCDmuxIwafofCJBdHdwendaCIKqLpCdxBeaCeftafwendaCJCabqfeK",103,1,89,102,0,102,0,0,0,0,0,30,30,42,42,30,30,75
"6507",6,"[89]GsfffHdwaCDHztLdIECEmlrbwandbCLCecdCDmuxIwafofCJBdHdwendaCIKqLpCdxBeaCeftafwendaCJCabqfeK",106,1,89,105,0,105,0,0,0,0,0,41,41,31,31,33,33,75
"6508",7,"[89]GsfffHdwaCDHztLdIECEmlrbwandbCLCecdCDmuxIwafofCJBdHdwendaCIKqLpCdxBeaCeftafwendaCJCabqfeK",108,1,89,107,0,107,0,0,0,0,0,41,41,29,29,37,37,75
"6509",8,"[89]GsfffHdwaCDHztLdIECEmlrbwandbCLCecdCDmuxIwafofCJBdHdwendaCIKqLpCdxBeaCeftafwendaCJCabqfeK",105,0.990566,89,106,1,105,1,1,0,1,1,42,41,31,31,33,33,75
"6510",9,"[89]GsfffHdwaCDHztLdIECEmlrbwandbCLCecdCDmuxIwafofCJBdHdwendaCIKqLpCdxBeaCeftafwendaCJCabqfeK",108,0.990826,89,109,1,108,1,1,0,1,1,42,41,27,27,40,40,75
"6511",10,"[89]GsfffHdwaCDHztLdIECEmlrbwandbCLCecdCDmuxIwafofCJBdHdwendaCIKqLpCdxBeaCeftafwendaCJCabqfeK",101,1,89,100,0,100,0,0,0,0,0,36,36,39,39,25,25,75
"6512",11,"[89]GsfffHdwaCDHztLdIECEmlrbwandbCLCecdCDmuxIwafofCJBdHdwendaCIKqLpCdxBeaCeftafwendaCJCabqfeK",104,0.990476,89,105,1,104,1,1,0,1,1,30,29,40,40,35,35,75
"6513",12,"[89]GsfffHdwaCDHztLdIECEmlrbwandbCLCecdCDmuxIwafofCJBdHdwendaCIKqLpCdxBeaCeftafwendaCJCabqfeK",109,1,89,108,0,108,0,0,0,0,0,39,39,30,30,39,39,75
"6514",13,"[89]GsfffHdwaCDHztLdIECEmlrbwandbCLCecdCDmuxIwafofCJBdHdwendaCIKqLpCdxBeaCeftafwendaCJCabqfeK",108,1,89,107,0,107,0,0,0,0,0,38,38,31,31,38,38,75
"6515",14,"[89]GsfffHdwaCDHztLdIECEmlrbwandbCLCecdCDmuxIwafofCJBdHdwendaCIKqLpCdxBeaCeftafwendaCJCabqfeK",105,0.990566,89,106,1,105,1,1,0,1,1,30,29,39,39,37,37,75
"6516",15,"[89]GsfffHdwaCDHztLdIECEmlrbwandbCLCecdCDmuxIwafofCJBdHdwendaCIKqLpCdxBeaCeftafwendaCJCabqfeK",103,1,89,102,0,102,0,0,0,0,0,32,32,40,40,30,30,75
"6517",16,"[89]GsfffHdwaCDHztLdIECEmlrbwandbCLCecdCDmuxIwafofCJBdHdwendaCIKqLpCdxBeaCeftafwendaCJCabqfeK",104,1,89,103,0,103,0,0,0,0,0,39,39,34,34,30,30,75
"6518",17,"[89]GsfffHdwaCDHztLdIECEmlrbwandbCLCecdCDmuxIwafofCJBdHdwendaCIKqLpCdxBeaCeftafwendaCJCabqfeK",104,0.990476,89,105,1,104,1,1,0,1,1,37,36,35,35,33,33,75
"6519",18,"[89]GsfffHdwaCDHztLdIECEmlrbwandbCLCecdCDmuxIwafofCJBdHdwendaCIKqLpCdxBeaCeftafwendaCJCabqfeK",104,0.981308,89,107,2,105,2,2,0,2,2,34,32,37,37,36,36,75
"6520",19,"[89]GsfffHdwaCDHztLdIECEmlrbwandbCLCecdCDmuxIwafofCJBdHdwendaCIKqLpCdxBeaCeftafwendaCJCabqfeK",104,0.981308,89,107,2,105,2,2,0,2,2,30,28,40,40,37,37,75
"6521",20,"[89]GsfffHdwaCDHztLdIECEmlrbwandbCLCecdCDmuxIwafofCJBdHdwendaCIKqLpCdxBeaCeftafwendaCJCabqfeK",107,1,89,106,0,106,0,0,0,0,0,34,34,35,35,37,37,75
"6522",21,"[89]GsfffHdwaCDHztLdIECEmlrbwandbCLCecdCDmuxIwafofCJBdHdwendaCIKqLpCdxBeaCeftafwendaCJCabqfeK",105,0.990566,89,106,1,105,1,1,0,1,1,36,35,34,34,36,36,75
"6523",22,"[89]GsfffHdwaCDHztLdIECEmlrbwandbCLCecdCDmuxIwafofCJBdHdwendaCIKqLpCdxBeaCeftafwendaCJCabqfeK",102,0.971963,89,107,3,104,3,3,0,3,3,38,35,36,36,33,33,75
"6524",23,"[89]GsfffHdwaCDHztLdIECEmlrbwandbCLCecdCDmuxIwafofCJBdHdwendaCIKqLpCdxBeaCeftafwendaCJCabqfeK",105,1,89,104,0,104,0,0,0,0,0,41,41,31,31,32,32,75
"6525",24,"[89]GsfffHdwaCDHztLdIECEmlrbwandbCLCecdCDmuxIwafofCJBdHdwendaCIKqLpCdxBeaCeftafwendaCJCabqfeK",106,1,89,105,0,105,0,0,0,0,0,40,40,32,32,33,33,75
"6526",25,"[89]GsfffHdwaCDHztLdIECEmlrbwandbCLCecdCDmuxIwafofCJBdHdwendaCIKqLpCdxBeaCeftafwendaCJCabqfeK",99,0.971154,89,104,3,101,3,3,0,3,3,31,28,43,43,30,30,75
"6527",26,"[89]GsfffHdwaCDHztLdIECEmlrbwandbCLCecdCDmuxIwafofCJBdHdwendaCIKqLpCdxBeaCeftafwendaCJCabqfeK",110,0.990991,89,111,1,110,1,1,0,1,1,35,34,30,30,46,46,75
"6528",27,"[89]GsfffHdwaCDHztLdIECEmlrbwandbCLCecdCDmuxIwafofCJBdHdwendaCIKqLpCdxBeaCeftafwendaCJCabqfeK",107,1,89,106,0,106,0,0,0,0,0,30,30,39,39,37,37,75
"6529",28,"[89]GsfffHdwaCDHztLdIECEmlrbwandbCLCecdCDmuxIwafofCJBdHdwendaCIKqLpCdxBeaCeftafwendaCJCabqfeK",107,1,89,106,0,106,0,0,0,0,0,42,42,29,29,35,35,75
"6530",29,"[89]GsfffHdwaCDHztLdIECEmlrbwandbCLCecdCDmuxIwafofCJBdHdwendaCIKqLpCdxBeaCeftafwendaCJCabqfeK",105,0.990566,89,106,1,105,1,1,0,1,1,43,42,30,30,33,33,75
"6531",30,"[89]GsfffHdwaCDHztLdIECEmlrbwandbCLCecdCDmuxIwafofCJBdHdwendaCIKqLpCdxBeaCeftafwendaCJCabqfeK",105,0.990566,89,106,1,105,1,1,0,1,1,34,33,36,36,36,36,75
"6532",31,"[89]GsfffHdwaCDHztLdIECEmlrbwandbCLCecdCDmuxIwafofCJBdHdwendaCIKqLpCdxBeaCeftafwendaCJCabqfeK",108,1,89,107,0,107,0,0,0,0,0,30,30,37,37,40,40,75
"6533",32,"[89]GsfffHdwaCDHztLdIECEmlrbwandbCLCecdCDmuxIwafofCJBdHdwendaCIKqLpCdxBeaCeftafwendaCJCabqfeK",106,0.990654,89,107,1,106,1,1,0,1,1,31,30,37,37,39,39,75
"6534",33,"[89]GsfffHdwaCDHztLdIECEmlrbwandbCLCecdCDmuxIwafofCJBdHdwendaCIKqLpCdxBeaCeftafwendaCJCabqfeK",104,0.990476,89,105,1,104,1,1,0,1,1,36,35,35,35,34,34,75
"6535",34,"[89]GsfffHdwaCDHztLdIECEmlrbwandbCLCecdCDmuxIwafofCJBdHdwendaCIKqLpCdxBeaCeftafwendaCJCabqfeK",104,1,89,103,0,103,0,0,0,0,0,36,36,36,36,31,31,75
"6536",35,"[89]GsfffHdwaCDHztLdIECEmlrbwandbCLCecdCDmuxIwafofCJBdHdwendaCIKqLpCdxBeaCeftafwendaCJCabqfeK",106,1,89,105,0,105,0,0,0,0,0,37,37,34,34,34,34,75
"6537",36,"[89]GsfffHdwaCDHztLdIECEmlrbwandbCLCecdCDmuxIwafofCJBdHdwendaCIKqLpCdxBeaCeftafwendaCJCabqfeK",103,0.990385,89,104,1,103,1,1,0,1,1,39,38,34,34,31,31,75
"6538",37,"[89]GsfffHdwaCDHztLdIECEmlrbwandbCLCecdCDmuxIwafofCJBdHdwendaCIKqLpCdxBeaCeftafwendaCJCabqfeK",102,0.990291,89,103,1,102,1,1,0,1,1,41,40,34,34,28,28,75
"6539",38,"[89]GsfffHdwaCDHztLdIECEmlrbwandbCLCecdCDmuxIwafofCJBdHdwendaCIKqLpCdxBeaCeftafwendaCJCabqfeK",108,1,89,107,0,107,0,0,0,0,0,32,32,36,36,39,39,75
"6540",39,"[89]GsfffHdwaCDHztLdIECEmlrbwandbCLCecdCDmuxIwafofCJBdHdwendaCIKqLpCdxBeaCeftafwendaCJCabqfeK",109,0.990909,89,110,1,109,1,1,0,1,1,39,38,28,28,43,43,75
"6541",40,"[89]GsfffHdwaCDHztLdIECEmlrbwandbCLCecdCDmuxIwafofCJBdHdwendaCIKqLpCdxBeaCeftafwendaCJCabqfeK",104,1,89,103,0,103,0,0,0,0,0,37,37,35,35,31,31,75
"6542",41,"[89]GsfffHdwaCDHztLdIECEmlrbwandbCLCecdCDmuxIwafofCJBdHdwendaCIKqLpCdxBeaCeftafwendaCJCabqfeK",106,1,89,105,0,105,0,0,0,0,0,37,37,33,33,35,35,75
"6543",42,"[89]GsfffHdwaCDHztLdIECEmlrbwandbCLCecdCDmuxIwafofCJBdHdwendaCIKqLpCdxBeaCeftafwendaCJCabqfeK",105,0.981481,89,108,2,106,2,2,0,2,2,36,34,34,34,38,38,75
"6544",43,"[89]GsfffHdwaCDHztLdIECEmlrbwandbCLCecdCDmuxIwafofCJBdHdwendaCIKqLpCdxBeaCeftafwendaCJCabqfeK",107,1,89,106,0,106,0,0,0,0,0,35,35,34,34,37,37,75
"6545",44,"[89]GsfffHdwaCDHztLdIECEmlrbwandbCLCecdCDmuxIwafofCJBdHdwendaCIKqLpCdxBeaCeftafwendaCJCabqfeK",107,1,89,106,0,106,0,0,0,0,0,37,37,32,32,37,37,75
"6546",45,"[89]GsfffHdwaCDHztLdIECEmlrbwandbCLCecdCDmuxIwafofCJBdHdwendaCIKqLpCdxBeaCeftafwendaCJCabqfeK",105,1,89,104,0,104,0,0,0,0,0,38,38,34,34,32,32,75
"6547",46,"[89]GsfffHdwaCDHztLdIECEmlrbwandbCLCecdCDmuxIwafofCJBdHdwendaCIKqLpCdxBeaCeftafwendaCJCabqfeK",104,1,89,103,0,103,0,0,0,0,0,35,35,38,38,30,30,75
"6548",47,"[89]GsfffHdwaCDHztLdIECEmlrbwandbCLCecdCDmuxIwafofCJBdHdwendaCIKqLpCdxBeaCeftafwendaCJCabqfeK",105,1,89,104,0,104,0,0,0,0,0,41,41,31,31,32,32,75
"6549",48,"[89]GsfffHdwaCDHztLdIECEmlrbwandbCLCecdCDmuxIwafofCJBdHdwendaCIKqLpCdxBeaCeftafwendaCJCabqfeK",107,0.990741,89,108,1,107,1,1,0,1,1,34,33,34,34,40,40,75
"6550",49,"[89]GsfffHdwaCDHztLdIECEmlrbwandbCLCecdCDmuxIwafofCJBdHdwendaCIKqLpCdxBeaCeftafwendaCJCabqfeK",108,0.990826,89,109,1,108,1,1,0,1,1,29,28,37,37,43,43,75
"6551",50,"[89]GsfffHdwaCDHztLdIECEmlrbwandbCLCecdCDmuxIwafofCJBdHdwendaCIKqLpCdxBeaCeftafwendaCJCabqfeK",103,1,89,102,0,102,0,0,0,0,0,36,36,37,37,29,29,75
"6552",51,"[89]GsfffHdwaCDHztLdIECEmlrbwandbCLCecdCDmuxIwafofCJBdHdwendaCIKqLpCdxBeaCeftafwendaCJCabqfeK",104,1,89,103,0,103,0,0,0,0,0,36,36,36,36,31,31,75
"6553",52,"[89]GsfffHdwaCDHztLdIECEmlrbwandbCLCecdCDmuxIwafofCJBdHdwendaCIKqLpCdxBeaCeftafwendaCJCabqfeK",103,0.972222,89,108,3,105,3,3,0,3,3,32,29,39,39,37,37,75
"6554",53,"[89]GsfffHdwaCDHztLdIECEmlrbwandbCLCecdCDmuxIwafofCJBdHdwendaCIKqLpCdxBeaCeftafwendaCJCabqfeK",109,1,89,108,0,108,0,0,0,0,0,35,35,32,32,41,41,75
"6555",54,"[89]GsfffHdwaCDHztLdIECEmlrbwandbCLCecdCDmuxIwafofCJBdHdwendaCIKqLpCdxBeaCeftafwendaCJCabqfeK",107,1,89,106,0,106,0,0,0,0,0,28,28,39,39,39,39,75
"6556",55,"[89]GsfffHdwaCDHztLdIECEmlrbwandbCLCecdCDmuxIwafofCJBdHdwendaCIKqLpCdxBeaCeftafwendaCJCabqfeK",106,1,89,105,0,105,0,0,0,0,0,32,32,37,37,36,36,75
"6557",56,"[89]GsfffHdwaCDHztLdIECEmlrbwandbCLCecdCDmuxIwafofCJBdHdwendaCIKqLpCdxBeaCeftafwendaCJCabqfeK",97,0.98,89,100,2,98,2,2,0,2,2,39,37,40,40,21,21,75
"6558",57,"[89]GsfffHdwaCDHztLdIECEmlrbwandbCLCecdCDmuxIwafofCJBdHdwendaCIKqLpCdxBeaCeftafwendaCJCabqfeK",111,1,89,110,0,110,0,0,0,0,0,32,32,32,32,46,46,75
"6559",58,"[89]GsfffHdwaCDHztLdIECEmlrbwandbCLCecdCDmuxIwafofCJBdHdwendaCIKqLpCdxBeaCeftafwendaCJCabqfeK",104,1,89,103,0,103,0,0,0,0,0,30,30,41,41,32,32,75
"6560",59,"[89]GsfffHdwaCDHztLdIECEmlrbwandbCLCecdCDmuxIwafofCJBdHdwendaCIKqLpCdxBeaCeftafwendaCJCabqfeK",107,1,89,106,0,106,0,0,0,0,0,32,32,36,36,38,38,75
"6561",60,"[89]GsfffHdwaCDHztLdIECEmlrbwandbCLCecdCDmuxIwafofCJBdHdwendaCIKqLpCdxBeaCeftafwendaCJCabqfeK",100,0.962617,89,107,4,103,4,4,0,4,4,41,37,34,34,32,32,75
"6562",61,"[89]GsfffHdwaCDHztLdIECEmlrbwandbCLCecdCDmuxIwafofCJBdHdwendaCIKqLpCdxBeaCeftafwendaCJCabqfeK",103,0.990385,89,104,1,103,1,1,0,1,1,38,37,35,35,31,31,75
"6563",62,"[89]GsfffHdwaCDHztLdIECEmlrbwandbCLCecdCDmuxIwafofCJBdHdwendaCIKqLpCdxBeaCeftafwendaCJCabqfeK",103,1,89,102,0,102,0,0,0,0,0,36,36,37,37,29,29,75
"6564",63,"[89]GsfffHdwaCDHztLdIECEmlrbwandbCLCecdCDmuxIwafofCJBdHdwendaCIKqLpCdxBeaCeftafwendaCJCabqfeK",102,1,89,101,0,101,0,0,0,0,0,41,41,35,35,25,25,75
"6565",64,"[89]GsfffHdwaCDHztLdIECEmlrbwandbCLCecdCDmuxIwafofCJBdHdwendaCIKqLpCdxBeaCeftafwendaCJCabqfeK",98,0.980198,89,101,2,99,2,2,0,2,2,37,35,41,41,23,23,75
"6566",65,"[89]GsfffHdwaCDHztLdIECEmlrbwandbCLCecdCDmuxIwafofCJBdHdwendaCIKqLpCdxBeaCeftafwendaCJCabqfeK",102,0.980952,89,105,2,103,2,2,0,2,2,32,30,40,40,33,33,75
"6567",66,"[89]GsfffHdwaCDHztLdIECEmlrbwandbCLCecdCDmuxIwafofCJBdHdwendaCIKqLpCdxBeaCeftafwendaCJCabqfeK",105,0.990566,89,106,1,105,1,1,0,1,1,35,34,35,35,36,36,75
"6568",67,"[89]GsfffHdwaCDHztLdIECEmlrbwandbCLCecdCDmuxIwafofCJBdHdwendaCIKqLpCdxBeaCeftafwendaCJCabqfeK",96,0.961165,89,103,4,99,4,4,0,4,4,41,37,38,38,24,24,75
"6569",68,"[89]GsfffHdwaCDHztLdIECEmlrbwandbCLCecdCDmuxIwafofCJBdHdwendaCIKqLpCdxBeaCeftafwendaCJCabqfeK",105,0.990566,89,106,1,105,1,1,0,1,1,32,31,37,37,37,37,75
"6570",69,"[89]GsfffHdwaCDHztLdIECEmlrbwandbCLCecdCDmuxIwafofCJBdHdwendaCIKqLpCdxBeaCeftafwendaCJCabqfeK",103,1,89,102,0,102,0,0,0,0,0,36,36,37,37,29,29,75
"6571",70,"[89]GsfffHdwaCDHztLdIECEmlrbwandbCLCecdCDmuxIwafofCJBdHdwendaCIKqLpCdxBeaCeftafwendaCJCabqfeK",99,1,89,98,0,98,0,0,0,0,0,35,35,43,43,20,20,75
"6572",71,"[89]GsfffHdwaCDHztLdIECEmlrbwandbCLCecdCDmuxIwafofCJBdHdwendaCIKqLpCdxBeaCeftafwendaCJCabqfeK",101,0.980769,89,104,2,102,2,2,0,2,2,43,41,33,33,28,28,75
"6573",72,"[89]GsfffHdwaCDHztLdIECEmlrbwandbCLCecdCDmuxIwafofCJBdHdwendaCIKqLpCdxBeaCeftafwendaCJCabqfeK",107,0.990741,89,108,1,107,1,1,0,1,1,32,31,35,35,41,41,75
"6574",73,"[89]GsfffHdwaCDHztLdIECEmlrbwandbCLCecdCDmuxIwafofCJBdHdwendaCIKqLpCdxBeaCeftafwendaCJCabqfeK",104,0.990476,89,105,1,104,1,1,0,1,1,33,32,38,38,34,34,75
"6575",74,"[89]GsfffHdwaCDHztLdIECEmlrbwandbCLCecdCDmuxIwafofCJBdHdwendaCIKqLpCdxBeaCeftafwendaCJCabqfeK",108,1,89,107,0,107,0,0,0,0,0,39,39,31,31,37,37,75
"6576",75,"[89]GsfffHdwaCDHztLdIECEmlrbwandbCLCecdCDmuxIwafofCJBdHdwendaCIKqLpCdxBeaCeftafwendaCJCabqfeK",107,1,89,106,0,106,0,0,0,0,0,40,40,30,30,36,36,75
"6577",76,"[89]GsfffHdwaCDHztLdIECEmlrbwandbCLCecdCDmuxIwafofCJBdHdwendaCIKqLpCdxBeaCeftafwendaCJCabqfeK",104,0.990476,89,105,1,104,1,1,0,1,1,35,34,37,37,33,33,75
"6578",77,"[89]GsfffHdwaCDHztLdIECEmlrbwandbCLCecdCDmuxIwafofCJBdHdwendaCIKqLpCdxBeaCeftafwendaCJCabqfeK",101,0.980769,89,104,2,102,2,2,0,2,2,43,41,33,33,28,28,75
"6579",78,"[89]GsfffHdwaCDHztLdIECEmlrbwandbCLCecdCDmuxIwafofCJBdHdwendaCIKqLpCdxBeaCeftafwendaCJCabqfeK",107,1,89,106,0,106,0,0,0,0,0,37,37,32,32,37,37,75
"6580",79,"[89]GsfffHdwaCDHztLdIECEmlrbwandbCLCecdCDmuxIwafofCJBdHdwendaCIKqLpCdxBeaCeftafwendaCJCabqfeK",101,0.962963,89,108,4,104,4,4,0,4,4,32,28,41,41,35,35,75
"6581",80,"[89]GsfffHdwaCDHztLdIECEmlrbwandbCLCecdCDmuxIwafofCJBdHdwendaCIKqLpCdxBeaCeftafwendaCJCabqfeK",105,1,89,104,0,104,0,0,0,0,0,37,37,34,34,33,33,75
"6582",81,"[89]GsfffHdwaCDHztLdIECEmlrbwandbCLCecdCDmuxIwafofCJBdHdwendaCIKqLpCdxBeaCeftafwendaCJCabqfeK",105,1,89,104,0,104,0,0,0,0,0,34,34,36,36,34,34,75
"6583",82,"[89]GsfffHdwaCDHztLdIECEmlrbwandbCLCecdCDmuxIwafofCJBdHdwendaCIKqLpCdxBeaCeftafwendaCJCabqfeK",103,1,89,102,0,102,0,0,0,0,0,35,35,38,38,29,29,75
"6584",83,"[89]GsfffHdwaCDHztLdIECEmlrbwandbCLCecdCDmuxIwafofCJBdHdwendaCIKqLpCdxBeaCeftafwendaCJCabqfeK",97,0.95283,89,106,5,101,5,5,0,5,5,40,35,38,38,28,28,75
"6585",84,"[89]GsfffHdwaCDHztLdIECEmlrbwandbCLCecdCDmuxIwafofCJBdHdwendaCIKqLpCdxBeaCeftafwendaCJCabqfeK",112,1,89,111,0,111,0,0,0,0,0,36,36,29,29,46,46,75
"6586",85,"[89]GsfffHdwaCDHztLdIECEmlrbwandbCLCecdCDmuxIwafofCJBdHdwendaCIKqLpCdxBeaCeftafwendaCJCabqfeK",104,1,89,103,0,103,0,0,0,0,0,32,32,40,40,31,31,75
"6587",86,"[89]GsfffHdwaCDHztLdIECEmlrbwandbCLCecdCDmuxIwafofCJBdHdwendaCIKqLpCdxBeaCeftafwendaCJCabqfeK",109,0.990909,89,110,1,109,1,1,0,1,1,38,37,29,29,43,43,75
"6588",87,"[89]GsfffHdwaCDHztLdIECEmlrbwandbCLCecdCDmuxIwafofCJBdHdwendaCIKqLpCdxBeaCeftafwendaCJCabqfeK",108,0.981982,89,111,2,109,2,2,0,2,2,32,30,34,34,45,45,75
"6589",88,"[89]GsfffHdwaCDHztLdIECEmlrbwandbCLCecdCDmuxIwafofCJBdHdwendaCIKqLpCdxBeaCeftafwendaCJCabqfeK",104,0.972477,89,109,3,106,3,3,0,3,3,34,31,36,36,39,39,75
"6590",89,"[89]GsfffHdwaCDHztLdIECEmlrbwandbCLCecdCDmuxIwafofCJBdHdwendaCIKqLpCdxBeaCeftafwendaCJCabqfeK",98,0.970874,89,103,3,100,3,3,0,3,3,42,39,36,36,25,25,75
"6591",90,"[89]GsfffHdwaCDHztLdIECEmlrbwandbCLCecdCDmuxIwafofCJBdHdwendaCIKqLpCdxBeaCeftafwendaCJCabqfeK",106,1,89,105,0,105,0,0,0,0,0,45,45,28,28,32,32,75
"6592",91,"[89]GsfffHdwaCDHztLdIECEmlrbwandbCLCecdCDmuxIwafofCJBdHdwendaCIKqLpCdxBeaCeftafwendaCJCabqfeK",105,1,89,104,0,104,0,0,0,0,0,38,38,34,34,32,32,75
"6593",92,"[89]GsfffHdwaCDHztLdIECEmlrbwandbCLCecdCDmuxIwafofCJBdHdwendaCIKqLpCdxBeaCeftafwendaCJCabqfeK",103,1,89,102,0,102,0,0,0,0,0,41,41,33,33,28,28,75
"6594",93,"[89]GsfffHdwaCDHztLdIECEmlrbwandbCLCecdCDmuxIwafofCJBdHdwendaCIKqLpCdxBeaCeftafwendaCJCabqfeK",106,1,89,105,0,105,0,0,0,0,0,37,37,33,33,35,35,75
"6595",94,"[89]GsfffHdwaCDHztLdIECEmlrbwandbCLCecdCDmuxIwafofCJBdHdwendaCIKqLpCdxBeaCeftafwendaCJCabqfeK",113,0.982759,89,116,2,114,2,2,0,2,2,32,30,29,29,55,55,75
"6596",95,"[89]GsfffHdwaCDHztLdIECEmlrbwandbCLCecdCDmuxIwafofCJBdHdwendaCIKqLpCdxBeaCeftafwendaCJCabqfeK",105,0.981481,89,108,2,106,2,2,0,2,2,39,37,32,32,37,37,75
"6597",96,"[89]GsfffHdwaCDHztLdIECEmlrbwandbCLCecdCDmuxIwafofCJBdHdwendaCIKqLpCdxBeaCeftafwendaCJCabqfeK",108,1,89,107,0,107,0,0,0,0,0,43,43,27,27,37,37,75
"6598",97,"[89]GsfffHdwaCDHztLdIECEmlrbwandbCLCecdCDmuxIwafofCJBdHdwendaCIKqLpCdxBeaCeftafwendaCJCabqfeK",105,1,89,104,0,104,0,0,0,0,0,40,40,33,33,31,31,75
"6599",98,"[89]GsfffHdwaCDHztLdIECEmlrbwandbCLCecdCDmuxIwafofCJBdHdwendaCIKqLpCdxBeaCeftafwendaCJCabqfeK",103,0.990385,89,104,1,103,1,1,0,1,1,37,36,36,36,31,31,75
"6600",99,"[89]GsfffHdwaCDHztLdIECEmlrbwandbCLCecdCDmuxIwafofCJBdHdwendaCIKqLpCdxBeaCeftafwendaCJCabqfeK",109,1,89,108,0,108,0,0,0,0,0,35,35,32,32,41,41,75
"6601",0,"[86]jfffHdwaCBCjmuszejACvmywafndbCLCabBvwafnfCJBdHdwandfCIKqErvvgaFqFEmbftkafwendqJCacAeGK",110,0.990991,86,111,1,110,1,1,0,1,1,35,34,41,41,35,35,76
"6602",1,"[86]jfffHdwaCBCjmuszejACvmywafndbCLCabBvwafnfCJBdHdwandfCIKqErvvgaFqFEmbftkafwendqJCacAeGK",106,0.956522,86,115,5,110,5,5,0,5,5,39,34,39,39,37,37,76
"6603",2,"[86]jfffHdwaCBCjmuszejACvmywafndbCLCabBvwafnfCJBdHdwandfCIKqErvvgaFqFEmbftkafwendqJCacAeGK",114,1,86,113,0,113,0,0,0,0,0,41,41,34,34,38,38,76
"6604",3,"[86]jfffHdwaCBCjmuszejACvmywafndbCLCabBvwafnfCJBdHdwandfCIKqErvvgaFqFEmbftkafwendqJCacAeGK",124,1,86,123,0,123,0,0,0,0,0,48,48,29,29,46,46,76
"6605",4,"[86]jfffHdwaCBCjmuszejACvmywafndbCLCabBvwafnfCJBdHdwandfCIKqErvvgaFqFEmbftkafwendqJCacAeGK",111,0.982456,86,114,2,112,2,2,0,2,2,45,43,32,32,37,37,76
"6606",5,"[86]jfffHdwaCBCjmuszejACvmywafndbCLCabBvwafnfCJBdHdwandfCIKqErvvgaFqFEmbftkafwendqJCacAeGK",110,0.990991,86,111,1,110,1,1,0,1,1,43,42,37,37,31,31,76
"6607",6,"[86]jfffHdwaCBCjmuszejACvmywafndbCLCabBvwafnfCJBdHdwandfCIKqErvvgaFqFEmbftkafwendqJCacAeGK",108,0.990826,86,109,1,108,1,1,0,1,1,35,34,44,44,30,30,76
"6608",7,"[86]jfffHdwaCBCjmuszejACvmywafndbCLCabBvwafnfCJBdHdwandfCIKqErvvgaFqFEmbftkafwendqJCacAeGK",110,0.982301,86,113,2,111,2,2,0,2,2,38,36,38,38,37,37,76
"6609",8,"[86]jfffHdwaCBCjmuszejACvmywafndbCLCabBvwafnfCJBdHdwandfCIKqErvvgaFqFEmbftkafwendqJCacAeGK",113,0.991228,86,114,1,113,1,1,0,1,1,37,36,36,36,41,41,76
"6610",9,"[86]jfffHdwaCBCjmuszejACvmywafndbCLCabBvwafnfCJBdHdwandfCIKqErvvgaFqFEmbftkafwendqJCacAeGK",107,1,86,106,0,106,0,0,0,0,0,38,38,42,42,26,26,76
"6611",10,"[86]jfffHdwaCBCjmuszejACvmywafndbCLCabBvwafnfCJBdHdwandfCIKqErvvgaFqFEmbftkafwendqJCacAeGK",107,1,86,106,0,106,0,0,0,0,0,36,36,43,43,27,27,76
"6612",11,"[86]jfffHdwaCBCjmuszejACvmywafndbCLCabBvwafnfCJBdHdwandfCIKqErvvgaFqFEmbftkafwendqJCacAeGK",112,1,86,111,0,111,0,0,0,0,0,39,39,36,36,36,36,76
"6613",12,"[86]jfffHdwaCBCjmuszejACvmywafndbCLCabBvwafnfCJBdHdwandfCIKqErvvgaFqFEmbftkafwendqJCacAeGK",113,0.991228,86,114,1,113,1,1,0,1,1,29,28,43,43,42,42,76
"6614",13,"[86]jfffHdwaCBCjmuszejACvmywafndbCLCabBvwafnfCJBdHdwandfCIKqErvvgaFqFEmbftkafwendqJCacAeGK",113,1,86,112,0,112,0,0,0,0,0,44,44,31,31,37,37,76
"6615",14,"[86]jfffHdwaCBCjmuszejACvmywafndbCLCabBvwafnfCJBdHdwandfCIKqErvvgaFqFEmbftkafwendqJCacAeGK",120,1,86,119,0,119,0,0,0,0,0,33,33,38,38,48,48,76
"6616",15,"[86]jfffHdwaCBCjmuszejACvmywafndbCLCabBvwafnfCJBdHdwandfCIKqErvvgaFqFEmbftkafwendqJCacAeGK",114,0.991304,86,115,1,114,1,1,0,1,1,36,35,40,40,39,39,76
"6617",16,"[86]jfffHdwaCBCjmuszejACvmywafndbCLCabBvwafnfCJBdHdwandfCIKqErvvgaFqFEmbftkafwendqJCacAeGK",110,0.990991,86,111,1,110,1,1,0,1,1,44,43,35,35,32,32,76
"6618",17,"[86]jfffHdwaCBCjmuszejACvmywafndbCLCabBvwafnfCJBdHdwandfCIKqErvvgaFqFEmbftkafwendqJCacAeGK",126,1,86,125,0,125,0,0,0,0,0,52,52,32,32,41,41,76
"6619",18,"[86]jfffHdwaCBCjmuszejACvmywafndbCLCabBvwafnfCJBdHdwandfCIKqErvvgaFqFEmbftkafwendqJCacAeGK",114,1,86,113,0,113,0,0,0,0,0,28,28,43,43,42,42,76
"6620",19,"[86]jfffHdwaCBCjmuszejACvmywafndbCLCabBvwafnfCJBdHdwandfCIKqErvvgaFqFEmbftkafwendqJCacAeGK",107,1,86,106,0,106,0,0,0,0,0,36,36,43,43,27,27,76
"6621",20,"[86]jfffHdwaCBCjmuszejACvmywafndbCLCabBvwafnfCJBdHdwandfCIKqErvvgaFqFEmbftkafwendqJCacAeGK",112,0.982609,86,115,2,113,2,2,0,2,2,44,42,34,34,37,37,76
"6622",21,"[86]jfffHdwaCBCjmuszejACvmywafndbCLCabBvwafnfCJBdHdwandfCIKqErvvgaFqFEmbftkafwendqJCacAeGK",115,1,86,114,0,114,0,0,0,0,0,45,45,33,33,36,36,76
"6623",22,"[86]jfffHdwaCBCjmuszejACvmywafndbCLCabBvwafnfCJBdHdwandfCIKqErvvgaFqFEmbftkafwendqJCacAeGK",118,1,86,117,0,117,0,0,0,0,0,37,37,43,43,37,37,76
"6624",23,"[86]jfffHdwaCBCjmuszejACvmywafndbCLCabBvwafnfCJBdHdwandfCIKqErvvgaFqFEmbftkafwendqJCacAeGK",112,0.99115,86,113,1,112,1,1,0,1,1,34,33,40,40,39,39,76
"6625",24,"[86]jfffHdwaCBCjmuszejACvmywafndbCLCabBvwafnfCJBdHdwandfCIKqErvvgaFqFEmbftkafwendqJCacAeGK",109,1,86,108,0,108,0,0,0,0,0,38,38,40,40,30,30,76
"6626",25,"[86]jfffHdwaCBCjmuszejACvmywafndbCLCabBvwafnfCJBdHdwandfCIKqErvvgaFqFEmbftkafwendqJCacAeGK",115,1,86,114,0,114,0,0,0,0,0,52,52,28,28,34,34,76
"6627",26,"[86]jfffHdwaCBCjmuszejACvmywafndbCLCabBvwafnfCJBdHdwandfCIKqErvvgaFqFEmbftkafwendqJCacAeGK",117,1,86,116,0,116,0,0,0,0,0,34,34,41,41,41,41,76
"6628",27,"[86]jfffHdwaCBCjmuszejACvmywafndbCLCabBvwafnfCJBdHdwandfCIKqErvvgaFqFEmbftkafwendqJCacAeGK",113,0.991228,86,114,1,113,1,1,0,1,1,33,32,44,44,37,37,76
"6629",28,"[86]jfffHdwaCBCjmuszejACvmywafndbCLCabBvwafnfCJBdHdwandfCIKqErvvgaFqFEmbftkafwendqJCacAeGK",113,1,86,112,0,112,0,0,0,0,0,33,33,41,41,38,38,76
"6630",29,"[86]jfffHdwaCBCjmuszejACvmywafndbCLCabBvwafnfCJBdHdwandfCIKqErvvgaFqFEmbftkafwendqJCacAeGK",118,1,86,117,0,117,0,0,0,0,0,39,39,33,33,45,45,76
"6631",30,"[86]jfffHdwaCBCjmuszejACvmywafndbCLCabBvwafnfCJBdHdwandfCIKqErvvgaFqFEmbftkafwendqJCacAeGK",112,0.982609,86,115,2,113,2,2,0,2,2,38,36,36,36,41,41,76
"6632",31,"[86]jfffHdwaCBCjmuszejACvmywafndbCLCabBvwafnfCJBdHdwandfCIKqErvvgaFqFEmbftkafwendqJCacAeGK",108,0.973451,86,113,3,110,3,3,0,3,3,37,34,47,47,29,29,76
"6633",32,"[86]jfffHdwaCBCjmuszejACvmywafndbCLCabBvwafnfCJBdHdwandfCIKqErvvgaFqFEmbftkafwendqJCacAeGK",113,1,86,112,0,112,0,0,0,0,0,44,44,31,31,37,37,76
"6634",33,"[86]jfffHdwaCBCjmuszejACvmywafndbCLCabBvwafnfCJBdHdwandfCIKqErvvgaFqFEmbftkafwendqJCacAeGK",108,0.957265,86,117,5,112,5,5,0,5,5,54,49,35,35,28,28,76
"6635",34,"[86]jfffHdwaCBCjmuszejACvmywafndbCLCabBvwafnfCJBdHdwandfCIKqErvvgaFqFEmbftkafwendqJCacAeGK",111,0.958333,86,120,5,115,5,5,0,5,5,37,32,39,39,44,44,76
"6636",35,"[86]jfffHdwaCBCjmuszejACvmywafndbCLCabBvwafnfCJBdHdwandfCIKqErvvgaFqFEmbftkafwendqJCacAeGK",112,0.982609,86,115,2,113,2,2,0,2,2,46,44,32,32,37,37,76
"6637",36,"[86]jfffHdwaCBCjmuszejACvmywafndbCLCabBvwafnfCJBdHdwandfCIKqErvvgaFqFEmbftkafwendqJCacAeGK",112,1,86,111,0,111,0,0,0,0,0,41,41,35,35,35,35,76
"6638",37,"[86]jfffHdwaCBCjmuszejACvmywafndbCLCabBvwafnfCJBdHdwandfCIKqErvvgaFqFEmbftkafwendqJCacAeGK",122,0.99187,86,123,1,122,1,1,0,1,1,38,37,35,35,50,50,76
"6639",38,"[86]jfffHdwaCBCjmuszejACvmywafndbCLCabBvwafnfCJBdHdwandfCIKqErvvgaFqFEmbftkafwendqJCacAeGK",117,1,86,116,0,116,0,0,0,0,0,35,35,38,38,43,43,76
"6640",39,"[86]jfffHdwaCBCjmuszejACvmywafndbCLCabBvwafnfCJBdHdwandfCIKqErvvgaFqFEmbftkafwendqJCacAeGK",105,0.95614,86,114,5,109,5,5,0,5,5,41,36,39,39,34,34,76
"6641",40,"[86]jfffHdwaCBCjmuszejACvmywafndbCLCabBvwafnfCJBdHdwandfCIKqErvvgaFqFEmbftkafwendqJCacAeGK",109,0.990909,86,110,1,109,1,1,0,1,1,40,39,40,40,30,30,76
"6642",41,"[86]jfffHdwaCBCjmuszejACvmywafndbCLCabBvwafnfCJBdHdwandfCIKqErvvgaFqFEmbftkafwendqJCacAeGK",111,0.991071,86,112,1,111,1,1,0,1,1,43,42,34,34,35,35,76
"6643",42,"[86]jfffHdwaCBCjmuszejACvmywafndbCLCabBvwafnfCJBdHdwandfCIKqErvvgaFqFEmbftkafwendqJCacAeGK",107,0.990741,86,108,1,107,1,1,0,1,1,44,43,36,36,28,28,76
"6644",43,"[86]jfffHdwaCBCjmuszejACvmywafndbCLCabBvwafnfCJBdHdwandfCIKqErvvgaFqFEmbftkafwendqJCacAeGK",114,1,86,113,0,113,0,0,0,0,0,37,37,39,39,37,37,76
"6645",44,"[86]jfffHdwaCBCjmuszejACvmywafndbCLCabBvwafnfCJBdHdwandfCIKqErvvgaFqFEmbftkafwendqJCacAeGK",115,0.983051,86,118,2,116,2,2,0,2,2,40,38,36,36,42,42,76
"6646",45,"[86]jfffHdwaCBCjmuszejACvmywafndbCLCabBvwafnfCJBdHdwandfCIKqErvvgaFqFEmbftkafwendqJCacAeGK",113,0.991228,86,114,1,113,1,1,0,1,1,40,39,36,36,38,38,76
"6647",46,"[86]jfffHdwaCBCjmuszejACvmywafndbCLCabBvwafnfCJBdHdwandfCIKqErvvgaFqFEmbftkafwendqJCacAeGK",106,0.972973,86,111,3,108,3,3,0,3,3,36,33,42,42,33,33,76
"6648",47,"[86]jfffHdwaCBCjmuszejACvmywafndbCLCabBvwafnfCJBdHdwandfCIKqErvvgaFqFEmbftkafwendqJCacAeGK",109,0.973684,86,114,3,111,3,3,0,3,3,41,38,36,36,37,37,76
"6649",48,"[86]jfffHdwaCBCjmuszejACvmywafndbCLCabBvwafnfCJBdHdwandfCIKqErvvgaFqFEmbftkafwendqJCacAeGK",109,1,86,108,0,108,0,0,0,0,0,47,47,33,33,28,28,76
"6650",49,"[86]jfffHdwaCBCjmuszejACvmywafndbCLCabBvwafnfCJBdHdwandfCIKqErvvgaFqFEmbftkafwendqJCacAeGK",118,1,86,117,0,117,0,0,0,0,0,29,29,41,41,47,47,76
"6651",50,"[86]jfffHdwaCBCjmuszejACvmywafndbCLCabBvwafnfCJBdHdwandfCIKqErvvgaFqFEmbftkafwendqJCacAeGK",99,0.922414,86,116,9,107,9,9,0,9,9,41,32,42,42,33,33,76
"6652",51,"[86]jfffHdwaCBCjmuszejACvmywafndbCLCabBvwafnfCJBdHdwandfCIKqErvvgaFqFEmbftkafwendqJCacAeGK",113,0.991228,86,114,1,113,1,1,0,1,1,33,32,39,39,42,42,76
"6653",52,"[86]jfffHdwaCBCjmuszejACvmywafndbCLCabBvwafnfCJBdHdwandfCIKqErvvgaFqFEmbftkafwendqJCacAeGK",112,0.99115,86,113,1,112,1,1,0,1,1,30,29,45,45,38,38,76
"6654",53,"[86]jfffHdwaCBCjmuszejACvmywafndbCLCabBvwafnfCJBdHdwandfCIKqErvvgaFqFEmbftkafwendqJCacAeGK",115,0.991379,86,116,1,115,1,1,0,1,1,33,32,39,39,44,44,76
"6655",54,"[86]jfffHdwaCBCjmuszejACvmywafndbCLCabBvwafnfCJBdHdwandfCIKqErvvgaFqFEmbftkafwendqJCacAeGK",114,1,86,113,0,113,0,0,0,0,0,39,39,34,34,40,40,76
"6656",55,"[86]jfffHdwaCBCjmuszejACvmywafndbCLCabBvwafnfCJBdHdwandfCIKqErvvgaFqFEmbftkafwendqJCacAeGK",117,0.991525,86,118,1,117,1,1,0,1,1,38,37,36,36,44,44,76
"6657",56,"[86]jfffHdwaCBCjmuszejACvmywafndbCLCabBvwafnfCJBdHdwandfCIKqErvvgaFqFEmbftkafwendqJCacAeGK",114,1,86,113,0,113,0,0,0,0,0,38,38,35,35,40,40,76
"6658",57,"[86]jfffHdwaCBCjmuszejACvmywafndbCLCabBvwafnfCJBdHdwandfCIKqErvvgaFqFEmbftkafwendqJCacAeGK",125,1,86,124,0,124,0,0,0,0,0,46,46,35,35,43,43,76
"6659",58,"[86]jfffHdwaCBCjmuszejACvmywafndbCLCabBvwafnfCJBdHdwandfCIKqErvvgaFqFEmbftkafwendqJCacAeGK",116,1,86,115,0,115,0,0,0,0,0,47,47,33,33,35,35,76
"6660",59,"[86]jfffHdwaCBCjmuszejACvmywafndbCLCabBvwafnfCJBdHdwandfCIKqErvvgaFqFEmbftkafwendqJCacAeGK",120,1,86,119,0,119,0,0,0,0,0,46,46,34,34,39,39,76
"6661",60,"[86]jfffHdwaCBCjmuszejACvmywafndbCLCabBvwafnfCJBdHdwandfCIKqErvvgaFqFEmbftkafwendqJCacAeGK",110,0.990991,86,111,1,110,1,1,0,1,1,43,42,36,36,32,32,76
"6662",61,"[86]jfffHdwaCBCjmuszejACvmywafndbCLCabBvwafnfCJBdHdwandfCIKqErvvgaFqFEmbftkafwendqJCacAeGK",116,1,86,115,0,115,0,0,0,0,0,39,39,38,38,38,38,76
"6663",62,"[86]jfffHdwaCBCjmuszejACvmywafndbCLCabBvwafnfCJBdHdwandfCIKqErvvgaFqFEmbftkafwendqJCacAeGK",110,0.957983,86,119,5,114,5,5,0,5,5,39,34,37,37,43,43,76
"6664",63,"[86]jfffHdwaCBCjmuszejACvmywafndbCLCabBvwafnfCJBdHdwandfCIKqErvvgaFqFEmbftkafwendqJCacAeGK",112,0.99115,86,113,1,112,1,1,0,1,1,33,32,40,40,40,40,76
"6665",64,"[86]jfffHdwaCBCjmuszejACvmywafndbCLCabBvwafnfCJBdHdwandfCIKqErvvgaFqFEmbftkafwendqJCacAeGK",120,1,86,119,0,119,0,0,0,0,0,47,47,31,31,41,41,76
"6666",65,"[86]jfffHdwaCBCjmuszejACvmywafndbCLCabBvwafnfCJBdHdwandfCIKqErvvgaFqFEmbftkafwendqJCacAeGK",111,0.982456,86,114,2,112,2,2,0,2,2,40,38,36,36,38,38,76
"6667",66,"[86]jfffHdwaCBCjmuszejACvmywafndbCLCabBvwafnfCJBdHdwandfCIKqErvvgaFqFEmbftkafwendqJCacAeGK",110,0.990991,86,111,1,110,1,1,0,1,1,42,41,41,41,28,28,76
"6668",67,"[86]jfffHdwaCBCjmuszejACvmywafndbCLCabBvwafnfCJBdHdwandfCIKqErvvgaFqFEmbftkafwendqJCacAeGK",108,0.981982,86,111,2,109,2,2,0,2,2,39,37,40,40,32,32,76
"6669",68,"[86]jfffHdwaCBCjmuszejACvmywafndbCLCabBvwafnfCJBdHdwandfCIKqErvvgaFqFEmbftkafwendqJCacAeGK",113,1,86,112,0,112,0,0,0,0,0,39,39,35,35,38,38,76
"6670",69,"[86]jfffHdwaCBCjmuszejACvmywafndbCLCabBvwafnfCJBdHdwandfCIKqErvvgaFqFEmbftkafwendqJCacAeGK",117,1,86,116,0,116,0,0,0,0,0,33,33,41,41,42,42,76
"6671",70,"[86]jfffHdwaCBCjmuszejACvmywafndbCLCabBvwafnfCJBdHdwandfCIKqErvvgaFqFEmbftkafwendqJCacAeGK",114,0.991304,86,115,1,114,1,1,0,1,1,38,37,35,35,42,42,76
"6672",71,"[86]jfffHdwaCBCjmuszejACvmywafndbCLCabBvwafnfCJBdHdwandfCIKqErvvgaFqFEmbftkafwendqJCacAeGK",110,0.982301,86,113,2,111,2,2,0,2,2,42,40,40,40,31,31,76
"6673",72,"[86]jfffHdwaCBCjmuszejACvmywafndbCLCabBvwafnfCJBdHdwandfCIKqErvvgaFqFEmbftkafwendqJCacAeGK",119,1,86,118,0,118,0,0,0,0,0,40,40,40,40,38,38,76
"6674",73,"[86]jfffHdwaCBCjmuszejACvmywafndbCLCabBvwafnfCJBdHdwandfCIKqErvvgaFqFEmbftkafwendqJCacAeGK",115,1,86,114,0,114,0,0,0,0,0,30,30,41,41,43,43,76
"6675",74,"[86]jfffHdwaCBCjmuszejACvmywafndbCLCabBvwafnfCJBdHdwandfCIKqErvvgaFqFEmbftkafwendqJCacAeGK",116,1,86,115,0,115,0,0,0,0,0,48,48,27,27,40,40,76
"6676",75,"[86]jfffHdwaCBCjmuszejACvmywafndbCLCabBvwafnfCJBdHdwandfCIKqErvvgaFqFEmbftkafwendqJCacAeGK",114,1,86,113,0,113,0,0,0,0,0,41,41,36,36,36,36,76
"6677",76,"[86]jfffHdwaCBCjmuszejACvmywafndbCLCabBvwafnfCJBdHdwandfCIKqErvvgaFqFEmbftkafwendqJCacAeGK",110,1,86,109,0,109,0,0,0,0,0,45,45,34,34,30,30,76
"6678",77,"[86]jfffHdwaCBCjmuszejACvmywafndbCLCabBvwafnfCJBdHdwandfCIKqErvvgaFqFEmbftkafwendqJCacAeGK",114,0.991304,86,115,1,114,1,1,0,1,1,43,42,32,32,40,40,76
"6679",78,"[86]jfffHdwaCBCjmuszejACvmywafndbCLCabBvwafnfCJBdHdwandfCIKqErvvgaFqFEmbftkafwendqJCacAeGK",111,0.966102,86,118,4,114,4,4,0,4,4,45,41,35,35,38,38,76
"6680",79,"[86]jfffHdwaCBCjmuszejACvmywafndbCLCabBvwafnfCJBdHdwandfCIKqErvvgaFqFEmbftkafwendqJCacAeGK",117,1,86,116,0,116,0,0,0,0,0,39,39,34,34,43,43,76
"6681",80,"[86]jfffHdwaCBCjmuszejACvmywafndbCLCabBvwafnfCJBdHdwandfCIKqErvvgaFqFEmbftkafwendqJCacAeGK",115,0.991379,86,116,1,115,1,1,0,1,1,42,41,33,33,41,41,76
"6682",81,"[86]jfffHdwaCBCjmuszejACvmywafndbCLCabBvwafnfCJBdHdwandfCIKqErvvgaFqFEmbftkafwendqJCacAeGK",114,0.97479,86,119,3,116,3,3,0,3,3,33,30,38,38,48,48,76
"6683",82,"[86]jfffHdwaCBCjmuszejACvmywafndbCLCabBvwafnfCJBdHdwandfCIKqErvvgaFqFEmbftkafwendqJCacAeGK",113,0.991228,86,114,1,113,1,1,0,1,1,33,32,40,40,41,41,76
"6684",83,"[86]jfffHdwaCBCjmuszejACvmywafndbCLCabBvwafnfCJBdHdwandfCIKqErvvgaFqFEmbftkafwendqJCacAeGK",115,1,86,114,0,114,0,0,0,0,0,46,46,30,30,38,38,76
"6685",84,"[86]jfffHdwaCBCjmuszejACvmywafndbCLCabBvwafnfCJBdHdwandfCIKqErvvgaFqFEmbftkafwendqJCacAeGK",117,1,86,116,0,116,0,0,0,0,0,34,34,36,36,46,46,76
"6686",85,"[86]jfffHdwaCBCjmuszejACvmywafndbCLCabBvwafnfCJBdHdwandfCIKqErvvgaFqFEmbftkafwendqJCacAeGK",116,0.991453,86,117,1,116,1,1,0,1,1,33,32,40,40,44,44,76
"6687",86,"[86]jfffHdwaCBCjmuszejACvmywafndbCLCabBvwafnfCJBdHdwandfCIKqErvvgaFqFEmbftkafwendqJCacAeGK",108,0.957265,86,117,5,112,5,5,0,5,5,38,33,38,38,41,41,76
"6688",87,"[86]jfffHdwaCBCjmuszejACvmywafndbCLCabBvwafnfCJBdHdwandfCIKqErvvgaFqFEmbftkafwendqJCacAeGK",110,1,86,109,0,109,0,0,0,0,0,38,38,40,40,31,31,76
"6689",88,"[86]jfffHdwaCBCjmuszejACvmywafndbCLCabBvwafnfCJBdHdwandfCIKqErvvgaFqFEmbftkafwendqJCacAeGK",113,0.991228,86,114,1,113,1,1,0,1,1,40,39,35,35,39,39,76
"6690",89,"[86]jfffHdwaCBCjmuszejACvmywafndbCLCabBvwafnfCJBdHdwandfCIKqErvvgaFqFEmbftkafwendqJCacAeGK",115,1,86,114,0,114,0,0,0,0,0,32,32,41,41,41,41,76
"6691",90,"[86]jfffHdwaCBCjmuszejACvmywafndbCLCabBvwafnfCJBdHdwandfCIKqErvvgaFqFEmbftkafwendqJCacAeGK",113,1,86,112,0,112,0,0,0,0,0,35,35,40,40,37,37,76
"6692",91,"[86]jfffHdwaCBCjmuszejACvmywafndbCLCabBvwafnfCJBdHdwandfCIKqErvvgaFqFEmbftkafwendqJCacAeGK",114,1,86,113,0,113,0,0,0,0,0,35,35,39,39,39,39,76
"6693",92,"[86]jfffHdwaCBCjmuszejACvmywafndbCLCabBvwafnfCJBdHdwandfCIKqErvvgaFqFEmbftkafwendqJCacAeGK",111,1,86,110,0,110,0,0,0,0,0,37,37,39,39,34,34,76
"6694",93,"[86]jfffHdwaCBCjmuszejACvmywafndbCLCabBvwafnfCJBdHdwandfCIKqErvvgaFqFEmbftkafwendqJCacAeGK",108,0.990826,86,109,1,108,1,1,0,1,1,43,42,37,37,29,29,76
"6695",94,"[86]jfffHdwaCBCjmuszejACvmywafndbCLCabBvwafnfCJBdHdwandfCIKqErvvgaFqFEmbftkafwendqJCacAeGK",117,1,86,116,0,116,0,0,0,0,0,34,34,38,38,44,44,76
"6696",95,"[86]jfffHdwaCBCjmuszejACvmywafndbCLCabBvwafnfCJBdHdwandfCIKqErvvgaFqFEmbftkafwendqJCacAeGK",113,0.991228,86,114,1,113,1,1,0,1,1,46,45,31,31,37,37,76
"6697",96,"[86]jfffHdwaCBCjmuszejACvmywafndbCLCabBvwafnfCJBdHdwandfCIKqErvvgaFqFEmbftkafwendqJCacAeGK",108,0.965217,86,115,4,111,4,4,0,4,4,33,29,44,44,38,38,76
"6698",97,"[86]jfffHdwaCBCjmuszejACvmywafndbCLCabBvwafnfCJBdHdwandfCIKqErvvgaFqFEmbftkafwendqJCacAeGK",114,1,86,113,0,113,0,0,0,0,0,42,42,34,34,37,37,76
"6699",98,"[86]jfffHdwaCBCjmuszejACvmywafndbCLCabBvwafnfCJBdHdwandfCIKqErvvgaFqFEmbftkafwendqJCacAeGK",113,1,86,112,0,112,0,0,0,0,0,35,35,41,41,36,36,76
"6700",99,"[86]jfffHdwaCBCjmuszejACvmywafndbCLCabBvwafnfCJBdHdwandfCIKqErvvgaFqFEmbftkafwendqJCacAeGK",112,1,86,111,0,111,0,0,0,0,0,44,44,34,34,33,33,76
"6701",0,"[78]GjfffHdwafndfCICecHkwafndbCLCecDowafnfCJBdHdrondfCIqdkKrqlckafvaendCJCabbAtaeK",101,0.990196,78,102,1,101,1,1,0,1,1,36,36,31,30,35,35,77
"6702",1,"[78]GjfffHdwafndfCICecHkwafndbCLCecDowafnfCJBdHdrondfCIqdkKrqlckafvaendCJCabbAtaeK",100,0.990099,78,101,1,100,1,1,0,1,1,36,36,31,30,34,34,77
"6703",2,"[78]GjfffHdwafndfCICecHkwafndbCLCecDowafnfCJBdHdrondfCIqdkKrqlckafvaendCJCabbAtaeK",98,0.989899,78,99,1,98,1,1,0,1,1,25,24,45,45,29,29,77
"6704",3,"[78]GjfffHdwafndfCICecHkwafndbCLCecDowafnfCJBdHdrondfCIqdkKrqlckafvaendCJCabbAtaeK",89,0.94,78,100,6,94,6,6,0,6,6,32,26,43,43,25,25,77
"6705",4,"[78]GjfffHdwafndfCICecHkwafndbCLCecDowafnfCJBdHdrondfCIqdkKrqlckafvaendCJCabbAtaeK",102,1,78,101,0,101,0,0,0,0,0,33,33,34,34,34,34,77
"6706",5,"[78]GjfffHdwafndfCICecHkwafndbCLCecDowafnfCJBdHdrondfCIqdkKrqlckafvaendCJCabbAtaeK",99,0.980392,78,102,2,100,2,2,0,2,2,29,28,38,37,35,35,77
"6707",6,"[78]GjfffHdwafndfCICecHkwafndbCLCecDowafnfCJBdHdrondfCIqdkKrqlckafvaendCJCabbAtaeK",96,0.979798,78,99,2,97,2,2,0,2,2,34,32,38,38,27,27,77
"6708",7,"[78]GjfffHdwafndfCICecHkwafndbCLCecDowafnfCJBdHdrondfCIqdkKrqlckafvaendCJCabbAtaeK",100,1,78,99,0,99,0,0,0,0,0,34,34,36,36,29,29,77
"6709",8,"[78]GjfffHdwafndfCICecHkwafndbCLCecDowafnfCJBdHdrondfCIqdkKrqlckafvaendCJCabbAtaeK",102,1,78,101,0,101,0,0,0,0,0,27,27,39,39,35,35,77
"6710",9,"[78]GjfffHdwafndfCICecHkwafndbCLCecDowafnfCJBdHdrondfCIqdkKrqlckafvaendCJCabbAtaeK",99,1,78,98,0,98,0,0,0,0,0,37,37,35,35,26,26,77
"6711",10,"[78]GjfffHdwafndfCICecHkwafndbCLCecDowafnfCJBdHdrondfCIqdkKrqlckafvaendCJCabbAtaeK",99,1,78,98,0,98,0,0,0,0,0,39,39,34,34,25,25,77
"6712",11,"[78]GjfffHdwafndfCICecHkwafndbCLCecDowafnfCJBdHdrondfCIqdkKrqlckafvaendCJCabbAtaeK",97,0.970588,78,102,3,99,3,3,0,3,3,28,26,39,38,35,35,77
"6713",12,"[78]GjfffHdwafndfCICecHkwafndbCLCecDowafnfCJBdHdrondfCIqdkKrqlckafvaendCJCabbAtaeK",102,1,78,101,0,101,0,0,0,0,0,20,20,46,46,35,35,77
"6714",13,"[78]GjfffHdwafndfCICecHkwafndbCLCecDowafnfCJBdHdrondfCIqdkKrqlckafvaendCJCabbAtaeK",97,0.989796,78,98,1,97,1,1,0,1,1,36,35,36,36,26,26,77
"6715",14,"[78]GjfffHdwafndfCICecHkwafndbCLCecDowafnfCJBdHdrondfCIqdkKrqlckafvaendCJCabbAtaeK",99,1,78,98,0,98,0,0,0,0,0,31,31,40,40,27,27,77
"6716",15,"[78]GjfffHdwafndfCICecHkwafndbCLCecDowafnfCJBdHdrondfCIqdkKrqlckafvaendCJCabbAtaeK",98,0.980198,78,101,2,99,2,2,0,2,2,41,40,28,27,32,32,77
"6717",16,"[78]GjfffHdwafndfCICecHkwafndbCLCecDowafnfCJBdHdrondfCIqdkKrqlckafvaendCJCabbAtaeK",98,0.989899,78,99,1,98,1,1,0,1,1,38,37,34,34,27,27,77
"6718",17,"[78]GjfffHdwafndfCICecHkwafndbCLCecDowafnfCJBdHdrondfCIqdkKrqlckafvaendCJCabbAtaeK",99,0.980392,78,102,2,100,2,2,0,2,2,36,35,32,31,34,34,77
"6719",18,"[78]GjfffHdwafndfCICecHkwafndbCLCecDowafnfCJBdHdrondfCIqdkKrqlckafvaendCJCabbAtaeK",102,0.990291,78,103,1,102,1,1,0,1,1,36,36,29,28,38,38,77
"6720",19,"[78]GjfffHdwafndfCICecHkwafndbCLCecDowafnfCJBdHdrondfCIqdkKrqlckafvaendCJCabbAtaeK",99,1,78,98,0,98,0,0,0,0,0,38,38,34,34,26,26,77
"6721",20,"[78]GjfffHdwafndfCICecHkwafndbCLCecDowafnfCJBdHdrondfCIqdkKrqlckafvaendCJCabbAtaeK",99,0.980392,78,102,2,100,2,2,0,2,2,34,32,34,34,34,34,77
"6722",21,"[78]GjfffHdwafndfCICecHkwafndbCLCecDowafnfCJBdHdrondfCIqdkKrqlckafvaendCJCabbAtaeK",101,1,78,100,0,100,0,0,0,0,0,33,33,36,36,31,31,77
"6723",22,"[78]GjfffHdwafndfCICecHkwafndbCLCecDowafnfCJBdHdrondfCIqdkKrqlckafvaendCJCabbAtaeK",105,0.990566,78,106,1,105,1,1,0,1,1,33,33,28,27,45,45,77
"6724",23,"[78]GjfffHdwafndfCICecHkwafndbCLCecDowafnfCJBdHdrondfCIqdkKrqlckafvaendCJCabbAtaeK",87,0.93,78,100,7,93,7,7,0,7,7,42,36,33,32,25,25,77
"6725",24,"[78]GjfffHdwafndfCICecHkwafndbCLCecDowafnfCJBdHdrondfCIqdkKrqlckafvaendCJCabbAtaeK",101,1,78,100,0,100,0,0,0,0,0,28,28,40,40,32,32,77
"6726",25,"[78]GjfffHdwafndfCICecHkwafndbCLCecDowafnfCJBdHdrondfCIqdkKrqlckafvaendCJCabbAtaeK",102,0.990291,78,103,1,102,1,1,0,1,1,35,34,31,31,37,37,77
"6727",26,"[78]GjfffHdwafndfCICecHkwafndbCLCecDowafnfCJBdHdrondfCIqdkKrqlckafvaendCJCabbAtaeK",103,0.981132,78,106,2,104,2,2,0,2,2,37,35,28,28,41,41,77
"6728",27,"[78]GjfffHdwafndfCICecHkwafndbCLCecDowafnfCJBdHdrondfCIqdkKrqlckafvaendCJCabbAtaeK",103,1,78,102,0,102,0,0,0,0,0,34,34,33,33,35,35,77
"6729",28,"[78]GjfffHdwafndfCICecHkwafndbCLCecDowafnfCJBdHdrondfCIqdkKrqlckafvaendCJCabbAtaeK",105,1,78,104,0,104,0,0,0,0,0,32,32,32,32,40,40,77
"6730",29,"[78]GjfffHdwafndfCICecHkwafndbCLCecDowafnfCJBdHdrondfCIqdkKrqlckafvaendCJCabbAtaeK",97,0.970588,78,102,3,99,3,3,0,3,3,34,32,35,34,33,33,77
"6731",30,"[78]GjfffHdwafndfCICecHkwafndbCLCecDowafnfCJBdHdrondfCIqdkKrqlckafvaendCJCabbAtaeK",95,0.97,78,100,3,97,3,3,0,3,3,38,35,36,36,26,26,77
"6732",31,"[78]GjfffHdwafndfCICecHkwafndbCLCecDowafnfCJBdHdrondfCIqdkKrqlckafvaendCJCabbAtaeK",102,1,78,101,0,101,0,0,0,0,0,31,31,36,36,34,34,77
"6733",32,"[78]GjfffHdwafndfCICecHkwafndbCLCecDowafnfCJBdHdrondfCIqdkKrqlckafvaendCJCabbAtaeK",101,0.990196,78,102,1,101,1,1,0,1,1,33,32,34,34,35,35,77
"6734",33,"[78]GjfffHdwafndfCICecHkwafndbCLCecDowafnfCJBdHdrondfCIqdkKrqlckafvaendCJCabbAtaeK",96,0.970297,78,101,3,98,3,3,0,3,3,35,33,34,33,32,32,77
"6735",34,"[78]GjfffHdwafndfCICecHkwafndbCLCecDowafnfCJBdHdrondfCIqdkKrqlckafvaendCJCabbAtaeK",98,0.989899,78,99,1,98,1,1,0,1,1,30,30,39,38,30,30,77
"6736",35,"[78]GjfffHdwafndfCICecHkwafndbCLCecDowafnfCJBdHdrondfCIqdkKrqlckafvaendCJCabbAtaeK",99,0.99,78,100,1,99,1,1,0,1,1,39,38,33,33,28,28,77
"6737",36,"[78]GjfffHdwafndfCICecHkwafndbCLCecDowafnfCJBdHdrondfCIqdkKrqlckafvaendCJCabbAtaeK",96,0.979798,78,99,2,97,2,2,0,2,2,38,36,36,36,25,25,77
"6738",37,"[78]GjfffHdwafndfCICecHkwafndbCLCecDowafnfCJBdHdrondfCIqdkKrqlckafvaendCJCabbAtaeK",99,1,78,98,0,98,0,0,0,0,0,42,42,31,31,25,25,77
"6739",38,"[78]GjfffHdwafndfCICecHkwafndbCLCecDowafnfCJBdHdrondfCIqdkKrqlckafvaendCJCabbAtaeK",103,0.990385,78,104,1,103,1,1,0,1,1,33,32,32,32,39,39,77
"6740",39,"[78]GjfffHdwafndfCICecHkwafndbCLCecDowafnfCJBdHdrondfCIqdkKrqlckafvaendCJCabbAtaeK",102,1,78,101,0,101,0,0,0,0,0,35,35,34,34,32,32,77
"6741",40,"[78]GjfffHdwafndfCICecHkwafndbCLCecDowafnfCJBdHdrondfCIqdkKrqlckafvaendCJCabbAtaeK",102,1,78,101,0,101,0,0,0,0,0,39,39,29,29,33,33,77
"6742",41,"[78]GjfffHdwafndfCICecHkwafndbCLCecDowafnfCJBdHdrondfCIqdkKrqlckafvaendCJCabbAtaeK",103,1,78,102,0,102,0,0,0,0,0,36,36,30,30,36,36,77
"6743",42,"[78]GjfffHdwafndfCICecHkwafndbCLCecDowafnfCJBdHdrondfCIqdkKrqlckafvaendCJCabbAtaeK",101,1,78,100,0,100,0,0,0,0,0,36,36,34,34,30,30,77
"6744",43,"[78]GjfffHdwafndfCICecHkwafndbCLCecDowafnfCJBdHdrondfCIqdkKrqlckafvaendCJCabbAtaeK",103,1,78,102,0,102,0,0,0,0,0,36,36,32,32,34,34,77
"6745",44,"[78]GjfffHdwafndfCICecHkwafndbCLCecDowafnfCJBdHdrondfCIqdkKrqlckafvaendCJCabbAtaeK",102,1,78,101,0,101,0,0,0,0,0,41,41,27,27,33,33,77
"6746",45,"[78]GjfffHdwafndfCICecHkwafndbCLCecDowafnfCJBdHdrondfCIqdkKrqlckafvaendCJCabbAtaeK",103,0.990385,78,104,1,103,1,1,0,1,1,35,35,28,27,41,41,77
"6747",46,"[78]GjfffHdwafndfCICecHkwafndbCLCecDowafnfCJBdHdrondfCIqdkKrqlckafvaendCJCabbAtaeK",102,1,78,101,0,101,0,0,0,0,0,27,27,40,40,34,34,77
"6748",47,"[78]GjfffHdwafndfCICecHkwafndbCLCecDowafnfCJBdHdrondfCIqdkKrqlckafvaendCJCabbAtaeK",101,1,78,100,0,100,0,0,0,0,0,34,34,35,35,31,31,77
"6749",48,"[78]GjfffHdwafndfCICecHkwafndbCLCecDowafnfCJBdHdrondfCIqdkKrqlckafvaendCJCabbAtaeK",98,0.989899,78,99,1,98,1,1,0,1,1,34,33,38,38,27,27,77
"6750",49,"[78]GjfffHdwafndfCICecHkwafndbCLCecDowafnfCJBdHdrondfCIqdkKrqlckafvaendCJCabbAtaeK",98,0.989899,78,99,1,98,1,1,0,1,1,38,38,33,32,28,28,77
"6751",50,"[78]GjfffHdwafndfCICecHkwafndbCLCecDowafnfCJBdHdrondfCIqdkKrqlckafvaendCJCabbAtaeK",97,0.98,78,100,2,98,2,2,0,2,2,38,37,32,31,30,30,77
"6752",51,"[78]GjfffHdwafndfCICecHkwafndbCLCecDowafnfCJBdHdrondfCIqdkKrqlckafvaendCJCabbAtaeK",100,0.990099,78,101,1,100,1,1,0,1,1,28,28,38,37,35,35,77
"6753",52,"[78]GjfffHdwafndfCICecHkwafndbCLCecDowafnfCJBdHdrondfCIqdkKrqlckafvaendCJCabbAtaeK",101,0.980769,78,104,2,102,2,2,0,2,2,30,28,37,37,37,37,77
"6754",53,"[78]GjfffHdwafndfCICecHkwafndbCLCecDowafnfCJBdHdrondfCIqdkKrqlckafvaendCJCabbAtaeK",98,1,78,97,0,97,0,0,0,0,0,38,38,35,35,24,24,77
"6755",54,"[78]GjfffHdwafndfCICecHkwafndbCLCecDowafnfCJBdHdrondfCIqdkKrqlckafvaendCJCabbAtaeK",100,0.971429,78,105,3,102,3,3,0,3,3,34,32,30,29,41,41,77
"6756",55,"[78]GjfffHdwafndfCICecHkwafndbCLCecDowafnfCJBdHdrondfCIqdkKrqlckafvaendCJCabbAtaeK",94,0.969697,78,99,3,96,3,3,0,3,3,31,29,40,39,28,28,77
"6757",56,"[78]GjfffHdwafndfCICecHkwafndbCLCecDowafnfCJBdHdrondfCIqdkKrqlckafvaendCJCabbAtaeK",102,0.990291,78,103,1,102,1,1,0,1,1,34,33,32,32,37,37,77
"6758",57,"[78]GjfffHdwafndfCICecHkwafndbCLCecDowafnfCJBdHdrondfCIqdkKrqlckafvaendCJCabbAtaeK",98,0.989899,78,99,1,98,1,1,0,1,1,40,40,31,30,28,28,77
"6759",58,"[78]GjfffHdwafndfCICecHkwafndbCLCecDowafnfCJBdHdrondfCIqdkKrqlckafvaendCJCabbAtaeK",100,0.990099,78,101,1,100,1,1,0,1,1,38,37,31,31,32,32,77
"6760",59,"[78]GjfffHdwafndfCICecHkwafndbCLCecDowafnfCJBdHdrondfCIqdkKrqlckafvaendCJCabbAtaeK",100,0.990099,78,101,1,100,1,1,0,1,1,39,38,30,30,32,32,77
"6761",60,"[78]GjfffHdwafndfCICecHkwafndbCLCecDowafnfCJBdHdrondfCIqdkKrqlckafvaendCJCabbAtaeK",100,0.980583,78,103,2,101,2,2,0,2,2,37,36,29,28,37,37,77
"6762",61,"[78]GjfffHdwafndfCICecHkwafndbCLCecDowafnfCJBdHdrondfCIqdkKrqlckafvaendCJCabbAtaeK",95,0.979592,78,98,2,96,2,2,0,2,2,32,31,40,39,26,26,77
"6763",62,"[78]GjfffHdwafndfCICecHkwafndbCLCecDowafnfCJBdHdrondfCIqdkKrqlckafvaendCJCabbAtaeK",100,0.990099,78,101,1,100,1,1,0,1,1,33,32,35,35,33,33,77
"6764",63,"[78]GjfffHdwafndfCICecHkwafndbCLCecDowafnfCJBdHdrondfCIqdkKrqlckafvaendCJCabbAtaeK",104,1,78,103,0,103,0,0,0,0,0,34,34,32,32,37,37,77
"6765",64,"[78]GjfffHdwafndfCICecHkwafndbCLCecDowafnfCJBdHdrondfCIqdkKrqlckafvaendCJCabbAtaeK",100,0.990099,78,101,1,100,1,1,0,1,1,37,37,30,29,34,34,77
"6766",65,"[78]GjfffHdwafndfCICecHkwafndbCLCecDowafnfCJBdHdrondfCIqdkKrqlckafvaendCJCabbAtaeK",102,0.990291,78,103,1,102,1,1,0,1,1,41,40,26,26,36,36,77
"6767",66,"[78]GjfffHdwafndfCICecHkwafndbCLCecDowafnfCJBdHdrondfCIqdkKrqlckafvaendCJCabbAtaeK",100,0.990099,78,101,1,100,1,1,0,1,1,36,36,31,30,34,34,77
"6768",67,"[78]GjfffHdwafndfCICecHkwafndbCLCecDowafnfCJBdHdrondfCIqdkKrqlckafvaendCJCabbAtaeK",97,0.989796,78,98,1,97,1,1,0,1,1,35,35,36,35,27,27,77
"6769",68,"[78]GjfffHdwafndfCICecHkwafndbCLCecDowafnfCJBdHdrondfCIqdkKrqlckafvaendCJCabbAtaeK",93,0.95098,78,102,5,97,5,5,0,5,5,40,36,30,29,32,32,77
"6770",69,"[78]GjfffHdwafndfCICecHkwafndbCLCecDowafnfCJBdHdrondfCIqdkKrqlckafvaendCJCabbAtaeK",101,0.990196,78,102,1,101,1,1,0,1,1,35,35,30,29,37,37,77
"6771",70,"[78]GjfffHdwafndfCICecHkwafndbCLCecDowafnfCJBdHdrondfCIqdkKrqlckafvaendCJCabbAtaeK",99,0.99,78,100,1,99,1,1,0,1,1,27,26,42,42,31,31,77
"6772",71,"[78]GjfffHdwafndfCICecHkwafndbCLCecDowafnfCJBdHdrondfCIqdkKrqlckafvaendCJCabbAtaeK",99,0.99,78,100,1,99,1,1,0,1,1,32,31,38,38,30,30,77
"6773",72,"[78]GjfffHdwafndfCICecHkwafndbCLCecDowafnfCJBdHdrondfCIqdkKrqlckafvaendCJCabbAtaeK",97,0.970588,78,102,3,99,3,3,0,3,3,33,31,35,34,34,34,77
"6774",73,"[78]GjfffHdwafndfCICecHkwafndbCLCecDowafnfCJBdHdrondfCIqdkKrqlckafvaendCJCabbAtaeK",98,0.953271,78,107,5,102,5,5,0,5,5,34,29,33,33,40,40,77
"6775",74,"[78]GjfffHdwafndfCICecHkwafndbCLCecDowafnfCJBdHdrondfCIqdkKrqlckafvaendCJCabbAtaeK",102,0.990291,78,103,1,102,1,1,0,1,1,38,38,28,27,37,37,77
"6776",75,"[78]GjfffHdwafndfCICecHkwafndbCLCecDowafnfCJBdHdrondfCIqdkKrqlckafvaendCJCabbAtaeK",96,0.989691,78,97,1,96,1,1,0,1,1,43,42,33,33,21,21,77
"6777",76,"[78]GjfffHdwafndfCICecHkwafndbCLCecDowafnfCJBdHdrondfCIqdkKrqlckafvaendCJCabbAtaeK",97,0.961538,78,104,4,100,4,4,0,4,4,36,32,33,33,35,35,77
"6778",77,"[78]GjfffHdwafndfCICecHkwafndbCLCecDowafnfCJBdHdrondfCIqdkKrqlckafvaendCJCabbAtaeK",101,0.990196,78,102,1,101,1,1,0,1,1,28,27,39,39,35,35,77
"6779",78,"[78]GjfffHdwafndfCICecHkwafndbCLCecDowafnfCJBdHdrondfCIqdkKrqlckafvaendCJCabbAtaeK",106,1,78,105,0,105,0,0,0,0,0,28,28,34,34,43,43,77
"6780",79,"[78]GjfffHdwafndfCICecHkwafndbCLCecDowafnfCJBdHdrondfCIqdkKrqlckafvaendCJCabbAtaeK",97,0.98,78,100,2,98,2,2,0,2,2,34,32,38,38,28,28,77
"6781",80,"[78]GjfffHdwafndfCICecHkwafndbCLCecDowafnfCJBdHdrondfCIqdkKrqlckafvaendCJCabbAtaeK",101,0.990196,78,102,1,101,1,1,0,1,1,26,26,39,38,37,37,77
"6782",81,"[78]GjfffHdwafndfCICecHkwafndbCLCecDowafnfCJBdHdrondfCIqdkKrqlckafvaendCJCabbAtaeK",95,0.979592,78,98,2,96,2,2,0,2,2,40,38,34,34,24,24,77
"6783",82,"[78]GjfffHdwafndfCICecHkwafndbCLCecDowafnfCJBdHdrondfCIqdkKrqlckafvaendCJCabbAtaeK",99,0.99,78,100,1,99,1,1,0,1,1,42,41,29,29,29,29,77
"6784",83,"[78]GjfffHdwafndfCICecHkwafndbCLCecDowafnfCJBdHdrondfCIqdkKrqlckafvaendCJCabbAtaeK",97,1,78,96,0,96,0,0,0,0,0,40,40,34,34,22,22,77
"6785",84,"[78]GjfffHdwafndfCICecHkwafndbCLCecDowafnfCJBdHdrondfCIqdkKrqlckafvaendCJCabbAtaeK",101,0.990196,78,102,1,101,1,1,0,1,1,37,36,31,31,34,34,77
"6786",85,"[78]GjfffHdwafndfCICecHkwafndbCLCecDowafnfCJBdHdrondfCIqdkKrqlckafvaendCJCabbAtaeK",95,0.97,78,100,3,97,3,3,0,3,3,37,35,34,33,29,29,77
"6787",86,"[78]GjfffHdwafndfCICecHkwafndbCLCecDowafnfCJBdHdrondfCIqdkKrqlckafvaendCJCabbAtaeK",103,0.990385,78,104,1,103,1,1,0,1,1,35,34,30,30,39,39,77
"6788",87,"[78]GjfffHdwafndfCICecHkwafndbCLCecDowafnfCJBdHdrondfCIqdkKrqlckafvaendCJCabbAtaeK",100,0.990099,78,101,1,100,1,1,0,1,1,28,28,38,37,35,35,77
"6789",88,"[78]GjfffHdwafndfCICecHkwafndbCLCecDowafnfCJBdHdrondfCIqdkKrqlckafvaendCJCabbAtaeK",102,1,78,101,0,101,0,0,0,0,0,38,38,30,30,33,33,77
"6790",89,"[78]GjfffHdwafndfCICecHkwafndbCLCecDowafnfCJBdHdrondfCIqdkKrqlckafvaendCJCabbAtaeK",104,0.990476,78,105,1,104,1,1,0,1,1,30,30,32,31,43,43,77
"6791",90,"[78]GjfffHdwafndfCICecHkwafndbCLCecDowafnfCJBdHdrondfCIqdkKrqlckafvaendCJCabbAtaeK",103,1,78,102,0,102,0,0,0,0,0,39,39,29,29,34,34,77
"6792",91,"[78]GjfffHdwafndfCICecHkwafndbCLCecDowafnfCJBdHdrondfCIqdkKrqlckafvaendCJCabbAtaeK",100,0.990099,78,101,1,100,1,1,0,1,1,39,39,28,27,34,34,77
"6793",92,"[78]GjfffHdwafndfCICecHkwafndbCLCecDowafnfCJBdHdrondfCIqdkKrqlckafvaendCJCabbAtaeK",103,0.990385,78,104,1,103,1,1,0,1,1,34,33,32,32,38,38,77
"6794",93,"[78]GjfffHdwafndfCICecHkwafndbCLCecDowafnfCJBdHdrondfCIqdkKrqlckafvaendCJCabbAtaeK",93,0.969388,78,98,3,95,3,3,0,3,3,43,40,34,34,21,21,77
"6795",94,"[78]GjfffHdwafndfCICecHkwafndbCLCecDowafnfCJBdHdrondfCIqdkKrqlckafvaendCJCabbAtaeK",97,0.989796,78,98,1,97,1,1,0,1,1,36,35,37,37,25,25,77
"6796",95,"[78]GjfffHdwafndfCICecHkwafndbCLCecDowafnfCJBdHdrondfCIqdkKrqlckafvaendCJCabbAtaeK",103,0.990385,78,104,1,103,1,1,0,1,1,39,39,24,23,41,41,77
"6797",96,"[78]GjfffHdwafndfCICecHkwafndbCLCecDowafnfCJBdHdrondfCIqdkKrqlckafvaendCJCabbAtaeK",94,0.960396,78,101,4,97,4,4,0,4,4,38,35,32,31,31,31,77
"6798",97,"[78]GjfffHdwafndfCICecHkwafndbCLCecDowafnfCJBdHdrondfCIqdkKrqlckafvaendCJCabbAtaeK",102,0.990291,78,103,1,102,1,1,0,1,1,31,31,34,33,38,38,77
"6799",98,"[78]GjfffHdwafndfCICecHkwafndbCLCecDowafnfCJBdHdrondfCIqdkKrqlckafvaendCJCabbAtaeK",101,0.990196,78,102,1,101,1,1,0,1,1,37,36,31,31,34,34,77
"6800",99,"[78]GjfffHdwafndfCICecHkwafndbCLCecDowafnfCJBdHdrondfCIqdkKrqlckafvaendCJCabbAtaeK",102,0.990291,78,103,1,102,1,1,0,1,1,31,30,35,35,37,37,77
"6801",0,"[82]GjfffHdwaCJdkdjixnphwandbCLCecirdwafnfCJBdHdwendaCIKqCBkKBeaCecyDafwendaqJCabvgKeK",101,0.971698,82,106,3,103,3,3,0,3,3,35,32,42,42,29,29,78
"6802",1,"[82]GjfffHdwaCJdkdjixnphwandbCLCecirdwafnfCJBdHdwendaCIKqCBkKBeaCecyDafwendaqJCabvgKeK",110,1,82,109,0,109,0,0,0,0,0,35,35,34,34,40,40,78
"6803",2,"[82]GjfffHdwaCJdkdjixnphwandbCLCecirdwafnfCJBdHdwendaCIKqCBkKBeaCecyDafwendaqJCabvgKeK",112,1,82,111,0,111,0,0,0,0,0,37,37,30,30,44,44,78
"6804",3,"[82]GjfffHdwaCJdkdjixnphwandbCLCecirdwafnfCJBdHdwendaCIKqCBkKBeaCecyDafwendaqJCabvgKeK",103,0.981132,82,106,2,104,2,2,0,2,2,39,37,37,37,30,30,78
"6805",4,"[82]GjfffHdwaCJdkdjixnphwandbCLCecirdwafnfCJBdHdwendaCIKqCBkKBeaCecyDafwendaqJCabvgKeK",113,0.991228,82,114,1,113,1,1,0,1,1,34,33,31,31,49,49,78
"6806",5,"[82]GjfffHdwaCJdkdjixnphwandbCLCecirdwafnfCJBdHdwendaCIKqCBkKBeaCecyDafwendaqJCabvgKeK",100,0.962617,82,107,4,103,4,4,0,4,4,33,29,45,45,29,29,78
"6807",6,"[82]GjfffHdwaCJdkdjixnphwandbCLCecirdwafnfCJBdHdwendaCIKqCBkKBeaCecyDafwendaqJCabvgKeK",110,0.982301,82,113,2,111,2,2,0,2,2,31,29,36,36,46,46,78
"6808",7,"[82]GjfffHdwaCJdkdjixnphwandbCLCecirdwafnfCJBdHdwendaCIKqCBkKBeaCecyDafwendaqJCabvgKeK",100,0.954128,82,109,5,104,5,5,0,5,5,39,34,38,38,32,32,78
"6809",8,"[82]GjfffHdwaCJdkdjixnphwandbCLCecirdwafnfCJBdHdwendaCIKqCBkKBeaCecyDafwendaqJCabvgKeK",104,0.981308,82,107,2,105,2,2,0,2,2,43,41,33,33,31,31,78
"6810",9,"[82]GjfffHdwaCJdkdjixnphwandbCLCecirdwafnfCJBdHdwendaCIKqCBkKBeaCecyDafwendaqJCabvgKeK",108,0.990826,82,109,1,108,1,1,0,1,1,34,33,37,37,38,38,78
"6811",10,"[82]GjfffHdwaCJdkdjixnphwandbCLCecirdwafnfCJBdHdwendaCIKqCBkKBeaCecyDafwendaqJCabvgKeK",111,1,82,110,0,110,0,0,0,0,0,33,33,36,36,41,41,78
"6812",11,"[82]GjfffHdwaCJdkdjixnphwandbCLCecirdwafnfCJBdHdwendaCIKqCBkKBeaCecyDafwendaqJCabvgKeK",107,1,82,106,0,106,0,0,0,0,0,39,39,34,34,33,33,78
"6813",12,"[82]GjfffHdwaCJdkdjixnphwandbCLCecirdwafnfCJBdHdwendaCIKqCBkKBeaCecyDafwendaqJCabvgKeK",105,0.990566,82,106,1,105,1,1,0,1,1,32,31,42,42,32,32,78
"6814",13,"[82]GjfffHdwaCJdkdjixnphwandbCLCecirdwafnfCJBdHdwendaCIKqCBkKBeaCecyDafwendaqJCabvgKeK",110,1,82,109,0,109,0,0,0,0,0,38,38,32,32,39,39,78
"6815",14,"[82]GjfffHdwaCJdkdjixnphwandbCLCecirdwafnfCJBdHdwendaCIKqCBkKBeaCecyDafwendaqJCabvgKeK",115,1,82,114,0,114,0,0,0,0,0,34,34,31,31,49,49,78
"6816",15,"[82]GjfffHdwaCJdkdjixnphwandbCLCecirdwafnfCJBdHdwendaCIKqCBkKBeaCecyDafwendaqJCabvgKeK",109,1,82,108,0,108,0,0,0,0,0,40,40,31,31,37,37,78
"6817",16,"[82]GjfffHdwaCJdkdjixnphwandbCLCecirdwafnfCJBdHdwendaCIKqCBkKBeaCecyDafwendaqJCabvgKeK",109,1,82,108,0,108,0,0,0,0,0,32,32,39,39,37,37,78
"6818",17,"[82]GjfffHdwaCJdkdjixnphwandbCLCecirdwafnfCJBdHdwendaCIKqCBkKBeaCecyDafwendaqJCabvgKeK",105,0.990566,82,106,1,105,1,1,0,1,1,38,37,37,37,31,31,78
"6819",18,"[82]GjfffHdwaCJdkdjixnphwandbCLCecirdwafnfCJBdHdwendaCIKqCBkKBeaCecyDafwendaqJCabvgKeK",104,1,82,103,0,103,0,0,0,0,0,38,38,39,39,26,26,78
"6820",19,"[82]GjfffHdwaCJdkdjixnphwandbCLCecirdwafnfCJBdHdwendaCIKqCBkKBeaCecyDafwendaqJCabvgKeK",107,0.990741,82,108,1,107,1,1,0,1,1,45,44,28,28,35,35,78
"6821",20,"[82]GjfffHdwaCJdkdjixnphwandbCLCecirdwafnfCJBdHdwendaCIKqCBkKBeaCecyDafwendaqJCabvgKeK",109,1,82,108,0,108,0,0,0,0,0,35,35,37,37,36,36,78
"6822",21,"[82]GjfffHdwaCJdkdjixnphwandbCLCecirdwafnfCJBdHdwendaCIKqCBkKBeaCecyDafwendaqJCabvgKeK",107,0.990741,82,108,1,107,1,1,0,1,1,37,36,35,35,36,36,78
"6823",22,"[82]GjfffHdwaCJdkdjixnphwandbCLCecirdwafnfCJBdHdwendaCIKqCBkKBeaCecyDafwendaqJCabvgKeK",112,0.982609,82,115,2,113,2,2,0,2,2,32,30,34,34,49,49,78
"6824",23,"[82]GjfffHdwaCJdkdjixnphwandbCLCecirdwafnfCJBdHdwendaCIKqCBkKBeaCecyDafwendaqJCabvgKeK",111,1,82,110,0,110,0,0,0,0,0,39,39,31,31,40,40,78
"6825",24,"[82]GjfffHdwaCJdkdjixnphwandbCLCecirdwafnfCJBdHdwendaCIKqCBkKBeaCecyDafwendaqJCabvgKeK",108,1,82,107,0,107,0,0,0,0,0,39,39,34,34,34,34,78
"6826",25,"[82]GjfffHdwaCJdkdjixnphwandbCLCecirdwafnfCJBdHdwendaCIKqCBkKBeaCecyDafwendaqJCabvgKeK",106,0.990654,82,107,1,106,1,1,0,1,1,33,32,40,40,34,34,78
"6827",26,"[82]GjfffHdwaCJdkdjixnphwandbCLCecirdwafnfCJBdHdwendaCIKqCBkKBeaCecyDafwendaqJCabvgKeK",109,1,82,108,0,108,0,0,0,0,0,39,39,33,33,36,36,78
"6828",27,"[82]GjfffHdwaCJdkdjixnphwandbCLCecirdwafnfCJBdHdwendaCIKqCBkKBeaCecyDafwendaqJCabvgKeK",106,0.990654,82,107,1,106,1,1,0,1,1,37,36,36,36,34,34,78
"6829",28,"[82]GjfffHdwaCJdkdjixnphwandbCLCecirdwafnfCJBdHdwendaCIKqCBkKBeaCecyDafwendaqJCabvgKeK",110,1,82,109,0,109,0,0,0,0,0,42,42,28,28,39,39,78
"6830",29,"[82]GjfffHdwaCJdkdjixnphwandbCLCecirdwafnfCJBdHdwendaCIKqCBkKBeaCecyDafwendaqJCabvgKeK",108,1,82,107,0,107,0,0,0,0,0,36,36,36,36,35,35,78
"6831",30,"[82]GjfffHdwaCJdkdjixnphwandbCLCecirdwafnfCJBdHdwendaCIKqCBkKBeaCecyDafwendaqJCabvgKeK",106,0.990654,82,107,1,106,1,1,0,1,1,39,38,36,36,32,32,78
"6832",31,"[82]GjfffHdwaCJdkdjixnphwandbCLCecirdwafnfCJBdHdwendaCIKqCBkKBeaCecyDafwendaqJCabvgKeK",103,0.990385,82,104,1,103,1,1,0,1,1,36,35,41,41,27,27,78
"6833",32,"[82]GjfffHdwaCJdkdjixnphwandbCLCecirdwafnfCJBdHdwendaCIKqCBkKBeaCecyDafwendaqJCabvgKeK",110,0.990991,82,111,1,110,1,1,0,1,1,35,34,35,35,41,41,78
"6834",33,"[82]GjfffHdwaCJdkdjixnphwandbCLCecirdwafnfCJBdHdwendaCIKqCBkKBeaCecyDafwendaqJCabvgKeK",109,1,82,108,0,108,0,0,0,0,0,30,30,40,40,38,38,78
"6835",34,"[82]GjfffHdwaCJdkdjixnphwandbCLCecirdwafnfCJBdHdwendaCIKqCBkKBeaCecyDafwendaqJCabvgKeK",108,0.990826,82,109,1,108,1,1,0,1,1,37,36,35,35,37,37,78
"6836",35,"[82]GjfffHdwaCJdkdjixnphwandbCLCecirdwafnfCJBdHdwendaCIKqCBkKBeaCecyDafwendaqJCabvgKeK",109,1,82,108,0,108,0,0,0,0,0,34,34,36,36,38,38,78
"6837",36,"[82]GjfffHdwaCJdkdjixnphwandbCLCecirdwafnfCJBdHdwendaCIKqCBkKBeaCecyDafwendaqJCabvgKeK",104,0.972477,82,109,3,106,3,3,0,3,3,42,39,33,33,34,34,78
"6838",37,"[82]GjfffHdwaCJdkdjixnphwandbCLCecirdwafnfCJBdHdwendaCIKqCBkKBeaCecyDafwendaqJCabvgKeK",114,1,82,113,0,113,0,0,0,0,0,28,28,37,37,48,48,78
"6839",38,"[82]GjfffHdwaCJdkdjixnphwandbCLCecirdwafnfCJBdHdwendaCIKqCBkKBeaCecyDafwendaqJCabvgKeK",105,0.990566,82,106,1,105,1,1,0,1,1,42,41,34,34,30,30,78
"6840",39,"[82]GjfffHdwaCJdkdjixnphwandbCLCecirdwafnfCJBdHdwendaCIKqCBkKBeaCecyDafwendaqJCabvgKeK",113,1,82,112,0,112,0,0,0,0,0,29,29,36,36,47,47,78
"6841",40,"[82]GjfffHdwaCJdkdjixnphwandbCLCecirdwafnfCJBdHdwendaCIKqCBkKBeaCecyDafwendaqJCabvgKeK",105,0.990566,82,106,1,105,1,1,0,1,1,36,35,39,39,31,31,78
"6842",41,"[82]GjfffHdwaCJdkdjixnphwandbCLCecirdwafnfCJBdHdwendaCIKqCBkKBeaCecyDafwendaqJCabvgKeK",102,0.990291,82,103,1,102,1,1,0,1,1,39,38,39,39,25,25,78
"6843",42,"[82]GjfffHdwaCJdkdjixnphwandbCLCecirdwafnfCJBdHdwendaCIKqCBkKBeaCecyDafwendaqJCabvgKeK",104,0.981308,82,107,2,105,2,2,0,2,2,44,42,32,32,31,31,78
"6844",43,"[82]GjfffHdwaCJdkdjixnphwandbCLCecirdwafnfCJBdHdwendaCIKqCBkKBeaCecyDafwendaqJCabvgKeK",107,1,82,106,0,106,0,0,0,0,0,36,36,37,37,33,33,78
"6845",44,"[82]GjfffHdwaCJdkdjixnphwandbCLCecirdwafnfCJBdHdwendaCIKqCBkKBeaCecyDafwendaqJCabvgKeK",98,0.936937,82,111,7,104,7,7,0,7,7,38,31,41,41,32,32,78
"6846",45,"[82]GjfffHdwaCJdkdjixnphwandbCLCecirdwafnfCJBdHdwendaCIKqCBkKBeaCecyDafwendaqJCabvgKeK",108,1,82,107,0,107,0,0,0,0,0,41,41,32,32,34,34,78
"6847",46,"[82]GjfffHdwaCJdkdjixnphwandbCLCecirdwafnfCJBdHdwendaCIKqCBkKBeaCecyDafwendaqJCabvgKeK",109,0.973684,82,114,3,111,3,3,0,3,3,36,33,32,32,46,46,78
"6848",47,"[82]GjfffHdwaCJdkdjixnphwandbCLCecirdwafnfCJBdHdwendaCIKqCBkKBeaCecyDafwendaqJCabvgKeK",112,1,82,111,0,111,0,0,0,0,0,33,33,34,34,44,44,78
"6849",48,"[82]GjfffHdwaCJdkdjixnphwandbCLCecirdwafnfCJBdHdwendaCIKqCBkKBeaCecyDafwendaqJCabvgKeK",94,0.911504,82,113,10,103,10,10,0,10,10,39,29,43,43,31,31,78
"6850",49,"[82]GjfffHdwaCJdkdjixnphwandbCLCecirdwafnfCJBdHdwendaCIKqCBkKBeaCecyDafwendaqJCabvgKeK",112,1,82,111,0,111,0,0,0,0,0,41,41,27,27,43,43,78
"6851",50,"[82]GjfffHdwaCJdkdjixnphwandbCLCecirdwafnfCJBdHdwendaCIKqCBkKBeaCecyDafwendaqJCabvgKeK",108,1,82,107,0,107,0,0,0,0,0,44,44,30,30,33,33,78
"6852",51,"[82]GjfffHdwaCJdkdjixnphwandbCLCecirdwafnfCJBdHdwendaCIKqCBkKBeaCecyDafwendaqJCabvgKeK",113,1,82,112,0,112,0,0,0,0,0,39,39,29,29,44,44,78
"6853",52,"[82]GjfffHdwaCJdkdjixnphwandbCLCecirdwafnfCJBdHdwendaCIKqCBkKBeaCecyDafwendaqJCabvgKeK",109,0.990909,82,110,1,109,1,1,0,1,1,44,43,27,27,39,39,78
"6854",53,"[82]GjfffHdwaCJdkdjixnphwandbCLCecirdwafnfCJBdHdwendaCIKqCBkKBeaCecyDafwendaqJCabvgKeK",106,1,82,105,0,105,0,0,0,0,0,42,42,34,34,29,29,78
"6855",54,"[82]GjfffHdwaCJdkdjixnphwandbCLCecirdwafnfCJBdHdwendaCIKqCBkKBeaCecyDafwendaqJCabvgKeK",106,0.990654,82,107,1,106,1,1,0,1,1,44,43,30,30,33,33,78
"6856",55,"[82]GjfffHdwaCJdkdjixnphwandbCLCecirdwafnfCJBdHdwendaCIKqCBkKBeaCecyDafwendaqJCabvgKeK",109,0.982143,82,112,2,110,2,2,0,2,2,32,30,37,37,43,43,78
"6857",56,"[82]GjfffHdwaCJdkdjixnphwandbCLCecirdwafnfCJBdHdwendaCIKqCBkKBeaCecyDafwendaqJCabvgKeK",110,1,82,109,0,109,0,0,0,0,0,36,36,35,35,38,38,78
"6858",57,"[82]GjfffHdwaCJdkdjixnphwandbCLCecirdwafnfCJBdHdwendaCIKqCBkKBeaCecyDafwendaqJCabvgKeK",107,0.990741,82,108,1,107,1,1,0,1,1,31,30,41,41,36,36,78
"6859",58,"[82]GjfffHdwaCJdkdjixnphwandbCLCecirdwafnfCJBdHdwendaCIKqCBkKBeaCecyDafwendaqJCabvgKeK",113,1,82,112,0,112,0,0,0,0,0,37,37,30,30,45,45,78
"6860",59,"[82]GjfffHdwaCJdkdjixnphwandbCLCecirdwafnfCJBdHdwendaCIKqCBkKBeaCecyDafwendaqJCabvgKeK",106,0.972973,82,111,3,108,3,3,0,3,3,34,31,39,39,38,38,78
"6861",60,"[82]GjfffHdwaCJdkdjixnphwandbCLCecirdwafnfCJBdHdwendaCIKqCBkKBeaCecyDafwendaqJCabvgKeK",108,0.990826,82,109,1,108,1,1,0,1,1,34,33,37,37,38,38,78
"6862",61,"[82]GjfffHdwaCJdkdjixnphwandbCLCecirdwafnfCJBdHdwendaCIKqCBkKBeaCecyDafwendaqJCabvgKeK",112,1,82,111,0,111,0,0,0,0,0,42,42,26,26,43,43,78
"6863",62,"[82]GjfffHdwaCJdkdjixnphwandbCLCecirdwafnfCJBdHdwendaCIKqCBkKBeaCecyDafwendaqJCabvgKeK",109,0.990909,82,110,1,109,1,1,0,1,1,33,32,38,38,39,39,78
"6864",63,"[82]GjfffHdwaCJdkdjixnphwandbCLCecirdwafnfCJBdHdwendaCIKqCBkKBeaCecyDafwendaqJCabvgKeK",109,1,82,108,0,108,0,0,0,0,0,38,38,33,33,37,37,78
"6865",64,"[82]GjfffHdwaCJdkdjixnphwandbCLCecirdwafnfCJBdHdwendaCIKqCBkKBeaCecyDafwendaqJCabvgKeK",100,0.980583,82,103,2,101,2,2,0,2,2,41,39,40,40,22,22,78
"6866",65,"[82]GjfffHdwaCJdkdjixnphwandbCLCecirdwafnfCJBdHdwendaCIKqCBkKBeaCecyDafwendaqJCabvgKeK",106,1,82,105,0,105,0,0,0,0,0,37,37,38,38,30,30,78
"6867",66,"[82]GjfffHdwaCJdkdjixnphwandbCLCecirdwafnfCJBdHdwendaCIKqCBkKBeaCecyDafwendaqJCabvgKeK",107,0.973214,82,112,3,109,3,3,0,3,3,42,39,29,29,41,41,78
"6868",67,"[82]GjfffHdwaCJdkdjixnphwandbCLCecirdwafnfCJBdHdwendaCIKqCBkKBeaCecyDafwendaqJCabvgKeK",105,0.990566,82,106,1,105,1,1,0,1,1,40,39,36,36,30,30,78
"6869",68,"[82]GjfffHdwaCJdkdjixnphwandbCLCecirdwafnfCJBdHdwendaCIKqCBkKBeaCecyDafwendaqJCabvgKeK",107,0.990741,82,108,1,107,1,1,0,1,1,35,34,37,37,36,36,78
"6870",69,"[82]GjfffHdwaCJdkdjixnphwandbCLCecirdwafnfCJBdHdwendaCIKqCBkKBeaCecyDafwendaqJCabvgKeK",106,0.990654,82,107,1,106,1,1,0,1,1,34,33,39,39,34,34,78
"6871",70,"[82]GjfffHdwaCJdkdjixnphwandbCLCecirdwafnfCJBdHdwendaCIKqCBkKBeaCecyDafwendaqJCabvgKeK",112,1,82,111,0,111,0,0,0,0,0,38,38,30,30,43,43,78
"6872",71,"[82]GjfffHdwaCJdkdjixnphwandbCLCecirdwafnfCJBdHdwendaCIKqCBkKBeaCecyDafwendaqJCabvgKeK",111,1,82,110,0,110,0,0,0,0,0,39,39,30,30,41,41,78
"6873",72,"[82]GjfffHdwaCJdkdjixnphwandbCLCecirdwafnfCJBdHdwendaCIKqCBkKBeaCecyDafwendaqJCabvgKeK",110,1,82,109,0,109,0,0,0,0,0,39,39,32,32,38,38,78
"6874",73,"[82]GjfffHdwaCJdkdjixnphwandbCLCecirdwafnfCJBdHdwendaCIKqCBkKBeaCecyDafwendaqJCabvgKeK",105,1,82,104,0,104,0,0,0,0,0,36,36,39,39,29,29,78
"6875",74,"[82]GjfffHdwaCJdkdjixnphwandbCLCecirdwafnfCJBdHdwendaCIKqCBkKBeaCecyDafwendaqJCabvgKeK",105,1,82,104,0,104,0,0,0,0,0,41,41,35,35,28,28,78
"6876",75,"[82]GjfffHdwaCJdkdjixnphwandbCLCecirdwafnfCJBdHdwendaCIKqCBkKBeaCecyDafwendaqJCabvgKeK",111,1,82,110,0,110,0,0,0,0,0,33,33,35,35,42,42,78
"6877",76,"[82]GjfffHdwaCJdkdjixnphwandbCLCecirdwafnfCJBdHdwendaCIKqCBkKBeaCecyDafwendaqJCabvgKeK",107,0.990741,82,108,1,107,1,1,0,1,1,32,31,40,40,36,36,78
"6878",77,"[82]GjfffHdwaCJdkdjixnphwandbCLCecirdwafnfCJBdHdwendaCIKqCBkKBeaCecyDafwendaqJCabvgKeK",109,1,82,108,0,108,0,0,0,0,0,30,30,40,40,38,38,78
"6879",78,"[82]GjfffHdwaCJdkdjixnphwandbCLCecirdwafnfCJBdHdwendaCIKqCBkKBeaCecyDafwendaqJCabvgKeK",110,0.990991,82,111,1,110,1,1,0,1,1,32,31,37,37,42,42,78
"6880",79,"[82]GjfffHdwaCJdkdjixnphwandbCLCecirdwafnfCJBdHdwendaCIKqCBkKBeaCecyDafwendaqJCabvgKeK",105,0.990566,82,106,1,105,1,1,0,1,1,33,32,42,42,31,31,78
"6881",80,"[82]GjfffHdwaCJdkdjixnphwandbCLCecirdwafnfCJBdHdwendaCIKqCBkKBeaCecyDafwendaqJCabvgKeK",104,1,82,103,0,103,0,0,0,0,0,36,36,40,40,27,27,78
"6882",81,"[82]GjfffHdwaCJdkdjixnphwandbCLCecirdwafnfCJBdHdwendaCIKqCBkKBeaCecyDafwendaqJCabvgKeK",108,0.990826,82,109,1,108,1,1,0,1,1,38,37,33,33,38,38,78
"6883",82,"[82]GjfffHdwaCJdkdjixnphwandbCLCecirdwafnfCJBdHdwendaCIKqCBkKBeaCecyDafwendaqJCabvgKeK",106,0.981651,82,109,2,107,2,2,0,2,2,37,35,36,36,36,36,78
"6884",83,"[82]GjfffHdwaCJdkdjixnphwandbCLCecirdwafnfCJBdHdwendaCIKqCBkKBeaCecyDafwendaqJCabvgKeK",108,0.981982,82,111,2,109,2,2,0,2,2,48,46,25,25,38,38,78
"6885",84,"[82]GjfffHdwaCJdkdjixnphwandbCLCecirdwafnfCJBdHdwendaCIKqCBkKBeaCecyDafwendaqJCabvgKeK",93,0.925926,82,108,8,100,8,8,0,8,8,40,32,44,44,24,24,78
"6886",85,"[82]GjfffHdwaCJdkdjixnphwandbCLCecirdwafnfCJBdHdwendaCIKqCBkKBeaCecyDafwendaqJCabvgKeK",107,1,82,106,0,106,0,0,0,0,0,34,34,39,39,33,33,78
"6887",86,"[82]GjfffHdwaCJdkdjixnphwandbCLCecirdwafnfCJBdHdwendaCIKqCBkKBeaCecyDafwendaqJCabvgKeK",111,0.991071,82,112,1,111,1,1,0,1,1,28,27,39,39,45,45,78
"6888",87,"[82]GjfffHdwaCJdkdjixnphwandbCLCecirdwafnfCJBdHdwendaCIKqCBkKBeaCecyDafwendaqJCabvgKeK",105,1,82,104,0,104,0,0,0,0,0,41,41,36,36,27,27,78
"6889",88,"[82]GjfffHdwaCJdkdjixnphwandbCLCecirdwafnfCJBdHdwendaCIKqCBkKBeaCecyDafwendaqJCabvgKeK",106,1,82,105,0,105,0,0,0,0,0,36,36,38,38,31,31,78
"6890",89,"[82]GjfffHdwaCJdkdjixnphwandbCLCecirdwafnfCJBdHdwendaCIKqCBkKBeaCecyDafwendaqJCabvgKeK",110,0.990991,82,111,1,110,1,1,0,1,1,31,30,38,38,42,42,78
"6891",90,"[82]GjfffHdwaCJdkdjixnphwandbCLCecirdwafnfCJBdHdwendaCIKqCBkKBeaCecyDafwendaqJCabvgKeK",105,0.981481,82,108,2,106,2,2,0,2,2,41,39,33,33,34,34,78
"6892",91,"[82]GjfffHdwaCJdkdjixnphwandbCLCecirdwafnfCJBdHdwendaCIKqCBkKBeaCecyDafwendaqJCabvgKeK",107,0.981818,82,110,2,108,2,2,0,2,2,35,33,37,37,38,38,78
"6893",92,"[82]GjfffHdwaCJdkdjixnphwandbCLCecirdwafnfCJBdHdwendaCIKqCBkKBeaCecyDafwendaqJCabvgKeK",108,0.973451,82,113,3,110,3,3,0,3,3,38,35,32,32,43,43,78
"6894",93,"[82]GjfffHdwaCJdkdjixnphwandbCLCecirdwafnfCJBdHdwendaCIKqCBkKBeaCecyDafwendaqJCabvgKeK",111,0.991071,82,112,1,111,1,1,0,1,1,35,34,34,34,43,43,78
"6895",94,"[82]GjfffHdwaCJdkdjixnphwandbCLCecirdwafnfCJBdHdwendaCIKqCBkKBeaCecyDafwendaqJCabvgKeK",108,0.981982,82,111,2,109,2,2,0,2,2,34,32,36,36,41,41,78
"6896",95,"[82]GjfffHdwaCJdkdjixnphwandbCLCecirdwafnfCJBdHdwendaCIKqCBkKBeaCecyDafwendaqJCabvgKeK",112,1,82,111,0,111,0,0,0,0,0,39,39,30,30,42,42,78
"6897",96,"[82]GjfffHdwaCJdkdjixnphwandbCLCecirdwafnfCJBdHdwendaCIKqCBkKBeaCecyDafwendaqJCabvgKeK",109,0.982143,82,112,2,110,2,2,0,2,2,39,37,31,31,42,42,78
"6898",97,"[82]GjfffHdwaCJdkdjixnphwandbCLCecirdwafnfCJBdHdwendaCIKqCBkKBeaCecyDafwendaqJCabvgKeK",108,1,82,107,0,107,0,0,0,0,0,42,42,31,31,34,34,78
"6899",98,"[82]GjfffHdwaCJdkdjixnphwandbCLCecirdwafnfCJBdHdwendaCIKqCBkKBeaCecyDafwendaqJCabvgKeK",106,1,82,105,0,105,0,0,0,0,0,31,31,44,44,30,30,78
"6900",99,"[82]GjfffHdwaCJdkdjixnphwandbCLCecirdwafnfCJBdHdwendaCIKqCBkKBeaCecyDafwendaqJCabvgKeK",109,1,82,108,0,108,0,0,0,0,0,40,40,31,31,37,37,78
"6901",0,"[80]GjfffHdwandfCICebjKCiwafndbCLCabwwafofCJBdHdpgqdaIKFqsEtqzBzjgCvafwaendCJCeckaeK",99,0.980392,80,102,2,100,2,2,0,2,2,40,39,29,28,33,33,79
"6902",1,"[80]GjfffHdwandfCICebjKCiwafndbCLCabwwafofCJBdHdpgqdaIKFqsEtqzBzjgCvafwaendCJCeckaeK",101,0.971698,80,106,3,103,3,3,0,3,3,37,35,29,28,40,40,79
"6903",2,"[80]GjfffHdwandfCICebjKCiwafndbCLCabwwafofCJBdHdpgqdaIKFqsEtqzBzjgCvafwaendCJCeckaeK",106,1,80,105,0,105,0,0,0,0,0,24,24,39,39,42,42,79
"6904",3,"[80]GjfffHdwandfCICebjKCiwafndbCLCabwwafofCJBdHdpgqdaIKFqsEtqzBzjgCvafwaendCJCeckaeK",96,0.970297,80,101,3,98,3,3,0,3,3,41,39,30,29,30,30,79
"6905",4,"[80]GjfffHdwandfCICebjKCiwafndbCLCabwwafofCJBdHdpgqdaIKFqsEtqzBzjgCvafwaendCJCeckaeK",104,1,80,103,0,103,0,0,0,0,0,29,29,36,36,38,38,79
"6906",5,"[80]GjfffHdwandfCICebjKCiwafndbCLCabwwafofCJBdHdpgqdaIKFqsEtqzBzjgCvafwaendCJCeckaeK",102,0.990291,80,103,1,102,1,1,0,1,1,36,35,33,33,34,34,79
"6907",6,"[80]GjfffHdwandfCICebjKCiwafndbCLCabwwafofCJBdHdpgqdaIKFqsEtqzBzjgCvafwaendCJCeckaeK",99,0.962264,80,106,4,102,4,4,0,4,4,39,35,32,32,35,35,79
"6908",7,"[80]GjfffHdwandfCICebjKCiwafndbCLCabwwafofCJBdHdpgqdaIKFqsEtqzBzjgCvafwaendCJCeckaeK",99,0.99,80,100,1,99,1,1,0,1,1,36,35,35,35,29,29,79
"6909",8,"[80]GjfffHdwandfCICebjKCiwafndbCLCabwwafofCJBdHdpgqdaIKFqsEtqzBzjgCvafwaendCJCeckaeK",101,0.980769,80,104,2,102,2,2,0,2,2,41,39,30,30,33,33,79
"6910",9,"[80]GjfffHdwandfCICebjKCiwafndbCLCabwwafofCJBdHdpgqdaIKFqsEtqzBzjgCvafwaendCJCeckaeK",97,0.989796,80,98,1,97,1,1,0,1,1,28,28,42,41,28,28,79
"6911",10,"[80]GjfffHdwandfCICebjKCiwafndbCLCabwwafofCJBdHdpgqdaIKFqsEtqzBzjgCvafwaendCJCeckaeK",104,1,80,103,0,103,0,0,0,0,0,33,33,32,32,38,38,79
"6912",11,"[80]GjfffHdwandfCICebjKCiwafndbCLCabwwafofCJBdHdpgqdaIKFqsEtqzBzjgCvafwaendCJCeckaeK",104,1,80,103,0,103,0,0,0,0,0,30,30,35,35,38,38,79
"6913",12,"[80]GjfffHdwandfCICebjKCiwafndbCLCabwwafofCJBdHdpgqdaIKFqsEtqzBzjgCvafwaendCJCeckaeK",101,0.980769,80,104,2,102,2,2,0,2,2,29,28,35,34,40,40,79
"6914",13,"[80]GjfffHdwandfCICebjKCiwafndbCLCabwwafofCJBdHdpgqdaIKFqsEtqzBzjgCvafwaendCJCeckaeK",100,0.980583,80,103,2,101,2,2,0,2,2,38,36,32,32,33,33,79
"6915",14,"[80]GjfffHdwandfCICebjKCiwafndbCLCabwwafofCJBdHdpgqdaIKFqsEtqzBzjgCvafwaendCJCeckaeK",102,1,80,101,0,101,0,0,0,0,0,37,37,32,32,32,32,79
"6916",15,"[80]GjfffHdwandfCICebjKCiwafndbCLCabwwafofCJBdHdpgqdaIKFqsEtqzBzjgCvafwaendCJCeckaeK",99,0.99,80,100,1,99,1,1,0,1,1,29,29,38,37,33,33,79
"6917",16,"[80]GjfffHdwandfCICebjKCiwafndbCLCabwwafofCJBdHdpgqdaIKFqsEtqzBzjgCvafwaendCJCeckaeK",105,1,80,104,0,104,0,0,0,0,0,37,37,29,29,38,38,79
"6918",17,"[80]GjfffHdwandfCICebjKCiwafndbCLCabwwafofCJBdHdpgqdaIKFqsEtqzBzjgCvafwaendCJCeckaeK",97,0.989796,80,98,1,97,1,1,0,1,1,45,44,30,30,23,23,79
"6919",18,"[80]GjfffHdwandfCICebjKCiwafndbCLCabwwafofCJBdHdpgqdaIKFqsEtqzBzjgCvafwaendCJCeckaeK",94,0.951456,80,103,5,98,5,5,0,5,5,41,37,32,31,30,30,79
"6920",19,"[80]GjfffHdwandfCICebjKCiwafndbCLCabwwafofCJBdHdpgqdaIKFqsEtqzBzjgCvafwaendCJCeckaeK",99,1,80,98,0,98,0,0,0,0,0,33,33,39,39,26,26,79
"6921",20,"[80]GjfffHdwandfCICebjKCiwafndbCLCabwwafofCJBdHdpgqdaIKFqsEtqzBzjgCvafwaendCJCeckaeK",98,0.989899,80,99,1,98,1,1,0,1,1,37,37,34,33,28,28,79
"6922",21,"[80]GjfffHdwandfCICebjKCiwafndbCLCabwwafofCJBdHdpgqdaIKFqsEtqzBzjgCvafwaendCJCeckaeK",103,0.990385,80,104,1,103,1,1,0,1,1,31,31,31,30,42,42,79
"6923",22,"[80]GjfffHdwandfCICebjKCiwafndbCLCabwwafofCJBdHdpgqdaIKFqsEtqzBzjgCvafwaendCJCeckaeK",99,0.953704,80,108,5,103,5,5,0,5,5,41,37,30,29,37,37,79
"6924",23,"[80]GjfffHdwandfCICebjKCiwafndbCLCabwwafofCJBdHdpgqdaIKFqsEtqzBzjgCvafwaendCJCeckaeK",98,0.961905,80,105,4,101,4,4,0,4,4,33,30,35,34,37,37,79
"6925",24,"[80]GjfffHdwandfCICebjKCiwafndbCLCabwwafofCJBdHdpgqdaIKFqsEtqzBzjgCvafwaendCJCeckaeK",100,1,80,99,0,99,0,0,0,0,0,36,36,35,35,28,28,79
"6926",25,"[80]GjfffHdwandfCICebjKCiwafndbCLCabwwafofCJBdHdpgqdaIKFqsEtqzBzjgCvafwaendCJCeckaeK",97,0.98,80,100,2,98,2,2,0,2,2,35,34,35,34,30,30,79
"6927",26,"[80]GjfffHdwandfCICebjKCiwafndbCLCabwwafofCJBdHdpgqdaIKFqsEtqzBzjgCvafwaendCJCeckaeK",99,0.980392,80,102,2,100,2,2,0,2,2,37,36,33,32,32,32,79
"6928",27,"[80]GjfffHdwandfCICebjKCiwafndbCLCabwwafofCJBdHdpgqdaIKFqsEtqzBzjgCvafwaendCJCeckaeK",97,0.989796,80,98,1,97,1,1,0,1,1,35,34,38,38,25,25,79
"6929",28,"[80]GjfffHdwandfCICebjKCiwafndbCLCabwwafofCJBdHdpgqdaIKFqsEtqzBzjgCvafwaendCJCeckaeK",105,0.990566,80,106,1,105,1,1,0,1,1,34,33,31,31,41,41,79
"6930",29,"[80]GjfffHdwandfCICebjKCiwafndbCLCabwwafofCJBdHdpgqdaIKFqsEtqzBzjgCvafwaendCJCeckaeK",103,0.990385,80,104,1,103,1,1,0,1,1,30,30,32,31,42,42,79
"6931",30,"[80]GjfffHdwandfCICebjKCiwafndbCLCabwwafofCJBdHdpgqdaIKFqsEtqzBzjgCvafwaendCJCeckaeK",95,0.979592,80,98,2,96,2,2,0,2,2,36,35,36,35,26,26,79
"6932",31,"[80]GjfffHdwandfCICebjKCiwafndbCLCabwwafofCJBdHdpgqdaIKFqsEtqzBzjgCvafwaendCJCeckaeK",99,0.99,80,100,1,99,1,1,0,1,1,31,30,39,39,30,30,79
"6933",32,"[80]GjfffHdwandfCICebjKCiwafndbCLCabwwafofCJBdHdpgqdaIKFqsEtqzBzjgCvafwaendCJCeckaeK",100,0.980583,80,103,2,101,2,2,0,2,2,33,32,34,33,36,36,79
"6934",33,"[80]GjfffHdwandfCICebjKCiwafndbCLCabwwafofCJBdHdpgqdaIKFqsEtqzBzjgCvafwaendCJCeckaeK",94,0.969697,80,99,3,96,3,3,0,3,3,29,27,44,43,26,26,79
"6935",34,"[80]GjfffHdwandfCICebjKCiwafndbCLCabwwafofCJBdHdpgqdaIKFqsEtqzBzjgCvafwaendCJCeckaeK",97,0.970588,80,102,3,99,3,3,0,3,3,33,31,38,37,31,31,79
"6936",35,"[80]GjfffHdwandfCICebjKCiwafndbCLCabwwafofCJBdHdpgqdaIKFqsEtqzBzjgCvafwaendCJCeckaeK",98,0.989899,80,99,1,98,1,1,0,1,1,32,31,39,39,28,28,79
"6937",36,"[80]GjfffHdwandfCICebjKCiwafndbCLCabwwafofCJBdHdpgqdaIKFqsEtqzBzjgCvafwaendCJCeckaeK",97,0.970588,80,102,3,99,3,3,0,3,3,39,37,31,30,32,32,79
"6938",37,"[80]GjfffHdwandfCICebjKCiwafndbCLCabwwafofCJBdHdpgqdaIKFqsEtqzBzjgCvafwaendCJCeckaeK",100,0.990099,80,101,1,100,1,1,0,1,1,27,27,40,39,34,34,79
"6939",38,"[80]GjfffHdwandfCICebjKCiwafndbCLCabwwafofCJBdHdpgqdaIKFqsEtqzBzjgCvafwaendCJCeckaeK",103,1,80,102,0,102,0,0,0,0,0,31,31,35,35,36,36,79
"6940",39,"[80]GjfffHdwandfCICebjKCiwafndbCLCabwwafofCJBdHdpgqdaIKFqsEtqzBzjgCvafwaendCJCeckaeK",99,0.99,80,100,1,99,1,1,0,1,1,27,27,41,40,32,32,79
"6941",40,"[80]GjfffHdwandfCICebjKCiwafndbCLCabwwafofCJBdHdpgqdaIKFqsEtqzBzjgCvafwaendCJCeckaeK",104,0.990476,80,105,1,104,1,1,0,1,1,26,26,36,35,43,43,79
"6942",41,"[80]GjfffHdwandfCICebjKCiwafndbCLCabwwafofCJBdHdpgqdaIKFqsEtqzBzjgCvafwaendCJCeckaeK",102,0.990291,80,103,1,102,1,1,0,1,1,27,26,39,39,37,37,79
"6943",42,"[80]GjfffHdwandfCICebjKCiwafndbCLCabwwafofCJBdHdpgqdaIKFqsEtqzBzjgCvafwaendCJCeckaeK",95,0.979592,80,98,2,96,2,2,0,2,2,39,38,38,37,21,21,79
"6944",43,"[80]GjfffHdwandfCICebjKCiwafndbCLCabwwafofCJBdHdpgqdaIKFqsEtqzBzjgCvafwaendCJCeckaeK",100,1,80,99,0,99,0,0,0,0,0,33,33,38,38,28,28,79
"6945",44,"[80]GjfffHdwandfCICebjKCiwafndbCLCabwwafofCJBdHdpgqdaIKFqsEtqzBzjgCvafwaendCJCeckaeK",99,0.980392,80,102,2,100,2,2,0,2,2,37,35,35,35,30,30,79
"6946",45,"[80]GjfffHdwandfCICebjKCiwafndbCLCabwwafofCJBdHdpgqdaIKFqsEtqzBzjgCvafwaendCJCeckaeK",91,0.95,80,100,5,95,5,5,0,5,5,39,35,37,36,24,24,79
"6947",46,"[80]GjfffHdwandfCICebjKCiwafndbCLCabwwafofCJBdHdpgqdaIKFqsEtqzBzjgCvafwaendCJCeckaeK",101,0.990196,80,102,1,101,1,1,0,1,1,32,32,33,32,37,37,79
"6948",47,"[80]GjfffHdwandfCICebjKCiwafndbCLCabwwafofCJBdHdpgqdaIKFqsEtqzBzjgCvafwaendCJCeckaeK",100,0.980583,80,103,2,101,2,2,0,2,2,39,38,30,29,34,34,79
"6949",48,"[80]GjfffHdwandfCICebjKCiwafndbCLCabwwafofCJBdHdpgqdaIKFqsEtqzBzjgCvafwaendCJCeckaeK",98,0.989899,80,99,1,98,1,1,0,1,1,36,36,33,32,30,30,79
"6950",49,"[80]GjfffHdwandfCICebjKCiwafndbCLCabwwafofCJBdHdpgqdaIKFqsEtqzBzjgCvafwaendCJCeckaeK",93,0.942308,80,104,6,98,6,6,0,6,6,33,28,39,38,32,32,79
"6951",50,"[80]GjfffHdwandfCICebjKCiwafndbCLCabwwafofCJBdHdpgqdaIKFqsEtqzBzjgCvafwaendCJCeckaeK",100,0.990099,80,101,1,100,1,1,0,1,1,35,34,34,34,32,32,79
"6952",51,"[80]GjfffHdwandfCICebjKCiwafndbCLCabwwafofCJBdHdpgqdaIKFqsEtqzBzjgCvafwaendCJCeckaeK",96,0.989691,80,97,1,96,1,1,0,1,1,32,31,42,42,23,23,79
"6953",52,"[80]GjfffHdwandfCICebjKCiwafndbCLCabwwafofCJBdHdpgqdaIKFqsEtqzBzjgCvafwaendCJCeckaeK",94,0.989474,80,95,1,94,1,1,0,1,1,38,38,37,36,20,20,79
"6954",53,"[80]GjfffHdwandfCICebjKCiwafndbCLCabwwafofCJBdHdpgqdaIKFqsEtqzBzjgCvafwaendCJCeckaeK",94,0.960396,80,101,4,97,4,4,0,4,4,29,25,45,45,27,27,79
"6955",54,"[80]GjfffHdwandfCICebjKCiwafndbCLCabwwafofCJBdHdpgqdaIKFqsEtqzBzjgCvafwaendCJCeckaeK",100,0.980583,80,103,2,101,2,2,0,2,2,42,40,29,29,32,32,79
"6956",55,"[80]GjfffHdwandfCICebjKCiwafndbCLCabwwafofCJBdHdpgqdaIKFqsEtqzBzjgCvafwaendCJCeckaeK",101,0.980769,80,104,2,102,2,2,0,2,2,41,39,28,28,35,35,79
"6957",56,"[80]GjfffHdwandfCICebjKCiwafndbCLCabwwafofCJBdHdpgqdaIKFqsEtqzBzjgCvafwaendCJCeckaeK",96,0.952381,80,105,5,100,5,5,0,5,5,33,29,37,36,35,35,79
"6958",57,"[80]GjfffHdwandfCICebjKCiwafndbCLCabwwafofCJBdHdpgqdaIKFqsEtqzBzjgCvafwaendCJCeckaeK",100,0.990099,80,101,1,100,1,1,0,1,1,30,30,39,38,32,32,79
"6959",58,"[80]GjfffHdwandfCICebjKCiwafndbCLCabwwafofCJBdHdpgqdaIKFqsEtqzBzjgCvafwaendCJCeckaeK",97,0.989796,80,98,1,97,1,1,0,1,1,37,37,34,33,27,27,79
"6960",59,"[80]GjfffHdwandfCICebjKCiwafndbCLCabwwafofCJBdHdpgqdaIKFqsEtqzBzjgCvafwaendCJCeckaeK",102,1,80,101,0,101,0,0,0,0,0,42,42,26,26,33,33,79
"6961",60,"[80]GjfffHdwandfCICebjKCiwafndbCLCabwwafofCJBdHdpgqdaIKFqsEtqzBzjgCvafwaendCJCeckaeK",102,0.980952,80,105,2,103,2,2,0,2,2,36,34,33,33,36,36,79
"6962",61,"[80]GjfffHdwandfCICebjKCiwafndbCLCabwwafofCJBdHdpgqdaIKFqsEtqzBzjgCvafwaendCJCeckaeK",94,0.942857,80,105,6,99,6,6,0,6,6,40,35,32,31,33,33,79
"6963",62,"[80]GjfffHdwandfCICebjKCiwafndbCLCabwwafofCJBdHdpgqdaIKFqsEtqzBzjgCvafwaendCJCeckaeK",101,0.990196,80,102,1,101,1,1,0,1,1,36,36,30,29,36,36,79
"6964",63,"[80]GjfffHdwandfCICebjKCiwafndbCLCabwwafofCJBdHdpgqdaIKFqsEtqzBzjgCvafwaendCJCeckaeK",102,1,80,101,0,101,0,0,0,0,0,35,35,34,34,32,32,79
"6965",64,"[80]GjfffHdwandfCICebjKCiwafndbCLCabwwafofCJBdHdpgqdaIKFqsEtqzBzjgCvafwaendCJCeckaeK",99,0.99,80,100,1,99,1,1,0,1,1,31,31,38,37,31,31,79
"6966",65,"[80]GjfffHdwandfCICebjKCiwafndbCLCabwwafofCJBdHdpgqdaIKFqsEtqzBzjgCvafwaendCJCeckaeK",102,0.990291,80,103,1,102,1,1,0,1,1,34,34,31,30,38,38,79
"6967",66,"[80]GjfffHdwandfCICebjKCiwafndbCLCabwwafofCJBdHdpgqdaIKFqsEtqzBzjgCvafwaendCJCeckaeK",99,0.99,80,100,1,99,1,1,0,1,1,41,41,28,27,31,31,79
"6968",67,"[80]GjfffHdwandfCICebjKCiwafndbCLCabwwafofCJBdHdpgqdaIKFqsEtqzBzjgCvafwaendCJCeckaeK",100,0.990099,80,101,1,100,1,1,0,1,1,37,37,32,31,32,32,79
"6969",68,"[80]GjfffHdwandfCICebjKCiwafndbCLCabwwafofCJBdHdpgqdaIKFqsEtqzBzjgCvafwaendCJCeckaeK",96,0.952381,80,105,5,100,5,5,0,5,5,32,28,39,38,34,34,79
"6970",69,"[80]GjfffHdwandfCICebjKCiwafndbCLCabwwafofCJBdHdpgqdaIKFqsEtqzBzjgCvafwaendCJCeckaeK",100,1,80,99,0,99,0,0,0,0,0,29,29,40,40,30,30,79
"6971",70,"[80]GjfffHdwandfCICebjKCiwafndbCLCabwwafofCJBdHdpgqdaIKFqsEtqzBzjgCvafwaendCJCeckaeK",96,0.989691,80,97,1,96,1,1,0,1,1,38,38,36,35,23,23,79
"6972",71,"[80]GjfffHdwandfCICebjKCiwafndbCLCabwwafofCJBdHdpgqdaIKFqsEtqzBzjgCvafwaendCJCeckaeK",100,1,80,99,0,99,0,0,0,0,0,36,36,34,34,29,29,79
"6973",72,"[80]GjfffHdwandfCICebjKCiwafndbCLCabwwafofCJBdHdpgqdaIKFqsEtqzBzjgCvafwaendCJCeckaeK",102,0.990291,80,103,1,102,1,1,0,1,1,35,34,33,33,35,35,79
"6974",73,"[80]GjfffHdwandfCICebjKCiwafndbCLCabwwafofCJBdHdpgqdaIKFqsEtqzBzjgCvafwaendCJCeckaeK",100,0.990099,80,101,1,100,1,1,0,1,1,28,28,39,38,34,34,79
"6975",74,"[80]GjfffHdwandfCICebjKCiwafndbCLCabwwafofCJBdHdpgqdaIKFqsEtqzBzjgCvafwaendCJCeckaeK",101,0.990196,80,102,1,101,1,1,0,1,1,33,33,32,31,37,37,79
"6976",75,"[80]GjfffHdwandfCICebjKCiwafndbCLCabwwafofCJBdHdpgqdaIKFqsEtqzBzjgCvafwaendCJCeckaeK",99,0.980392,80,102,2,100,2,2,0,2,2,25,23,44,44,33,33,79
"6977",76,"[80]GjfffHdwandfCICebjKCiwafndbCLCabwwafofCJBdHdpgqdaIKFqsEtqzBzjgCvafwaendCJCeckaeK",102,1,80,101,0,101,0,0,0,0,0,29,29,39,39,33,33,79
"6978",77,"[80]GjfffHdwandfCICebjKCiwafndbCLCabwwafofCJBdHdpgqdaIKFqsEtqzBzjgCvafwaendCJCeckaeK",100,0.990099,80,101,1,100,1,1,0,1,1,41,41,29,28,31,31,79
"6979",78,"[80]GjfffHdwandfCICebjKCiwafndbCLCabwwafofCJBdHdpgqdaIKFqsEtqzBzjgCvafwaendCJCeckaeK",100,0.990099,80,101,1,100,1,1,0,1,1,41,40,30,30,30,30,79
"6980",79,"[80]GjfffHdwandfCICebjKCiwafndbCLCabwwafofCJBdHdpgqdaIKFqsEtqzBzjgCvafwaendCJCeckaeK",104,1,80,103,0,103,0,0,0,0,0,25,25,39,39,39,39,79
"6981",80,"[80]GjfffHdwandfCICebjKCiwafndbCLCabwwafofCJBdHdpgqdaIKFqsEtqzBzjgCvafwaendCJCeckaeK",100,0.990099,80,101,1,100,1,1,0,1,1,45,45,24,23,32,32,79
"6982",81,"[80]GjfffHdwandfCICebjKCiwafndbCLCabwwafofCJBdHdpgqdaIKFqsEtqzBzjgCvafwaendCJCeckaeK",99,0.99,80,100,1,99,1,1,0,1,1,39,38,35,35,26,26,79
"6983",82,"[80]GjfffHdwandfCICebjKCiwafndbCLCabwwafofCJBdHdpgqdaIKFqsEtqzBzjgCvafwaendCJCeckaeK",101,1,80,100,0,100,0,0,0,0,0,26,26,42,42,32,32,79
"6984",83,"[80]GjfffHdwandfCICebjKCiwafndbCLCabwwafofCJBdHdpgqdaIKFqsEtqzBzjgCvafwaendCJCeckaeK",105,1,80,104,0,104,0,0,0,0,0,31,31,32,32,41,41,79
"6985",84,"[80]GjfffHdwandfCICebjKCiwafndbCLCabwwafofCJBdHdpgqdaIKFqsEtqzBzjgCvafwaendCJCeckaeK",100,0.990099,80,101,1,100,1,1,0,1,1,35,35,32,31,34,34,79
"6986",85,"[80]GjfffHdwandfCICebjKCiwafndbCLCabwwafofCJBdHdpgqdaIKFqsEtqzBzjgCvafwaendCJCeckaeK",100,1,80,99,0,99,0,0,0,0,0,40,40,34,34,25,25,79
"6987",86,"[80]GjfffHdwandfCICebjKCiwafndbCLCabwwafofCJBdHdpgqdaIKFqsEtqzBzjgCvafwaendCJCeckaeK",99,0.980392,80,102,2,100,2,2,0,2,2,42,41,27,26,33,33,79
"6988",87,"[80]GjfffHdwandfCICebjKCiwafndbCLCabwwafofCJBdHdpgqdaIKFqsEtqzBzjgCvafwaendCJCeckaeK",106,1,80,105,0,105,0,0,0,0,0,34,34,32,32,39,39,79
"6989",88,"[80]GjfffHdwandfCICebjKCiwafndbCLCabwwafofCJBdHdpgqdaIKFqsEtqzBzjgCvafwaendCJCeckaeK",103,1,80,102,0,102,0,0,0,0,0,30,30,36,36,36,36,79
"6990",89,"[80]GjfffHdwandfCICebjKCiwafndbCLCabwwafofCJBdHdpgqdaIKFqsEtqzBzjgCvafwaendCJCeckaeK",102,0.990291,80,103,1,102,1,1,0,1,1,39,38,29,29,35,35,79
"6991",90,"[80]GjfffHdwandfCICebjKCiwafndbCLCabwwafofCJBdHdpgqdaIKFqsEtqzBzjgCvafwaendCJCeckaeK",96,0.979798,80,99,2,97,2,2,0,2,2,30,29,41,40,28,28,79
"6992",91,"[80]GjfffHdwandfCICebjKCiwafndbCLCabwwafofCJBdHdpgqdaIKFqsEtqzBzjgCvafwaendCJCeckaeK",99,0.980392,80,102,2,100,2,2,0,2,2,32,31,36,35,34,34,79
"6993",92,"[80]GjfffHdwandfCICebjKCiwafndbCLCabwwafofCJBdHdpgqdaIKFqsEtqzBzjgCvafwaendCJCeckaeK",95,0.951923,80,104,5,99,5,5,0,5,5,31,26,41,41,32,32,79
"6994",93,"[80]GjfffHdwandfCICebjKCiwafndbCLCabwwafofCJBdHdpgqdaIKFqsEtqzBzjgCvafwaendCJCeckaeK",100,0.980583,80,103,2,101,2,2,0,2,2,29,28,39,38,35,35,79
"6995",94,"[80]GjfffHdwandfCICebjKCiwafndbCLCabwwafofCJBdHdpgqdaIKFqsEtqzBzjgCvafwaendCJCeckaeK",101,0.971698,80,106,3,103,3,3,0,3,3,36,33,34,34,36,36,79
"6996",95,"[80]GjfffHdwandfCICebjKCiwafndbCLCabwwafofCJBdHdpgqdaIKFqsEtqzBzjgCvafwaendCJCeckaeK",100,0.990099,80,101,1,100,1,1,0,1,1,33,33,35,34,33,33,79
"6997",96,"[80]GjfffHdwandfCICebjKCiwafndbCLCabwwafofCJBdHdpgqdaIKFqsEtqzBzjgCvafwaendCJCeckaeK",103,1,80,102,0,102,0,0,0,0,0,26,26,40,40,36,36,79
"6998",97,"[80]GjfffHdwandfCICebjKCiwafndbCLCabwwafofCJBdHdpgqdaIKFqsEtqzBzjgCvafwaendCJCeckaeK",97,0.989796,80,98,1,97,1,1,0,1,1,47,46,29,29,22,22,79
"6999",98,"[80]GjfffHdwandfCICebjKCiwafndbCLCabwwafofCJBdHdpgqdaIKFqsEtqzBzjgCvafwaendCJCeckaeK",103,0.990385,80,104,1,103,1,1,0,1,1,35,34,32,32,37,37,79
"7000",99,"[80]GjfffHdwandfCICebjKCiwafndbCLCabwwafofCJBdHdpgqdaIKFqsEtqzBzjgCvafwaendCJCeckaeK",98,0.989899,80,99,1,98,1,1,0,1,1,37,36,35,35,27,27,79
"7001",0,"[83]jfffHdwaCAiJAcljGjwafndbCLGCacuGlJwafofCJBdHdowandfqIKCaboBeaCjCGvafwendaqJCabjlzeK",115,1,83,114,0,114,0,0,0,0,0,38,38,36,36,40,40,80
"7002",1,"[83]jfffHdwaCAiJAcljGjwafndbCLGCacuGlJwafofCJBdHdowandfqIKCaboBeaCjCGvafwendaqJCabjlzeK",119,0.991667,83,120,1,119,1,1,0,1,1,40,39,38,38,42,42,80
"7003",2,"[83]jfffHdwaCAiJAcljGjwafndbCLGCacuGlJwafofCJBdHdowandfqIKCaboBeaCjCGvafwendaqJCabjlzeK",116,0.991453,83,117,1,116,1,1,0,1,1,43,42,35,35,39,39,80
"7004",3,"[83]jfffHdwaCAiJAcljGjwafndbCLGCacuGlJwafofCJBdHdowandfqIKCaboBeaCjCGvafwendaqJCabjlzeK",114,0.966942,83,121,4,117,4,4,0,4,4,51,47,34,34,36,36,80
"7005",4,"[83]jfffHdwaCAiJAcljGjwafndbCLGCacuGlJwafofCJBdHdowandfqIKCaboBeaCjCGvafwendaqJCabjlzeK",114,1,83,113,0,113,0,0,0,0,0,39,39,39,39,35,35,80
"7006",5,"[83]jfffHdwaCAiJAcljGjwafndbCLGCacuGlJwafofCJBdHdowandfqIKCaboBeaCjCGvafwendaqJCabjlzeK",118,1,83,117,0,117,0,0,0,0,0,39,39,33,33,45,45,80
"7007",6,"[83]jfffHdwaCAiJAcljGjwafndbCLGCacuGlJwafofCJBdHdowandfqIKCaboBeaCjCGvafwendaqJCabjlzeK",123,0.984127,83,126,2,124,2,2,0,2,2,34,32,42,42,50,50,80
"7008",7,"[83]jfffHdwaCAiJAcljGjwafndbCLGCacuGlJwafofCJBdHdowandfqIKCaboBeaCjCGvafwendaqJCabjlzeK",110,0.982301,83,113,2,111,2,2,0,2,2,38,36,40,40,35,35,80
"7009",8,"[83]jfffHdwaCAiJAcljGjwafndbCLGCacuGlJwafofCJBdHdowandfqIKCaboBeaCjCGvafwendaqJCabjlzeK",113,1,83,112,0,112,0,0,0,0,0,37,37,42,42,33,33,80
"7010",9,"[83]jfffHdwaCAiJAcljGjwafndbCLGCacuGlJwafofCJBdHdowandfqIKCaboBeaCjCGvafwendaqJCabjlzeK",120,0.991736,83,121,1,120,1,1,0,1,1,40,39,34,34,47,47,80
"7011",10,"[83]jfffHdwaCAiJAcljGjwafndbCLGCacuGlJwafofCJBdHdowandfqIKCaboBeaCjCGvafwendaqJCabjlzeK",112,0.99115,83,113,1,112,1,1,0,1,1,41,40,39,39,33,33,80
"7012",11,"[83]jfffHdwaCAiJAcljGjwafndbCLGCacuGlJwafofCJBdHdowandfqIKCaboBeaCjCGvafwendaqJCabjlzeK",110,0.965812,83,117,4,113,4,4,0,4,4,44,40,35,35,38,38,80
"7013",12,"[83]jfffHdwaCAiJAcljGjwafndbCLGCacuGlJwafofCJBdHdowandfqIKCaboBeaCjCGvafwendaqJCabjlzeK",114,1,83,113,0,113,0,0,0,0,0,34,34,40,40,39,39,80
"7014",13,"[83]jfffHdwaCAiJAcljGjwafndbCLGCacuGlJwafofCJBdHdowandfqIKCaboBeaCjCGvafwendaqJCabjlzeK",111,0.991071,83,112,1,111,1,1,0,1,1,38,37,41,41,33,33,80
"7015",14,"[83]jfffHdwaCAiJAcljGjwafndbCLGCacuGlJwafofCJBdHdowandfqIKCaboBeaCjCGvafwendaqJCabjlzeK",114,0.982906,83,117,2,115,2,2,0,2,2,56,54,28,28,33,33,80
"7016",15,"[83]jfffHdwaCAiJAcljGjwafndbCLGCacuGlJwafofCJBdHdowandfqIKCaboBeaCjCGvafwendaqJCabjlzeK",116,0.983193,83,119,2,117,2,2,0,2,2,28,26,48,48,43,43,80
"7017",16,"[83]jfffHdwaCAiJAcljGjwafndbCLGCacuGlJwafofCJBdHdowandfqIKCaboBeaCjCGvafwendaqJCabjlzeK",115,0.975,83,120,3,117,3,3,0,3,3,43,40,34,34,43,43,80
"7018",17,"[83]jfffHdwaCAiJAcljGjwafndbCLGCacuGlJwafofCJBdHdowandfqIKCaboBeaCjCGvafwendaqJCabjlzeK",119,0.991667,83,120,1,119,1,1,0,1,1,46,45,34,34,40,40,80
"7019",18,"[83]jfffHdwaCAiJAcljGjwafndbCLGCacuGlJwafofCJBdHdowandfqIKCaboBeaCjCGvafwendaqJCabjlzeK",110,0.982301,83,113,2,111,2,2,0,2,2,45,43,34,34,34,34,80
"7020",19,"[83]jfffHdwaCAiJAcljGjwafndbCLGCacuGlJwafofCJBdHdowandfqIKCaboBeaCjCGvafwendaqJCabjlzeK",115,1,83,114,0,114,0,0,0,0,0,41,41,37,37,36,36,80
"7021",20,"[83]jfffHdwaCAiJAcljGjwafndbCLGCacuGlJwafofCJBdHdowandfqIKCaboBeaCjCGvafwendaqJCabjlzeK",119,1,83,118,0,118,0,0,0,0,0,38,38,44,44,36,36,80
"7022",21,"[83]jfffHdwaCAiJAcljGjwafndbCLGCacuGlJwafofCJBdHdowandfqIKCaboBeaCjCGvafwendaqJCabjlzeK",121,1,83,120,0,120,0,0,0,0,0,41,41,32,32,47,47,80
"7023",22,"[83]jfffHdwaCAiJAcljGjwafndbCLGCacuGlJwafofCJBdHdowandfqIKCaboBeaCjCGvafwendaqJCabjlzeK",119,0.991667,83,120,1,119,1,1,0,1,1,34,33,39,39,47,47,80
"7024",23,"[83]jfffHdwaCAiJAcljGjwafndbCLGCacuGlJwafofCJBdHdowandfqIKCaboBeaCjCGvafwendaqJCabjlzeK",116,1,83,115,0,115,0,0,0,0,0,42,42,32,32,41,41,80
"7025",24,"[83]jfffHdwaCAiJAcljGjwafndbCLGCacuGlJwafofCJBdHdowandfqIKCaboBeaCjCGvafwendaqJCabjlzeK",113,1,83,112,0,112,0,0,0,0,0,40,40,38,38,34,34,80
"7026",25,"[83]jfffHdwaCAiJAcljGjwafndbCLGCacuGlJwafofCJBdHdowandfqIKCaboBeaCjCGvafwendaqJCabjlzeK",111,0.991071,83,112,1,111,1,1,0,1,1,38,37,43,43,31,31,80
"7027",26,"[83]jfffHdwaCAiJAcljGjwafndbCLGCacuGlJwafofCJBdHdowandfqIKCaboBeaCjCGvafwendaqJCabjlzeK",112,1,83,111,0,111,0,0,0,0,0,32,32,45,45,34,34,80
"7028",27,"[83]jfffHdwaCAiJAcljGjwafndbCLGCacuGlJwafofCJBdHdowandfqIKCaboBeaCjCGvafwendaqJCabjlzeK",113,1,83,112,0,112,0,0,0,0,0,47,47,31,31,34,34,80
"7029",28,"[83]jfffHdwaCAiJAcljGjwafndbCLGCacuGlJwafofCJBdHdowandfqIKCaboBeaCjCGvafwendaqJCabjlzeK",118,0.983471,83,121,2,119,2,2,0,2,2,38,36,42,42,41,41,80
"7030",29,"[83]jfffHdwaCAiJAcljGjwafndbCLGCacuGlJwafofCJBdHdowandfqIKCaboBeaCjCGvafwendaqJCabjlzeK",121,0.991803,83,122,1,121,1,1,0,1,1,35,34,42,42,45,45,80
"7031",30,"[83]jfffHdwaCAiJAcljGjwafndbCLGCacuGlJwafofCJBdHdowandfqIKCaboBeaCjCGvafwendaqJCabjlzeK",110,1,83,109,0,109,0,0,0,0,0,43,43,37,37,29,29,80
"7032",31,"[83]jfffHdwaCAiJAcljGjwafndbCLGCacuGlJwafofCJBdHdowandfqIKCaboBeaCjCGvafwendaqJCabjlzeK",121,0.991803,83,122,1,121,1,1,0,1,1,47,46,35,35,40,40,80
"7033",32,"[83]jfffHdwaCAiJAcljGjwafndbCLGCacuGlJwafofCJBdHdowandfqIKCaboBeaCjCGvafwendaqJCabjlzeK",109,0.973684,83,114,3,111,3,3,0,3,3,39,36,42,42,33,33,80
"7034",33,"[83]jfffHdwaCAiJAcljGjwafndbCLGCacuGlJwafofCJBdHdowandfqIKCaboBeaCjCGvafwendaqJCabjlzeK",113,0.991228,83,114,1,113,1,1,0,1,1,39,38,38,38,37,37,80
"7035",34,"[83]jfffHdwaCAiJAcljGjwafndbCLGCacuGlJwafofCJBdHdowandfqIKCaboBeaCjCGvafwendaqJCabjlzeK",106,0.972973,83,111,3,108,3,3,0,3,3,40,37,43,43,28,28,80
"7036",35,"[83]jfffHdwaCAiJAcljGjwafndbCLGCacuGlJwafofCJBdHdowandfqIKCaboBeaCjCGvafwendaqJCabjlzeK",113,1,83,112,0,112,0,0,0,0,0,40,40,38,38,34,34,80
"7037",36,"[83]jfffHdwaCAiJAcljGjwafndbCLGCacuGlJwafofCJBdHdowandfqIKCaboBeaCjCGvafwendaqJCabjlzeK",116,1,83,115,0,115,0,0,0,0,0,39,39,35,35,41,41,80
"7038",37,"[83]jfffHdwaCAiJAcljGjwafndbCLGCacuGlJwafofCJBdHdowandfqIKCaboBeaCjCGvafwendaqJCabjlzeK",111,0.982456,83,114,2,112,2,2,0,2,2,41,39,38,38,35,35,80
"7039",38,"[83]jfffHdwaCAiJAcljGjwafndbCLGCacuGlJwafofCJBdHdowandfqIKCaboBeaCjCGvafwendaqJCabjlzeK",113,0.991228,83,114,1,113,1,1,0,1,1,34,33,41,41,39,39,80
"7040",39,"[83]jfffHdwaCAiJAcljGjwafndbCLGCacuGlJwafofCJBdHdowandfqIKCaboBeaCjCGvafwendaqJCabjlzeK",111,1,83,110,0,110,0,0,0,0,0,41,41,39,39,30,30,80
"7041",40,"[83]jfffHdwaCAiJAcljGjwafndbCLGCacuGlJwafofCJBdHdowandfqIKCaboBeaCjCGvafwendaqJCabjlzeK",119,0.991667,83,120,1,119,1,1,0,1,1,45,44,45,45,30,30,80
"7042",41,"[83]jfffHdwaCAiJAcljGjwafndbCLGCacuGlJwafofCJBdHdowandfqIKCaboBeaCjCGvafwendaqJCabjlzeK",112,1,83,111,0,111,0,0,0,0,0,32,32,44,44,35,35,80
"7043",42,"[83]jfffHdwaCAiJAcljGjwafndbCLGCacuGlJwafofCJBdHdowandfqIKCaboBeaCjCGvafwendaqJCabjlzeK",113,0.991228,83,114,1,113,1,1,0,1,1,43,42,33,33,38,38,80
"7044",43,"[83]jfffHdwaCAiJAcljGjwafndbCLGCacuGlJwafofCJBdHdowandfqIKCaboBeaCjCGvafwendaqJCabjlzeK",119,1,83,118,0,118,0,0,0,0,0,38,38,36,36,44,44,80
"7045",44,"[83]jfffHdwaCAiJAcljGjwafndbCLGCacuGlJwafofCJBdHdowandfqIKCaboBeaCjCGvafwendaqJCabjlzeK",114,1,83,113,0,113,0,0,0,0,0,36,36,39,39,38,38,80
"7046",45,"[83]jfffHdwaCAiJAcljGjwafndbCLGCacuGlJwafofCJBdHdowandfqIKCaboBeaCjCGvafwendaqJCabjlzeK",120,1,83,119,0,119,0,0,0,0,0,49,49,31,31,39,39,80
"7047",46,"[83]jfffHdwaCAiJAcljGjwafndbCLGCacuGlJwafofCJBdHdowandfqIKCaboBeaCjCGvafwendaqJCabjlzeK",115,1,83,114,0,114,0,0,0,0,0,41,41,40,40,33,33,80
"7048",47,"[83]jfffHdwaCAiJAcljGjwafndbCLGCacuGlJwafofCJBdHdowandfqIKCaboBeaCjCGvafwendaqJCabjlzeK",114,1,83,113,0,113,0,0,0,0,0,37,37,37,37,39,39,80
"7049",48,"[83]jfffHdwaCAiJAcljGjwafndbCLGCacuGlJwafofCJBdHdowandfqIKCaboBeaCjCGvafwendaqJCabjlzeK",118,0.991597,83,119,1,118,1,1,0,1,1,35,34,43,43,41,41,80
"7050",49,"[83]jfffHdwaCAiJAcljGjwafndbCLGCacuGlJwafofCJBdHdowandfqIKCaboBeaCjCGvafwendaqJCabjlzeK",113,0.974576,83,118,3,115,3,3,0,3,3,34,31,43,43,41,41,80
"7051",50,"[83]jfffHdwaCAiJAcljGjwafndbCLGCacuGlJwafofCJBdHdowandfqIKCaboBeaCjCGvafwendaqJCabjlzeK",112,1,83,111,0,111,0,0,0,0,0,39,39,39,39,33,33,80
"7052",51,"[83]jfffHdwaCAiJAcljGjwafndbCLGCacuGlJwafofCJBdHdowandfqIKCaboBeaCjCGvafwendaqJCabjlzeK",117,1,83,116,0,116,0,0,0,0,0,42,42,33,33,41,41,80
"7053",52,"[83]jfffHdwaCAiJAcljGjwafndbCLGCacuGlJwafofCJBdHdowandfqIKCaboBeaCjCGvafwendaqJCabjlzeK",105,0.940678,83,118,7,111,7,7,0,7,7,52,45,35,35,31,31,80
"7054",53,"[83]jfffHdwaCAiJAcljGjwafndbCLGCacuGlJwafofCJBdHdowandfqIKCaboBeaCjCGvafwendaqJCabjlzeK",112,1,83,111,0,111,0,0,0,0,0,35,35,41,41,35,35,80
"7055",54,"[83]jfffHdwaCAiJAcljGjwafndbCLGCacuGlJwafofCJBdHdowandfqIKCaboBeaCjCGvafwendaqJCabjlzeK",111,1,83,110,0,110,0,0,0,0,0,40,40,43,43,27,27,80
"7056",55,"[83]jfffHdwaCAiJAcljGjwafndbCLGCacuGlJwafofCJBdHdowandfqIKCaboBeaCjCGvafwendaqJCabjlzeK",114,0.982906,83,117,2,115,2,2,0,2,2,39,37,34,34,44,44,80
"7057",56,"[83]jfffHdwaCAiJAcljGjwafndbCLGCacuGlJwafofCJBdHdowandfqIKCaboBeaCjCGvafwendaqJCabjlzeK",121,0.97619,83,126,3,123,3,3,0,3,3,47,44,40,40,39,39,80
"7058",57,"[83]jfffHdwaCAiJAcljGjwafndbCLGCacuGlJwafofCJBdHdowandfqIKCaboBeaCjCGvafwendaqJCabjlzeK",112,1,83,111,0,111,0,0,0,0,0,41,41,37,37,33,33,80
"7059",58,"[83]jfffHdwaCAiJAcljGjwafndbCLGCacuGlJwafofCJBdHdowandfqIKCaboBeaCjCGvafwendaqJCabjlzeK",108,0.973451,83,113,3,110,3,3,0,3,3,45,42,36,36,32,32,80
"7060",59,"[83]jfffHdwaCAiJAcljGjwafndbCLGCacuGlJwafofCJBdHdowandfqIKCaboBeaCjCGvafwendaqJCabjlzeK",112,0.982609,83,115,2,113,2,2,0,2,2,39,37,43,43,33,33,80
"7061",60,"[83]jfffHdwaCAiJAcljGjwafndbCLGCacuGlJwafofCJBdHdowandfqIKCaboBeaCjCGvafwendaqJCabjlzeK",117,1,83,116,0,116,0,0,0,0,0,49,49,30,30,37,37,80
"7062",61,"[83]jfffHdwaCAiJAcljGjwafndbCLGCacuGlJwafofCJBdHdowandfqIKCaboBeaCjCGvafwendaqJCabjlzeK",113,1,83,112,0,112,0,0,0,0,0,37,37,41,41,34,34,80
"7063",62,"[83]jfffHdwaCAiJAcljGjwafndbCLGCacuGlJwafofCJBdHdowandfqIKCaboBeaCjCGvafwendaqJCabjlzeK",115,0.991379,83,116,1,115,1,1,0,1,1,35,34,39,39,42,42,80
"7064",63,"[83]jfffHdwaCAiJAcljGjwafndbCLGCacuGlJwafofCJBdHdowandfqIKCaboBeaCjCGvafwendaqJCabjlzeK",108,0.990826,83,109,1,108,1,1,0,1,1,46,45,37,37,26,26,80
"7065",64,"[83]jfffHdwaCAiJAcljGjwafndbCLGCacuGlJwafofCJBdHdowandfqIKCaboBeaCjCGvafwendaqJCabjlzeK",117,0.991525,83,118,1,117,1,1,0,1,1,30,29,39,39,49,49,80
"7066",65,"[83]jfffHdwaCAiJAcljGjwafndbCLGCacuGlJwafofCJBdHdowandfqIKCaboBeaCjCGvafwendaqJCabjlzeK",108,0.973451,83,113,3,110,3,3,0,3,3,40,37,41,41,32,32,80
"7067",66,"[83]jfffHdwaCAiJAcljGjwafndbCLGCacuGlJwafofCJBdHdowandfqIKCaboBeaCjCGvafwendaqJCabjlzeK",114,1,83,113,0,113,0,0,0,0,0,45,45,38,38,30,30,80
"7068",67,"[83]jfffHdwaCAiJAcljGjwafndbCLGCacuGlJwafofCJBdHdowandfqIKCaboBeaCjCGvafwendaqJCabjlzeK",113,0.982759,83,116,2,114,2,2,0,2,2,32,30,41,41,43,43,80
"7069",68,"[83]jfffHdwaCAiJAcljGjwafndbCLGCacuGlJwafofCJBdHdowandfqIKCaboBeaCjCGvafwendaqJCabjlzeK",114,1,83,113,0,113,0,0,0,0,0,40,40,38,38,35,35,80
"7070",69,"[83]jfffHdwaCAiJAcljGjwafndbCLGCacuGlJwafofCJBdHdowandfqIKCaboBeaCjCGvafwendaqJCabjlzeK",112,0.99115,83,113,1,112,1,1,0,1,1,41,40,37,37,35,35,80
"7071",70,"[83]jfffHdwaCAiJAcljGjwafndbCLGCacuGlJwafofCJBdHdowandfqIKCaboBeaCjCGvafwendaqJCabjlzeK",112,0.974359,83,117,3,114,3,3,0,3,3,40,37,35,35,42,42,80
"7072",71,"[83]jfffHdwaCAiJAcljGjwafndbCLGCacuGlJwafofCJBdHdowandfqIKCaboBeaCjCGvafwendaqJCabjlzeK",112,0.974359,83,117,3,114,3,3,0,3,3,48,45,28,28,41,41,80
"7073",72,"[83]jfffHdwaCAiJAcljGjwafndbCLGCacuGlJwafofCJBdHdowandfqIKCaboBeaCjCGvafwendaqJCabjlzeK",114,1,83,113,0,113,0,0,0,0,0,46,46,31,31,36,36,80
"7074",73,"[83]jfffHdwaCAiJAcljGjwafndbCLGCacuGlJwafofCJBdHdowandfqIKCaboBeaCjCGvafwendaqJCabjlzeK",116,1,83,115,0,115,0,0,0,0,0,39,39,39,39,37,37,80
"7075",74,"[83]jfffHdwaCAiJAcljGjwafndbCLGCacuGlJwafofCJBdHdowandfqIKCaboBeaCjCGvafwendaqJCabjlzeK",115,1,83,114,0,114,0,0,0,0,0,53,53,36,36,25,25,80
"7076",75,"[83]jfffHdwaCAiJAcljGjwafndbCLGCacuGlJwafofCJBdHdowandfqIKCaboBeaCjCGvafwendaqJCabjlzeK",117,1,83,116,0,116,0,0,0,0,0,34,34,36,36,46,46,80
"7077",76,"[83]jfffHdwaCAiJAcljGjwafndbCLGCacuGlJwafofCJBdHdowandfqIKCaboBeaCjCGvafwendaqJCabjlzeK",109,0.965517,83,116,4,112,4,4,0,4,4,43,39,38,38,35,35,80
"7078",77,"[83]jfffHdwaCAiJAcljGjwafndbCLGCacuGlJwafofCJBdHdowandfqIKCaboBeaCjCGvafwendaqJCabjlzeK",120,1,83,119,0,119,0,0,0,0,0,41,41,44,44,34,34,80
"7079",78,"[83]jfffHdwaCAiJAcljGjwafndbCLGCacuGlJwafofCJBdHdowandfqIKCaboBeaCjCGvafwendaqJCabjlzeK",114,1,83,113,0,113,0,0,0,0,0,40,40,35,35,38,38,80
"7080",79,"[83]jfffHdwaCAiJAcljGjwafndbCLGCacuGlJwafofCJBdHdowandfqIKCaboBeaCjCGvafwendaqJCabjlzeK",118,0.983471,83,121,2,119,2,2,0,2,2,40,38,46,46,35,35,80
"7081",80,"[83]jfffHdwaCAiJAcljGjwafndbCLGCacuGlJwafofCJBdHdowandfqIKCaboBeaCjCGvafwendaqJCabjlzeK",115,0.991379,83,116,1,115,1,1,0,1,1,37,36,43,43,36,36,80
"7082",81,"[83]jfffHdwaCAiJAcljGjwafndbCLGCacuGlJwafofCJBdHdowandfqIKCaboBeaCjCGvafwendaqJCabjlzeK",108,0.973451,83,113,3,110,3,3,0,3,3,43,40,37,37,33,33,80
"7083",82,"[83]jfffHdwaCAiJAcljGjwafndbCLGCacuGlJwafofCJBdHdowandfqIKCaboBeaCjCGvafwendaqJCabjlzeK",118,0.991597,83,119,1,118,1,1,0,1,1,42,41,41,41,36,36,80
"7084",83,"[83]jfffHdwaCAiJAcljGjwafndbCLGCacuGlJwafofCJBdHdowandfqIKCaboBeaCjCGvafwendaqJCabjlzeK",119,0.991667,83,120,1,119,1,1,0,1,1,36,35,46,46,38,38,80
"7085",84,"[83]jfffHdwaCAiJAcljGjwafndbCLGCacuGlJwafofCJBdHdowandfqIKCaboBeaCjCGvafwendaqJCabjlzeK",112,1,83,111,0,111,0,0,0,0,0,39,39,40,40,32,32,80
"7086",85,"[83]jfffHdwaCAiJAcljGjwafndbCLGCacuGlJwafofCJBdHdowandfqIKCaboBeaCjCGvafwendaqJCabjlzeK",116,1,83,115,0,115,0,0,0,0,0,34,34,46,46,35,35,80
"7087",86,"[83]jfffHdwaCAiJAcljGjwafndbCLGCacuGlJwafofCJBdHdowandfqIKCaboBeaCjCGvafwendaqJCabjlzeK",117,0.983333,83,120,2,118,2,2,0,2,2,40,38,36,36,44,44,80
"7088",87,"[83]jfffHdwaCAiJAcljGjwafndbCLGCacuGlJwafofCJBdHdowandfqIKCaboBeaCjCGvafwendaqJCabjlzeK",114,0.991304,83,115,1,114,1,1,0,1,1,42,41,34,34,39,39,80
"7089",88,"[83]jfffHdwaCAiJAcljGjwafndbCLGCacuGlJwafofCJBdHdowandfqIKCaboBeaCjCGvafwendaqJCabjlzeK",116,1,83,115,0,115,0,0,0,0,0,39,39,37,37,39,39,80
"7090",89,"[83]jfffHdwaCAiJAcljGjwafndbCLGCacuGlJwafofCJBdHdowandfqIKCaboBeaCjCGvafwendaqJCabjlzeK",120,1,83,119,0,119,0,0,0,0,0,41,41,42,42,36,36,80
"7091",90,"[83]jfffHdwaCAiJAcljGjwafndbCLGCacuGlJwafofCJBdHdowandfqIKCaboBeaCjCGvafwendaqJCabjlzeK",114,1,83,113,0,113,0,0,0,0,0,33,33,41,41,39,39,80
"7092",91,"[83]jfffHdwaCAiJAcljGjwafndbCLGCacuGlJwafofCJBdHdowandfqIKCaboBeaCjCGvafwendaqJCabjlzeK",108,0.957265,83,117,5,112,5,5,0,5,5,37,32,41,41,39,39,80
"7093",92,"[83]jfffHdwaCAiJAcljGjwafndbCLGCacuGlJwafofCJBdHdowandfqIKCaboBeaCjCGvafwendaqJCabjlzeK",111,0.991071,83,112,1,111,1,1,0,1,1,36,35,42,42,34,34,80
"7094",93,"[83]jfffHdwaCAiJAcljGjwafndbCLGCacuGlJwafofCJBdHdowandfqIKCaboBeaCjCGvafwendaqJCabjlzeK",120,1,83,119,0,119,0,0,0,0,0,38,38,38,38,43,43,80
"7095",94,"[83]jfffHdwaCAiJAcljGjwafndbCLGCacuGlJwafofCJBdHdowandfqIKCaboBeaCjCGvafwendaqJCabjlzeK",118,1,83,117,0,117,0,0,0,0,0,44,44,37,37,36,36,80
"7096",95,"[83]jfffHdwaCAiJAcljGjwafndbCLGCacuGlJwafofCJBdHdowandfqIKCaboBeaCjCGvafwendaqJCabjlzeK",109,0.982143,83,112,2,110,2,2,0,2,2,29,27,49,49,34,34,80
"7097",96,"[83]jfffHdwaCAiJAcljGjwafndbCLGCacuGlJwafofCJBdHdowandfqIKCaboBeaCjCGvafwendaqJCabjlzeK",120,0.976,83,125,3,122,3,3,0,3,3,38,35,43,43,44,44,80
"7098",97,"[83]jfffHdwaCAiJAcljGjwafndbCLGCacuGlJwafofCJBdHdowandfqIKCaboBeaCjCGvafwendaqJCabjlzeK",110,0.990991,83,111,1,110,1,1,0,1,1,38,37,41,41,32,32,80
"7099",98,"[83]jfffHdwaCAiJAcljGjwafndbCLGCacuGlJwafofCJBdHdowandfqIKCaboBeaCjCGvafwendaqJCabjlzeK",118,1,83,117,0,117,0,0,0,0,0,42,42,39,39,36,36,80
"7100",99,"[83]jfffHdwaCAiJAcljGjwafndbCLGCacuGlJwafofCJBdHdowandfqIKCaboBeaCjCGvafwendaqJCabjlzeK",111,0.982456,83,114,2,112,2,2,0,2,2,39,37,38,38,37,37,80
"7101",0,"[84]GxccHdwaCJGkcwHyLfGvmwafndbCLCebDvwafocaCJBdHdwendaCIFKCEoDBeaDbCebpafLwendaCJCabweK",118,1,84,117,0,117,0,0,0,0,0,32,32,39,39,46,46,81
"7102",1,"[84]GxccHdwaCJGkcwHyLfGvmwafndbCLCebDvwafocaCJBdHdwendaCIFKCEoDBeaDbCebpafLwendaCJCabweK",119,1,84,118,0,118,0,0,0,0,0,35,35,35,35,48,48,81
"7103",2,"[84]GxccHdwaCJGkcwHyLfGvmwafndbCLCebDvwafocaCJBdHdwendaCIFKCEoDBeaDbCebpafLwendaCJCabweK",120,0.98374,84,123,2,121,2,2,0,2,2,39,37,34,34,50,50,81
"7104",3,"[84]GxccHdwaCJGkcwHyLfGvmwafndbCLCebDvwafocaCJBdHdwendaCIFKCEoDBeaDbCebpafLwendaCJCabweK",114,1,84,113,0,113,0,0,0,0,0,45,45,32,32,36,36,81
"7105",4,"[84]GxccHdwaCJGkcwHyLfGvmwafndbCLCebDvwafocaCJBdHdwendaCIFKCEoDBeaDbCebpafLwendaCJCabweK",119,1,84,118,0,118,0,0,0,0,0,40,40,32,32,46,46,81
"7106",5,"[84]GxccHdwaCJGkcwHyLfGvmwafndbCLCebDvwafocaCJBdHdwendaCIFKCEoDBeaDbCebpafLwendaCJCabweK",121,1,84,120,0,120,0,0,0,0,0,37,37,36,36,47,47,81
"7107",6,"[84]GxccHdwaCJGkcwHyLfGvmwafndbCLCebDvwafocaCJBdHdwendaCIFKCEoDBeaDbCebpafLwendaCJCabweK",112,1,84,111,0,111,0,0,0,0,0,37,37,39,39,35,35,81
"7108",7,"[84]GxccHdwaCJGkcwHyLfGvmwafndbCLCebDvwafocaCJBdHdwendaCIFKCEoDBeaDbCebpafLwendaCJCabweK",112,0.99115,84,113,1,112,1,1,0,1,1,31,30,49,49,33,33,81
"7109",8,"[84]GxccHdwaCJGkcwHyLfGvmwafndbCLCebDvwafocaCJBdHdwendaCIFKCEoDBeaDbCebpafLwendaCJCabweK",115,0.991379,84,116,1,115,1,1,0,1,1,38,37,36,36,42,42,81
"7110",9,"[84]GxccHdwaCJGkcwHyLfGvmwafndbCLCebDvwafocaCJBdHdwendaCIFKCEoDBeaDbCebpafLwendaCJCabweK",110,1,84,109,0,109,0,0,0,0,0,30,30,47,47,32,32,81
"7111",10,"[84]GxccHdwaCJGkcwHyLfGvmwafndbCLCebDvwafocaCJBdHdwendaCIFKCEoDBeaDbCebpafLwendaCJCabweK",111,0.991071,84,112,1,111,1,1,0,1,1,37,36,43,43,32,32,81
"7112",11,"[84]GxccHdwaCJGkcwHyLfGvmwafndbCLCebDvwafocaCJBdHdwendaCIFKCEoDBeaDbCebpafLwendaCJCabweK",121,1,84,120,0,120,0,0,0,0,0,34,34,40,40,46,46,81
"7113",12,"[84]GxccHdwaCJGkcwHyLfGvmwafndbCLCebDvwafocaCJBdHdwendaCIFKCEoDBeaDbCebpafLwendaCJCabweK",111,0.991071,84,112,1,111,1,1,0,1,1,35,34,43,43,34,34,81
"7114",13,"[84]GxccHdwaCJGkcwHyLfGvmwafndbCLCebDvwafocaCJBdHdwendaCIFKCEoDBeaDbCebpafLwendaCJCabweK",113,0.991228,84,114,1,113,1,1,0,1,1,54,53,31,31,29,29,81
"7115",14,"[84]GxccHdwaCJGkcwHyLfGvmwafndbCLCebDvwafocaCJBdHdwendaCIFKCEoDBeaDbCebpafLwendaCJCabweK",120,1,84,119,0,119,0,0,0,0,0,39,39,32,32,48,48,81
"7116",15,"[84]GxccHdwaCJGkcwHyLfGvmwafndbCLCebDvwafocaCJBdHdwendaCIFKCEoDBeaDbCebpafLwendaCJCabweK",112,0.982609,84,115,2,113,2,2,0,2,2,34,32,44,44,37,37,81
"7117",16,"[84]GxccHdwaCJGkcwHyLfGvmwafndbCLCebDvwafocaCJBdHdwendaCIFKCEoDBeaDbCebpafLwendaCJCabweK",118,1,84,117,0,117,0,0,0,0,0,47,47,33,33,37,37,81
"7118",17,"[84]GxccHdwaCJGkcwHyLfGvmwafndbCLCebDvwafocaCJBdHdwendaCIFKCEoDBeaDbCebpafLwendaCJCabweK",114,0.991304,84,115,1,114,1,1,0,1,1,38,37,40,40,37,37,81
"7119",18,"[84]GxccHdwaCJGkcwHyLfGvmwafndbCLCebDvwafocaCJBdHdwendaCIFKCEoDBeaDbCebpafLwendaCJCabweK",113,1,84,112,0,112,0,0,0,0,0,31,31,43,43,38,38,81
"7120",19,"[84]GxccHdwaCJGkcwHyLfGvmwafndbCLCebDvwafocaCJBdHdwendaCIFKCEoDBeaDbCebpafLwendaCJCabweK",118,0.991597,84,119,1,118,1,1,0,1,1,40,39,31,31,48,48,81
"7121",20,"[84]GxccHdwaCJGkcwHyLfGvmwafndbCLCebDvwafocaCJBdHdwendaCIFKCEoDBeaDbCebpafLwendaCJCabweK",110,1,84,109,0,109,0,0,0,0,0,32,32,47,47,30,30,81
"7122",21,"[84]GxccHdwaCJGkcwHyLfGvmwafndbCLCebDvwafocaCJBdHdwendaCIFKCEoDBeaDbCebpafLwendaCJCabweK",118,0.991597,84,119,1,118,1,1,0,1,1,39,38,36,36,44,44,81
"7123",22,"[84]GxccHdwaCJGkcwHyLfGvmwafndbCLCebDvwafocaCJBdHdwendaCIFKCEoDBeaDbCebpafLwendaCJCabweK",114,0.991304,84,115,1,114,1,1,0,1,1,37,36,43,43,35,35,81
"7124",23,"[84]GxccHdwaCJGkcwHyLfGvmwafndbCLCebDvwafocaCJBdHdwendaCIFKCEoDBeaDbCebpafLwendaCJCabweK",109,0.982143,84,112,2,110,2,2,0,2,2,46,44,35,35,31,31,81
"7125",24,"[84]GxccHdwaCJGkcwHyLfGvmwafndbCLCebDvwafocaCJBdHdwendaCIFKCEoDBeaDbCebpafLwendaCJCabweK",119,1,84,118,0,118,0,0,0,0,0,43,43,29,29,46,46,81
"7126",25,"[84]GxccHdwaCJGkcwHyLfGvmwafndbCLCebDvwafocaCJBdHdwendaCIFKCEoDBeaDbCebpafLwendaCJCabweK",119,1,84,118,0,118,0,0,0,0,0,33,33,40,40,45,45,81
"7127",26,"[84]GxccHdwaCJGkcwHyLfGvmwafndbCLCebDvwafocaCJBdHdwendaCIFKCEoDBeaDbCebpafLwendaCJCabweK",109,0.973684,84,114,3,111,3,3,0,3,3,41,38,38,38,35,35,81
"7128",27,"[84]GxccHdwaCJGkcwHyLfGvmwafndbCLCebDvwafocaCJBdHdwendaCIFKCEoDBeaDbCebpafLwendaCJCabweK",109,0.990909,84,110,1,109,1,1,0,1,1,26,25,51,51,33,33,81
"7129",28,"[84]GxccHdwaCJGkcwHyLfGvmwafndbCLCebDvwafocaCJBdHdwendaCIFKCEoDBeaDbCebpafLwendaCJCabweK",112,0.99115,84,113,1,112,1,1,0,1,1,44,43,38,38,31,31,81
"7130",29,"[84]GxccHdwaCJGkcwHyLfGvmwafndbCLCebDvwafocaCJBdHdwendaCIFKCEoDBeaDbCebpafLwendaCJCabweK",115,1,84,114,0,114,0,0,0,0,0,35,35,39,39,40,40,81
"7131",30,"[84]GxccHdwaCJGkcwHyLfGvmwafndbCLCebDvwafocaCJBdHdwendaCIFKCEoDBeaDbCebpafLwendaCJCabweK",107,0.973214,84,112,3,109,3,3,0,3,3,40,37,43,43,29,29,81
"7132",31,"[84]GxccHdwaCJGkcwHyLfGvmwafndbCLCebDvwafocaCJBdHdwendaCIFKCEoDBeaDbCebpafLwendaCJCabweK",107,0.964912,84,114,4,110,4,4,0,4,4,34,30,45,45,35,35,81
"7133",32,"[84]GxccHdwaCJGkcwHyLfGvmwafndbCLCebDvwafocaCJBdHdwendaCIFKCEoDBeaDbCebpafLwendaCJCabweK",112,0.974359,84,117,3,114,3,3,0,3,3,36,33,38,38,43,43,81
"7134",33,"[84]GxccHdwaCJGkcwHyLfGvmwafndbCLCebDvwafocaCJBdHdwendaCIFKCEoDBeaDbCebpafLwendaCJCabweK",118,1,84,117,0,117,0,0,0,0,0,50,50,30,30,37,37,81
"7135",34,"[84]GxccHdwaCJGkcwHyLfGvmwafndbCLCebDvwafocaCJBdHdwendaCIFKCEoDBeaDbCebpafLwendaCJCabweK",108,0.990826,84,109,1,108,1,1,0,1,1,37,36,43,43,29,29,81
"7136",35,"[84]GxccHdwaCJGkcwHyLfGvmwafndbCLCebDvwafocaCJBdHdwendaCIFKCEoDBeaDbCebpafLwendaCJCabweK",120,1,84,119,0,119,0,0,0,0,0,40,40,32,32,47,47,81
"7137",36,"[84]GxccHdwaCJGkcwHyLfGvmwafndbCLCebDvwafocaCJBdHdwendaCIFKCEoDBeaDbCebpafLwendaCJCabweK",122,1,84,121,0,121,0,0,0,0,0,40,40,36,36,45,45,81
"7138",37,"[84]GxccHdwaCJGkcwHyLfGvmwafndbCLCebDvwafocaCJBdHdwendaCIFKCEoDBeaDbCebpafLwendaCJCabweK",118,1,84,117,0,117,0,0,0,0,0,35,35,37,37,45,45,81
"7139",38,"[84]GxccHdwaCJGkcwHyLfGvmwafndbCLCebDvwafocaCJBdHdwendaCIFKCEoDBeaDbCebpafLwendaCJCabweK",116,1,84,115,0,115,0,0,0,0,0,29,29,44,44,42,42,81
"7140",39,"[84]GxccHdwaCJGkcwHyLfGvmwafndbCLCebDvwafocaCJBdHdwendaCIFKCEoDBeaDbCebpafLwendaCJCabweK",118,0.991597,84,119,1,118,1,1,0,1,1,35,34,37,37,47,47,81
"7141",40,"[84]GxccHdwaCJGkcwHyLfGvmwafndbCLCebDvwafocaCJBdHdwendaCIFKCEoDBeaDbCebpafLwendaCJCabweK",125,1,84,124,0,124,0,0,0,0,0,44,44,36,36,44,44,81
"7142",41,"[84]GxccHdwaCJGkcwHyLfGvmwafndbCLCebDvwafocaCJBdHdwendaCIFKCEoDBeaDbCebpafLwendaCJCabweK",114,0.991304,84,115,1,114,1,1,0,1,1,40,39,39,39,36,36,81
"7143",42,"[84]GxccHdwaCJGkcwHyLfGvmwafndbCLCebDvwafocaCJBdHdwendaCIFKCEoDBeaDbCebpafLwendaCJCabweK",113,1,84,112,0,112,0,0,0,0,0,32,32,42,42,38,38,81
"7144",43,"[84]GxccHdwaCJGkcwHyLfGvmwafndbCLCebDvwafocaCJBdHdwendaCIFKCEoDBeaDbCebpafLwendaCJCabweK",121,1,84,120,0,120,0,0,0,0,0,37,37,33,33,50,50,81
"7145",44,"[84]GxccHdwaCJGkcwHyLfGvmwafndbCLCebDvwafocaCJBdHdwendaCIFKCEoDBeaDbCebpafLwendaCJCabweK",121,0.983871,84,124,2,122,2,2,0,2,2,42,40,36,36,46,46,81
"7146",45,"[84]GxccHdwaCJGkcwHyLfGvmwafndbCLCebDvwafocaCJBdHdwendaCIFKCEoDBeaDbCebpafLwendaCJCabweK",117,0.991525,84,118,1,117,1,1,0,1,1,43,42,30,30,45,45,81
"7147",46,"[84]GxccHdwaCJGkcwHyLfGvmwafndbCLCebDvwafocaCJBdHdwendaCIFKCEoDBeaDbCebpafLwendaCJCabweK",115,0.983051,84,118,2,116,2,2,0,2,2,37,35,37,37,44,44,81
"7148",47,"[84]GxccHdwaCJGkcwHyLfGvmwafndbCLCebDvwafocaCJBdHdwendaCIFKCEoDBeaDbCebpafLwendaCJCabweK",110,0.982301,84,113,2,111,2,2,0,2,2,41,39,39,39,33,33,81
"7149",48,"[84]GxccHdwaCJGkcwHyLfGvmwafndbCLCebDvwafocaCJBdHdwendaCIFKCEoDBeaDbCebpafLwendaCJCabweK",119,1,84,118,0,118,0,0,0,0,0,34,34,43,43,41,41,81
"7150",49,"[84]GxccHdwaCJGkcwHyLfGvmwafndbCLCebDvwafocaCJBdHdwendaCIFKCEoDBeaDbCebpafLwendaCJCabweK",110,1,84,109,0,109,0,0,0,0,0,40,40,40,40,29,29,81
"7151",50,"[84]GxccHdwaCJGkcwHyLfGvmwafndbCLCebDvwafocaCJBdHdwendaCIFKCEoDBeaDbCebpafLwendaCJCabweK",111,0.974138,84,116,3,113,3,3,0,3,3,42,39,37,37,37,37,81
"7152",51,"[84]GxccHdwaCJGkcwHyLfGvmwafndbCLCebDvwafocaCJBdHdwendaCIFKCEoDBeaDbCebpafLwendaCJCabweK",122,1,84,121,0,121,0,0,0,0,0,47,47,33,33,41,41,81
"7153",52,"[84]GxccHdwaCJGkcwHyLfGvmwafndbCLCebDvwafocaCJBdHdwendaCIFKCEoDBeaDbCebpafLwendaCJCabweK",112,1,84,111,0,111,0,0,0,0,0,46,46,33,33,32,32,81
"7154",53,"[84]GxccHdwaCJGkcwHyLfGvmwafndbCLCebDvwafocaCJBdHdwendaCIFKCEoDBeaDbCebpafLwendaCJCabweK",129,1,84,128,0,128,0,0,0,0,0,41,41,37,37,50,50,81
"7155",54,"[84]GxccHdwaCJGkcwHyLfGvmwafndbCLCebDvwafocaCJBdHdwendaCIFKCEoDBeaDbCebpafLwendaCJCabweK",123,0.991935,84,124,1,123,1,1,0,1,1,44,43,29,29,51,51,81
"7156",55,"[84]GxccHdwaCJGkcwHyLfGvmwafndbCLCebDvwafocaCJBdHdwendaCIFKCEoDBeaDbCebpafLwendaCJCabweK",117,0.991525,84,118,1,117,1,1,0,1,1,42,41,41,41,35,35,81
"7157",56,"[84]GxccHdwaCJGkcwHyLfGvmwafndbCLCebDvwafocaCJBdHdwendaCIFKCEoDBeaDbCebpafLwendaCJCabweK",118,1,84,117,0,117,0,0,0,0,0,40,40,32,32,45,45,81
"7158",57,"[84]GxccHdwaCJGkcwHyLfGvmwafndbCLCebDvwafocaCJBdHdwendaCIFKCEoDBeaDbCebpafLwendaCJCabweK",111,1,84,110,0,110,0,0,0,0,0,46,46,34,34,30,30,81
"7159",58,"[84]GxccHdwaCJGkcwHyLfGvmwafndbCLCebDvwafocaCJBdHdwendaCIFKCEoDBeaDbCebpafLwendaCJCabweK",118,1,84,117,0,117,0,0,0,0,0,40,40,32,32,45,45,81
"7160",59,"[84]GxccHdwaCJGkcwHyLfGvmwafndbCLCebDvwafocaCJBdHdwendaCIFKCEoDBeaDbCebpafLwendaCJCabweK",114,0.982906,84,117,2,115,2,2,0,2,2,35,33,47,47,35,35,81
"7161",60,"[84]GxccHdwaCJGkcwHyLfGvmwafndbCLCebDvwafocaCJBdHdwendaCIFKCEoDBeaDbCebpafLwendaCJCabweK",117,1,84,116,0,116,0,0,0,0,0,39,39,33,33,44,44,81
"7162",61,"[84]GxccHdwaCJGkcwHyLfGvmwafndbCLCebDvwafocaCJBdHdwendaCIFKCEoDBeaDbCebpafLwendaCJCabweK",114,0.97479,84,119,3,116,3,3,0,3,3,43,40,35,35,41,41,81
"7163",62,"[84]GxccHdwaCJGkcwHyLfGvmwafndbCLCebDvwafocaCJBdHdwendaCIFKCEoDBeaDbCebpafLwendaCJCabweK",116,1,84,115,0,115,0,0,0,0,0,42,42,34,34,39,39,81
"7164",63,"[84]GxccHdwaCJGkcwHyLfGvmwafndbCLCebDvwafocaCJBdHdwendaCIFKCEoDBeaDbCebpafLwendaCJCabweK",118,0.991597,84,119,1,118,1,1,0,1,1,35,34,35,35,49,49,81
"7165",64,"[84]GxccHdwaCJGkcwHyLfGvmwafndbCLCebDvwafocaCJBdHdwendaCIFKCEoDBeaDbCebpafLwendaCJCabweK",116,1,84,115,0,115,0,0,0,0,0,46,46,31,31,38,38,81
"7166",65,"[84]GxccHdwaCJGkcwHyLfGvmwafndbCLCebDvwafocaCJBdHdwendaCIFKCEoDBeaDbCebpafLwendaCJCabweK",112,1,84,111,0,111,0,0,0,0,0,40,40,37,37,34,34,81
"7167",66,"[84]GxccHdwaCJGkcwHyLfGvmwafndbCLCebDvwafocaCJBdHdwendaCIFKCEoDBeaDbCebpafLwendaCJCabweK",109,1,84,108,0,108,0,0,0,0,0,36,36,44,44,28,28,81
"7168",67,"[84]GxccHdwaCJGkcwHyLfGvmwafndbCLCebDvwafocaCJBdHdwendaCIFKCEoDBeaDbCebpafLwendaCJCabweK",111,0.991071,84,112,1,111,1,1,0,1,1,33,32,43,43,36,36,81
"7169",68,"[84]GxccHdwaCJGkcwHyLfGvmwafndbCLCebDvwafocaCJBdHdwendaCIFKCEoDBeaDbCebpafLwendaCJCabweK",123,1,84,122,0,122,0,0,0,0,0,41,41,30,30,51,51,81
"7170",69,"[84]GxccHdwaCJGkcwHyLfGvmwafndbCLCebDvwafocaCJBdHdwendaCIFKCEoDBeaDbCebpafLwendaCJCabweK",123,1,84,122,0,122,0,0,0,0,0,40,40,39,39,43,43,81
"7171",70,"[84]GxccHdwaCJGkcwHyLfGvmwafndbCLCebDvwafocaCJBdHdwendaCIFKCEoDBeaDbCebpafLwendaCJCabweK",112,1,84,111,0,111,0,0,0,0,0,45,45,33,33,33,33,81
"7172",71,"[84]GxccHdwaCJGkcwHyLfGvmwafndbCLCebDvwafocaCJBdHdwendaCIFKCEoDBeaDbCebpafLwendaCJCabweK",109,0.973684,84,114,3,111,3,3,0,3,3,30,27,46,46,38,38,81
"7173",72,"[84]GxccHdwaCJGkcwHyLfGvmwafndbCLCebDvwafocaCJBdHdwendaCIFKCEoDBeaDbCebpafLwendaCJCabweK",113,0.991228,84,114,1,113,1,1,0,1,1,36,35,40,40,38,38,81
"7174",73,"[84]GxccHdwaCJGkcwHyLfGvmwafndbCLCebDvwafocaCJBdHdwendaCIFKCEoDBeaDbCebpafLwendaCJCabweK",113,0.991228,84,114,1,113,1,1,0,1,1,43,42,33,33,38,38,81
"7175",74,"[84]GxccHdwaCJGkcwHyLfGvmwafndbCLCebDvwafocaCJBdHdwendaCIFKCEoDBeaDbCebpafLwendaCJCabweK",115,1,84,114,0,114,0,0,0,0,0,36,36,39,39,39,39,81
"7176",75,"[84]GxccHdwaCJGkcwHyLfGvmwafndbCLCebDvwafocaCJBdHdwendaCIFKCEoDBeaDbCebpafLwendaCJCabweK",119,1,84,118,0,118,0,0,0,0,0,40,40,30,30,48,48,81
"7177",76,"[84]GxccHdwaCJGkcwHyLfGvmwafndbCLCebDvwafocaCJBdHdwendaCIFKCEoDBeaDbCebpafLwendaCJCabweK",112,0.99115,84,113,1,112,1,1,0,1,1,35,34,41,41,37,37,81
"7178",77,"[84]GxccHdwaCJGkcwHyLfGvmwafndbCLCebDvwafocaCJBdHdwendaCIFKCEoDBeaDbCebpafLwendaCJCabweK",109,0.973684,84,114,3,111,3,3,0,3,3,47,44,34,34,33,33,81
"7179",78,"[84]GxccHdwaCJGkcwHyLfGvmwafndbCLCebDvwafocaCJBdHdwendaCIFKCEoDBeaDbCebpafLwendaCJCabweK",112,1,84,111,0,111,0,0,0,0,0,37,37,41,41,33,33,81
"7180",79,"[84]GxccHdwaCJGkcwHyLfGvmwafndbCLCebDvwafocaCJBdHdwendaCIFKCEoDBeaDbCebpafLwendaCJCabweK",116,1,84,115,0,115,0,0,0,0,0,43,43,34,34,38,38,81
"7181",80,"[84]GxccHdwaCJGkcwHyLfGvmwafndbCLCebDvwafocaCJBdHdwendaCIFKCEoDBeaDbCebpafLwendaCJCabweK",119,1,84,118,0,118,0,0,0,0,0,46,46,38,38,34,34,81
"7182",81,"[84]GxccHdwaCJGkcwHyLfGvmwafndbCLCebDvwafocaCJBdHdwendaCIFKCEoDBeaDbCebpafLwendaCJCabweK",112,0.99115,84,113,1,112,1,1,0,1,1,37,36,39,39,37,37,81
"7183",82,"[84]GxccHdwaCJGkcwHyLfGvmwafndbCLCebDvwafocaCJBdHdwendaCIFKCEoDBeaDbCebpafLwendaCJCabweK",110,0.973913,84,115,3,112,3,3,0,3,3,33,30,45,45,37,37,81
"7184",83,"[84]GxccHdwaCJGkcwHyLfGvmwafndbCLCebDvwafocaCJBdHdwendaCIFKCEoDBeaDbCebpafLwendaCJCabweK",110,1,84,109,0,109,0,0,0,0,0,35,35,44,44,30,30,81
"7185",84,"[84]GxccHdwaCJGkcwHyLfGvmwafndbCLCebDvwafocaCJBdHdwendaCIFKCEoDBeaDbCebpafLwendaCJCabweK",112,1,84,111,0,111,0,0,0,0,0,42,42,38,38,31,31,81
"7186",85,"[84]GxccHdwaCJGkcwHyLfGvmwafndbCLCebDvwafocaCJBdHdwendaCIFKCEoDBeaDbCebpafLwendaCJCabweK",111,1,84,110,0,110,0,0,0,0,0,35,35,42,42,33,33,81
"7187",86,"[84]GxccHdwaCJGkcwHyLfGvmwafndbCLCebDvwafocaCJBdHdwendaCIFKCEoDBeaDbCebpafLwendaCJCabweK",113,1,84,112,0,112,0,0,0,0,0,37,37,39,39,36,36,81
"7188",87,"[84]GxccHdwaCJGkcwHyLfGvmwafndbCLCebDvwafocaCJBdHdwendaCIFKCEoDBeaDbCebpafLwendaCJCabweK",112,0.966387,84,119,4,115,4,4,0,4,4,32,28,43,43,44,44,81
"7189",88,"[84]GxccHdwaCJGkcwHyLfGvmwafndbCLCebDvwafocaCJBdHdwendaCIFKCEoDBeaDbCebpafLwendaCJCabweK",111,0.991071,84,112,1,111,1,1,0,1,1,38,37,40,40,34,34,81
"7190",89,"[84]GxccHdwaCJGkcwHyLfGvmwafndbCLCebDvwafocaCJBdHdwendaCIFKCEoDBeaDbCebpafLwendaCJCabweK",111,0.982456,84,114,2,112,2,2,0,2,2,34,32,43,43,37,37,81
"7191",90,"[84]GxccHdwaCJGkcwHyLfGvmwafndbCLCebDvwafocaCJBdHdwendaCIFKCEoDBeaDbCebpafLwendaCJCabweK",107,0.973214,84,112,3,109,3,3,0,3,3,44,41,38,38,30,30,81
"7192",91,"[84]GxccHdwaCJGkcwHyLfGvmwafndbCLCebDvwafocaCJBdHdwendaCIFKCEoDBeaDbCebpafLwendaCJCabweK",114,1,84,113,0,113,0,0,0,0,0,40,40,35,35,38,38,81
"7193",92,"[84]GxccHdwaCJGkcwHyLfGvmwafndbCLCebDvwafocaCJBdHdwendaCIFKCEoDBeaDbCebpafLwendaCJCabweK",121,1,84,120,0,120,0,0,0,0,0,37,37,35,35,48,48,81
"7194",93,"[84]GxccHdwaCJGkcwHyLfGvmwafndbCLCebDvwafocaCJBdHdwendaCIFKCEoDBeaDbCebpafLwendaCJCabweK",115,1,84,114,0,114,0,0,0,0,0,48,48,32,32,34,34,81
"7195",94,"[84]GxccHdwaCJGkcwHyLfGvmwafndbCLCebDvwafocaCJBdHdwendaCIFKCEoDBeaDbCebpafLwendaCJCabweK",121,1,84,120,0,120,0,0,0,0,0,33,33,34,34,53,53,81
"7196",95,"[84]GxccHdwaCJGkcwHyLfGvmwafndbCLCebDvwafocaCJBdHdwendaCIFKCEoDBeaDbCebpafLwendaCJCabweK",104,0.955752,84,113,5,108,5,5,0,5,5,36,31,50,50,27,27,81
"7197",96,"[84]GxccHdwaCJGkcwHyLfGvmwafndbCLCebDvwafocaCJBdHdwendaCIFKCEoDBeaDbCebpafLwendaCJCabweK",115,0.991379,84,116,1,115,1,1,0,1,1,48,47,35,35,33,33,81
"7198",97,"[84]GxccHdwaCJGkcwHyLfGvmwafndbCLCebDvwafocaCJBdHdwendaCIFKCEoDBeaDbCebpafLwendaCJCabweK",112,0.982609,84,115,2,113,2,2,0,2,2,37,35,40,40,38,38,81
"7199",98,"[84]GxccHdwaCJGkcwHyLfGvmwafndbCLCebDvwafocaCJBdHdwendaCIFKCEoDBeaDbCebpafLwendaCJCabweK",115,0.991379,84,116,1,115,1,1,0,1,1,34,33,40,40,42,42,81
"7200",99,"[84]GxccHdwaCJGkcwHyLfGvmwafndbCLCebDvwafocaCJBdHdwendaCIFKCEoDBeaDbCebpafLwendaCJCabweK",117,1,84,116,0,116,0,0,0,0,0,42,42,35,35,39,39,81
"7201",0,"[82]GjfffHdwaCpKqGuzFyCdwafndbCLCabfCuAwafofCJBdHdwendfCIKqwfBeaCactafwendaqJCacsdzDeK",103,0.981132,82,106,2,104,2,2,0,2,2,49,47,30,30,27,27,82
"7202",1,"[82]GjfffHdwaCpKqGuzFyCdwafndbCLCabfCuAwafofCJBdHdwendfCIKqwfBeaCactafwendaqJCacsdzDeK",113,1,82,112,0,112,0,0,0,0,0,29,29,36,36,47,47,82
"7203",2,"[82]GjfffHdwaCpKqGuzFyCdwafndbCLCabfCuAwafofCJBdHdwendfCIKqwfBeaCactafwendaqJCacsdzDeK",105,0.964286,82,112,4,108,4,4,0,4,4,34,30,38,38,40,40,82
"7204",3,"[82]GjfffHdwaCpKqGuzFyCdwafndbCLCabfCuAwafofCJBdHdwendfCIKqwfBeaCactafwendaqJCacsdzDeK",104,1,82,103,0,103,0,0,0,0,0,32,32,44,44,27,27,82
"7205",4,"[82]GjfffHdwaCpKqGuzFyCdwafndbCLCabfCuAwafofCJBdHdwendfCIKqwfBeaCactafwendaqJCacsdzDeK",104,1,82,103,0,103,0,0,0,0,0,39,39,38,38,26,26,82
"7206",5,"[82]GjfffHdwaCpKqGuzFyCdwafndbCLCabfCuAwafofCJBdHdwendfCIKqwfBeaCactafwendaqJCacsdzDeK",101,0.962963,82,108,4,104,4,4,0,4,4,39,35,38,38,31,31,82
"7207",6,"[82]GjfffHdwaCpKqGuzFyCdwafndbCLCabfCuAwafofCJBdHdwendfCIKqwfBeaCactafwendaqJCacsdzDeK",104,1,82,103,0,103,0,0,0,0,0,43,43,34,34,26,26,82
"7208",7,"[82]GjfffHdwaCpKqGuzFyCdwafndbCLCabfCuAwafofCJBdHdwendfCIKqwfBeaCactafwendaqJCacsdzDeK",105,1,82,104,0,104,0,0,0,0,0,36,36,40,40,28,28,82
"7209",8,"[82]GjfffHdwaCpKqGuzFyCdwafndbCLCabfCuAwafofCJBdHdwendfCIKqwfBeaCactafwendaqJCacsdzDeK",114,1,82,113,0,113,0,0,0,0,0,33,33,32,32,48,48,82
"7210",9,"[82]GjfffHdwaCpKqGuzFyCdwafndbCLCabfCuAwafofCJBdHdwendfCIKqwfBeaCactafwendaqJCacsdzDeK",105,0.964286,82,112,4,108,4,4,0,4,4,33,29,40,40,39,39,82
"7211",10,"[82]GjfffHdwaCpKqGuzFyCdwafndbCLCabfCuAwafofCJBdHdwendfCIKqwfBeaCactafwendaqJCacsdzDeK",108,1,82,107,0,107,0,0,0,0,0,46,46,28,28,33,33,82
"7212",11,"[82]GjfffHdwaCpKqGuzFyCdwafndbCLCabfCuAwafofCJBdHdwendfCIKqwfBeaCactafwendaqJCacsdzDeK",111,0.991071,82,112,1,111,1,1,0,1,1,38,37,31,31,43,43,82
"7213",12,"[82]GjfffHdwaCpKqGuzFyCdwafndbCLCabfCuAwafofCJBdHdwendfCIKqwfBeaCactafwendaqJCacsdzDeK",109,0.990909,82,110,1,109,1,1,0,1,1,43,42,28,28,39,39,82
"7214",13,"[82]GjfffHdwaCpKqGuzFyCdwafndbCLCabfCuAwafofCJBdHdwendfCIKqwfBeaCactafwendaqJCacsdzDeK",107,0.990741,82,108,1,107,1,1,0,1,1,32,31,41,41,35,35,82
"7215",14,"[82]GjfffHdwaCpKqGuzFyCdwafndbCLCabfCuAwafofCJBdHdwendfCIKqwfBeaCactafwendaqJCacsdzDeK",108,0.990826,82,109,1,108,1,1,0,1,1,37,36,35,35,37,37,82
"7216",15,"[82]GjfffHdwaCpKqGuzFyCdwafndbCLCabfCuAwafofCJBdHdwendfCIKqwfBeaCactafwendaqJCacsdzDeK",111,1,82,110,0,110,0,0,0,0,0,30,30,38,38,42,42,82
"7217",16,"[82]GjfffHdwaCpKqGuzFyCdwafndbCLCabfCuAwafofCJBdHdwendfCIKqwfBeaCactafwendaqJCacsdzDeK",109,1,82,108,0,108,0,0,0,0,0,36,36,35,35,37,37,82
"7218",17,"[82]GjfffHdwaCpKqGuzFyCdwafndbCLCabfCuAwafofCJBdHdwendfCIKqwfBeaCactafwendaqJCacsdzDeK",111,1,82,110,0,110,0,0,0,0,0,37,37,32,32,41,41,82
"7219",18,"[82]GjfffHdwaCpKqGuzFyCdwafndbCLCabfCuAwafofCJBdHdwendfCIKqwfBeaCactafwendaqJCacsdzDeK",116,1,82,115,0,115,0,0,0,0,0,28,28,35,35,52,52,82
"7220",19,"[82]GjfffHdwaCpKqGuzFyCdwafndbCLCabfCuAwafofCJBdHdwendfCIKqwfBeaCactafwendaqJCacsdzDeK",105,0.990566,82,106,1,105,1,1,0,1,1,41,40,34,34,31,31,82
"7221",20,"[82]GjfffHdwaCpKqGuzFyCdwafndbCLCabfCuAwafofCJBdHdwendfCIKqwfBeaCactafwendaqJCacsdzDeK",106,0.990654,82,107,1,106,1,1,0,1,1,35,34,38,38,34,34,82
"7222",21,"[82]GjfffHdwaCpKqGuzFyCdwafndbCLCabfCuAwafofCJBdHdwendfCIKqwfBeaCactafwendaqJCacsdzDeK",108,1,82,107,0,107,0,0,0,0,0,38,38,34,34,35,35,82
"7223",22,"[82]GjfffHdwaCpKqGuzFyCdwafndbCLCabfCuAwafofCJBdHdwendfCIKqwfBeaCactafwendaqJCacsdzDeK",107,1,82,106,0,106,0,0,0,0,0,48,48,26,26,32,32,82
"7224",23,"[82]GjfffHdwaCpKqGuzFyCdwafndbCLCabfCuAwafofCJBdHdwendfCIKqwfBeaCactafwendaqJCacsdzDeK",112,1,82,111,0,111,0,0,0,0,0,28,28,39,39,44,44,82
"7225",24,"[82]GjfffHdwaCpKqGuzFyCdwafndbCLCabfCuAwafofCJBdHdwendfCIKqwfBeaCactafwendaqJCacsdzDeK",106,1,82,105,0,105,0,0,0,0,0,39,39,35,35,31,31,82
"7226",25,"[82]GjfffHdwaCpKqGuzFyCdwafndbCLCabfCuAwafofCJBdHdwendfCIKqwfBeaCactafwendaqJCacsdzDeK",105,1,82,104,0,104,0,0,0,0,0,35,35,40,40,29,29,82
"7227",26,"[82]GjfffHdwaCpKqGuzFyCdwafndbCLCabfCuAwafofCJBdHdwendfCIKqwfBeaCactafwendaqJCacsdzDeK",111,0.991071,82,112,1,111,1,1,0,1,1,34,33,33,33,45,45,82
"7228",27,"[82]GjfffHdwaCpKqGuzFyCdwafndbCLCabfCuAwafofCJBdHdwendfCIKqwfBeaCactafwendaqJCacsdzDeK",105,1,82,104,0,104,0,0,0,0,0,39,39,38,38,27,27,82
"7229",28,"[82]GjfffHdwaCpKqGuzFyCdwafndbCLCabfCuAwafofCJBdHdwendfCIKqwfBeaCactafwendaqJCacsdzDeK",110,1,82,109,0,109,0,0,0,0,0,38,38,33,33,38,38,82
"7230",29,"[82]GjfffHdwaCpKqGuzFyCdwafndbCLCabfCuAwafofCJBdHdwendfCIKqwfBeaCactafwendaqJCacsdzDeK",108,1,82,107,0,107,0,0,0,0,0,34,34,39,39,34,34,82
"7231",30,"[82]GjfffHdwaCpKqGuzFyCdwafndbCLCabfCuAwafofCJBdHdwendfCIKqwfBeaCactafwendaqJCacsdzDeK",109,0.990909,82,110,1,109,1,1,0,1,1,33,32,38,38,39,39,82
"7232",31,"[82]GjfffHdwaCpKqGuzFyCdwafndbCLCabfCuAwafofCJBdHdwendfCIKqwfBeaCactafwendaqJCacsdzDeK",109,1,82,108,0,108,0,0,0,0,0,42,42,30,30,36,36,82
"7233",32,"[82]GjfffHdwaCpKqGuzFyCdwafndbCLCabfCuAwafofCJBdHdwendfCIKqwfBeaCactafwendaqJCacsdzDeK",108,0.981982,82,111,2,109,2,2,0,2,2,34,32,37,37,40,40,82
"7234",33,"[82]GjfffHdwaCpKqGuzFyCdwafndbCLCabfCuAwafofCJBdHdwendfCIKqwfBeaCactafwendaqJCacsdzDeK",109,1,82,108,0,108,0,0,0,0,0,39,39,33,33,36,36,82
"7235",34,"[82]GjfffHdwaCpKqGuzFyCdwafndbCLCabfCuAwafofCJBdHdwendfCIKqwfBeaCactafwendaqJCacsdzDeK",100,0.945946,82,111,6,105,6,6,0,6,6,46,40,32,32,33,33,82
"7236",35,"[82]GjfffHdwaCpKqGuzFyCdwafndbCLCabfCuAwafofCJBdHdwendfCIKqwfBeaCactafwendaqJCacsdzDeK",107,0.990741,82,108,1,107,1,1,0,1,1,33,32,39,39,36,36,82
"7237",36,"[82]GjfffHdwaCpKqGuzFyCdwafndbCLCabfCuAwafofCJBdHdwendfCIKqwfBeaCactafwendaqJCacsdzDeK",104,1,82,103,0,103,0,0,0,0,0,42,42,35,35,26,26,82
"7238",37,"[82]GjfffHdwaCpKqGuzFyCdwafndbCLCabfCuAwafofCJBdHdwendfCIKqwfBeaCactafwendaqJCacsdzDeK",106,0.981651,82,109,2,107,2,2,0,2,2,30,28,43,43,36,36,82
"7239",38,"[82]GjfffHdwaCpKqGuzFyCdwafndbCLCabfCuAwafofCJBdHdwendfCIKqwfBeaCactafwendaqJCacsdzDeK",110,1,82,109,0,109,0,0,0,0,0,34,34,35,35,40,40,82
"7240",39,"[82]GjfffHdwaCpKqGuzFyCdwafndbCLCabfCuAwafofCJBdHdwendfCIKqwfBeaCactafwendaqJCacsdzDeK",102,0.980952,82,105,2,103,2,2,0,2,2,37,35,40,40,28,28,82
"7241",40,"[82]GjfffHdwaCpKqGuzFyCdwafndbCLCabfCuAwafofCJBdHdwendfCIKqwfBeaCactafwendaqJCacsdzDeK",106,1,82,105,0,105,0,0,0,0,0,40,40,36,36,29,29,82
"7242",41,"[82]GjfffHdwaCpKqGuzFyCdwafndbCLCabfCuAwafofCJBdHdwendfCIKqwfBeaCactafwendaqJCacsdzDeK",102,0.954955,82,111,5,106,5,5,0,5,5,36,31,39,39,36,36,82
"7243",42,"[82]GjfffHdwaCpKqGuzFyCdwafndbCLCabfCuAwafofCJBdHdwendfCIKqwfBeaCactafwendaqJCacsdzDeK",107,1,82,106,0,106,0,0,0,0,0,35,35,39,39,32,32,82
"7244",43,"[82]GjfffHdwaCpKqGuzFyCdwafndbCLCabfCuAwafofCJBdHdwendfCIKqwfBeaCactafwendaqJCacsdzDeK",113,1,82,112,0,112,0,0,0,0,0,45,45,23,23,44,44,82
"7245",44,"[82]GjfffHdwaCpKqGuzFyCdwafndbCLCabfCuAwafofCJBdHdwendfCIKqwfBeaCactafwendaqJCacsdzDeK",103,0.981132,82,106,2,104,2,2,0,2,2,40,38,37,37,29,29,82
"7246",45,"[82]GjfffHdwaCpKqGuzFyCdwafndbCLCabfCuAwafofCJBdHdwendfCIKqwfBeaCactafwendaqJCacsdzDeK",109,1,82,108,0,108,0,0,0,0,0,36,36,35,35,37,37,82
"7247",46,"[82]GjfffHdwaCpKqGuzFyCdwafndbCLCabfCuAwafofCJBdHdwendfCIKqwfBeaCactafwendaqJCacsdzDeK",108,1,82,107,0,107,0,0,0,0,0,33,33,40,40,34,34,82
"7248",47,"[82]GjfffHdwaCpKqGuzFyCdwafndbCLCabfCuAwafofCJBdHdwendfCIKqwfBeaCactafwendaqJCacsdzDeK",106,1,82,105,0,105,0,0,0,0,0,39,39,36,36,30,30,82
"7249",48,"[82]GjfffHdwaCpKqGuzFyCdwafndbCLCabfCuAwafofCJBdHdwendfCIKqwfBeaCactafwendaqJCacsdzDeK",106,1,82,105,0,105,0,0,0,0,0,38,38,36,36,31,31,82
"7250",49,"[82]GjfffHdwaCpKqGuzFyCdwafndbCLCabfCuAwafofCJBdHdwendfCIKqwfBeaCactafwendaqJCacsdzDeK",112,1,82,111,0,111,0,0,0,0,0,37,37,31,31,43,43,82
"7251",50,"[82]GjfffHdwaCpKqGuzFyCdwafndbCLCabfCuAwafofCJBdHdwendfCIKqwfBeaCactafwendaqJCacsdzDeK",106,1,82,105,0,105,0,0,0,0,0,38,38,36,36,31,31,82
"7252",51,"[82]GjfffHdwaCpKqGuzFyCdwafndbCLCabfCuAwafofCJBdHdwendfCIKqwfBeaCactafwendaqJCacsdzDeK",106,1,82,105,0,105,0,0,0,0,0,33,33,41,41,31,31,82
"7253",52,"[82]GjfffHdwaCpKqGuzFyCdwafndbCLCabfCuAwafofCJBdHdwendfCIKqwfBeaCactafwendaqJCacsdzDeK",110,1,82,109,0,109,0,0,0,0,0,39,39,31,31,39,39,82
"7254",53,"[82]GjfffHdwaCpKqGuzFyCdwafndbCLCabfCuAwafofCJBdHdwendfCIKqwfBeaCactafwendaqJCacsdzDeK",107,0.990741,82,108,1,107,1,1,0,1,1,31,30,41,41,36,36,82
"7255",54,"[82]GjfffHdwaCpKqGuzFyCdwafndbCLCabfCuAwafofCJBdHdwendfCIKqwfBeaCactafwendaqJCacsdzDeK",107,1,82,106,0,106,0,0,0,0,0,44,44,31,31,31,31,82
"7256",55,"[82]GjfffHdwaCpKqGuzFyCdwafndbCLCabfCuAwafofCJBdHdwendfCIKqwfBeaCactafwendaqJCacsdzDeK",104,0.981308,82,107,2,105,2,2,0,2,2,44,42,32,32,31,31,82
"7257",56,"[82]GjfffHdwaCpKqGuzFyCdwafndbCLCabfCuAwafofCJBdHdwendfCIKqwfBeaCactafwendaqJCacsdzDeK",102,0.954955,82,111,5,106,5,5,0,5,5,40,35,35,35,36,36,82
"7258",57,"[82]GjfffHdwaCpKqGuzFyCdwafndbCLCabfCuAwafofCJBdHdwendfCIKqwfBeaCactafwendaqJCacsdzDeK",109,0.990909,82,110,1,109,1,1,0,1,1,38,37,32,32,40,40,82
"7259",58,"[82]GjfffHdwaCpKqGuzFyCdwafndbCLCabfCuAwafofCJBdHdwendfCIKqwfBeaCactafwendaqJCacsdzDeK",109,1,82,108,0,108,0,0,0,0,0,41,41,30,30,37,37,82
"7260",59,"[82]GjfffHdwaCpKqGuzFyCdwafndbCLCabfCuAwafofCJBdHdwendfCIKqwfBeaCactafwendaqJCacsdzDeK",108,1,82,107,0,107,0,0,0,0,0,38,38,35,35,34,34,82
"7261",60,"[82]GjfffHdwaCpKqGuzFyCdwafndbCLCabfCuAwafofCJBdHdwendfCIKqwfBeaCactafwendaqJCacsdzDeK",107,0.981818,82,110,2,108,2,2,0,2,2,36,34,35,35,39,39,82
"7262",61,"[82]GjfffHdwaCpKqGuzFyCdwafndbCLCabfCuAwafofCJBdHdwendfCIKqwfBeaCactafwendaqJCacsdzDeK",111,1,82,110,0,110,0,0,0,0,0,30,30,38,38,42,42,82
"7263",62,"[82]GjfffHdwaCpKqGuzFyCdwafndbCLCabfCuAwafofCJBdHdwendfCIKqwfBeaCactafwendaqJCacsdzDeK",107,0.990741,82,108,1,107,1,1,0,1,1,36,35,37,37,35,35,82
"7264",63,"[82]GjfffHdwaCpKqGuzFyCdwafndbCLCabfCuAwafofCJBdHdwendfCIKqwfBeaCactafwendaqJCacsdzDeK",107,0.990741,82,108,1,107,1,1,0,1,1,38,37,34,34,36,36,82
"7265",64,"[82]GjfffHdwaCpKqGuzFyCdwafndbCLCabfCuAwafofCJBdHdwendfCIKqwfBeaCactafwendaqJCacsdzDeK",107,1,82,106,0,106,0,0,0,0,0,33,33,40,40,33,33,82
"7266",65,"[82]GjfffHdwaCpKqGuzFyCdwafndbCLCabfCuAwafofCJBdHdwendfCIKqwfBeaCactafwendaqJCacsdzDeK",108,0.973451,82,113,3,110,3,3,0,3,3,36,33,35,35,42,42,82
"7267",66,"[82]GjfffHdwaCpKqGuzFyCdwafndbCLCabfCuAwafofCJBdHdwendfCIKqwfBeaCactafwendaqJCacsdzDeK",107,0.973214,82,112,3,109,3,3,0,3,3,34,31,36,36,42,42,82
"7268",67,"[82]GjfffHdwaCpKqGuzFyCdwafndbCLCabfCuAwafofCJBdHdwendfCIKqwfBeaCactafwendaqJCacsdzDeK",112,1,82,111,0,111,0,0,0,0,0,34,34,33,33,44,44,82
"7269",68,"[82]GjfffHdwaCpKqGuzFyCdwafndbCLCabfCuAwafofCJBdHdwendfCIKqwfBeaCactafwendaqJCacsdzDeK",110,1,82,109,0,109,0,0,0,0,0,43,43,29,29,37,37,82
"7270",69,"[82]GjfffHdwaCpKqGuzFyCdwafndbCLCabfCuAwafofCJBdHdwendfCIKqwfBeaCactafwendaqJCacsdzDeK",108,0.990826,82,109,1,108,1,1,0,1,1,35,34,36,36,38,38,82
"7271",70,"[82]GjfffHdwaCpKqGuzFyCdwafndbCLCabfCuAwafofCJBdHdwendfCIKqwfBeaCactafwendaqJCacsdzDeK",106,0.990654,82,107,1,106,1,1,0,1,1,35,34,38,38,34,34,82
"7272",71,"[82]GjfffHdwaCpKqGuzFyCdwafndbCLCabfCuAwafofCJBdHdwendfCIKqwfBeaCactafwendaqJCacsdzDeK",108,0.990826,82,109,1,108,1,1,0,1,1,38,37,33,33,38,38,82
"7273",72,"[82]GjfffHdwaCpKqGuzFyCdwafndbCLCabfCuAwafofCJBdHdwendfCIKqwfBeaCactafwendaqJCacsdzDeK",106,0.990654,82,107,1,106,1,1,0,1,1,38,37,37,37,32,32,82
"7274",73,"[82]GjfffHdwaCpKqGuzFyCdwafndbCLCabfCuAwafofCJBdHdwendfCIKqwfBeaCactafwendaqJCacsdzDeK",110,1,82,109,0,109,0,0,0,0,0,38,38,32,32,39,39,82
"7275",74,"[82]GjfffHdwaCpKqGuzFyCdwafndbCLCabfCuAwafofCJBdHdwendfCIKqwfBeaCactafwendaqJCacsdzDeK",106,0.990654,82,107,1,106,1,1,0,1,1,39,38,36,36,32,32,82
"7276",75,"[82]GjfffHdwaCpKqGuzFyCdwafndbCLCabfCuAwafofCJBdHdwendfCIKqwfBeaCactafwendaqJCacsdzDeK",100,0.980583,82,103,2,101,2,2,0,2,2,35,33,45,45,23,23,82
"7277",76,"[82]GjfffHdwaCpKqGuzFyCdwafndbCLCabfCuAwafofCJBdHdwendfCIKqwfBeaCactafwendaqJCacsdzDeK",110,0.990991,82,111,1,110,1,1,0,1,1,39,38,30,30,42,42,82
"7278",77,"[82]GjfffHdwaCpKqGuzFyCdwafndbCLCabfCuAwafofCJBdHdwendfCIKqwfBeaCactafwendaqJCacsdzDeK",106,0.990654,82,107,1,106,1,1,0,1,1,38,37,37,37,32,32,82
"7279",78,"[82]GjfffHdwaCpKqGuzFyCdwafndbCLCabfCuAwafofCJBdHdwendfCIKqwfBeaCactafwendaqJCacsdzDeK",106,1,82,105,0,105,0,0,0,0,0,39,39,37,37,29,29,82
"7280",79,"[82]GjfffHdwaCpKqGuzFyCdwafndbCLCabfCuAwafofCJBdHdwendfCIKqwfBeaCactafwendaqJCacsdzDeK",108,0.981982,82,111,2,109,2,2,0,2,2,34,32,37,37,40,40,82
"7281",80,"[82]GjfffHdwaCpKqGuzFyCdwafndbCLCabfCuAwafofCJBdHdwendfCIKqwfBeaCactafwendaqJCacsdzDeK",109,1,82,108,0,108,0,0,0,0,0,36,36,36,36,36,36,82
"7282",81,"[82]GjfffHdwaCpKqGuzFyCdwafndbCLCabfCuAwafofCJBdHdwendfCIKqwfBeaCactafwendaqJCacsdzDeK",113,0.991228,82,114,1,113,1,1,0,1,1,30,29,36,36,48,48,82
"7283",82,"[82]GjfffHdwaCpKqGuzFyCdwafndbCLCabfCuAwafofCJBdHdwendfCIKqwfBeaCactafwendaqJCacsdzDeK",104,1,82,103,0,103,0,0,0,0,0,43,43,34,34,26,26,82
"7284",83,"[82]GjfffHdwaCpKqGuzFyCdwafndbCLCabfCuAwafofCJBdHdwendfCIKqwfBeaCactafwendaqJCacsdzDeK",104,0.972477,82,109,3,106,3,3,0,3,3,33,30,41,41,35,35,82
"7285",84,"[82]GjfffHdwaCpKqGuzFyCdwafndbCLCabfCuAwafofCJBdHdwendfCIKqwfBeaCactafwendaqJCacsdzDeK",103,0.981132,82,106,2,104,2,2,0,2,2,37,35,40,40,29,29,82
"7286",85,"[82]GjfffHdwaCpKqGuzFyCdwafndbCLCabfCuAwafofCJBdHdwendfCIKqwfBeaCactafwendaqJCacsdzDeK",105,0.981481,82,108,2,106,2,2,0,2,2,35,33,40,40,33,33,82
"7287",86,"[82]GjfffHdwaCpKqGuzFyCdwafndbCLCabfCuAwafofCJBdHdwendfCIKqwfBeaCactafwendaqJCacsdzDeK",108,0.973451,82,113,3,110,3,3,0,3,3,41,38,29,29,43,43,82
"7288",87,"[82]GjfffHdwaCpKqGuzFyCdwafndbCLCabfCuAwafofCJBdHdwendfCIKqwfBeaCactafwendaqJCacsdzDeK",105,0.990566,82,106,1,105,1,1,0,1,1,34,33,40,40,32,32,82
"7289",88,"[82]GjfffHdwaCpKqGuzFyCdwafndbCLCabfCuAwafofCJBdHdwendfCIKqwfBeaCactafwendaqJCacsdzDeK",106,1,82,105,0,105,0,0,0,0,0,42,42,34,34,29,29,82
"7290",89,"[82]GjfffHdwaCpKqGuzFyCdwafndbCLCabfCuAwafofCJBdHdwendfCIKqwfBeaCactafwendaqJCacsdzDeK",108,0.990826,82,109,1,108,1,1,0,1,1,34,33,37,37,38,38,82
"7291",90,"[82]GjfffHdwaCpKqGuzFyCdwafndbCLCabfCuAwafofCJBdHdwendfCIKqwfBeaCactafwendaqJCacsdzDeK",103,0.990385,82,104,1,103,1,1,0,1,1,42,41,36,36,26,26,82
"7292",91,"[82]GjfffHdwaCpKqGuzFyCdwafndbCLCabfCuAwafofCJBdHdwendfCIKqwfBeaCactafwendaqJCacsdzDeK",112,1,82,111,0,111,0,0,0,0,0,36,36,31,31,44,44,82
"7293",92,"[82]GjfffHdwaCpKqGuzFyCdwafndbCLCabfCuAwafofCJBdHdwendfCIKqwfBeaCactafwendaqJCacsdzDeK",105,0.972727,82,110,3,107,3,3,0,3,3,37,34,36,36,37,37,82
"7294",93,"[82]GjfffHdwaCpKqGuzFyCdwafndbCLCabfCuAwafofCJBdHdwendfCIKqwfBeaCactafwendaqJCacsdzDeK",112,0.99115,82,113,1,112,1,1,0,1,1,37,36,30,30,46,46,82
"7295",94,"[82]GjfffHdwaCpKqGuzFyCdwafndbCLCabfCuAwafofCJBdHdwendfCIKqwfBeaCactafwendaqJCacsdzDeK",107,1,82,106,0,106,0,0,0,0,0,30,30,42,42,34,34,82
"7296",95,"[82]GjfffHdwaCpKqGuzFyCdwafndbCLCabfCuAwafofCJBdHdwendfCIKqwfBeaCactafwendaqJCacsdzDeK",107,0.964912,82,114,4,110,4,4,0,4,4,41,37,30,30,43,43,82
"7297",96,"[82]GjfffHdwaCpKqGuzFyCdwafndbCLCabfCuAwafofCJBdHdwendfCIKqwfBeaCactafwendaqJCacsdzDeK",110,1,82,109,0,109,0,0,0,0,0,26,26,42,42,41,41,82
"7298",97,"[82]GjfffHdwaCpKqGuzFyCdwafndbCLCabfCuAwafofCJBdHdwendfCIKqwfBeaCactafwendaqJCacsdzDeK",111,1,82,110,0,110,0,0,0,0,0,39,39,30,30,41,41,82
"7299",98,"[82]GjfffHdwaCpKqGuzFyCdwafndbCLCabfCuAwafofCJBdHdwendfCIKqwfBeaCactafwendaqJCacsdzDeK",110,1,82,109,0,109,0,0,0,0,0,31,31,38,38,40,40,82
"7300",99,"[82]GjfffHdwaCpKqGuzFyCdwafndbCLCabfCuAwafofCJBdHdwendfCIKqwfBeaCactafwendaqJCacsdzDeK",99,0.945455,82,110,6,104,6,6,0,6,6,42,36,36,36,32,32,82
"7301",0,"[79]GsfceHdwaCnKEzAsrwafndbCLCebyLtBawafobaCJBdHdwendaCIKqwBeaCefsafwendaqJCabkFqeK",106,0.990654,79,107,1,106,1,1,0,1,1,39,38,35,35,33,33,83
"7302",1,"[79]GsfceHdwaCnKEzAsrwafndbCLCebyLtBawafobaCJBdHdwendaCIKqwBeaCefsafwendaqJCabkFqeK",106,1,79,105,0,105,0,0,0,0,0,36,36,38,38,31,31,83
"7303",2,"[79]GsfceHdwaCnKEzAsrwafndbCLCebyLtBawafobaCJBdHdwendaCIKqwBeaCefsafwendaqJCabkFqeK",106,0.990654,79,107,1,106,1,1,0,1,1,36,35,37,37,34,34,83
"7304",3,"[79]GsfceHdwaCnKEzAsrwafndbCLCebyLtBawafobaCJBdHdwendaCIKqwBeaCefsafwendaqJCabkFqeK",109,1,79,108,0,108,0,0,0,0,0,39,39,32,32,37,37,83
"7305",4,"[79]GsfceHdwaCnKEzAsrwafndbCLCebyLtBawafobaCJBdHdwendaCIKqwBeaCefsafwendaqJCabkFqeK",107,1,79,106,0,106,0,0,0,0,0,38,38,35,35,33,33,83
"7306",5,"[79]GsfceHdwaCnKEzAsrwafndbCLCebyLtBawafobaCJBdHdwendaCIKqwBeaCefsafwendaqJCabkFqeK",111,1,79,110,0,110,0,0,0,0,0,40,40,29,29,41,41,83
"7307",6,"[79]GsfceHdwaCnKEzAsrwafndbCLCebyLtBawafobaCJBdHdwendaCIKqwBeaCefsafwendaqJCabkFqeK",108,1,79,107,0,107,0,0,0,0,0,45,45,29,29,33,33,83
"7308",7,"[79]GsfceHdwaCnKEzAsrwafndbCLCebyLtBawafobaCJBdHdwendaCIKqwBeaCefsafwendaqJCabkFqeK",108,0.990826,79,109,1,108,1,1,0,1,1,32,31,39,39,38,38,83
"7309",8,"[79]GsfceHdwaCnKEzAsrwafndbCLCebyLtBawafobaCJBdHdwendaCIKqwBeaCefsafwendaqJCabkFqeK",101,0.946429,79,112,6,106,6,6,0,6,6,44,38,33,33,35,35,83
"7310",9,"[79]GsfceHdwaCnKEzAsrwafndbCLCebyLtBawafobaCJBdHdwendaCIKqwBeaCefsafwendaqJCabkFqeK",111,1,79,110,0,110,0,0,0,0,0,39,39,30,30,41,41,83
"7311",10,"[79]GsfceHdwaCnKEzAsrwafndbCLCebyLtBawafobaCJBdHdwendaCIKqwBeaCefsafwendaqJCabkFqeK",106,1,79,105,0,105,0,0,0,0,0,39,39,37,37,29,29,83
"7312",11,"[79]GsfceHdwaCnKEzAsrwafndbCLCebyLtBawafobaCJBdHdwendaCIKqwBeaCefsafwendaqJCabkFqeK",108,1,79,107,0,107,0,0,0,0,0,37,37,36,36,34,34,83
"7313",12,"[79]GsfceHdwaCnKEzAsrwafndbCLCebyLtBawafobaCJBdHdwendaCIKqwBeaCefsafwendaqJCabkFqeK",110,0.990991,79,111,1,110,1,1,0,1,1,34,33,36,36,41,41,83
"7314",13,"[79]GsfceHdwaCnKEzAsrwafndbCLCebyLtBawafobaCJBdHdwendaCIKqwBeaCefsafwendaqJCabkFqeK",111,0.982456,79,114,2,112,2,2,0,2,2,39,37,28,28,47,47,83
"7315",14,"[79]GsfceHdwaCnKEzAsrwafndbCLCebyLtBawafobaCJBdHdwendaCIKqwBeaCefsafwendaqJCabkFqeK",107,1,79,106,0,106,0,0,0,0,0,42,42,33,33,31,31,83
"7316",15,"[79]GsfceHdwaCnKEzAsrwafndbCLCebyLtBawafobaCJBdHdwendaCIKqwBeaCefsafwendaqJCabkFqeK",111,1,79,110,0,110,0,0,0,0,0,28,28,40,40,42,42,83
"7317",16,"[79]GsfceHdwaCnKEzAsrwafndbCLCebyLtBawafobaCJBdHdwendaCIKqwBeaCefsafwendaqJCabkFqeK",109,0.973684,79,114,3,111,3,3,0,3,3,41,38,29,29,44,44,83
"7318",17,"[79]GsfceHdwaCnKEzAsrwafndbCLCebyLtBawafobaCJBdHdwendaCIKqwBeaCefsafwendaqJCabkFqeK",105,1,79,104,0,104,0,0,0,0,0,32,32,43,43,29,29,83
"7319",18,"[79]GsfceHdwaCnKEzAsrwafndbCLCebyLtBawafobaCJBdHdwendaCIKqwBeaCefsafwendaqJCabkFqeK",107,0.990741,79,108,1,107,1,1,0,1,1,32,31,40,40,36,36,83
"7320",19,"[79]GsfceHdwaCnKEzAsrwafndbCLCebyLtBawafobaCJBdHdwendaCIKqwBeaCefsafwendaqJCabkFqeK",106,0.981651,79,109,2,107,2,2,0,2,2,35,33,38,38,36,36,83
"7321",20,"[79]GsfceHdwaCnKEzAsrwafndbCLCebyLtBawafobaCJBdHdwendaCIKqwBeaCefsafwendaqJCabkFqeK",111,1,79,110,0,110,0,0,0,0,0,33,33,36,36,41,41,83
"7322",21,"[79]GsfceHdwaCnKEzAsrwafndbCLCebyLtBawafobaCJBdHdwendaCIKqwBeaCefsafwendaqJCabkFqeK",103,0.981132,79,106,2,104,2,2,0,2,2,37,35,39,39,30,30,83
"7323",22,"[79]GsfceHdwaCnKEzAsrwafndbCLCebyLtBawafobaCJBdHdwendaCIKqwBeaCefsafwendaqJCabkFqeK",110,1,79,109,0,109,0,0,0,0,0,42,42,29,29,38,38,83
"7324",23,"[79]GsfceHdwaCnKEzAsrwafndbCLCebyLtBawafobaCJBdHdwendaCIKqwBeaCefsafwendaqJCabkFqeK",108,1,79,107,0,107,0,0,0,0,0,37,37,35,35,35,35,83
"7325",24,"[79]GsfceHdwaCnKEzAsrwafndbCLCebyLtBawafobaCJBdHdwendaCIKqwBeaCefsafwendaqJCabkFqeK",103,0.981132,79,106,2,104,2,2,0,2,2,37,35,40,40,29,29,83
"7326",25,"[79]GsfceHdwaCnKEzAsrwafndbCLCebyLtBawafobaCJBdHdwendaCIKqwBeaCefsafwendaqJCabkFqeK",105,0.964286,79,112,4,108,4,4,0,4,4,34,30,38,38,40,40,83
"7327",26,"[79]GsfceHdwaCnKEzAsrwafndbCLCebyLtBawafobaCJBdHdwendaCIKqwBeaCefsafwendaqJCabkFqeK",107,1,79,106,0,106,0,0,0,0,0,33,33,41,41,32,32,83
"7328",27,"[79]GsfceHdwaCnKEzAsrwafndbCLCebyLtBawafobaCJBdHdwendaCIKqwBeaCefsafwendaqJCabkFqeK",108,1,79,107,0,107,0,0,0,0,0,38,38,34,34,35,35,83
"7329",28,"[79]GsfceHdwaCnKEzAsrwafndbCLCebyLtBawafobaCJBdHdwendaCIKqwBeaCefsafwendaqJCabkFqeK",106,0.990654,79,107,1,106,1,1,0,1,1,36,35,38,38,33,33,83
"7330",29,"[79]GsfceHdwaCnKEzAsrwafndbCLCebyLtBawafobaCJBdHdwendaCIKqwBeaCefsafwendaqJCabkFqeK",113,1,79,112,0,112,0,0,0,0,0,36,36,30,30,46,46,83
"7331",30,"[79]GsfceHdwaCnKEzAsrwafndbCLCebyLtBawafobaCJBdHdwendaCIKqwBeaCefsafwendaqJCabkFqeK",109,1,79,108,0,108,0,0,0,0,0,26,26,43,43,39,39,83
"7332",31,"[79]GsfceHdwaCnKEzAsrwafndbCLCebyLtBawafobaCJBdHdwendaCIKqwBeaCefsafwendaqJCabkFqeK",115,1,79,114,0,114,0,0,0,0,0,33,33,31,31,50,50,83
"7333",32,"[79]GsfceHdwaCnKEzAsrwafndbCLCebyLtBawafobaCJBdHdwendaCIKqwBeaCefsafwendaqJCabkFqeK",110,1,79,109,0,109,0,0,0,0,0,37,37,33,33,39,39,83
"7334",33,"[79]GsfceHdwaCnKEzAsrwafndbCLCebyLtBawafobaCJBdHdwendaCIKqwBeaCefsafwendaqJCabkFqeK",106,0.990654,79,107,1,106,1,1,0,1,1,36,35,38,38,33,33,83
"7335",34,"[79]GsfceHdwaCnKEzAsrwafndbCLCebyLtBawafobaCJBdHdwendaCIKqwBeaCefsafwendaqJCabkFqeK",105,0.990566,79,106,1,105,1,1,0,1,1,36,35,39,39,31,31,83
"7336",35,"[79]GsfceHdwaCnKEzAsrwafndbCLCebyLtBawafobaCJBdHdwendaCIKqwBeaCefsafwendaqJCabkFqeK",107,1,79,106,0,106,0,0,0,0,0,27,27,45,45,34,34,83
"7337",36,"[79]GsfceHdwaCnKEzAsrwafndbCLCebyLtBawafobaCJBdHdwendaCIKqwBeaCefsafwendaqJCabkFqeK",107,0.981818,79,110,2,108,2,2,0,2,2,35,33,36,36,39,39,83
"7338",37,"[79]GsfceHdwaCnKEzAsrwafndbCLCebyLtBawafobaCJBdHdwendaCIKqwBeaCefsafwendaqJCabkFqeK",109,1,79,108,0,108,0,0,0,0,0,34,34,36,36,38,38,83
"7339",38,"[79]GsfceHdwaCnKEzAsrwafndbCLCebyLtBawafobaCJBdHdwendaCIKqwBeaCefsafwendaqJCabkFqeK",109,1,79,108,0,108,0,0,0,0,0,39,39,33,33,36,36,83
"7340",39,"[79]GsfceHdwaCnKEzAsrwafndbCLCebyLtBawafobaCJBdHdwendaCIKqwBeaCefsafwendaqJCabkFqeK",107,1,79,106,0,106,0,0,0,0,0,34,34,39,39,33,33,83
"7341",40,"[79]GsfceHdwaCnKEzAsrwafndbCLCebyLtBawafobaCJBdHdwendaCIKqwBeaCefsafwendaqJCabkFqeK",102,0.990291,79,103,1,102,1,1,0,1,1,40,39,39,39,24,24,83
"7342",41,"[79]GsfceHdwaCnKEzAsrwafndbCLCebyLtBawafobaCJBdHdwendaCIKqwBeaCefsafwendaqJCabkFqeK",113,1,79,112,0,112,0,0,0,0,0,32,32,35,35,45,45,83
"7343",42,"[79]GsfceHdwaCnKEzAsrwafndbCLCebyLtBawafobaCJBdHdwendaCIKqwBeaCefsafwendaqJCabkFqeK",102,0.980952,79,105,2,103,2,2,0,2,2,47,45,32,32,26,26,83
"7344",43,"[79]GsfceHdwaCnKEzAsrwafndbCLCebyLtBawafobaCJBdHdwendaCIKqwBeaCefsafwendaqJCabkFqeK",110,1,79,109,0,109,0,0,0,0,0,40,40,31,31,38,38,83
"7345",44,"[79]GsfceHdwaCnKEzAsrwafndbCLCebyLtBawafobaCJBdHdwendaCIKqwBeaCefsafwendaqJCabkFqeK",108,0.990826,79,109,1,108,1,1,0,1,1,38,37,33,33,38,38,83
"7346",45,"[79]GsfceHdwaCnKEzAsrwafndbCLCebyLtBawafobaCJBdHdwendaCIKqwBeaCefsafwendaqJCabkFqeK",111,0.991071,79,112,1,111,1,1,0,1,1,38,37,31,31,43,43,83
"7347",46,"[79]GsfceHdwaCnKEzAsrwafndbCLCebyLtBawafobaCJBdHdwendaCIKqwBeaCefsafwendaqJCabkFqeK",112,0.99115,79,113,1,112,1,1,0,1,1,35,34,33,33,45,45,83
"7348",47,"[79]GsfceHdwaCnKEzAsrwafndbCLCebyLtBawafobaCJBdHdwendaCIKqwBeaCefsafwendaqJCabkFqeK",104,0.990476,79,105,1,104,1,1,0,1,1,42,41,34,34,29,29,83
"7349",48,"[79]GsfceHdwaCnKEzAsrwafndbCLCebyLtBawafobaCJBdHdwendaCIKqwBeaCefsafwendaqJCabkFqeK",107,1,79,106,0,106,0,0,0,0,0,34,34,39,39,33,33,83
"7350",49,"[79]GsfceHdwaCnKEzAsrwafndbCLCebyLtBawafobaCJBdHdwendaCIKqwBeaCefsafwendaqJCabkFqeK",104,0.963964,79,111,4,107,4,4,0,4,4,32,28,41,41,38,38,83
"7351",50,"[79]GsfceHdwaCnKEzAsrwafndbCLCebyLtBawafobaCJBdHdwendaCIKqwBeaCefsafwendaqJCabkFqeK",107,1,79,106,0,106,0,0,0,0,0,32,32,40,40,34,34,83
"7352",51,"[79]GsfceHdwaCnKEzAsrwafndbCLCebyLtBawafobaCJBdHdwendaCIKqwBeaCefsafwendaqJCabkFqeK",113,1,79,112,0,112,0,0,0,0,0,40,40,28,28,44,44,83
"7353",52,"[79]GsfceHdwaCnKEzAsrwafndbCLCebyLtBawafobaCJBdHdwendaCIKqwBeaCefsafwendaqJCabkFqeK",107,1,79,106,0,106,0,0,0,0,0,34,34,39,39,33,33,83
"7354",53,"[79]GsfceHdwaCnKEzAsrwafndbCLCebyLtBawafobaCJBdHdwendaCIKqwBeaCefsafwendaqJCabkFqeK",105,1,79,104,0,104,0,0,0,0,0,38,38,38,38,28,28,83
"7355",54,"[79]GsfceHdwaCnKEzAsrwafndbCLCebyLtBawafobaCJBdHdwendaCIKqwBeaCefsafwendaqJCabkFqeK",111,1,79,110,0,110,0,0,0,0,0,30,30,38,38,42,42,83
"7356",55,"[79]GsfceHdwaCnKEzAsrwafndbCLCebyLtBawafobaCJBdHdwendaCIKqwBeaCefsafwendaqJCabkFqeK",103,1,79,102,0,102,0,0,0,0,0,29,29,49,49,24,24,83
"7357",56,"[79]GsfceHdwaCnKEzAsrwafndbCLCebyLtBawafobaCJBdHdwendaCIKqwBeaCefsafwendaqJCabkFqeK",112,0.99115,79,113,1,112,1,1,0,1,1,33,32,33,33,47,47,83
"7358",57,"[79]GsfceHdwaCnKEzAsrwafndbCLCebyLtBawafobaCJBdHdwendaCIKqwBeaCefsafwendaqJCabkFqeK",109,1,79,108,0,108,0,0,0,0,0,33,33,38,38,37,37,83
"7359",58,"[79]GsfceHdwaCnKEzAsrwafndbCLCebyLtBawafobaCJBdHdwendaCIKqwBeaCefsafwendaqJCabkFqeK",109,1,79,108,0,108,0,0,0,0,0,38,38,33,33,37,37,83
"7360",59,"[79]GsfceHdwaCnKEzAsrwafndbCLCebyLtBawafobaCJBdHdwendaCIKqwBeaCefsafwendaqJCabkFqeK",110,1,79,109,0,109,0,0,0,0,0,36,36,34,34,39,39,83
"7361",60,"[79]GsfceHdwaCnKEzAsrwafndbCLCebyLtBawafobaCJBdHdwendaCIKqwBeaCefsafwendaqJCabkFqeK",103,0.963636,79,110,4,106,4,4,0,4,4,45,41,32,32,33,33,83
"7362",61,"[79]GsfceHdwaCnKEzAsrwafndbCLCebyLtBawafobaCJBdHdwendaCIKqwBeaCefsafwendaqJCabkFqeK",113,0.991228,79,114,1,113,1,1,0,1,1,30,29,36,36,48,48,83
"7363",62,"[79]GsfceHdwaCnKEzAsrwafndbCLCebyLtBawafobaCJBdHdwendaCIKqwBeaCefsafwendaqJCabkFqeK",110,1,79,109,0,109,0,0,0,0,0,39,39,31,31,39,39,83
"7364",63,"[79]GsfceHdwaCnKEzAsrwafndbCLCebyLtBawafobaCJBdHdwendaCIKqwBeaCefsafwendaqJCabkFqeK",109,1,79,108,0,108,0,0,0,0,0,40,40,31,31,37,37,83
"7365",64,"[79]GsfceHdwaCnKEzAsrwafndbCLCebyLtBawafobaCJBdHdwendaCIKqwBeaCefsafwendaqJCabkFqeK",108,0.981982,79,111,2,109,2,2,0,2,2,43,41,28,28,40,40,83
"7366",65,"[79]GsfceHdwaCnKEzAsrwafndbCLCebyLtBawafobaCJBdHdwendaCIKqwBeaCefsafwendaqJCabkFqeK",106,1,79,105,0,105,0,0,0,0,0,32,32,42,42,31,31,83
"7367",66,"[79]GsfceHdwaCnKEzAsrwafndbCLCebyLtBawafobaCJBdHdwendaCIKqwBeaCefsafwendaqJCabkFqeK",108,0.981982,79,111,2,109,2,2,0,2,2,36,34,35,35,40,40,83
"7368",67,"[79]GsfceHdwaCnKEzAsrwafndbCLCebyLtBawafobaCJBdHdwendaCIKqwBeaCefsafwendaqJCabkFqeK",108,1,79,107,0,107,0,0,0,0,0,38,38,34,34,35,35,83
"7369",68,"[79]GsfceHdwaCnKEzAsrwafndbCLCebyLtBawafobaCJBdHdwendaCIKqwBeaCefsafwendaqJCabkFqeK",107,0.981818,79,110,2,108,2,2,0,2,2,36,34,35,35,39,39,83
"7370",69,"[79]GsfceHdwaCnKEzAsrwafndbCLCebyLtBawafobaCJBdHdwendaCIKqwBeaCefsafwendaqJCabkFqeK",108,1,79,107,0,107,0,0,0,0,0,39,39,33,33,35,35,83
"7371",70,"[79]GsfceHdwaCnKEzAsrwafndbCLCebyLtBawafobaCJBdHdwendaCIKqwBeaCefsafwendaqJCabkFqeK",103,1,79,102,0,102,0,0,0,0,0,46,46,33,33,23,23,83
"7372",71,"[79]GsfceHdwaCnKEzAsrwafndbCLCebyLtBawafobaCJBdHdwendaCIKqwBeaCefsafwendaqJCabkFqeK",100,0.971429,79,105,3,102,3,3,0,3,3,40,37,40,40,25,25,83
"7373",72,"[79]GsfceHdwaCnKEzAsrwafndbCLCebyLtBawafobaCJBdHdwendaCIKqwBeaCefsafwendaqJCabkFqeK",110,0.990991,79,111,1,110,1,1,0,1,1,44,43,26,26,41,41,83
"7374",73,"[79]GsfceHdwaCnKEzAsrwafndbCLCebyLtBawafobaCJBdHdwendaCIKqwBeaCefsafwendaqJCabkFqeK",109,1,79,108,0,108,0,0,0,0,0,30,30,40,40,38,38,83
"7375",74,"[79]GsfceHdwaCnKEzAsrwafndbCLCebyLtBawafobaCJBdHdwendaCIKqwBeaCefsafwendaqJCabkFqeK",108,1,79,107,0,107,0,0,0,0,0,39,39,33,33,35,35,83
"7376",75,"[79]GsfceHdwaCnKEzAsrwafndbCLCebyLtBawafobaCJBdHdwendaCIKqwBeaCefsafwendaqJCabkFqeK",110,1,79,109,0,109,0,0,0,0,0,32,32,38,38,39,39,83
"7377",76,"[79]GsfceHdwaCnKEzAsrwafndbCLCebyLtBawafobaCJBdHdwendaCIKqwBeaCefsafwendaqJCabkFqeK",109,1,79,108,0,108,0,0,0,0,0,34,34,38,38,36,36,83
"7378",77,"[79]GsfceHdwaCnKEzAsrwafndbCLCebyLtBawafobaCJBdHdwendaCIKqwBeaCefsafwendaqJCabkFqeK",109,1,79,108,0,108,0,0,0,0,0,34,34,38,38,36,36,83
"7379",78,"[79]GsfceHdwaCnKEzAsrwafndbCLCebyLtBawafobaCJBdHdwendaCIKqwBeaCefsafwendaqJCabkFqeK",112,1,79,111,0,111,0,0,0,0,0,30,30,38,38,43,43,83
"7380",79,"[79]GsfceHdwaCnKEzAsrwafndbCLCebyLtBawafobaCJBdHdwendaCIKqwBeaCefsafwendaqJCabkFqeK",109,1,79,108,0,108,0,0,0,0,0,39,39,33,33,36,36,83
"7381",80,"[79]GsfceHdwaCnKEzAsrwafndbCLCebyLtBawafobaCJBdHdwendaCIKqwBeaCefsafwendaqJCabkFqeK",106,1,79,105,0,105,0,0,0,0,0,47,47,30,30,28,28,83
"7382",81,"[79]GsfceHdwaCnKEzAsrwafndbCLCebyLtBawafobaCJBdHdwendaCIKqwBeaCefsafwendaqJCabkFqeK",109,1,79,108,0,108,0,0,0,0,0,33,33,38,38,37,37,83
"7383",82,"[79]GsfceHdwaCnKEzAsrwafndbCLCebyLtBawafobaCJBdHdwendaCIKqwBeaCefsafwendaqJCabkFqeK",107,0.981818,79,110,2,108,2,2,0,2,2,39,37,34,34,37,37,83
"7384",83,"[79]GsfceHdwaCnKEzAsrwafndbCLCebyLtBawafobaCJBdHdwendaCIKqwBeaCefsafwendaqJCabkFqeK",99,0.945455,79,110,6,104,6,6,0,6,6,39,33,40,40,31,31,83
"7385",84,"[79]GsfceHdwaCnKEzAsrwafndbCLCebyLtBawafobaCJBdHdwendaCIKqwBeaCefsafwendaqJCabkFqeK",112,1,79,111,0,111,0,0,0,0,0,36,36,32,32,43,43,83
"7386",85,"[79]GsfceHdwaCnKEzAsrwafndbCLCebyLtBawafobaCJBdHdwendaCIKqwBeaCefsafwendaqJCabkFqeK",108,0.990826,79,109,1,108,1,1,0,1,1,40,39,33,33,36,36,83
"7387",86,"[79]GsfceHdwaCnKEzAsrwafndbCLCebyLtBawafobaCJBdHdwendaCIKqwBeaCefsafwendaqJCabkFqeK",107,1,79,106,0,106,0,0,0,0,0,37,37,36,36,33,33,83
"7388",87,"[79]GsfceHdwaCnKEzAsrwafndbCLCebyLtBawafobaCJBdHdwendaCIKqwBeaCefsafwendaqJCabkFqeK",104,0.990476,79,105,1,104,1,1,0,1,1,38,37,39,39,28,28,83
"7389",88,"[79]GsfceHdwaCnKEzAsrwafndbCLCebyLtBawafobaCJBdHdwendaCIKqwBeaCefsafwendaqJCabkFqeK",99,0.962264,79,106,4,102,4,4,0,4,4,41,37,39,39,26,26,83
"7390",89,"[79]GsfceHdwaCnKEzAsrwafndbCLCebyLtBawafobaCJBdHdwendaCIKqwBeaCefsafwendaqJCabkFqeK",105,0.972727,79,110,3,107,3,3,0,3,3,37,34,36,36,37,37,83
"7391",90,"[79]GsfceHdwaCnKEzAsrwafndbCLCebyLtBawafobaCJBdHdwendaCIKqwBeaCefsafwendaqJCabkFqeK",106,0.981651,79,109,2,107,2,2,0,2,2,29,27,43,43,37,37,83
"7392",91,"[79]GsfceHdwaCnKEzAsrwafndbCLCebyLtBawafobaCJBdHdwendaCIKqwBeaCefsafwendaqJCabkFqeK",105,0.990566,79,106,1,105,1,1,0,1,1,36,35,39,39,31,31,83
"7393",92,"[79]GsfceHdwaCnKEzAsrwafndbCLCebyLtBawafobaCJBdHdwendaCIKqwBeaCefsafwendaqJCabkFqeK",106,0.990654,79,107,1,106,1,1,0,1,1,36,35,37,37,34,34,83
"7394",93,"[79]GsfceHdwaCnKEzAsrwafndbCLCebyLtBawafobaCJBdHdwendaCIKqwBeaCefsafwendaqJCabkFqeK",114,1,79,113,0,113,0,0,0,0,0,35,35,30,30,48,48,83
"7395",94,"[79]GsfceHdwaCnKEzAsrwafndbCLCebyLtBawafobaCJBdHdwendaCIKqwBeaCefsafwendaqJCabkFqeK",109,1,79,108,0,108,0,0,0,0,0,38,38,34,34,36,36,83
"7396",95,"[79]GsfceHdwaCnKEzAsrwafndbCLCebyLtBawafobaCJBdHdwendaCIKqwBeaCefsafwendaqJCabkFqeK",112,1,79,111,0,111,0,0,0,0,0,39,39,29,29,43,43,83
"7397",96,"[79]GsfceHdwaCnKEzAsrwafndbCLCebyLtBawafobaCJBdHdwendaCIKqwBeaCefsafwendaqJCabkFqeK",109,1,79,108,0,108,0,0,0,0,0,36,36,35,35,37,37,83
"7398",97,"[79]GsfceHdwaCnKEzAsrwafndbCLCebyLtBawafobaCJBdHdwendaCIKqwBeaCefsafwendaqJCabkFqeK",108,0.990826,79,109,1,108,1,1,0,1,1,36,35,35,35,38,38,83
"7399",98,"[79]GsfceHdwaCnKEzAsrwafndbCLCebyLtBawafobaCJBdHdwendaCIKqwBeaCefsafwendaqJCabkFqeK",108,1,79,107,0,107,0,0,0,0,0,27,27,45,45,35,35,83
"7400",99,"[79]GsfceHdwaCnKEzAsrwafndbCLCebyLtBawafobaCJBdHdwendaCIKqwBeaCefsafwendaqJCabkFqeK",106,0.972973,79,111,3,108,3,3,0,3,3,30,27,42,42,39,39,83
"7401",0,"[80]GtbHdwaChJixJJgBxjswandbCLCebbKkvafofCJBdHdwendaCIKqBHpIDzBeaCabyafwendaCJCaboeK",105,1,80,104,0,104,0,0,0,0,0,33,33,35,35,36,36,85
"7402",1,"[80]GtbHdwaChJixJJgBxjswandbCLCebbKkvafofCJBdHdwendaCIKqBHpIDzBeaCabyafwendaCJCaboeK",102,0.963303,80,109,4,105,4,4,0,4,4,38,34,31,31,40,40,85
"7403",2,"[80]GtbHdwaChJixJJgBxjswandbCLCebbKkvafofCJBdHdwendaCIKqBHpIDzBeaCabyafwendaCJCaboeK",100,0.980583,80,103,2,101,2,2,0,2,2,36,34,35,35,32,32,85
"7404",3,"[80]GtbHdwaChJixJJgBxjswandbCLCebbKkvafofCJBdHdwendaCIKqBHpIDzBeaCabyafwendaCJCaboeK",98,0.989899,80,99,1,98,1,1,0,1,1,29,28,45,45,25,25,85
"7405",4,"[80]GtbHdwaChJixJJgBxjswandbCLCebbKkvafofCJBdHdwendaCIKqBHpIDzBeaCabyafwendaCJCaboeK",105,0.981481,80,108,2,106,2,2,0,2,2,42,40,25,25,41,41,85
"7406",5,"[80]GtbHdwaChJixJJgBxjswandbCLCebbKkvafofCJBdHdwendaCIKqBHpIDzBeaCabyafwendaCJCaboeK",110,1,80,109,0,109,0,0,0,0,0,34,34,28,28,47,47,85
"7407",6,"[80]GtbHdwaChJixJJgBxjswandbCLCebbKkvafofCJBdHdwendaCIKqBHpIDzBeaCabyafwendaCJCaboeK",101,0.990196,80,102,1,101,1,1,0,1,1,43,42,28,28,31,31,85
"7408",7,"[80]GtbHdwaChJixJJgBxjswandbCLCebbKkvafofCJBdHdwendaCIKqBHpIDzBeaCabyafwendaCJCaboeK",100,0.990099,80,101,1,100,1,1,0,1,1,35,34,36,36,30,30,85
"7409",8,"[80]GtbHdwaChJixJJgBxjswandbCLCebbKkvafofCJBdHdwendaCIKqBHpIDzBeaCabyafwendaCJCaboeK",98,0.944954,80,109,6,103,6,6,0,6,6,36,30,35,35,38,38,85
"7410",9,"[80]GtbHdwaChJixJJgBxjswandbCLCebbKkvafofCJBdHdwendaCIKqBHpIDzBeaCabyafwendaCJCaboeK",99,0.971154,80,104,3,101,3,3,0,3,3,38,35,34,34,32,32,85
"7411",10,"[80]GtbHdwaChJixJJgBxjswandbCLCebbKkvafofCJBdHdwendaCIKqBHpIDzBeaCabyafwendaCJCaboeK",103,1,80,102,0,102,0,0,0,0,0,37,37,32,32,33,33,85
"7412",11,"[80]GtbHdwaChJixJJgBxjswandbCLCebbKkvafofCJBdHdwendaCIKqBHpIDzBeaCabyafwendaCJCaboeK",95,0.979592,80,98,2,96,2,2,0,2,2,38,36,39,39,21,21,85
"7413",12,"[80]GtbHdwaChJixJJgBxjswandbCLCebbKkvafofCJBdHdwendaCIKqBHpIDzBeaCabyafwendaCJCaboeK",98,1,80,97,0,97,0,0,0,0,0,46,46,30,30,21,21,85
"7414",13,"[80]GtbHdwaChJixJJgBxjswandbCLCebbKkvafofCJBdHdwendaCIKqBHpIDzBeaCabyafwendaCJCaboeK",100,0.990099,80,101,1,100,1,1,0,1,1,34,33,37,37,30,30,85
"7415",14,"[80]GtbHdwaChJixJJgBxjswandbCLCebbKkvafofCJBdHdwendaCIKqBHpIDzBeaCabyafwendaCJCaboeK",107,1,80,106,0,106,0,0,0,0,0,31,31,33,33,42,42,85
"7416",15,"[80]GtbHdwaChJixJJgBxjswandbCLCebbKkvafofCJBdHdwendaCIKqBHpIDzBeaCabyafwendaCJCaboeK",104,0.981308,80,107,2,105,2,2,0,2,2,43,41,26,26,38,38,85
"7417",16,"[80]GtbHdwaChJixJJgBxjswandbCLCebbKkvafofCJBdHdwendaCIKqBHpIDzBeaCabyafwendaCJCaboeK",108,1,80,107,0,107,0,0,0,0,0,32,32,32,32,43,43,85
"7418",17,"[80]GtbHdwaChJixJJgBxjswandbCLCebbKkvafofCJBdHdwendaCIKqBHpIDzBeaCabyafwendaCJCaboeK",102,1,80,101,0,101,0,0,0,0,0,35,35,35,35,31,31,85
"7419",18,"[80]GtbHdwaChJixJJgBxjswandbCLCebbKkvafofCJBdHdwendaCIKqBHpIDzBeaCabyafwendaCJCaboeK",104,0.972477,80,109,3,106,3,3,0,3,3,36,33,31,31,42,42,85
"7420",19,"[80]GtbHdwaChJixJJgBxjswandbCLCebbKkvafofCJBdHdwendaCIKqBHpIDzBeaCabyafwendaCJCaboeK",99,0.980392,80,102,2,100,2,2,0,2,2,38,36,34,34,30,30,85
"7421",20,"[80]GtbHdwaChJixJJgBxjswandbCLCebbKkvafofCJBdHdwendaCIKqBHpIDzBeaCabyafwendaCJCaboeK",107,1,80,106,0,106,0,0,0,0,0,33,33,33,33,40,40,85
"7422",21,"[80]GtbHdwaChJixJJgBxjswandbCLCebbKkvafofCJBdHdwendaCIKqBHpIDzBeaCabyafwendaCJCaboeK",96,0.952381,80,105,5,100,5,5,0,5,5,36,31,38,38,31,31,85
"7423",22,"[80]GtbHdwaChJixJJgBxjswandbCLCebbKkvafofCJBdHdwendaCIKqBHpIDzBeaCabyafwendaCJCaboeK",103,1,80,102,0,102,0,0,0,0,0,24,24,45,45,33,33,85
"7424",23,"[80]GtbHdwaChJixJJgBxjswandbCLCebbKkvafofCJBdHdwendaCIKqBHpIDzBeaCabyafwendaCJCaboeK",102,0.990291,80,103,1,102,1,1,0,1,1,36,35,35,35,32,32,85
"7425",24,"[80]GtbHdwaChJixJJgBxjswandbCLCebbKkvafofCJBdHdwendaCIKqBHpIDzBeaCabyafwendaCJCaboeK",97,0.98,80,100,2,98,2,2,0,2,2,39,37,36,36,25,25,85
"7426",25,"[80]GtbHdwaChJixJJgBxjswandbCLCebbKkvafofCJBdHdwendaCIKqBHpIDzBeaCabyafwendaCJCaboeK",100,0.971429,80,105,3,102,3,3,0,3,3,31,28,39,39,35,35,85
"7427",26,"[80]GtbHdwaChJixJJgBxjswandbCLCebbKkvafofCJBdHdwendaCIKqBHpIDzBeaCabyafwendaCJCaboeK",101,1,80,100,0,100,0,0,0,0,0,35,35,36,36,29,29,85
"7428",27,"[80]GtbHdwaChJixJJgBxjswandbCLCebbKkvafofCJBdHdwendaCIKqBHpIDzBeaCabyafwendaCJCaboeK",99,1,80,98,0,98,0,0,0,0,0,30,30,42,42,26,26,85
"7429",28,"[80]GtbHdwaChJixJJgBxjswandbCLCebbKkvafofCJBdHdwendaCIKqBHpIDzBeaCabyafwendaCJCaboeK",109,0.990909,80,110,1,109,1,1,0,1,1,35,34,27,27,48,48,85
"7430",29,"[80]GtbHdwaChJixJJgBxjswandbCLCebbKkvafofCJBdHdwendaCIKqBHpIDzBeaCabyafwendaCJCaboeK",102,0.980952,80,105,2,103,2,2,0,2,2,38,36,32,32,35,35,85
"7431",30,"[80]GtbHdwaChJixJJgBxjswandbCLCebbKkvafofCJBdHdwendaCIKqBHpIDzBeaCabyafwendaCJCaboeK",103,0.990385,80,104,1,103,1,1,0,1,1,36,35,33,33,35,35,85
"7432",31,"[80]GtbHdwaChJixJJgBxjswandbCLCebbKkvafofCJBdHdwendaCIKqBHpIDzBeaCabyafwendaCJCaboeK",104,1,80,103,0,103,0,0,0,0,0,30,30,37,37,36,36,85
"7433",32,"[80]GtbHdwaChJixJJgBxjswandbCLCebbKkvafofCJBdHdwendaCIKqBHpIDzBeaCabyafwendaCJCaboeK",109,1,80,108,0,108,0,0,0,0,0,28,28,34,34,46,46,85
"7434",33,"[80]GtbHdwaChJixJJgBxjswandbCLCebbKkvafofCJBdHdwendaCIKqBHpIDzBeaCabyafwendaCJCaboeK",105,0.990566,80,106,1,105,1,1,0,1,1,34,33,32,32,40,40,85
"7435",34,"[80]GtbHdwaChJixJJgBxjswandbCLCebbKkvafofCJBdHdwendaCIKqBHpIDzBeaCabyafwendaCJCaboeK",99,0.971154,80,104,3,101,3,3,0,3,3,35,32,37,37,32,32,85
"7436",35,"[80]GtbHdwaChJixJJgBxjswandbCLCebbKkvafofCJBdHdwendaCIKqBHpIDzBeaCabyafwendaCJCaboeK",103,1,80,102,0,102,0,0,0,0,0,33,33,37,37,32,32,85
"7437",36,"[80]GtbHdwaChJixJJgBxjswandbCLCebbKkvafofCJBdHdwendaCIKqBHpIDzBeaCabyafwendaCJCaboeK",102,1,80,101,0,101,0,0,0,0,0,36,36,34,34,31,31,85
"7438",37,"[80]GtbHdwaChJixJJgBxjswandbCLCebbKkvafofCJBdHdwendaCIKqBHpIDzBeaCabyafwendaCJCaboeK",114,0.991304,80,115,1,114,1,1,0,1,1,30,29,28,28,57,57,85
"7439",38,"[80]GtbHdwaChJixJJgBxjswandbCLCebbKkvafofCJBdHdwendaCIKqBHpIDzBeaCabyafwendaCJCaboeK",103,1,80,102,0,102,0,0,0,0,0,37,37,33,33,32,32,85
"7440",39,"[80]GtbHdwaChJixJJgBxjswandbCLCebbKkvafofCJBdHdwendaCIKqBHpIDzBeaCabyafwendaCJCaboeK",105,0.990566,80,106,1,105,1,1,0,1,1,32,31,34,34,40,40,85
"7441",40,"[80]GtbHdwaChJixJJgBxjswandbCLCebbKkvafofCJBdHdwendaCIKqBHpIDzBeaCabyafwendaCJCaboeK",100,0.980583,80,103,2,101,2,2,0,2,2,33,31,39,39,31,31,85
"7442",41,"[80]GtbHdwaChJixJJgBxjswandbCLCebbKkvafofCJBdHdwendaCIKqBHpIDzBeaCabyafwendaCJCaboeK",100,0.990099,80,101,1,100,1,1,0,1,1,36,35,36,36,29,29,85
"7443",42,"[80]GtbHdwaChJixJJgBxjswandbCLCebbKkvafofCJBdHdwendaCIKqBHpIDzBeaCabyafwendaCJCaboeK",102,0.990291,80,103,1,102,1,1,0,1,1,35,34,34,34,34,34,85
"7444",43,"[80]GtbHdwaChJixJJgBxjswandbCLCebbKkvafofCJBdHdwendaCIKqBHpIDzBeaCabyafwendaCJCaboeK",98,0.953271,80,107,5,102,5,5,0,5,5,37,32,35,35,35,35,85
"7445",44,"[80]GtbHdwaChJixJJgBxjswandbCLCebbKkvafofCJBdHdwendaCIKqBHpIDzBeaCabyafwendaCJCaboeK",102,1,80,101,0,101,0,0,0,0,0,31,31,39,39,31,31,85
"7446",45,"[80]GtbHdwaChJixJJgBxjswandbCLCebbKkvafofCJBdHdwendaCIKqBHpIDzBeaCabyafwendaCJCaboeK",102,0.990291,80,103,1,102,1,1,0,1,1,38,37,32,32,33,33,85
"7447",46,"[80]GtbHdwaChJixJJgBxjswandbCLCebbKkvafofCJBdHdwendaCIKqBHpIDzBeaCabyafwendaCJCaboeK",106,1,80,105,0,105,0,0,0,0,0,29,29,37,37,39,39,85
"7448",47,"[80]GtbHdwaChJixJJgBxjswandbCLCebbKkvafofCJBdHdwendaCIKqBHpIDzBeaCabyafwendaCJCaboeK",103,1,80,102,0,102,0,0,0,0,0,37,37,33,33,32,32,85
"7449",48,"[80]GtbHdwaChJixJJgBxjswandbCLCebbKkvafofCJBdHdwendaCIKqBHpIDzBeaCabyafwendaCJCaboeK",105,1,80,104,0,104,0,0,0,0,0,39,39,28,28,37,37,85
"7450",49,"[80]GtbHdwaChJixJJgBxjswandbCLCebbKkvafofCJBdHdwendaCIKqBHpIDzBeaCabyafwendaCJCaboeK",108,1,80,107,0,107,0,0,0,0,0,41,41,25,25,41,41,85
"7451",50,"[80]GtbHdwaChJixJJgBxjswandbCLCebbKkvafofCJBdHdwendaCIKqBHpIDzBeaCabyafwendaCJCaboeK",107,1,80,106,0,106,0,0,0,0,0,36,36,29,29,41,41,85
"7452",51,"[80]GtbHdwaChJixJJgBxjswandbCLCebbKkvafofCJBdHdwendaCIKqBHpIDzBeaCabyafwendaCJCaboeK",105,0.981481,80,108,2,106,2,2,0,2,2,30,28,36,36,42,42,85
"7453",52,"[80]GtbHdwaChJixJJgBxjswandbCLCebbKkvafofCJBdHdwendaCIKqBHpIDzBeaCabyafwendaCJCaboeK",103,1,80,102,0,102,0,0,0,0,0,31,31,38,38,33,33,85
"7454",53,"[80]GtbHdwaChJixJJgBxjswandbCLCebbKkvafofCJBdHdwendaCIKqBHpIDzBeaCabyafwendaCJCaboeK",104,1,80,103,0,103,0,0,0,0,0,38,38,31,31,34,34,85
"7455",54,"[80]GtbHdwaChJixJJgBxjswandbCLCebbKkvafofCJBdHdwendaCIKqBHpIDzBeaCabyafwendaCJCaboeK",105,1,80,104,0,104,0,0,0,0,0,34,34,33,33,37,37,85
"7456",55,"[80]GtbHdwaChJixJJgBxjswandbCLCebbKkvafofCJBdHdwendaCIKqBHpIDzBeaCabyafwendaCJCaboeK",97,0.970588,80,102,3,99,3,3,0,3,3,32,29,41,41,29,29,85
"7457",56,"[80]GtbHdwaChJixJJgBxjswandbCLCebbKkvafofCJBdHdwendaCIKqBHpIDzBeaCabyafwendaCJCaboeK",102,1,80,101,0,101,0,0,0,0,0,46,46,26,26,29,29,85
"7458",57,"[80]GtbHdwaChJixJJgBxjswandbCLCebbKkvafofCJBdHdwendaCIKqBHpIDzBeaCabyafwendaCJCaboeK",100,0.971429,80,105,3,102,3,3,0,3,3,33,30,37,37,35,35,85
"7459",58,"[80]GtbHdwaChJixJJgBxjswandbCLCebbKkvafofCJBdHdwendaCIKqBHpIDzBeaCabyafwendaCJCaboeK",101,0.962963,80,108,4,104,4,4,0,4,4,40,36,30,30,38,38,85
"7460",59,"[80]GtbHdwaChJixJJgBxjswandbCLCebbKkvafofCJBdHdwendaCIKqBHpIDzBeaCabyafwendaCJCaboeK",103,1,80,102,0,102,0,0,0,0,0,29,29,40,40,33,33,85
"7461",60,"[80]GtbHdwaChJixJJgBxjswandbCLCebbKkvafofCJBdHdwendaCIKqBHpIDzBeaCabyafwendaCJCaboeK",103,0.981132,80,106,2,104,2,2,0,2,2,37,35,31,31,38,38,85
"7462",61,"[80]GtbHdwaChJixJJgBxjswandbCLCebbKkvafofCJBdHdwendaCIKqBHpIDzBeaCabyafwendaCJCaboeK",103,1,80,102,0,102,0,0,0,0,0,30,30,39,39,33,33,85
"7463",62,"[80]GtbHdwaChJixJJgBxjswandbCLCebbKkvafofCJBdHdwendaCIKqBHpIDzBeaCabyafwendaCJCaboeK",99,1,80,98,0,98,0,0,0,0,0,32,32,41,41,25,25,85
"7464",63,"[80]GtbHdwaChJixJJgBxjswandbCLCebbKkvafofCJBdHdwendaCIKqBHpIDzBeaCabyafwendaCJCaboeK",107,1,80,106,0,106,0,0,0,0,0,29,29,36,36,41,41,85
"7465",64,"[80]GtbHdwaChJixJJgBxjswandbCLCebbKkvafofCJBdHdwendaCIKqBHpIDzBeaCabyafwendaCJCaboeK",101,1,80,100,0,100,0,0,0,0,0,25,25,45,45,30,30,85
"7466",65,"[80]GtbHdwaChJixJJgBxjswandbCLCebbKkvafofCJBdHdwendaCIKqBHpIDzBeaCabyafwendaCJCaboeK",104,1,80,103,0,103,0,0,0,0,0,32,32,36,36,35,35,85
"7467",66,"[80]GtbHdwaChJixJJgBxjswandbCLCebbKkvafofCJBdHdwendaCIKqBHpIDzBeaCabyafwendaCJCaboeK",100,1,80,99,0,99,0,0,0,0,0,42,42,31,31,26,26,85
"7468",67,"[80]GtbHdwaChJixJJgBxjswandbCLCebbKkvafofCJBdHdwendaCIKqBHpIDzBeaCabyafwendaCJCaboeK",100,0.980583,80,103,2,101,2,2,0,2,2,42,40,31,31,30,30,85
"7469",68,"[80]GtbHdwaChJixJJgBxjswandbCLCebbKkvafofCJBdHdwendaCIKqBHpIDzBeaCabyafwendaCJCaboeK",101,0.971698,80,106,3,103,3,3,0,3,3,40,37,30,30,36,36,85
"7470",69,"[80]GtbHdwaChJixJJgBxjswandbCLCebbKkvafofCJBdHdwendaCIKqBHpIDzBeaCabyafwendaCJCaboeK",106,1,80,105,0,105,0,0,0,0,0,35,35,31,31,39,39,85
"7471",70,"[80]GtbHdwaChJixJJgBxjswandbCLCebbKkvafofCJBdHdwendaCIKqBHpIDzBeaCabyafwendaCJCaboeK",97,0.98,80,100,2,98,2,2,0,2,2,39,37,35,35,26,26,85
"7472",71,"[80]GtbHdwaChJixJJgBxjswandbCLCebbKkvafofCJBdHdwendaCIKqBHpIDzBeaCabyafwendaCJCaboeK",105,0.990566,80,106,1,105,1,1,0,1,1,30,29,36,36,40,40,85
"7473",72,"[80]GtbHdwaChJixJJgBxjswandbCLCebbKkvafofCJBdHdwendaCIKqBHpIDzBeaCabyafwendaCJCaboeK",100,0.990099,80,101,1,100,1,1,0,1,1,37,36,36,36,28,28,85
"7474",73,"[80]GtbHdwaChJixJJgBxjswandbCLCebbKkvafofCJBdHdwendaCIKqBHpIDzBeaCabyafwendaCJCaboeK",104,1,80,103,0,103,0,0,0,0,0,36,36,32,32,35,35,85
"7475",74,"[80]GtbHdwaChJixJJgBxjswandbCLCebbKkvafofCJBdHdwendaCIKqBHpIDzBeaCabyafwendaCJCaboeK",106,1,80,105,0,105,0,0,0,0,0,38,38,28,28,39,39,85
"7476",75,"[80]GtbHdwaChJixJJgBxjswandbCLCebbKkvafofCJBdHdwendaCIKqBHpIDzBeaCabyafwendaCJCaboeK",106,0.990654,80,107,1,106,1,1,0,1,1,28,27,37,37,42,42,85
"7477",76,"[80]GtbHdwaChJixJJgBxjswandbCLCebbKkvafofCJBdHdwendaCIKqBHpIDzBeaCabyafwendaCJCaboeK",103,1,80,102,0,102,0,0,0,0,0,42,42,28,28,32,32,85
"7478",77,"[80]GtbHdwaChJixJJgBxjswandbCLCebbKkvafofCJBdHdwendaCIKqBHpIDzBeaCabyafwendaCJCaboeK",103,0.981132,80,106,2,104,2,2,0,2,2,32,30,37,37,37,37,85
"7479",78,"[80]GtbHdwaChJixJJgBxjswandbCLCebbKkvafofCJBdHdwendaCIKqBHpIDzBeaCabyafwendaCJCaboeK",104,1,80,103,0,103,0,0,0,0,0,33,33,36,36,34,34,85
"7480",79,"[80]GtbHdwaChJixJJgBxjswandbCLCebbKkvafofCJBdHdwendaCIKqBHpIDzBeaCabyafwendaCJCaboeK",100,0.971429,80,105,3,102,3,3,0,3,3,41,38,31,31,33,33,85
"7481",80,"[80]GtbHdwaChJixJJgBxjswandbCLCebbKkvafofCJBdHdwendaCIKqBHpIDzBeaCabyafwendaCJCaboeK",103,1,80,102,0,102,0,0,0,0,0,33,33,36,36,33,33,85
"7482",81,"[80]GtbHdwaChJixJJgBxjswandbCLCebbKkvafofCJBdHdwendaCIKqBHpIDzBeaCabyafwendaCJCaboeK",99,0.99,80,100,1,99,1,1,0,1,1,38,37,35,35,27,27,85
"7483",82,"[80]GtbHdwaChJixJJgBxjswandbCLCebbKkvafofCJBdHdwendaCIKqBHpIDzBeaCabyafwendaCJCaboeK",97,1,80,96,0,96,0,0,0,0,0,37,37,38,38,21,21,85
"7484",83,"[80]GtbHdwaChJixJJgBxjswandbCLCebbKkvafofCJBdHdwendaCIKqBHpIDzBeaCabyafwendaCJCaboeK",104,0.990476,80,105,1,104,1,1,0,1,1,37,36,32,32,36,36,85
"7485",84,"[80]GtbHdwaChJixJJgBxjswandbCLCebbKkvafofCJBdHdwendaCIKqBHpIDzBeaCabyafwendaCJCaboeK",109,1,80,108,0,108,0,0,0,0,0,29,29,33,33,46,46,85
"7486",85,"[80]GtbHdwaChJixJJgBxjswandbCLCebbKkvafofCJBdHdwendaCIKqBHpIDzBeaCabyafwendaCJCaboeK",101,0.990196,80,102,1,101,1,1,0,1,1,34,33,36,36,32,32,85
"7487",86,"[80]GtbHdwaChJixJJgBxjswandbCLCebbKkvafofCJBdHdwendaCIKqBHpIDzBeaCabyafwendaCJCaboeK",102,1,80,101,0,101,0,0,0,0,0,41,41,30,30,30,30,85
"7488",87,"[80]GtbHdwaChJixJJgBxjswandbCLCebbKkvafofCJBdHdwendaCIKqBHpIDzBeaCabyafwendaCJCaboeK",107,1,80,106,0,106,0,0,0,0,0,29,29,36,36,41,41,85
"7489",88,"[80]GtbHdwaChJixJJgBxjswandbCLCebbKkvafofCJBdHdwendaCIKqBHpIDzBeaCabyafwendaCJCaboeK",104,0.990476,80,105,1,104,1,1,0,1,1,31,30,36,36,38,38,85
"7490",89,"[80]GtbHdwaChJixJJgBxjswandbCLCebbKkvafofCJBdHdwendaCIKqBHpIDzBeaCabyafwendaCJCaboeK",99,1,80,98,0,98,0,0,0,0,0,38,38,35,35,25,25,85
"7491",90,"[80]GtbHdwaChJixJJgBxjswandbCLCebbKkvafofCJBdHdwendaCIKqBHpIDzBeaCabyafwendaCJCaboeK",99,0.962264,80,106,4,102,4,4,0,4,4,28,24,42,42,36,36,85
"7492",91,"[80]GtbHdwaChJixJJgBxjswandbCLCebbKkvafofCJBdHdwendaCIKqBHpIDzBeaCabyafwendaCJCaboeK",101,0.990196,80,102,1,101,1,1,0,1,1,36,35,35,35,31,31,85
"7493",92,"[80]GtbHdwaChJixJJgBxjswandbCLCebbKkvafofCJBdHdwendaCIKqBHpIDzBeaCabyafwendaCJCaboeK",100,0.990099,80,101,1,100,1,1,0,1,1,36,35,36,36,29,29,85
"7494",93,"[80]GtbHdwaChJixJJgBxjswandbCLCebbKkvafofCJBdHdwendaCIKqBHpIDzBeaCabyafwendaCJCaboeK",99,0.99,80,100,1,99,1,1,0,1,1,41,40,33,33,26,26,85
"7495",94,"[80]GtbHdwaChJixJJgBxjswandbCLCebbKkvafofCJBdHdwendaCIKqBHpIDzBeaCabyafwendaCJCaboeK",104,0.981308,80,107,2,105,2,2,0,2,2,28,26,38,38,41,41,85
"7496",95,"[80]GtbHdwaChJixJJgBxjswandbCLCebbKkvafofCJBdHdwendaCIKqBHpIDzBeaCabyafwendaCJCaboeK",109,0.990909,80,110,1,109,1,1,0,1,1,36,35,28,28,46,46,85
"7497",96,"[80]GtbHdwaChJixJJgBxjswandbCLCebbKkvafofCJBdHdwendaCIKqBHpIDzBeaCabyafwendaCJCaboeK",107,1,80,106,0,106,0,0,0,0,0,34,34,31,31,41,41,85
"7498",97,"[80]GtbHdwaChJixJJgBxjswandbCLCebbKkvafofCJBdHdwendaCIKqBHpIDzBeaCabyafwendaCJCaboeK",106,1,80,105,0,105,0,0,0,0,0,34,34,33,33,38,38,85
"7499",98,"[80]GtbHdwaChJixJJgBxjswandbCLCebbKkvafofCJBdHdwendaCIKqBHpIDzBeaCabyafwendaCJCaboeK",102,0.990291,80,103,1,102,1,1,0,1,1,33,32,36,36,34,34,85
"7500",99,"[80]GtbHdwaChJixJJgBxjswandbCLCebbKkvafofCJBdHdwendaCIKqBHpIDzBeaCabyafwendaCJCaboeK",95,0.935185,80,108,7,101,7,7,0,7,7,31,24,42,42,35,35,85
"7501",0,"[79]GwfaHdwaCveIquKgewwafndbCLCebuIwwafofCJBdxHdwendaCIKqdFjvGywBeaCebsafwendaqJpeK",107,1,79,106,0,106,0,0,0,0,0,41,41,33,33,32,32,86
"7502",1,"[79]GwfaHdwaCveIquKgewwafndbCLCebuIwwafofCJBdxHdwendaCIKqdFjvGywBeaCebsafwendaqJpeK",107,0.990741,79,108,1,107,1,1,0,1,1,41,40,32,32,35,35,86
"7503",2,"[79]GwfaHdwaCveIquKgewwafndbCLCebuIwwafofCJBdxHdwendaCIKqdFjvGywBeaCebsafwendaqJpeK",107,1,79,106,0,106,0,0,0,0,0,44,44,31,31,31,31,86
"7504",3,"[79]GwfaHdwaCveIquKgewwafndbCLCebuIwwafofCJBdxHdwendaCIKqdFjvGywBeaCebsafwendaqJpeK",105,0.972727,79,110,3,107,3,3,0,3,3,39,36,35,35,36,36,86
"7505",4,"[79]GwfaHdwaCveIquKgewwafndbCLCebuIwwafofCJBdxHdwendaCIKqdFjvGywBeaCebsafwendaqJpeK",108,0.990826,79,109,1,108,1,1,0,1,1,37,36,35,35,37,37,86
"7506",5,"[79]GwfaHdwaCveIquKgewwafndbCLCebuIwwafofCJBdxHdwendaCIKqdFjvGywBeaCebsafwendaqJpeK",107,1,79,106,0,106,0,0,0,0,0,38,38,35,35,33,33,86
"7507",6,"[79]GwfaHdwaCveIquKgewwafndbCLCebuIwwafofCJBdxHdwendaCIKqdFjvGywBeaCebsafwendaqJpeK",109,1,79,108,0,108,0,0,0,0,0,41,41,31,31,36,36,86
"7508",7,"[79]GwfaHdwaCveIquKgewwafndbCLCebuIwwafofCJBdxHdwendaCIKqdFjvGywBeaCebsafwendaqJpeK",108,1,79,107,0,107,0,0,0,0,0,30,30,41,41,36,36,86
"7509",8,"[79]GwfaHdwaCveIquKgewwafndbCLCebuIwwafofCJBdxHdwendaCIKqdFjvGywBeaCebsafwendaqJpeK",110,0.990991,79,111,1,110,1,1,0,1,1,28,27,41,41,42,42,86
"7510",9,"[79]GwfaHdwaCveIquKgewwafndbCLCebuIwwafofCJBdxHdwendaCIKqdFjvGywBeaCebsafwendaqJpeK",106,1,79,105,0,105,0,0,0,0,0,35,35,39,39,31,31,86
"7511",10,"[79]GwfaHdwaCveIquKgewwafndbCLCebuIwwafofCJBdxHdwendaCIKqdFjvGywBeaCebsafwendaqJpeK",106,1,79,105,0,105,0,0,0,0,0,36,36,39,39,30,30,86
"7512",11,"[79]GwfaHdwaCveIquKgewwafndbCLCebuIwwafofCJBdxHdwendaCIKqdFjvGywBeaCebsafwendaqJpeK",110,1,79,109,0,109,0,0,0,0,0,40,40,30,30,39,39,86
"7513",12,"[79]GwfaHdwaCveIquKgewwafndbCLCebuIwwafofCJBdxHdwendaCIKqdFjvGywBeaCebsafwendaqJpeK",109,1,79,108,0,108,0,0,0,0,0,34,34,37,37,37,37,86
"7514",13,"[79]GwfaHdwaCveIquKgewwafndbCLCebuIwwafofCJBdxHdwendaCIKqdFjvGywBeaCebsafwendaqJpeK",107,1,79,106,0,106,0,0,0,0,0,32,32,40,40,34,34,86
"7515",14,"[79]GwfaHdwaCveIquKgewwafndbCLCebuIwwafofCJBdxHdwendaCIKqdFjvGywBeaCebsafwendaqJpeK",102,0.954955,79,111,5,106,5,5,0,5,5,42,37,33,33,36,36,86
"7516",15,"[79]GwfaHdwaCveIquKgewwafndbCLCebuIwwafofCJBdxHdwendaCIKqdFjvGywBeaCebsafwendaqJpeK",104,0.990476,79,105,1,104,1,1,0,1,1,37,36,39,39,29,29,86
"7517",16,"[79]GwfaHdwaCveIquKgewwafndbCLCebuIwwafofCJBdxHdwendaCIKqdFjvGywBeaCebsafwendaqJpeK",111,1,79,110,0,110,0,0,0,0,0,40,40,30,30,40,40,86
"7518",17,"[79]GwfaHdwaCveIquKgewwafndbCLCebuIwwafofCJBdxHdwendaCIKqdFjvGywBeaCebsafwendaqJpeK",101,0.962963,79,108,4,104,4,4,0,4,4,40,36,37,37,31,31,86
"7519",18,"[79]GwfaHdwaCveIquKgewwafndbCLCebuIwwafofCJBdxHdwendaCIKqdFjvGywBeaCebsafwendaqJpeK",112,1,79,111,0,111,0,0,0,0,0,37,37,30,30,44,44,86
"7520",19,"[79]GwfaHdwaCveIquKgewwafndbCLCebuIwwafofCJBdxHdwendaCIKqdFjvGywBeaCebsafwendaqJpeK",111,1,79,110,0,110,0,0,0,0,0,33,33,36,36,41,41,86
"7521",20,"[79]GwfaHdwaCveIquKgewwafndbCLCebuIwwafofCJBdxHdwendaCIKqdFjvGywBeaCebsafwendaqJpeK",108,1,79,107,0,107,0,0,0,0,0,41,41,32,32,34,34,86
"7522",21,"[79]GwfaHdwaCveIquKgewwafndbCLCebuIwwafofCJBdxHdwendaCIKqdFjvGywBeaCebsafwendaqJpeK",109,0.990909,79,110,1,109,1,1,0,1,1,35,34,35,35,40,40,86
"7523",22,"[79]GwfaHdwaCveIquKgewwafndbCLCebuIwwafofCJBdxHdwendaCIKqdFjvGywBeaCebsafwendaqJpeK",112,1,79,111,0,111,0,0,0,0,0,35,35,32,32,44,44,86
"7524",23,"[79]GwfaHdwaCveIquKgewwafndbCLCebuIwwafofCJBdxHdwendaCIKqdFjvGywBeaCebsafwendaqJpeK",105,0.990566,79,106,1,105,1,1,0,1,1,41,40,35,35,30,30,86
"7525",24,"[79]GwfaHdwaCveIquKgewwafndbCLCebuIwwafofCJBdxHdwendaCIKqdFjvGywBeaCebsafwendaqJpeK",107,1,79,106,0,106,0,0,0,0,0,39,39,35,35,32,32,86
"7526",25,"[79]GwfaHdwaCveIquKgewwafndbCLCebuIwwafofCJBdxHdwendaCIKqdFjvGywBeaCebsafwendaqJpeK",110,1,79,109,0,109,0,0,0,0,0,31,31,39,39,39,39,86
"7527",26,"[79]GwfaHdwaCveIquKgewwafndbCLCebuIwwafofCJBdxHdwendaCIKqdFjvGywBeaCebsafwendaqJpeK",105,0.990566,79,106,1,105,1,1,0,1,1,45,44,30,30,31,31,86
"7528",27,"[79]GwfaHdwaCveIquKgewwafndbCLCebuIwwafofCJBdxHdwendaCIKqdFjvGywBeaCebsafwendaqJpeK",108,1,79,107,0,107,0,0,0,0,0,35,35,37,37,35,35,86
"7529",28,"[79]GwfaHdwaCveIquKgewwafndbCLCebuIwwafofCJBdxHdwendaCIKqdFjvGywBeaCebsafwendaqJpeK",106,1,79,105,0,105,0,0,0,0,0,36,36,38,38,31,31,86
"7530",29,"[79]GwfaHdwaCveIquKgewwafndbCLCebuIwwafofCJBdxHdwendaCIKqdFjvGywBeaCebsafwendaqJpeK",108,0.973451,79,113,3,110,3,3,0,3,3,34,31,36,36,43,43,86
"7531",30,"[79]GwfaHdwaCveIquKgewwafndbCLCebuIwwafofCJBdxHdwendaCIKqdFjvGywBeaCebsafwendaqJpeK",104,0.990476,79,105,1,104,1,1,0,1,1,29,28,46,46,30,30,86
"7532",31,"[79]GwfaHdwaCveIquKgewwafndbCLCebuIwwafofCJBdxHdwendaCIKqdFjvGywBeaCebsafwendaqJpeK",107,0.964912,79,114,4,110,4,4,0,4,4,38,34,32,32,44,44,86
"7533",32,"[79]GwfaHdwaCveIquKgewwafndbCLCebuIwwafofCJBdxHdwendaCIKqdFjvGywBeaCebsafwendaqJpeK",110,1,79,109,0,109,0,0,0,0,0,30,30,39,39,40,40,86
"7534",33,"[79]GwfaHdwaCveIquKgewwafndbCLCebuIwwafofCJBdxHdwendaCIKqdFjvGywBeaCebsafwendaqJpeK",108,1,79,107,0,107,0,0,0,0,0,45,45,28,28,34,34,86
"7535",34,"[79]GwfaHdwaCveIquKgewwafndbCLCebuIwwafofCJBdxHdwendaCIKqdFjvGywBeaCebsafwendaqJpeK",107,1,79,106,0,106,0,0,0,0,0,40,40,34,34,32,32,86
"7536",35,"[79]GwfaHdwaCveIquKgewwafndbCLCebuIwwafofCJBdxHdwendaCIKqdFjvGywBeaCebsafwendaqJpeK",107,1,79,106,0,106,0,0,0,0,0,40,40,34,34,32,32,86
"7537",36,"[79]GwfaHdwaCveIquKgewwafndbCLCebuIwwafofCJBdxHdwendaCIKqdFjvGywBeaCebsafwendaqJpeK",110,1,79,109,0,109,0,0,0,0,0,34,34,35,35,40,40,86
"7538",37,"[79]GwfaHdwaCveIquKgewwafndbCLCebuIwwafofCJBdxHdwendaCIKqdFjvGywBeaCebsafwendaqJpeK",103,0.981132,79,106,2,104,2,2,0,2,2,41,39,36,36,29,29,86
"7539",38,"[79]GwfaHdwaCveIquKgewwafndbCLCebuIwwafofCJBdxHdwendaCIKqdFjvGywBeaCebsafwendaqJpeK",108,0.973451,79,113,3,110,3,3,0,3,3,39,36,31,31,43,43,86
"7540",39,"[79]GwfaHdwaCveIquKgewwafndbCLCebuIwwafofCJBdxHdwendaCIKqdFjvGywBeaCebsafwendaqJpeK",107,1,79,106,0,106,0,0,0,0,0,36,36,37,37,33,33,86
"7541",40,"[79]GwfaHdwaCveIquKgewwafndbCLCebuIwwafofCJBdxHdwendaCIKqdFjvGywBeaCebsafwendaqJpeK",109,1,79,108,0,108,0,0,0,0,0,34,34,36,36,38,38,86
"7542",41,"[79]GwfaHdwaCveIquKgewwafndbCLCebuIwwafofCJBdxHdwendaCIKqdFjvGywBeaCebsafwendaqJpeK",101,0.971698,79,106,3,103,3,3,0,3,3,39,36,39,39,28,28,86
"7543",42,"[79]GwfaHdwaCveIquKgewwafndbCLCebuIwwafofCJBdxHdwendaCIKqdFjvGywBeaCebsafwendaqJpeK",110,1,79,109,0,109,0,0,0,0,0,45,45,27,27,37,37,86
"7544",43,"[79]GwfaHdwaCveIquKgewwafndbCLCebuIwwafofCJBdxHdwendaCIKqdFjvGywBeaCebsafwendaqJpeK",113,1,79,112,0,112,0,0,0,0,0,37,37,30,30,45,45,86
"7545",44,"[79]GwfaHdwaCveIquKgewwafndbCLCebuIwwafofCJBdxHdwendaCIKqdFjvGywBeaCebsafwendaqJpeK",109,1,79,108,0,108,0,0,0,0,0,36,36,35,35,37,37,86
"7546",45,"[79]GwfaHdwaCveIquKgewwafndbCLCebuIwwafofCJBdxHdwendaCIKqdFjvGywBeaCebsafwendaqJpeK",108,1,79,107,0,107,0,0,0,0,0,35,35,38,38,34,34,86
"7547",46,"[79]GwfaHdwaCveIquKgewwafndbCLCebuIwwafofCJBdxHdwendaCIKqdFjvGywBeaCebsafwendaqJpeK",106,0.981651,79,109,2,107,2,2,0,2,2,45,43,28,28,36,36,86
"7548",47,"[79]GwfaHdwaCveIquKgewwafndbCLCebuIwwafofCJBdxHdwendaCIKqdFjvGywBeaCebsafwendaqJpeK",112,1,79,111,0,111,0,0,0,0,0,39,39,30,30,42,42,86
"7549",48,"[79]GwfaHdwaCveIquKgewwafndbCLCebuIwwafofCJBdxHdwendaCIKqdFjvGywBeaCebsafwendaqJpeK",104,0.981308,79,107,2,105,2,2,0,2,2,36,34,39,39,32,32,86
"7550",49,"[79]GwfaHdwaCveIquKgewwafndbCLCebuIwwafofCJBdxHdwendaCIKqdFjvGywBeaCebsafwendaqJpeK",111,1,79,110,0,110,0,0,0,0,0,36,36,32,32,42,42,86
"7551",50,"[79]GwfaHdwaCveIquKgewwafndbCLCebuIwwafofCJBdxHdwendaCIKqdFjvGywBeaCebsafwendaqJpeK",103,1,79,102,0,102,0,0,0,0,0,42,42,36,36,24,24,86
"7552",51,"[79]GwfaHdwaCveIquKgewwafndbCLCebuIwwafofCJBdxHdwendaCIKqdFjvGywBeaCebsafwendaqJpeK",107,1,79,106,0,106,0,0,0,0,0,32,32,40,40,34,34,86
"7553",52,"[79]GwfaHdwaCveIquKgewwafndbCLCebuIwwafofCJBdxHdwendaCIKqdFjvGywBeaCebsafwendaqJpeK",103,0.981132,79,106,2,104,2,2,0,2,2,43,41,35,35,28,28,86
"7554",53,"[79]GwfaHdwaCveIquKgewwafndbCLCebuIwwafofCJBdxHdwendaCIKqdFjvGywBeaCebsafwendaqJpeK",101,1,79,100,0,100,0,0,0,0,0,36,36,45,45,19,19,86
"7555",54,"[79]GwfaHdwaCveIquKgewwafndbCLCebuIwwafofCJBdxHdwendaCIKqdFjvGywBeaCebsafwendaqJpeK",106,0.990654,79,107,1,106,1,1,0,1,1,40,39,34,34,33,33,86
"7556",55,"[79]GwfaHdwaCveIquKgewwafndbCLCebuIwwafofCJBdxHdwendaCIKqdFjvGywBeaCebsafwendaqJpeK",108,0.990826,79,109,1,108,1,1,0,1,1,31,30,40,40,38,38,86
"7557",56,"[79]GwfaHdwaCveIquKgewwafndbCLCebuIwwafofCJBdxHdwendaCIKqdFjvGywBeaCebsafwendaqJpeK",105,0.981481,79,108,2,106,2,2,0,2,2,34,32,40,40,34,34,86
"7558",57,"[79]GwfaHdwaCveIquKgewwafndbCLCebuIwwafofCJBdxHdwendaCIKqdFjvGywBeaCebsafwendaqJpeK",92,0.90991,79,111,10,101,10,10,0,10,10,35,25,46,46,30,30,86
"7559",58,"[79]GwfaHdwaCveIquKgewwafndbCLCebuIwwafofCJBdxHdwendaCIKqdFjvGywBeaCebsafwendaqJpeK",107,0.973214,79,112,3,109,3,3,0,3,3,36,33,34,34,42,42,86
"7560",59,"[79]GwfaHdwaCveIquKgewwafndbCLCebuIwwafofCJBdxHdwendaCIKqdFjvGywBeaCebsafwendaqJpeK",105,1,79,104,0,104,0,0,0,0,0,36,36,39,39,29,29,86
"7561",60,"[79]GwfaHdwaCveIquKgewwafndbCLCebuIwwafofCJBdxHdwendaCIKqdFjvGywBeaCebsafwendaqJpeK",108,1,79,107,0,107,0,0,0,0,0,39,39,33,33,35,35,86
"7562",61,"[79]GwfaHdwaCveIquKgewwafndbCLCebuIwwafofCJBdxHdwendaCIKqdFjvGywBeaCebsafwendaqJpeK",110,0.990991,79,111,1,110,1,1,0,1,1,35,34,34,34,42,42,86
"7563",62,"[79]GwfaHdwaCveIquKgewwafndbCLCebuIwwafofCJBdxHdwendaCIKqdFjvGywBeaCebsafwendaqJpeK",109,1,79,108,0,108,0,0,0,0,0,46,46,26,26,36,36,86
"7564",63,"[79]GwfaHdwaCveIquKgewwafndbCLCebuIwwafofCJBdxHdwendaCIKqdFjvGywBeaCebsafwendaqJpeK",110,1,79,109,0,109,0,0,0,0,0,40,40,30,30,39,39,86
"7565",64,"[79]GwfaHdwaCveIquKgewwafndbCLCebuIwwafofCJBdxHdwendaCIKqdFjvGywBeaCebsafwendaqJpeK",105,1,79,104,0,104,0,0,0,0,0,36,36,39,39,29,29,86
"7566",65,"[79]GwfaHdwaCveIquKgewwafndbCLCebuIwwafofCJBdxHdwendaCIKqdFjvGywBeaCebsafwendaqJpeK",104,1,79,103,0,103,0,0,0,0,0,41,41,36,36,26,26,86
"7567",66,"[79]GwfaHdwaCveIquKgewwafndbCLCebuIwwafofCJBdxHdwendaCIKqdFjvGywBeaCebsafwendaqJpeK",109,0.990909,79,110,1,109,1,1,0,1,1,30,29,40,40,40,40,86
"7568",67,"[79]GwfaHdwaCveIquKgewwafndbCLCebuIwwafofCJBdxHdwendaCIKqdFjvGywBeaCebsafwendaqJpeK",111,1,79,110,0,110,0,0,0,0,0,36,36,32,32,42,42,86
"7569",68,"[79]GwfaHdwaCveIquKgewwafndbCLCebuIwwafofCJBdxHdwendaCIKqdFjvGywBeaCebsafwendaqJpeK",103,0.981132,79,106,2,104,2,2,0,2,2,35,33,41,41,30,30,86
"7570",69,"[79]GwfaHdwaCveIquKgewwafndbCLCebuIwwafofCJBdxHdwendaCIKqdFjvGywBeaCebsafwendaqJpeK",106,0.990654,79,107,1,106,1,1,0,1,1,39,38,35,35,33,33,86
"7571",70,"[79]GwfaHdwaCveIquKgewwafndbCLCebuIwwafofCJBdxHdwendaCIKqdFjvGywBeaCebsafwendaqJpeK",110,1,79,109,0,109,0,0,0,0,0,36,36,34,34,39,39,86
"7572",71,"[79]GwfaHdwaCveIquKgewwafndbCLCebuIwwafofCJBdxHdwendaCIKqdFjvGywBeaCebsafwendaqJpeK",102,0.971963,79,107,3,104,3,3,0,3,3,44,41,34,34,29,29,86
"7573",72,"[79]GwfaHdwaCveIquKgewwafndbCLCebuIwwafofCJBdxHdwendaCIKqdFjvGywBeaCebsafwendaqJpeK",106,0.981651,79,109,2,107,2,2,0,2,2,41,39,33,33,35,35,86
"7574",73,"[79]GwfaHdwaCveIquKgewwafndbCLCebuIwwafofCJBdxHdwendaCIKqdFjvGywBeaCebsafwendaqJpeK",105,1,79,104,0,104,0,0,0,0,0,34,34,42,42,28,28,86
"7575",74,"[79]GwfaHdwaCveIquKgewwafndbCLCebuIwwafofCJBdxHdwendaCIKqdFjvGywBeaCebsafwendaqJpeK",110,1,79,109,0,109,0,0,0,0,0,36,36,34,34,39,39,86
"7576",75,"[79]GwfaHdwaCveIquKgewwafndbCLCebuIwwafofCJBdxHdwendaCIKqdFjvGywBeaCebsafwendaqJpeK",110,0.990991,79,111,1,110,1,1,0,1,1,32,31,36,36,43,43,86
"7577",76,"[79]GwfaHdwaCveIquKgewwafndbCLCebuIwwafofCJBdxHdwendaCIKqdFjvGywBeaCebsafwendaqJpeK",106,0.981651,79,109,2,107,2,2,0,2,2,42,40,31,31,36,36,86
"7578",77,"[79]GwfaHdwaCveIquKgewwafndbCLCebuIwwafofCJBdxHdwendaCIKqdFjvGywBeaCebsafwendaqJpeK",104,0.981308,79,107,2,105,2,2,0,2,2,44,42,31,31,32,32,86
"7579",78,"[79]GwfaHdwaCveIquKgewwafndbCLCebuIwwafofCJBdxHdwendaCIKqdFjvGywBeaCebsafwendaqJpeK",110,1,79,109,0,109,0,0,0,0,0,36,36,34,34,39,39,86
"7580",79,"[79]GwfaHdwaCveIquKgewwafndbCLCebuIwwafofCJBdxHdwendaCIKqdFjvGywBeaCebsafwendaqJpeK",107,1,79,106,0,106,0,0,0,0,0,37,37,36,36,33,33,86
"7581",80,"[79]GwfaHdwaCveIquKgewwafndbCLCebuIwwafofCJBdxHdwendaCIKqdFjvGywBeaCebsafwendaqJpeK",107,0.973214,79,112,3,109,3,3,0,3,3,34,31,37,37,41,41,86
"7582",81,"[79]GwfaHdwaCveIquKgewwafndbCLCebuIwwafofCJBdxHdwendaCIKqdFjvGywBeaCebsafwendaqJpeK",102,0.990291,79,103,1,102,1,1,0,1,1,41,40,37,37,25,25,86
"7583",82,"[79]GwfaHdwaCveIquKgewwafndbCLCebuIwwafofCJBdxHdwendaCIKqdFjvGywBeaCebsafwendaqJpeK",105,0.981481,79,108,2,106,2,2,0,2,2,37,35,37,37,34,34,86
"7584",83,"[79]GwfaHdwaCveIquKgewwafndbCLCebuIwwafofCJBdxHdwendaCIKqdFjvGywBeaCebsafwendaqJpeK",112,1,79,111,0,111,0,0,0,0,0,40,40,28,28,43,43,86
"7585",84,"[79]GwfaHdwaCveIquKgewwafndbCLCebuIwwafofCJBdxHdwendaCIKqdFjvGywBeaCebsafwendaqJpeK",95,0.905172,79,116,11,105,11,11,0,11,11,42,31,36,36,38,38,86
"7586",85,"[79]GwfaHdwaCveIquKgewwafndbCLCebuIwwafofCJBdxHdwendaCIKqdFjvGywBeaCebsafwendaqJpeK",111,1,79,110,0,110,0,0,0,0,0,36,36,32,32,42,42,86
"7587",86,"[79]GwfaHdwaCveIquKgewwafndbCLCebuIwwafofCJBdxHdwendaCIKqdFjvGywBeaCebsafwendaqJpeK",108,1,79,107,0,107,0,0,0,0,0,37,37,35,35,35,35,86
"7588",87,"[79]GwfaHdwaCveIquKgewwafndbCLCebuIwwafofCJBdxHdwendaCIKqdFjvGywBeaCebsafwendaqJpeK",111,1,79,110,0,110,0,0,0,0,0,49,49,21,21,40,40,86
"7589",88,"[79]GwfaHdwaCveIquKgewwafndbCLCebuIwwafofCJBdxHdwendaCIKqdFjvGywBeaCebsafwendaqJpeK",106,0.981651,79,109,2,107,2,2,0,2,2,42,40,32,32,35,35,86
"7590",89,"[79]GwfaHdwaCveIquKgewwafndbCLCebuIwwafofCJBdxHdwendaCIKqdFjvGywBeaCebsafwendaqJpeK",105,0.981481,79,108,2,106,2,2,0,2,2,35,33,38,38,35,35,86
"7591",90,"[79]GwfaHdwaCveIquKgewwafndbCLCebuIwwafofCJBdxHdwendaCIKqdFjvGywBeaCebsafwendaqJpeK",107,0.990741,79,108,1,107,1,1,0,1,1,28,27,44,44,36,36,86
"7592",91,"[79]GwfaHdwaCveIquKgewwafndbCLCebuIwwafofCJBdxHdwendaCIKqdFjvGywBeaCebsafwendaqJpeK",111,1,79,110,0,110,0,0,0,0,0,40,40,29,29,41,41,86
"7593",92,"[79]GwfaHdwaCveIquKgewwafndbCLCebuIwwafofCJBdxHdwendaCIKqdFjvGywBeaCebsafwendaqJpeK",109,0.990909,79,110,1,109,1,1,0,1,1,38,37,33,33,39,39,86
"7594",93,"[79]GwfaHdwaCveIquKgewwafndbCLCebuIwwafofCJBdxHdwendaCIKqdFjvGywBeaCebsafwendaqJpeK",103,0.981132,79,106,2,104,2,2,0,2,2,40,38,37,37,29,29,86
"7595",94,"[79]GwfaHdwaCveIquKgewwafndbCLCebuIwwafofCJBdxHdwendaCIKqdFjvGywBeaCebsafwendaqJpeK",111,1,79,110,0,110,0,0,0,0,0,43,43,27,27,40,40,86
"7596",95,"[79]GwfaHdwaCveIquKgewwafndbCLCebuIwwafofCJBdxHdwendaCIKqdFjvGywBeaCebsafwendaqJpeK",107,1,79,106,0,106,0,0,0,0,0,44,44,31,31,31,31,86
"7597",96,"[79]GwfaHdwaCveIquKgewwafndbCLCebuIwwafofCJBdxHdwendaCIKqdFjvGywBeaCebsafwendaqJpeK",105,1,79,104,0,104,0,0,0,0,0,30,30,45,45,29,29,86
"7598",97,"[79]GwfaHdwaCveIquKgewwafndbCLCebuIwwafofCJBdxHdwendaCIKqdFjvGywBeaCebsafwendaqJpeK",103,0.955357,79,112,5,107,5,5,0,5,5,37,32,36,36,39,39,86
"7599",98,"[79]GwfaHdwaCveIquKgewwafndbCLCebuIwwafofCJBdxHdwendaCIKqdFjvGywBeaCebsafwendaqJpeK",109,1,79,108,0,108,0,0,0,0,0,33,33,37,37,38,38,86
"7600",99,"[79]GwfaHdwaCveIquKgewwafndbCLCebuIwwafofCJBdxHdwendaCIKqdFjvGywBeaCebsafwendaqJpeK",104,1,79,103,0,103,0,0,0,0,0,37,37,39,39,27,27,86
"7601",0,"[79]GjfffHdwaCvhCpvLsckwafndbCLCacHAwafnfCJBdHdwandfqIKCabjaCCvcbmqyDkafwendqJCafeK",103,0.990385,79,104,1,103,1,1,0,1,1,38,37,39,39,27,27,87
"7602",1,"[79]GjfffHdwaCvhCpvLsckwafndbCLCacHAwafnfCJBdHdwandfqIKCabjaCCvcbmqyDkafwendqJCafeK",106,0.990654,79,107,1,106,1,1,0,1,1,44,43,30,30,33,33,87
"7603",2,"[79]GjfffHdwaCvhCpvLsckwafndbCLCacHAwafnfCJBdHdwandfqIKCabjaCCvcbmqyDkafwendqJCafeK",103,1,79,102,0,102,0,0,0,0,0,31,31,45,45,26,26,87
"7604",3,"[79]GjfffHdwaCvhCpvLsckwafndbCLCacHAwafnfCJBdHdwandfqIKCabjaCCvcbmqyDkafwendqJCafeK",103,0.981132,79,106,2,104,2,2,0,2,2,37,35,39,39,30,30,87
"7605",4,"[79]GjfffHdwaCvhCpvLsckwafndbCLCacHAwafnfCJBdHdwandfqIKCabjaCCvcbmqyDkafwendqJCafeK",108,1,79,107,0,107,0,0,0,0,0,34,34,37,37,36,36,87
"7606",5,"[79]GjfffHdwaCvhCpvLsckwafndbCLCacHAwafnfCJBdHdwandfqIKCabjaCCvcbmqyDkafwendqJCafeK",109,0.990909,79,110,1,109,1,1,0,1,1,33,32,38,38,39,39,87
"7607",6,"[79]GjfffHdwaCvhCpvLsckwafndbCLCacHAwafnfCJBdHdwandfqIKCabjaCCvcbmqyDkafwendqJCafeK",107,1,79,106,0,106,0,0,0,0,0,33,33,40,40,33,33,87
"7608",7,"[79]GjfffHdwaCvhCpvLsckwafndbCLCacHAwafnfCJBdHdwandfqIKCabjaCCvcbmqyDkafwendqJCafeK",108,1,79,107,0,107,0,0,0,0,0,35,35,36,36,36,36,87
"7609",8,"[79]GjfffHdwaCvhCpvLsckwafndbCLCacHAwafnfCJBdHdwandfqIKCabjaCCvcbmqyDkafwendqJCafeK",108,1,79,107,0,107,0,0,0,0,0,38,38,34,34,35,35,87
"7610",9,"[79]GjfffHdwaCvhCpvLsckwafndbCLCacHAwafnfCJBdHdwandfqIKCabjaCCvcbmqyDkafwendqJCafeK",108,1,79,107,0,107,0,0,0,0,0,35,35,36,36,36,36,87
"7611",10,"[79]GjfffHdwaCvhCpvLsckwafndbCLCacHAwafnfCJBdHdwandfqIKCabjaCCvcbmqyDkafwendqJCafeK",109,0.990909,79,110,1,109,1,1,0,1,1,34,33,37,37,39,39,87
"7612",11,"[79]GjfffHdwaCvhCpvLsckwafndbCLCacHAwafnfCJBdHdwandfqIKCabjaCCvcbmqyDkafwendqJCafeK",105,0.981481,79,108,2,106,2,2,0,2,2,34,32,40,40,34,34,87
"7613",12,"[79]GjfffHdwaCvhCpvLsckwafndbCLCacHAwafnfCJBdHdwandfqIKCabjaCCvcbmqyDkafwendqJCafeK",109,0.990909,79,110,1,109,1,1,0,1,1,33,32,37,37,40,40,87
"7614",13,"[79]GjfffHdwaCvhCpvLsckwafndbCLCacHAwafnfCJBdHdwandfqIKCabjaCCvcbmqyDkafwendqJCafeK",110,0.982301,79,113,2,111,2,2,0,2,2,27,25,40,40,46,46,87
"7615",14,"[79]GjfffHdwaCvhCpvLsckwafndbCLCacHAwafnfCJBdHdwandfqIKCabjaCCvcbmqyDkafwendqJCafeK",105,0.990566,79,106,1,105,1,1,0,1,1,33,32,42,42,31,31,87
"7616",15,"[79]GjfffHdwaCvhCpvLsckwafndbCLCacHAwafnfCJBdHdwandfqIKCabjaCCvcbmqyDkafwendqJCafeK",109,1,79,108,0,108,0,0,0,0,0,34,34,37,37,37,37,87
"7617",16,"[79]GjfffHdwaCvhCpvLsckwafndbCLCacHAwafnfCJBdHdwandfqIKCabjaCCvcbmqyDkafwendqJCafeK",105,0.990566,79,106,1,105,1,1,0,1,1,39,38,36,36,31,31,87
"7618",17,"[79]GjfffHdwaCvhCpvLsckwafndbCLCacHAwafnfCJBdHdwandfqIKCabjaCCvcbmqyDkafwendqJCafeK",107,0.973214,79,112,3,109,3,3,0,3,3,35,32,37,37,40,40,87
"7619",18,"[79]GjfffHdwaCvhCpvLsckwafndbCLCacHAwafnfCJBdHdwandfqIKCabjaCCvcbmqyDkafwendqJCafeK",114,0.991304,79,115,1,114,1,1,0,1,1,34,33,30,30,51,51,87
"7620",19,"[79]GjfffHdwaCvhCpvLsckwafndbCLCacHAwafnfCJBdHdwandfqIKCabjaCCvcbmqyDkafwendqJCafeK",108,1,79,107,0,107,0,0,0,0,0,33,33,39,39,35,35,87
"7621",20,"[79]GjfffHdwaCvhCpvLsckwafndbCLCacHAwafnfCJBdHdwandfqIKCabjaCCvcbmqyDkafwendqJCafeK",107,0.990741,79,108,1,107,1,1,0,1,1,37,36,35,35,36,36,87
"7622",21,"[79]GjfffHdwaCvhCpvLsckwafndbCLCacHAwafnfCJBdHdwandfqIKCabjaCCvcbmqyDkafwendqJCafeK",110,1,79,109,0,109,0,0,0,0,0,24,24,44,44,41,41,87
"7623",22,"[79]GjfffHdwaCvhCpvLsckwafndbCLCacHAwafnfCJBdHdwandfqIKCabjaCCvcbmqyDkafwendqJCafeK",107,0.990741,79,108,1,107,1,1,0,1,1,38,37,35,35,35,35,87
"7624",23,"[79]GjfffHdwaCvhCpvLsckwafndbCLCacHAwafnfCJBdHdwandfqIKCabjaCCvcbmqyDkafwendqJCafeK",109,1,79,108,0,108,0,0,0,0,0,32,32,39,39,37,37,87
"7625",24,"[79]GjfffHdwaCvhCpvLsckwafndbCLCacHAwafnfCJBdHdwandfqIKCabjaCCvcbmqyDkafwendqJCafeK",107,1,79,106,0,106,0,0,0,0,0,39,39,34,34,33,33,87
"7626",25,"[79]GjfffHdwaCvhCpvLsckwafndbCLCacHAwafnfCJBdHdwandfqIKCabjaCCvcbmqyDkafwendqJCafeK",110,1,79,109,0,109,0,0,0,0,0,37,37,32,32,40,40,87
"7627",26,"[79]GjfffHdwaCvhCpvLsckwafndbCLCacHAwafnfCJBdHdwandfqIKCabjaCCvcbmqyDkafwendqJCafeK",106,0.990654,79,107,1,106,1,1,0,1,1,34,33,40,40,33,33,87
"7628",27,"[79]GjfffHdwaCvhCpvLsckwafndbCLCacHAwafnfCJBdHdwandfqIKCabjaCCvcbmqyDkafwendqJCafeK",100,0.990099,79,101,1,100,1,1,0,1,1,37,36,44,44,20,20,87
"7629",28,"[79]GjfffHdwaCvhCpvLsckwafndbCLCacHAwafnfCJBdHdwandfqIKCabjaCCvcbmqyDkafwendqJCafeK",103,0.972222,79,108,3,105,3,3,0,3,3,31,28,44,44,33,33,87
"7630",29,"[79]GjfffHdwaCvhCpvLsckwafndbCLCacHAwafnfCJBdHdwandfqIKCabjaCCvcbmqyDkafwendqJCafeK",111,1,79,110,0,110,0,0,0,0,0,34,34,34,34,42,42,87
"7631",30,"[79]GjfffHdwaCvhCpvLsckwafndbCLCacHAwafnfCJBdHdwandfqIKCabjaCCvcbmqyDkafwendqJCafeK",110,0.990991,79,111,1,110,1,1,0,1,1,33,32,36,36,42,42,87
"7632",31,"[79]GjfffHdwaCvhCpvLsckwafndbCLCacHAwafnfCJBdHdwandfqIKCabjaCCvcbmqyDkafwendqJCafeK",109,1,79,108,0,108,0,0,0,0,0,31,31,39,39,38,38,87
"7633",32,"[79]GjfffHdwaCvhCpvLsckwafndbCLCacHAwafnfCJBdHdwandfqIKCabjaCCvcbmqyDkafwendqJCafeK",109,0.990909,79,110,1,109,1,1,0,1,1,34,33,36,36,40,40,87
"7634",33,"[79]GjfffHdwaCvhCpvLsckwafndbCLCacHAwafnfCJBdHdwandfqIKCabjaCCvcbmqyDkafwendqJCafeK",111,1,79,110,0,110,0,0,0,0,0,36,36,32,32,42,42,87
"7635",34,"[79]GjfffHdwaCvhCpvLsckwafndbCLCacHAwafnfCJBdHdwandfqIKCabjaCCvcbmqyDkafwendqJCafeK",110,1,79,109,0,109,0,0,0,0,0,46,46,25,25,38,38,87
"7636",35,"[79]GjfffHdwaCvhCpvLsckwafndbCLCacHAwafnfCJBdHdwandfqIKCabjaCCvcbmqyDkafwendqJCafeK",105,0.990566,79,106,1,105,1,1,0,1,1,39,38,37,37,30,30,87
"7637",36,"[79]GjfffHdwaCvhCpvLsckwafndbCLCacHAwafnfCJBdHdwandfqIKCabjaCCvcbmqyDkafwendqJCafeK",102,0.954955,79,111,5,106,5,5,0,5,5,48,43,31,31,32,32,87
"7638",37,"[79]GjfffHdwaCvhCpvLsckwafndbCLCacHAwafnfCJBdHdwandfqIKCabjaCCvcbmqyDkafwendqJCafeK",116,1,79,115,0,115,0,0,0,0,0,37,37,27,27,51,51,87
"7639",38,"[79]GjfffHdwaCvhCpvLsckwafndbCLCacHAwafnfCJBdHdwandfqIKCabjaCCvcbmqyDkafwendqJCafeK",106,0.972973,79,111,3,108,3,3,0,3,3,42,39,31,31,38,38,87
"7640",39,"[79]GjfffHdwaCvhCpvLsckwafndbCLCacHAwafnfCJBdHdwandfqIKCabjaCCvcbmqyDkafwendqJCafeK",109,0.982143,79,112,2,110,2,2,0,2,2,41,39,30,30,41,41,87
"7641",40,"[79]GjfffHdwaCvhCpvLsckwafndbCLCacHAwafnfCJBdHdwandfqIKCabjaCCvcbmqyDkafwendqJCafeK",108,1,79,107,0,107,0,0,0,0,0,35,35,37,37,35,35,87
"7642",41,"[79]GjfffHdwaCvhCpvLsckwafndbCLCacHAwafnfCJBdHdwandfqIKCabjaCCvcbmqyDkafwendqJCafeK",109,1,79,108,0,108,0,0,0,0,0,40,40,32,32,36,36,87
"7643",42,"[79]GjfffHdwaCvhCpvLsckwafndbCLCacHAwafnfCJBdHdwandfqIKCabjaCCvcbmqyDkafwendqJCafeK",109,0.982143,79,112,2,110,2,2,0,2,2,35,33,34,34,43,43,87
"7644",43,"[79]GjfffHdwaCvhCpvLsckwafndbCLCacHAwafnfCJBdHdwandfqIKCabjaCCvcbmqyDkafwendqJCafeK",107,1,79,106,0,106,0,0,0,0,0,47,47,28,28,31,31,87
"7645",44,"[79]GjfffHdwaCvhCpvLsckwafndbCLCacHAwafnfCJBdHdwandfqIKCabjaCCvcbmqyDkafwendqJCafeK",106,0.990654,79,107,1,106,1,1,0,1,1,50,49,25,25,32,32,87
"7646",45,"[79]GjfffHdwaCvhCpvLsckwafndbCLCacHAwafnfCJBdHdwandfqIKCabjaCCvcbmqyDkafwendqJCafeK",106,0.990654,79,107,1,106,1,1,0,1,1,36,35,37,37,34,34,87
"7647",46,"[79]GjfffHdwaCvhCpvLsckwafndbCLCacHAwafnfCJBdHdwandfqIKCabjaCCvcbmqyDkafwendqJCafeK",111,1,79,110,0,110,0,0,0,0,0,48,48,23,23,39,39,87
"7648",47,"[79]GjfffHdwaCvhCpvLsckwafndbCLCacHAwafnfCJBdHdwandfqIKCabjaCCvcbmqyDkafwendqJCafeK",104,0.990476,79,105,1,104,1,1,0,1,1,35,34,40,40,30,30,87
"7649",48,"[79]GjfffHdwaCvhCpvLsckwafndbCLCacHAwafnfCJBdHdwandfqIKCabjaCCvcbmqyDkafwendqJCafeK",110,1,79,109,0,109,0,0,0,0,0,31,31,38,38,40,40,87
"7650",49,"[79]GjfffHdwaCvhCpvLsckwafndbCLCacHAwafnfCJBdHdwandfqIKCabjaCCvcbmqyDkafwendqJCafeK",110,1,79,109,0,109,0,0,0,0,0,30,30,38,38,41,41,87
"7651",50,"[79]GjfffHdwaCvhCpvLsckwafndbCLCacHAwafnfCJBdHdwandfqIKCabjaCCvcbmqyDkafwendqJCafeK",111,1,79,110,0,110,0,0,0,0,0,37,37,31,31,42,42,87
"7652",51,"[79]GjfffHdwaCvhCpvLsckwafndbCLCacHAwafnfCJBdHdwandfqIKCabjaCCvcbmqyDkafwendqJCafeK",105,1,79,104,0,104,0,0,0,0,0,34,34,41,41,29,29,87
"7653",52,"[79]GjfffHdwaCvhCpvLsckwafndbCLCacHAwafnfCJBdHdwandfqIKCabjaCCvcbmqyDkafwendqJCafeK",112,1,79,111,0,111,0,0,0,0,0,32,32,35,35,44,44,87
"7654",53,"[79]GjfffHdwaCvhCpvLsckwafndbCLCacHAwafnfCJBdHdwandfqIKCabjaCCvcbmqyDkafwendqJCafeK",110,0.982301,79,113,2,111,2,2,0,2,2,42,40,27,27,44,44,87
"7655",54,"[79]GjfffHdwaCvhCpvLsckwafndbCLCacHAwafnfCJBdHdwandfqIKCabjaCCvcbmqyDkafwendqJCafeK",108,0.990826,79,109,1,108,1,1,0,1,1,35,34,36,36,38,38,87
"7656",55,"[79]GjfffHdwaCvhCpvLsckwafndbCLCacHAwafnfCJBdHdwandfqIKCabjaCCvcbmqyDkafwendqJCafeK",108,1,79,107,0,107,0,0,0,0,0,34,34,37,37,36,36,87
"7657",56,"[79]GjfffHdwaCvhCpvLsckwafndbCLCacHAwafnfCJBdHdwandfqIKCabjaCCvcbmqyDkafwendqJCafeK",103,0.963636,79,110,4,106,4,4,0,4,4,39,35,37,37,34,34,87
"7658",57,"[79]GjfffHdwaCvhCpvLsckwafndbCLCacHAwafnfCJBdHdwandfqIKCabjaCCvcbmqyDkafwendqJCafeK",108,1,79,107,0,107,0,0,0,0,0,37,37,35,35,35,35,87
"7659",58,"[79]GjfffHdwaCvhCpvLsckwafndbCLCacHAwafnfCJBdHdwandfqIKCabjaCCvcbmqyDkafwendqJCafeK",97,0.936364,79,110,7,103,7,7,0,7,7,48,41,35,35,27,27,87
"7660",59,"[79]GjfffHdwaCvhCpvLsckwafndbCLCacHAwafnfCJBdHdwandfqIKCabjaCCvcbmqyDkafwendqJCafeK",107,0.990741,79,108,1,107,1,1,0,1,1,32,31,40,40,36,36,87
"7661",60,"[79]GjfffHdwaCvhCpvLsckwafndbCLCacHAwafnfCJBdHdwandfqIKCabjaCCvcbmqyDkafwendqJCafeK",107,0.990741,79,108,1,107,1,1,0,1,1,35,34,38,38,35,35,87
"7662",61,"[79]GjfffHdwaCvhCpvLsckwafndbCLCacHAwafnfCJBdHdwandfqIKCabjaCCvcbmqyDkafwendqJCafeK",107,1,79,106,0,106,0,0,0,0,0,30,30,42,42,34,34,87
"7663",62,"[79]GjfffHdwaCvhCpvLsckwafndbCLCacHAwafnfCJBdHdwandfqIKCabjaCCvcbmqyDkafwendqJCafeK",108,1,79,107,0,107,0,0,0,0,0,33,33,39,39,35,35,87
"7664",63,"[79]GjfffHdwaCvhCpvLsckwafndbCLCacHAwafnfCJBdHdwandfqIKCabjaCCvcbmqyDkafwendqJCafeK",107,1,79,106,0,106,0,0,0,0,0,44,44,31,31,31,31,87
"7665",64,"[79]GjfffHdwaCvhCpvLsckwafndbCLCacHAwafnfCJBdHdwandfqIKCabjaCCvcbmqyDkafwendqJCafeK",111,1,79,110,0,110,0,0,0,0,0,36,36,33,33,41,41,87
"7666",65,"[79]GjfffHdwaCvhCpvLsckwafndbCLCacHAwafnfCJBdHdwandfqIKCabjaCCvcbmqyDkafwendqJCafeK",109,0.990909,79,110,1,109,1,1,0,1,1,38,37,33,33,39,39,87
"7667",66,"[79]GjfffHdwaCvhCpvLsckwafndbCLCacHAwafnfCJBdHdwandfqIKCabjaCCvcbmqyDkafwendqJCafeK",100,0.971429,79,105,3,102,3,3,0,3,3,28,25,50,50,27,27,87
"7668",67,"[79]GjfffHdwaCvhCpvLsckwafndbCLCacHAwafnfCJBdHdwandfqIKCabjaCCvcbmqyDkafwendqJCafeK",115,1,79,114,0,114,0,0,0,0,0,36,36,28,28,50,50,87
"7669",68,"[79]GjfffHdwaCvhCpvLsckwafndbCLCacHAwafnfCJBdHdwandfqIKCabjaCCvcbmqyDkafwendqJCafeK",105,1,79,104,0,104,0,0,0,0,0,42,42,35,35,27,27,87
"7670",69,"[79]GjfffHdwaCvhCpvLsckwafndbCLCacHAwafnfCJBdHdwandfqIKCabjaCCvcbmqyDkafwendqJCafeK",113,1,79,112,0,112,0,0,0,0,0,32,32,34,34,46,46,87
"7671",70,"[79]GjfffHdwaCvhCpvLsckwafndbCLCacHAwafnfCJBdHdwandfqIKCabjaCCvcbmqyDkafwendqJCafeK",107,1,79,106,0,106,0,0,0,0,0,27,27,46,46,33,33,87
"7672",71,"[79]GjfffHdwaCvhCpvLsckwafndbCLCacHAwafnfCJBdHdwandfqIKCabjaCCvcbmqyDkafwendqJCafeK",108,1,79,107,0,107,0,0,0,0,0,31,31,40,40,36,36,87
"7673",72,"[79]GjfffHdwaCvhCpvLsckwafndbCLCacHAwafnfCJBdHdwandfqIKCabjaCCvcbmqyDkafwendqJCafeK",106,0.990654,79,107,1,106,1,1,0,1,1,32,31,42,42,33,33,87
"7674",73,"[79]GjfffHdwaCvhCpvLsckwafndbCLCacHAwafnfCJBdHdwandfqIKCabjaCCvcbmqyDkafwendqJCafeK",110,0.990991,79,111,1,110,1,1,0,1,1,40,39,30,30,41,41,87
"7675",74,"[79]GjfffHdwaCvhCpvLsckwafndbCLCacHAwafnfCJBdHdwandfqIKCabjaCCvcbmqyDkafwendqJCafeK",102,0.980952,79,105,2,103,2,2,0,2,2,40,38,38,38,27,27,87
"7676",75,"[79]GjfffHdwaCvhCpvLsckwafndbCLCacHAwafnfCJBdHdwandfqIKCabjaCCvcbmqyDkafwendqJCafeK",111,1,79,110,0,110,0,0,0,0,0,36,36,32,32,42,42,87
"7677",76,"[79]GjfffHdwaCvhCpvLsckwafndbCLCacHAwafnfCJBdHdwandfqIKCabjaCCvcbmqyDkafwendqJCafeK",105,0.972727,79,110,3,107,3,3,0,3,3,37,34,37,37,36,36,87
"7678",77,"[79]GjfffHdwaCvhCpvLsckwafndbCLCacHAwafnfCJBdHdwandfqIKCabjaCCvcbmqyDkafwendqJCafeK",109,1,79,108,0,108,0,0,0,0,0,36,36,35,35,37,37,87
"7679",78,"[79]GjfffHdwaCvhCpvLsckwafndbCLCacHAwafnfCJBdHdwandfqIKCabjaCCvcbmqyDkafwendqJCafeK",109,0.973684,79,114,3,111,3,3,0,3,3,35,32,35,35,44,44,87
"7680",79,"[79]GjfffHdwaCvhCpvLsckwafndbCLCacHAwafnfCJBdHdwandfqIKCabjaCCvcbmqyDkafwendqJCafeK",109,0.990909,79,110,1,109,1,1,0,1,1,31,30,39,39,40,40,87
"7681",80,"[79]GjfffHdwaCvhCpvLsckwafndbCLCacHAwafnfCJBdHdwandfqIKCabjaCCvcbmqyDkafwendqJCafeK",108,0.990826,79,109,1,108,1,1,0,1,1,39,38,33,33,37,37,87
"7682",81,"[79]GjfffHdwaCvhCpvLsckwafndbCLCacHAwafnfCJBdHdwandfqIKCabjaCCvcbmqyDkafwendqJCafeK",107,0.990741,79,108,1,107,1,1,0,1,1,43,42,30,30,35,35,87
"7683",82,"[79]GjfffHdwaCvhCpvLsckwafndbCLCacHAwafnfCJBdHdwandfqIKCabjaCCvcbmqyDkafwendqJCafeK",107,1,79,106,0,106,0,0,0,0,0,35,35,39,39,32,32,87
"7684",83,"[79]GjfffHdwaCvhCpvLsckwafndbCLCacHAwafnfCJBdHdwandfqIKCabjaCCvcbmqyDkafwendqJCafeK",106,1,79,105,0,105,0,0,0,0,0,37,37,37,37,31,31,87
"7685",84,"[79]GjfffHdwaCvhCpvLsckwafndbCLCacHAwafnfCJBdHdwandfqIKCabjaCCvcbmqyDkafwendqJCafeK",108,1,79,107,0,107,0,0,0,0,0,36,36,35,35,36,36,87
"7686",85,"[79]GjfffHdwaCvhCpvLsckwafndbCLCacHAwafnfCJBdHdwandfqIKCabjaCCvcbmqyDkafwendqJCafeK",105,0.990566,79,106,1,105,1,1,0,1,1,36,35,39,39,31,31,87
"7687",86,"[79]GjfffHdwaCvhCpvLsckwafndbCLCacHAwafnfCJBdHdwandfqIKCabjaCCvcbmqyDkafwendqJCafeK",106,0.990654,79,107,1,106,1,1,0,1,1,36,35,38,38,33,33,87
"7688",87,"[79]GjfffHdwaCvhCpvLsckwafndbCLCacHAwafnfCJBdHdwandfqIKCabjaCCvcbmqyDkafwendqJCafeK",106,0.990654,79,107,1,106,1,1,0,1,1,39,38,36,36,32,32,87
"7689",88,"[79]GjfffHdwaCvhCpvLsckwafndbCLCacHAwafnfCJBdHdwandfqIKCabjaCCvcbmqyDkafwendqJCafeK",109,1,79,108,0,108,0,0,0,0,0,34,34,36,36,38,38,87
"7690",89,"[79]GjfffHdwaCvhCpvLsckwafndbCLCacHAwafnfCJBdHdwandfqIKCabjaCCvcbmqyDkafwendqJCafeK",106,1,79,105,0,105,0,0,0,0,0,38,38,37,37,30,30,87
"7691",90,"[79]GjfffHdwaCvhCpvLsckwafndbCLCacHAwafnfCJBdHdwandfqIKCabjaCCvcbmqyDkafwendqJCafeK",107,1,79,106,0,106,0,0,0,0,0,41,41,32,32,33,33,87
"7692",91,"[79]GjfffHdwaCvhCpvLsckwafndbCLCacHAwafnfCJBdHdwandfqIKCabjaCCvcbmqyDkafwendqJCafeK",106,0.981651,79,109,2,107,2,2,0,2,2,35,33,39,39,35,35,87
"7693",92,"[79]GjfffHdwaCvhCpvLsckwafndbCLCacHAwafnfCJBdHdwandfqIKCabjaCCvcbmqyDkafwendqJCafeK",108,1,79,107,0,107,0,0,0,0,0,32,32,40,40,35,35,87
"7694",93,"[79]GjfffHdwaCvhCpvLsckwafndbCLCacHAwafnfCJBdHdwandfqIKCabjaCCvcbmqyDkafwendqJCafeK",102,1,79,101,0,101,0,0,0,0,0,44,44,35,35,22,22,87
"7695",94,"[79]GjfffHdwaCvhCpvLsckwafndbCLCacHAwafnfCJBdHdwandfqIKCabjaCCvcbmqyDkafwendqJCafeK",107,0.990741,79,108,1,107,1,1,0,1,1,42,41,32,32,34,34,87
"7696",95,"[79]GjfffHdwaCvhCpvLsckwafndbCLCacHAwafnfCJBdHdwandfqIKCabjaCCvcbmqyDkafwendqJCafeK",106,1,79,105,0,105,0,0,0,0,0,40,40,34,34,31,31,87
"7697",96,"[79]GjfffHdwaCvhCpvLsckwafndbCLCacHAwafnfCJBdHdwandfqIKCabjaCCvcbmqyDkafwendqJCafeK",104,0.990476,79,105,1,104,1,1,0,1,1,32,31,43,43,30,30,87
"7698",97,"[79]GjfffHdwaCvhCpvLsckwafndbCLCacHAwafnfCJBdHdwandfqIKCabjaCCvcbmqyDkafwendqJCafeK",109,1,79,108,0,108,0,0,0,0,0,37,37,33,33,38,38,87
"7699",98,"[79]GjfffHdwaCvhCpvLsckwafndbCLCacHAwafnfCJBdHdwandfqIKCabjaCCvcbmqyDkafwendqJCafeK",106,0.981651,79,109,2,107,2,2,0,2,2,40,38,33,33,36,36,87
"7700",99,"[79]GjfffHdwaCvhCpvLsckwafndbCLCacHAwafnfCJBdHdwandfqIKCabjaCCvcbmqyDkafwendqJCafeK",106,0.990654,79,107,1,106,1,1,0,1,1,42,41,33,33,32,32,87
"7701",0,"[85]GpeKHdwaCtdyoyyrAzqjLwandbCLCebCBobcbfwafofCJBdHdwendaCIKqlzJBeaCabeuafwendaqJCqcCDhK",122,1,85,121,0,121,0,0,0,0,0,37,37,39,39,45,45,88
"7702",1,"[85]GpeKHdwaCtdyoyyrAzqjLwandbCLCebCBobcbfwafofCJBdHdwendaCIKqlzJBeaCabeuafwendaqJCqcCDhK",119,1,85,118,0,118,0,0,0,0,0,36,36,40,40,42,42,88
"7703",2,"[85]GpeKHdwaCtdyoyyrAzqjLwandbCLCebCBobcbfwafofCJBdHdwendaCIKqlzJBeaCabeuafwendaqJCqcCDhK",121,1,85,120,0,120,0,0,0,0,0,37,37,43,43,40,40,88
"7704",3,"[85]GpeKHdwaCtdyoyyrAzqjLwandbCLCebCBobcbfwafofCJBdHdwendaCIKqlzJBeaCabeuafwendaqJCqcCDhK",121,0.991803,85,122,1,121,1,1,0,1,1,32,31,36,36,54,54,88
"7705",4,"[85]GpeKHdwaCtdyoyyrAzqjLwandbCLCebCBobcbfwafofCJBdHdwendaCIKqlzJBeaCabeuafwendaqJCqcCDhK",119,0.991667,85,120,1,119,1,1,0,1,1,46,45,37,37,37,37,88
"7706",5,"[85]GpeKHdwaCtdyoyyrAzqjLwandbCLCebCBobcbfwafofCJBdHdwendaCIKqlzJBeaCabeuafwendaqJCqcCDhK",121,1,85,120,0,120,0,0,0,0,0,39,39,32,32,49,49,88
"7707",6,"[85]GpeKHdwaCtdyoyyrAzqjLwandbCLCebCBobcbfwafofCJBdHdwendaCIKqlzJBeaCabeuafwendaqJCqcCDhK",124,1,85,123,0,123,0,0,0,0,0,33,33,41,41,49,49,88
"7708",7,"[85]GpeKHdwaCtdyoyyrAzqjLwandbCLCebCBobcbfwafofCJBdHdwendaCIKqlzJBeaCabeuafwendaqJCqcCDhK",122,1,85,121,0,121,0,0,0,0,0,37,37,38,38,46,46,88
"7709",8,"[85]GpeKHdwaCtdyoyyrAzqjLwandbCLCebCBobcbfwafofCJBdHdwendaCIKqlzJBeaCabeuafwendaqJCqcCDhK",116,1,85,115,0,115,0,0,0,0,0,33,33,44,44,38,38,88
"7710",9,"[85]GpeKHdwaCtdyoyyrAzqjLwandbCLCebCBobcbfwafofCJBdHdwendaCIKqlzJBeaCabeuafwendaqJCqcCDhK",119,0.991667,85,120,1,119,1,1,0,1,1,37,36,40,40,43,43,88
"7711",10,"[85]GpeKHdwaCtdyoyyrAzqjLwandbCLCebCBobcbfwafofCJBdHdwendaCIKqlzJBeaCabeuafwendaqJCqcCDhK",119,0.983607,85,122,2,120,2,2,0,2,2,45,43,31,31,46,46,88
"7712",11,"[85]GpeKHdwaCtdyoyyrAzqjLwandbCLCebCBobcbfwafofCJBdHdwendaCIKqlzJBeaCabeuafwendaqJCqcCDhK",120,0.991736,85,121,1,120,1,1,0,1,1,46,45,29,29,46,46,88
"7713",12,"[85]GpeKHdwaCtdyoyyrAzqjLwandbCLCebCBobcbfwafofCJBdHdwendaCIKqlzJBeaCabeuafwendaqJCqcCDhK",116,0.991453,85,117,1,116,1,1,0,1,1,39,38,37,37,41,41,88
"7714",13,"[85]GpeKHdwaCtdyoyyrAzqjLwandbCLCebCBobcbfwafofCJBdHdwendaCIKqlzJBeaCabeuafwendaqJCqcCDhK",118,1,85,117,0,117,0,0,0,0,0,51,51,31,31,35,35,88
"7715",14,"[85]GpeKHdwaCtdyoyyrAzqjLwandbCLCebCBobcbfwafofCJBdHdwendaCIKqlzJBeaCabeuafwendaqJCqcCDhK",110,0.965812,85,117,4,113,4,4,0,4,4,47,43,37,37,33,33,88
"7716",15,"[85]GpeKHdwaCtdyoyyrAzqjLwandbCLCebCBobcbfwafofCJBdHdwendaCIKqlzJBeaCabeuafwendaqJCqcCDhK",117,1,85,116,0,116,0,0,0,0,0,47,47,35,35,34,34,88
"7717",16,"[85]GpeKHdwaCtdyoyyrAzqjLwandbCLCebCBobcbfwafofCJBdHdwendaCIKqlzJBeaCabeuafwendaqJCqcCDhK",121,1,85,120,0,120,0,0,0,0,0,51,51,32,32,37,37,88
"7718",17,"[85]GpeKHdwaCtdyoyyrAzqjLwandbCLCebCBobcbfwafofCJBdHdwendaCIKqlzJBeaCabeuafwendaqJCqcCDhK",117,1,85,116,0,116,0,0,0,0,0,34,34,44,44,38,38,88
"7719",18,"[85]GpeKHdwaCtdyoyyrAzqjLwandbCLCebCBobcbfwafofCJBdHdwendaCIKqlzJBeaCabeuafwendaqJCqcCDhK",116,1,85,115,0,115,0,0,0,0,0,40,40,37,37,38,38,88
"7720",19,"[85]GpeKHdwaCtdyoyyrAzqjLwandbCLCebCBobcbfwafofCJBdHdwendaCIKqlzJBeaCabeuafwendaqJCqcCDhK",117,0.97541,85,122,3,119,3,3,0,3,3,44,41,37,37,41,41,88
"7721",20,"[85]GpeKHdwaCtdyoyyrAzqjLwandbCLCebCBobcbfwafofCJBdHdwendaCIKqlzJBeaCabeuafwendaqJCqcCDhK",117,0.991525,85,118,1,117,1,1,0,1,1,35,34,43,43,40,40,88
"7722",21,"[85]GpeKHdwaCtdyoyyrAzqjLwandbCLCebCBobcbfwafofCJBdHdwendaCIKqlzJBeaCabeuafwendaqJCqcCDhK",112,0.966387,85,119,4,115,4,4,0,4,4,33,29,45,45,41,41,88
"7723",22,"[85]GpeKHdwaCtdyoyyrAzqjLwandbCLCebCBobcbfwafofCJBdHdwendaCIKqlzJBeaCabeuafwendaqJCqcCDhK",124,1,85,123,0,123,0,0,0,0,0,36,36,37,37,50,50,88
"7724",23,"[85]GpeKHdwaCtdyoyyrAzqjLwandbCLCebCBobcbfwafofCJBdHdwendaCIKqlzJBeaCabeuafwendaqJCqcCDhK",109,0.965517,85,116,4,112,4,4,0,4,4,44,40,50,50,22,22,88
"7725",24,"[85]GpeKHdwaCtdyoyyrAzqjLwandbCLCebCBobcbfwafofCJBdHdwendaCIKqlzJBeaCabeuafwendaqJCqcCDhK",121,0.983871,85,124,2,122,2,2,0,2,2,44,42,35,35,45,45,88
"7726",25,"[85]GpeKHdwaCtdyoyyrAzqjLwandbCLCebCBobcbfwafofCJBdHdwendaCIKqlzJBeaCabeuafwendaqJCqcCDhK",122,1,85,121,0,121,0,0,0,0,0,35,35,39,39,47,47,88
"7727",26,"[85]GpeKHdwaCtdyoyyrAzqjLwandbCLCebCBobcbfwafofCJBdHdwendaCIKqlzJBeaCabeuafwendaqJCqcCDhK",118,1,85,117,0,117,0,0,0,0,0,38,38,43,43,36,36,88
"7728",27,"[85]GpeKHdwaCtdyoyyrAzqjLwandbCLCebCBobcbfwafofCJBdHdwendaCIKqlzJBeaCabeuafwendaqJCqcCDhK",118,1,85,117,0,117,0,0,0,0,0,41,41,36,36,40,40,88
"7729",28,"[85]GpeKHdwaCtdyoyyrAzqjLwandbCLCebCBobcbfwafofCJBdHdwendaCIKqlzJBeaCabeuafwendaqJCqcCDhK",121,1,85,120,0,120,0,0,0,0,0,36,36,39,39,45,45,88
"7730",29,"[85]GpeKHdwaCtdyoyyrAzqjLwandbCLCebCBobcbfwafofCJBdHdwendaCIKqlzJBeaCabeuafwendaqJCqcCDhK",112,1,85,111,0,111,0,0,0,0,0,35,35,48,48,28,28,88
"7731",30,"[85]GpeKHdwaCtdyoyyrAzqjLwandbCLCebCBobcbfwafofCJBdHdwendaCIKqlzJBeaCabeuafwendaqJCqcCDhK",113,0.991228,85,114,1,113,1,1,0,1,1,42,41,39,39,33,33,88
"7732",31,"[85]GpeKHdwaCtdyoyyrAzqjLwandbCLCebCBobcbfwafofCJBdHdwendaCIKqlzJBeaCabeuafwendaqJCqcCDhK",122,1,85,121,0,121,0,0,0,0,0,45,45,37,37,39,39,88
"7733",32,"[85]GpeKHdwaCtdyoyyrAzqjLwandbCLCebCBobcbfwafofCJBdHdwendaCIKqlzJBeaCabeuafwendaqJCqcCDhK",123,1,85,122,0,122,0,0,0,0,0,37,37,32,32,53,53,88
"7734",33,"[85]GpeKHdwaCtdyoyyrAzqjLwandbCLCebCBobcbfwafofCJBdHdwendaCIKqlzJBeaCabeuafwendaqJCqcCDhK",119,1,85,118,0,118,0,0,0,0,0,44,44,35,35,39,39,88
"7735",34,"[85]GpeKHdwaCtdyoyyrAzqjLwandbCLCebCBobcbfwafofCJBdHdwendaCIKqlzJBeaCabeuafwendaqJCqcCDhK",110,0.990991,85,111,1,110,1,1,0,1,1,40,39,47,47,24,24,88
"7736",35,"[85]GpeKHdwaCtdyoyyrAzqjLwandbCLCebCBobcbfwafofCJBdHdwendaCIKqlzJBeaCabeuafwendaqJCqcCDhK",115,0.983051,85,118,2,116,2,2,0,2,2,46,44,33,33,39,39,88
"7737",36,"[85]GpeKHdwaCtdyoyyrAzqjLwandbCLCebCBobcbfwafofCJBdHdwendaCIKqlzJBeaCabeuafwendaqJCqcCDhK",116,0.96748,85,123,4,119,4,4,0,4,4,33,29,39,39,51,51,88
"7738",37,"[85]GpeKHdwaCtdyoyyrAzqjLwandbCLCebCBobcbfwafofCJBdHdwendaCIKqlzJBeaCabeuafwendaqJCqcCDhK",122,0.984,85,125,2,123,2,2,0,2,2,40,38,46,46,39,39,88
"7739",38,"[85]GpeKHdwaCtdyoyyrAzqjLwandbCLCebCBobcbfwafofCJBdHdwendaCIKqlzJBeaCabeuafwendaqJCqcCDhK",114,0.991304,85,115,1,114,1,1,0,1,1,45,44,39,39,31,31,88
"7740",39,"[85]GpeKHdwaCtdyoyyrAzqjLwandbCLCebCBobcbfwafofCJBdHdwendaCIKqlzJBeaCabeuafwendaqJCqcCDhK",116,0.991453,85,117,1,116,1,1,0,1,1,47,46,37,37,33,33,88
"7741",40,"[85]GpeKHdwaCtdyoyyrAzqjLwandbCLCebCBobcbfwafofCJBdHdwendaCIKqlzJBeaCabeuafwendaqJCqcCDhK",116,1,85,115,0,115,0,0,0,0,0,42,42,37,37,36,36,88
"7742",41,"[85]GpeKHdwaCtdyoyyrAzqjLwandbCLCebCBobcbfwafofCJBdHdwendaCIKqlzJBeaCabeuafwendaqJCqcCDhK",116,1,85,115,0,115,0,0,0,0,0,36,36,44,44,35,35,88
"7743",42,"[85]GpeKHdwaCtdyoyyrAzqjLwandbCLCebCBobcbfwafofCJBdHdwendaCIKqlzJBeaCabeuafwendaqJCqcCDhK",119,0.991667,85,120,1,119,1,1,0,1,1,40,39,43,43,37,37,88
"7744",43,"[85]GpeKHdwaCtdyoyyrAzqjLwandbCLCebCBobcbfwafofCJBdHdwendaCIKqlzJBeaCabeuafwendaqJCqcCDhK",124,1,85,123,0,123,0,0,0,0,0,39,39,38,38,46,46,88
"7745",44,"[85]GpeKHdwaCtdyoyyrAzqjLwandbCLCebCBobcbfwafofCJBdHdwendaCIKqlzJBeaCabeuafwendaqJCqcCDhK",121,1,85,120,0,120,0,0,0,0,0,41,41,35,35,44,44,88
"7746",45,"[85]GpeKHdwaCtdyoyyrAzqjLwandbCLCebCBobcbfwafofCJBdHdwendaCIKqlzJBeaCabeuafwendaqJCqcCDhK",120,0.991736,85,121,1,120,1,1,0,1,1,34,33,43,43,44,44,88
"7747",46,"[85]GpeKHdwaCtdyoyyrAzqjLwandbCLCebCBobcbfwafofCJBdHdwendaCIKqlzJBeaCabeuafwendaqJCqcCDhK",118,1,85,117,0,117,0,0,0,0,0,41,41,44,44,32,32,88
"7748",47,"[85]GpeKHdwaCtdyoyyrAzqjLwandbCLCebCBobcbfwafofCJBdHdwendaCIKqlzJBeaCabeuafwendaqJCqcCDhK",119,1,85,118,0,118,0,0,0,0,0,41,41,41,41,36,36,88
"7749",48,"[85]GpeKHdwaCtdyoyyrAzqjLwandbCLCebCBobcbfwafofCJBdHdwendaCIKqlzJBeaCabeuafwendaqJCqcCDhK",117,1,85,116,0,116,0,0,0,0,0,36,36,45,45,35,35,88
"7750",49,"[85]GpeKHdwaCtdyoyyrAzqjLwandbCLCebCBobcbfwafofCJBdHdwendaCIKqlzJBeaCabeuafwendaqJCqcCDhK",118,0.97561,85,123,3,120,3,3,0,3,3,35,32,45,45,43,43,88
"7751",50,"[85]GpeKHdwaCtdyoyyrAzqjLwandbCLCebCBobcbfwafofCJBdHdwendaCIKqlzJBeaCabeuafwendaqJCqcCDhK",120,0.991736,85,121,1,120,1,1,0,1,1,45,44,34,34,42,42,88
"7752",51,"[85]GpeKHdwaCtdyoyyrAzqjLwandbCLCebCBobcbfwafofCJBdHdwendaCIKqlzJBeaCabeuafwendaqJCqcCDhK",111,0.966102,85,118,4,114,4,4,0,4,4,40,36,39,39,39,39,88
"7753",52,"[85]GpeKHdwaCtdyoyyrAzqjLwandbCLCebCBobcbfwafofCJBdHdwendaCIKqlzJBeaCabeuafwendaqJCqcCDhK",120,1,85,119,0,119,0,0,0,0,0,44,44,38,38,37,37,88
"7754",53,"[85]GpeKHdwaCtdyoyyrAzqjLwandbCLCebCBobcbfwafofCJBdHdwendaCIKqlzJBeaCabeuafwendaqJCqcCDhK",109,0.965517,85,116,4,112,4,4,0,4,4,44,40,40,40,32,32,88
"7755",54,"[85]GpeKHdwaCtdyoyyrAzqjLwandbCLCebCBobcbfwafofCJBdHdwendaCIKqlzJBeaCabeuafwendaqJCqcCDhK",117,1,85,116,0,116,0,0,0,0,0,37,37,41,41,38,38,88
"7756",55,"[85]GpeKHdwaCtdyoyyrAzqjLwandbCLCebCBobcbfwafofCJBdHdwendaCIKqlzJBeaCabeuafwendaqJCqcCDhK",122,1,85,121,0,121,0,0,0,0,0,36,36,45,45,40,40,88
"7757",56,"[85]GpeKHdwaCtdyoyyrAzqjLwandbCLCebCBobcbfwafofCJBdHdwendaCIKqlzJBeaCabeuafwendaqJCqcCDhK",114,0.991304,85,115,1,114,1,1,0,1,1,44,43,39,39,32,32,88
"7758",57,"[85]GpeKHdwaCtdyoyyrAzqjLwandbCLCebCBobcbfwafofCJBdHdwendaCIKqlzJBeaCabeuafwendaqJCqcCDhK",114,0.991304,85,115,1,114,1,1,0,1,1,48,47,33,33,34,34,88
"7759",58,"[85]GpeKHdwaCtdyoyyrAzqjLwandbCLCebCBobcbfwafofCJBdHdwendaCIKqlzJBeaCabeuafwendaqJCqcCDhK",119,1,85,118,0,118,0,0,0,0,0,46,46,31,31,41,41,88
"7760",59,"[85]GpeKHdwaCtdyoyyrAzqjLwandbCLCebCBobcbfwafofCJBdHdwendaCIKqlzJBeaCabeuafwendaqJCqcCDhK",121,1,85,120,0,120,0,0,0,0,0,33,33,46,46,41,41,88
"7761",60,"[85]GpeKHdwaCtdyoyyrAzqjLwandbCLCebCBobcbfwafofCJBdHdwendaCIKqlzJBeaCabeuafwendaqJCqcCDhK",118,1,85,117,0,117,0,0,0,0,0,35,35,41,41,41,41,88
"7762",61,"[85]GpeKHdwaCtdyoyyrAzqjLwandbCLCebCBobcbfwafofCJBdHdwendaCIKqlzJBeaCabeuafwendaqJCqcCDhK",119,1,85,118,0,118,0,0,0,0,0,30,30,56,56,32,32,88
"7763",62,"[85]GpeKHdwaCtdyoyyrAzqjLwandbCLCebCBobcbfwafofCJBdHdwendaCIKqlzJBeaCabeuafwendaqJCqcCDhK",117,1,85,116,0,116,0,0,0,0,0,32,32,45,45,39,39,88
"7764",63,"[85]GpeKHdwaCtdyoyyrAzqjLwandbCLCebCBobcbfwafofCJBdHdwendaCIKqlzJBeaCabeuafwendaqJCqcCDhK",118,1,85,117,0,117,0,0,0,0,0,40,40,41,41,36,36,88
"7765",64,"[85]GpeKHdwaCtdyoyyrAzqjLwandbCLCebCBobcbfwafofCJBdHdwendaCIKqlzJBeaCabeuafwendaqJCqcCDhK",118,0.97561,85,123,3,120,3,3,0,3,3,44,41,49,49,30,30,88
"7766",65,"[85]GpeKHdwaCtdyoyyrAzqjLwandbCLCebCBobcbfwafofCJBdHdwendaCIKqlzJBeaCabeuafwendaqJCqcCDhK",121,1,85,120,0,120,0,0,0,0,0,36,36,45,45,39,39,88
"7767",66,"[85]GpeKHdwaCtdyoyyrAzqjLwandbCLCebCBobcbfwafofCJBdHdwendaCIKqlzJBeaCabeuafwendaqJCqcCDhK",113,0.966667,85,120,4,116,4,4,0,4,4,43,39,38,38,39,39,88
"7768",67,"[85]GpeKHdwaCtdyoyyrAzqjLwandbCLCebCBobcbfwafofCJBdHdwendaCIKqlzJBeaCabeuafwendaqJCqcCDhK",113,0.982759,85,116,2,114,2,2,0,2,2,41,39,38,38,37,37,88
"7769",68,"[85]GpeKHdwaCtdyoyyrAzqjLwandbCLCebCBobcbfwafofCJBdHdwendaCIKqlzJBeaCabeuafwendaqJCqcCDhK",122,0.99187,85,123,1,122,1,1,0,1,1,37,36,43,43,43,43,88
"7770",69,"[85]GpeKHdwaCtdyoyyrAzqjLwandbCLCebCBobcbfwafofCJBdHdwendaCIKqlzJBeaCabeuafwendaqJCqcCDhK",111,0.991071,85,112,1,111,1,1,0,1,1,38,37,45,45,29,29,88
"7771",70,"[85]GpeKHdwaCtdyoyyrAzqjLwandbCLCebCBobcbfwafofCJBdHdwendaCIKqlzJBeaCabeuafwendaqJCqcCDhK",113,0.982759,85,116,2,114,2,2,0,2,2,40,38,41,41,35,35,88
"7772",71,"[85]GpeKHdwaCtdyoyyrAzqjLwandbCLCebCBobcbfwafofCJBdHdwendaCIKqlzJBeaCabeuafwendaqJCqcCDhK",111,0.966102,85,118,4,114,4,4,0,4,4,48,44,39,39,31,31,88
"7773",72,"[85]GpeKHdwaCtdyoyyrAzqjLwandbCLCebCBobcbfwafofCJBdHdwendaCIKqlzJBeaCabeuafwendaqJCqcCDhK",115,0.991379,85,116,1,115,1,1,0,1,1,33,32,48,48,35,35,88
"7774",73,"[85]GpeKHdwaCtdyoyyrAzqjLwandbCLCebCBobcbfwafofCJBdHdwendaCIKqlzJBeaCabeuafwendaqJCqcCDhK",120,1,85,119,0,119,0,0,0,0,0,38,38,37,37,44,44,88
"7775",74,"[85]GpeKHdwaCtdyoyyrAzqjLwandbCLCebCBobcbfwafofCJBdHdwendaCIKqlzJBeaCabeuafwendaqJCqcCDhK",116,1,85,115,0,115,0,0,0,0,0,48,48,35,35,32,32,88
"7776",75,"[85]GpeKHdwaCtdyoyyrAzqjLwandbCLCebCBobcbfwafofCJBdHdwendaCIKqlzJBeaCabeuafwendaqJCqcCDhK",120,0.98374,85,123,2,121,2,2,0,2,2,35,33,40,40,48,48,88
"7777",76,"[85]GpeKHdwaCtdyoyyrAzqjLwandbCLCebCBobcbfwafofCJBdHdwendaCIKqlzJBeaCabeuafwendaqJCqcCDhK",120,1,85,119,0,119,0,0,0,0,0,41,41,34,34,44,44,88
"7778",77,"[85]GpeKHdwaCtdyoyyrAzqjLwandbCLCebCBobcbfwafofCJBdHdwendaCIKqlzJBeaCabeuafwendaqJCqcCDhK",117,0.983333,85,120,2,118,2,2,0,2,2,40,38,50,50,30,30,88
"7779",78,"[85]GpeKHdwaCtdyoyyrAzqjLwandbCLCebCBobcbfwafofCJBdHdwendaCIKqlzJBeaCabeuafwendaqJCqcCDhK",123,1,85,122,0,122,0,0,0,0,0,31,31,45,45,46,46,88
"7780",79,"[85]GpeKHdwaCtdyoyyrAzqjLwandbCLCebCBobcbfwafofCJBdHdwendaCIKqlzJBeaCabeuafwendaqJCqcCDhK",113,0.991228,85,114,1,113,1,1,0,1,1,39,38,41,41,34,34,88
"7781",80,"[85]GpeKHdwaCtdyoyyrAzqjLwandbCLCebCBobcbfwafofCJBdHdwendaCIKqlzJBeaCabeuafwendaqJCqcCDhK",115,0.983051,85,118,2,116,2,2,0,2,2,46,44,30,30,42,42,88
"7782",81,"[85]GpeKHdwaCtdyoyyrAzqjLwandbCLCebCBobcbfwafofCJBdHdwendaCIKqlzJBeaCabeuafwendaqJCqcCDhK",113,0.974576,85,118,3,115,3,3,0,3,3,38,35,44,44,36,36,88
"7783",82,"[85]GpeKHdwaCtdyoyyrAzqjLwandbCLCebCBobcbfwafofCJBdHdwendaCIKqlzJBeaCabeuafwendaqJCqcCDhK",116,1,85,115,0,115,0,0,0,0,0,47,47,34,34,34,34,88
"7784",83,"[85]GpeKHdwaCtdyoyyrAzqjLwandbCLCebCBobcbfwafofCJBdHdwendaCIKqlzJBeaCabeuafwendaqJCqcCDhK",118,1,85,117,0,117,0,0,0,0,0,54,54,31,31,32,32,88
"7785",84,"[85]GpeKHdwaCtdyoyyrAzqjLwandbCLCebCBobcbfwafofCJBdHdwendaCIKqlzJBeaCabeuafwendaqJCqcCDhK",114,1,85,113,0,113,0,0,0,0,0,43,43,37,37,33,33,88
"7786",85,"[85]GpeKHdwaCtdyoyyrAzqjLwandbCLCebCBobcbfwafofCJBdHdwendaCIKqlzJBeaCabeuafwendaqJCqcCDhK",115,1,85,114,0,114,0,0,0,0,0,39,39,44,44,31,31,88
"7787",86,"[85]GpeKHdwaCtdyoyyrAzqjLwandbCLCebCBobcbfwafofCJBdHdwendaCIKqlzJBeaCabeuafwendaqJCqcCDhK",122,1,85,121,0,121,0,0,0,0,0,40,40,42,42,39,39,88
"7788",87,"[85]GpeKHdwaCtdyoyyrAzqjLwandbCLCebCBobcbfwafofCJBdHdwendaCIKqlzJBeaCabeuafwendaqJCqcCDhK",121,0.991803,85,122,1,121,1,1,0,1,1,36,35,38,38,48,48,88
"7789",88,"[85]GpeKHdwaCtdyoyyrAzqjLwandbCLCebCBobcbfwafofCJBdHdwendaCIKqlzJBeaCabeuafwendaqJCqcCDhK",112,0.974359,85,117,3,114,3,3,0,3,3,38,35,49,49,30,30,88
"7790",89,"[85]GpeKHdwaCtdyoyyrAzqjLwandbCLCebCBobcbfwafofCJBdHdwendaCIKqlzJBeaCabeuafwendaqJCqcCDhK",119,1,85,118,0,118,0,0,0,0,0,30,30,43,43,45,45,88
"7791",90,"[85]GpeKHdwaCtdyoyyrAzqjLwandbCLCebCBobcbfwafofCJBdHdwendaCIKqlzJBeaCabeuafwendaqJCqcCDhK",112,0.99115,85,113,1,112,1,1,0,1,1,38,37,45,45,30,30,88
"7792",91,"[85]GpeKHdwaCtdyoyyrAzqjLwandbCLCebCBobcbfwafofCJBdHdwendaCIKqlzJBeaCabeuafwendaqJCqcCDhK",118,1,85,117,0,117,0,0,0,0,0,35,35,40,40,42,42,88
"7793",92,"[85]GpeKHdwaCtdyoyyrAzqjLwandbCLCebCBobcbfwafofCJBdHdwendaCIKqlzJBeaCabeuafwendaqJCqcCDhK",121,1,85,120,0,120,0,0,0,0,0,43,43,35,35,42,42,88
"7794",93,"[85]GpeKHdwaCtdyoyyrAzqjLwandbCLCebCBobcbfwafofCJBdHdwendaCIKqlzJBeaCabeuafwendaqJCqcCDhK",122,1,85,121,0,121,0,0,0,0,0,42,42,37,37,42,42,88
"7795",94,"[85]GpeKHdwaCtdyoyyrAzqjLwandbCLCebCBobcbfwafofCJBdHdwendaCIKqlzJBeaCabeuafwendaqJCqcCDhK",120,0.991736,85,121,1,120,1,1,0,1,1,38,37,41,41,42,42,88
"7796",95,"[85]GpeKHdwaCtdyoyyrAzqjLwandbCLCebCBobcbfwafofCJBdHdwendaCIKqlzJBeaCabeuafwendaqJCqcCDhK",118,1,85,117,0,117,0,0,0,0,0,36,36,40,40,41,41,88
"7797",96,"[85]GpeKHdwaCtdyoyyrAzqjLwandbCLCebCBobcbfwafofCJBdHdwendaCIKqlzJBeaCabeuafwendaqJCqcCDhK",112,1,85,111,0,111,0,0,0,0,0,49,49,37,37,25,25,88
"7798",97,"[85]GpeKHdwaCtdyoyyrAzqjLwandbCLCebCBobcbfwafofCJBdHdwendaCIKqlzJBeaCabeuafwendaqJCqcCDhK",123,1,85,122,0,122,0,0,0,0,0,33,33,50,50,39,39,88
"7799",98,"[85]GpeKHdwaCtdyoyyrAzqjLwandbCLCebCBobcbfwafofCJBdHdwendaCIKqlzJBeaCabeuafwendaqJCqcCDhK",121,1,85,120,0,120,0,0,0,0,0,31,31,42,42,47,47,88
"7800",99,"[85]GpeKHdwaCtdyoyyrAzqjLwandbCLCebCBobcbfwafofCJBdHdwendaCIKqlzJBeaCabeuafwendaqJCqcCDhK",112,0.982609,85,115,2,113,2,2,0,2,2,40,38,44,44,31,31,88
"7801",0,"[89]GjfffHdwaClHFvezjwafndbCLCacnzrwafofaCJBdHdwanndfCtIFKqHACFwhaxxdqGvIeqjafwendqJCabiKnbeK",99,0.945455,89,110,6,104,6,6,0,6,6,33,27,44,44,33,33,90
"7802",1,"[89]GjfffHdwaClHFvezjwafndbCLCacnzrwafofaCJBdHdwanndfCtIFKqHACFwhaxxdqGvIeqjafwendqJCabiKnbeK",109,1,89,108,0,108,0,0,0,0,0,37,37,34,34,37,37,90
"7803",2,"[89]GjfffHdwaClHFvezjwafndbCLCacnzrwafofaCJBdHdwanndfCtIFKqHACFwhaxxdqGvIeqjafwendqJCabiKnbeK",113,1,89,112,0,112,0,0,0,0,0,39,39,28,28,45,45,90
"7804",3,"[89]GjfffHdwaClHFvezjwafndbCLCacnzrwafofaCJBdHdwanndfCtIFKqHACFwhaxxdqGvIeqjafwendqJCabiKnbeK",111,1,89,110,0,110,0,0,0,0,0,36,36,32,32,42,42,90
"7805",4,"[89]GjfffHdwaClHFvezjwafndbCLCacnzrwafofaCJBdHdwanndfCtIFKqHACFwhaxxdqGvIeqjafwendqJCabiKnbeK",108,1,89,107,0,107,0,0,0,0,0,40,40,33,33,34,34,90
"7806",5,"[89]GjfffHdwaClHFvezjwafndbCLCacnzrwafofaCJBdHdwanndfCtIFKqHACFwhaxxdqGvIeqjafwendqJCabiKnbeK",110,1,89,109,0,109,0,0,0,0,0,31,31,38,38,40,40,90
"7807",6,"[89]GjfffHdwaClHFvezjwafndbCLCacnzrwafofaCJBdHdwanndfCtIFKqHACFwhaxxdqGvIeqjafwendqJCabiKnbeK",109,1,89,108,0,108,0,0,0,0,0,45,45,28,28,35,35,90
"7808",7,"[89]GjfffHdwaClHFvezjwafndbCLCacnzrwafofaCJBdHdwanndfCtIFKqHACFwhaxxdqGvIeqjafwendqJCabiKnbeK",109,1,89,108,0,108,0,0,0,0,0,37,37,35,35,36,36,90
"7809",8,"[89]GjfffHdwaClHFvezjwafndbCLCacnzrwafofaCJBdHdwanndfCtIFKqHACFwhaxxdqGvIeqjafwendqJCabiKnbeK",105,1,89,104,0,104,0,0,0,0,0,40,40,37,37,27,27,90
"7810",9,"[89]GjfffHdwaClHFvezjwafndbCLCacnzrwafofaCJBdHdwanndfCtIFKqHACFwhaxxdqGvIeqjafwendqJCabiKnbeK",111,1,89,110,0,110,0,0,0,0,0,37,37,32,32,41,41,90
"7811",10,"[89]GjfffHdwaClHFvezjwafndbCLCacnzrwafofaCJBdHdwanndfCtIFKqHACFwhaxxdqGvIeqjafwendqJCabiKnbeK",105,1,89,104,0,104,0,0,0,0,0,34,34,41,41,29,29,90
"7812",11,"[89]GjfffHdwaClHFvezjwafndbCLCacnzrwafofaCJBdHdwanndfCtIFKqHACFwhaxxdqGvIeqjafwendqJCabiKnbeK",115,1,89,114,0,114,0,0,0,0,0,28,28,36,36,50,50,90
"7813",12,"[89]GjfffHdwaClHFvezjwafndbCLCacnzrwafofaCJBdHdwanndfCtIFKqHACFwhaxxdqGvIeqjafwendqJCabiKnbeK",106,0.990654,89,107,1,106,1,1,0,1,1,34,33,39,39,34,34,90
"7814",13,"[89]GjfffHdwaClHFvezjwafndbCLCacnzrwafofaCJBdHdwanndfCtIFKqHACFwhaxxdqGvIeqjafwendqJCabiKnbeK",111,1,89,110,0,110,0,0,0,0,0,36,36,32,32,42,42,90
"7815",14,"[89]GjfffHdwaClHFvezjwafndbCLCacnzrwafofaCJBdHdwanndfCtIFKqHACFwhaxxdqGvIeqjafwendqJCabiKnbeK",103,0.981132,89,106,2,104,2,2,0,2,2,45,43,32,32,29,29,90
"7816",15,"[89]GjfffHdwaClHFvezjwafndbCLCacnzrwafofaCJBdHdwanndfCtIFKqHACFwhaxxdqGvIeqjafwendqJCabiKnbeK",108,0.990826,89,109,1,108,1,1,0,1,1,34,33,38,38,37,37,90
"7817",16,"[89]GjfffHdwaClHFvezjwafndbCLCacnzrwafofaCJBdHdwanndfCtIFKqHACFwhaxxdqGvIeqjafwendqJCabiKnbeK",109,1,89,108,0,108,0,0,0,0,0,45,45,27,27,36,36,90
"7818",17,"[89]GjfffHdwaClHFvezjwafndbCLCacnzrwafofaCJBdHdwanndfCtIFKqHACFwhaxxdqGvIeqjafwendqJCabiKnbeK",105,0.990566,89,106,1,105,1,1,0,1,1,43,42,32,32,31,31,90
"7819",18,"[89]GjfffHdwaClHFvezjwafndbCLCacnzrwafofaCJBdHdwanndfCtIFKqHACFwhaxxdqGvIeqjafwendqJCabiKnbeK",106,1,89,105,0,105,0,0,0,0,0,32,32,41,41,32,32,90
"7820",19,"[89]GjfffHdwaClHFvezjwafndbCLCacnzrwafofaCJBdHdwanndfCtIFKqHACFwhaxxdqGvIeqjafwendqJCabiKnbeK",105,0.972727,89,110,3,107,3,3,0,3,3,41,38,33,33,36,36,90
"7821",20,"[89]GjfffHdwaClHFvezjwafndbCLCacnzrwafofaCJBdHdwanndfCtIFKqHACFwhaxxdqGvIeqjafwendqJCabiKnbeK",105,1,89,104,0,104,0,0,0,0,0,41,41,35,35,28,28,90
"7822",21,"[89]GjfffHdwaClHFvezjwafndbCLCacnzrwafofaCJBdHdwanndfCtIFKqHACFwhaxxdqGvIeqjafwendqJCabiKnbeK",109,0.982143,89,112,2,110,2,2,0,2,2,42,40,29,29,41,41,90
"7823",22,"[89]GjfffHdwaClHFvezjwafndbCLCacnzrwafofaCJBdHdwanndfCtIFKqHACFwhaxxdqGvIeqjafwendqJCabiKnbeK",107,0.990741,89,108,1,107,1,1,0,1,1,39,38,34,34,35,35,90
"7824",23,"[89]GjfffHdwaClHFvezjwafndbCLCacnzrwafofaCJBdHdwanndfCtIFKqHACFwhaxxdqGvIeqjafwendqJCabiKnbeK",106,1,89,105,0,105,0,0,0,0,0,34,34,41,41,30,30,90
"7825",24,"[89]GjfffHdwaClHFvezjwafndbCLCacnzrwafofaCJBdHdwanndfCtIFKqHACFwhaxxdqGvIeqjafwendqJCabiKnbeK",107,1,89,106,0,106,0,0,0,0,0,41,41,32,32,33,33,90
"7826",25,"[89]GjfffHdwaClHFvezjwafndbCLCacnzrwafofaCJBdHdwanndfCtIFKqHACFwhaxxdqGvIeqjafwendqJCabiKnbeK",105,0.990566,89,106,1,105,1,1,0,1,1,43,42,33,33,30,30,90
"7827",26,"[89]GjfffHdwaClHFvezjwafndbCLCacnzrwafofaCJBdHdwanndfCtIFKqHACFwhaxxdqGvIeqjafwendqJCabiKnbeK",108,0.990826,89,109,1,108,1,1,0,1,1,40,39,32,32,37,37,90
"7828",27,"[89]GjfffHdwaClHFvezjwafndbCLCacnzrwafofaCJBdHdwanndfCtIFKqHACFwhaxxdqGvIeqjafwendqJCabiKnbeK",104,0.990476,89,105,1,104,1,1,0,1,1,41,40,36,36,28,28,90
"7829",28,"[89]GjfffHdwaClHFvezjwafndbCLCacnzrwafofaCJBdHdwanndfCtIFKqHACFwhaxxdqGvIeqjafwendqJCabiKnbeK",108,0.990826,89,109,1,108,1,1,0,1,1,36,35,35,35,38,38,90
"7830",29,"[89]GjfffHdwaClHFvezjwafndbCLCacnzrwafofaCJBdHdwanndfCtIFKqHACFwhaxxdqGvIeqjafwendqJCabiKnbeK",109,1,89,108,0,108,0,0,0,0,0,40,40,32,32,36,36,90
"7831",30,"[89]GjfffHdwaClHFvezjwafndbCLCacnzrwafofaCJBdHdwanndfCtIFKqHACFwhaxxdqGvIeqjafwendqJCabiKnbeK",110,0.990991,89,111,1,110,1,1,0,1,1,33,32,35,35,43,43,90
"7832",31,"[89]GjfffHdwaClHFvezjwafndbCLCacnzrwafofaCJBdHdwanndfCtIFKqHACFwhaxxdqGvIeqjafwendqJCabiKnbeK",107,0.990741,89,108,1,107,1,1,0,1,1,38,37,34,34,36,36,90
"7833",32,"[89]GjfffHdwaClHFvezjwafndbCLCacnzrwafofaCJBdHdwanndfCtIFKqHACFwhaxxdqGvIeqjafwendqJCabiKnbeK",111,1,89,110,0,110,0,0,0,0,0,43,43,27,27,40,40,90
"7834",33,"[89]GjfffHdwaClHFvezjwafndbCLCacnzrwafofaCJBdHdwanndfCtIFKqHACFwhaxxdqGvIeqjafwendqJCabiKnbeK",108,1,89,107,0,107,0,0,0,0,0,43,43,30,30,34,34,90
"7835",34,"[89]GjfffHdwaClHFvezjwafndbCLCacnzrwafofaCJBdHdwanndfCtIFKqHACFwhaxxdqGvIeqjafwendqJCabiKnbeK",108,0.990826,89,109,1,108,1,1,0,1,1,30,29,40,40,39,39,90
"7836",35,"[89]GjfffHdwaClHFvezjwafndbCLCacnzrwafofaCJBdHdwanndfCtIFKqHACFwhaxxdqGvIeqjafwendqJCabiKnbeK",107,0.981818,89,110,2,108,2,2,0,2,2,32,30,40,40,38,38,90
"7837",36,"[89]GjfffHdwaClHFvezjwafndbCLCacnzrwafofaCJBdHdwanndfCtIFKqHACFwhaxxdqGvIeqjafwendqJCabiKnbeK",109,1,89,108,0,108,0,0,0,0,0,35,35,37,37,36,36,90
"7838",37,"[89]GjfffHdwaClHFvezjwafndbCLCacnzrwafofaCJBdHdwanndfCtIFKqHACFwhaxxdqGvIeqjafwendqJCabiKnbeK",108,1,89,107,0,107,0,0,0,0,0,32,32,39,39,36,36,90
"7839",38,"[89]GjfffHdwaClHFvezjwafndbCLCacnzrwafofaCJBdHdwanndfCtIFKqHACFwhaxxdqGvIeqjafwendqJCabiKnbeK",109,1,89,108,0,108,0,0,0,0,0,40,40,31,31,37,37,90
"7840",39,"[89]GjfffHdwaClHFvezjwafndbCLCacnzrwafofaCJBdHdwanndfCtIFKqHACFwhaxxdqGvIeqjafwendqJCabiKnbeK",109,1,89,108,0,108,0,0,0,0,0,34,34,36,36,38,38,90
"7841",40,"[89]GjfffHdwaClHFvezjwafndbCLCacnzrwafofaCJBdHdwanndfCtIFKqHACFwhaxxdqGvIeqjafwendqJCabiKnbeK",113,0.991228,89,114,1,113,1,1,0,1,1,29,28,35,35,50,50,90
"7842",41,"[89]GjfffHdwaClHFvezjwafndbCLCacnzrwafofaCJBdHdwanndfCtIFKqHACFwhaxxdqGvIeqjafwendqJCabiKnbeK",103,1,89,102,0,102,0,0,0,0,0,35,35,43,43,24,24,90
"7843",42,"[89]GjfffHdwaClHFvezjwafndbCLCacnzrwafofaCJBdHdwanndfCtIFKqHACFwhaxxdqGvIeqjafwendqJCabiKnbeK",110,0.990991,89,111,1,110,1,1,0,1,1,35,34,34,34,42,42,90
"7844",43,"[89]GjfffHdwaClHFvezjwafndbCLCacnzrwafofaCJBdHdwanndfCtIFKqHACFwhaxxdqGvIeqjafwendqJCabiKnbeK",105,1,89,104,0,104,0,0,0,0,0,30,30,45,45,29,29,90
"7845",44,"[89]GjfffHdwaClHFvezjwafndbCLCacnzrwafofaCJBdHdwanndfCtIFKqHACFwhaxxdqGvIeqjafwendqJCabiKnbeK",105,1,89,104,0,104,0,0,0,0,0,37,37,38,38,29,29,90
"7846",45,"[89]GjfffHdwaClHFvezjwafndbCLCacnzrwafofaCJBdHdwanndfCtIFKqHACFwhaxxdqGvIeqjafwendqJCabiKnbeK",105,0.990566,89,106,1,105,1,1,0,1,1,33,32,42,42,31,31,90
"7847",46,"[89]GjfffHdwaClHFvezjwafndbCLCacnzrwafofaCJBdHdwanndfCtIFKqHACFwhaxxdqGvIeqjafwendqJCabiKnbeK",104,0.990476,89,105,1,104,1,1,0,1,1,41,40,35,35,29,29,90
"7848",47,"[89]GjfffHdwaClHFvezjwafndbCLCacnzrwafofaCJBdHdwanndfCtIFKqHACFwhaxxdqGvIeqjafwendqJCabiKnbeK",105,0.981481,89,108,2,106,2,2,0,2,2,43,41,32,32,33,33,90
"7849",48,"[89]GjfffHdwaClHFvezjwafndbCLCacnzrwafofaCJBdHdwanndfCtIFKqHACFwhaxxdqGvIeqjafwendqJCabiKnbeK",107,0.990741,89,108,1,107,1,1,0,1,1,43,42,30,30,35,35,90
"7850",49,"[89]GjfffHdwaClHFvezjwafndbCLCacnzrwafofaCJBdHdwanndfCtIFKqHACFwhaxxdqGvIeqjafwendqJCabiKnbeK",108,1,89,107,0,107,0,0,0,0,0,37,37,35,35,35,35,90
"7851",50,"[89]GjfffHdwaClHFvezjwafndbCLCacnzrwafofaCJBdHdwanndfCtIFKqHACFwhaxxdqGvIeqjafwendqJCabiKnbeK",106,0.981651,89,109,2,107,2,2,0,2,2,39,37,34,34,36,36,90
"7852",51,"[89]GjfffHdwaClHFvezjwafndbCLCacnzrwafofaCJBdHdwanndfCtIFKqHACFwhaxxdqGvIeqjafwendqJCabiKnbeK",106,1,89,105,0,105,0,0,0,0,0,34,34,40,40,31,31,90
"7853",52,"[89]GjfffHdwaClHFvezjwafndbCLCacnzrwafofaCJBdHdwanndfCtIFKqHACFwhaxxdqGvIeqjafwendqJCabiKnbeK",102,0.971963,89,107,3,104,3,3,0,3,3,36,33,41,41,30,30,90
"7854",53,"[89]GjfffHdwaClHFvezjwafndbCLCacnzrwafofaCJBdHdwanndfCtIFKqHACFwhaxxdqGvIeqjafwendqJCabiKnbeK",106,1,89,105,0,105,0,0,0,0,0,36,36,38,38,31,31,90
"7855",54,"[89]GjfffHdwaClHFvezjwafndbCLCacnzrwafofaCJBdHdwanndfCtIFKqHACFwhaxxdqGvIeqjafwendqJCabiKnbeK",113,1,89,112,0,112,0,0,0,0,0,42,42,25,25,45,45,90
"7856",55,"[89]GjfffHdwaClHFvezjwafndbCLCacnzrwafofaCJBdHdwanndfCtIFKqHACFwhaxxdqGvIeqjafwendqJCabiKnbeK",106,0.972973,89,111,3,108,3,3,0,3,3,46,43,27,27,38,38,90
"7857",56,"[89]GjfffHdwaClHFvezjwafndbCLCacnzrwafofaCJBdHdwanndfCtIFKqHACFwhaxxdqGvIeqjafwendqJCabiKnbeK",110,1,89,109,0,109,0,0,0,0,0,38,38,32,32,39,39,90
"7858",57,"[89]GjfffHdwaClHFvezjwafndbCLCacnzrwafofaCJBdHdwanndfCtIFKqHACFwhaxxdqGvIeqjafwendqJCabiKnbeK",109,1,89,108,0,108,0,0,0,0,0,39,39,33,33,36,36,90
"7859",58,"[89]GjfffHdwaClHFvezjwafndbCLCacnzrwafofaCJBdHdwanndfCtIFKqHACFwhaxxdqGvIeqjafwendqJCabiKnbeK",112,0.99115,89,113,1,112,1,1,0,1,1,35,34,31,31,47,47,90
"7860",59,"[89]GjfffHdwaClHFvezjwafndbCLCacnzrwafofaCJBdHdwanndfCtIFKqHACFwhaxxdqGvIeqjafwendqJCabiKnbeK",109,1,89,108,0,108,0,0,0,0,0,42,42,29,29,37,37,90
"7861",60,"[89]GjfffHdwaClHFvezjwafndbCLCacnzrwafofaCJBdHdwanndfCtIFKqHACFwhaxxdqGvIeqjafwendqJCabiKnbeK",109,1,89,108,0,108,0,0,0,0,0,35,35,36,36,37,37,90
"7862",61,"[89]GjfffHdwaClHFvezjwafndbCLCacnzrwafofaCJBdHdwanndfCtIFKqHACFwhaxxdqGvIeqjafwendqJCabiKnbeK",111,1,89,110,0,110,0,0,0,0,0,39,39,30,30,41,41,90
"7863",62,"[89]GjfffHdwaClHFvezjwafndbCLCacnzrwafofaCJBdHdwanndfCtIFKqHACFwhaxxdqGvIeqjafwendqJCabiKnbeK",105,0.981481,89,108,2,106,2,2,0,2,2,35,33,38,38,35,35,90
"7864",63,"[89]GjfffHdwaClHFvezjwafndbCLCacnzrwafofaCJBdHdwanndfCtIFKqHACFwhaxxdqGvIeqjafwendqJCabiKnbeK",107,0.990741,89,108,1,107,1,1,0,1,1,33,32,40,40,35,35,90
"7865",64,"[89]GjfffHdwaClHFvezjwafndbCLCacnzrwafofaCJBdHdwanndfCtIFKqHACFwhaxxdqGvIeqjafwendqJCabiKnbeK",108,1,89,107,0,107,0,0,0,0,0,40,40,32,32,35,35,90
"7866",65,"[89]GjfffHdwaClHFvezjwafndbCLCacnzrwafofaCJBdHdwanndfCtIFKqHACFwhaxxdqGvIeqjafwendqJCabiKnbeK",108,1,89,107,0,107,0,0,0,0,0,34,34,37,37,36,36,90
"7867",66,"[89]GjfffHdwaClHFvezjwafndbCLCacnzrwafofaCJBdHdwanndfCtIFKqHACFwhaxxdqGvIeqjafwendqJCabiKnbeK",110,1,89,109,0,109,0,0,0,0,0,37,37,34,34,38,38,90
"7868",67,"[89]GjfffHdwaClHFvezjwafndbCLCacnzrwafofaCJBdHdwanndfCtIFKqHACFwhaxxdqGvIeqjafwendqJCabiKnbeK",102,0.980952,89,105,2,103,2,2,0,2,2,38,36,40,40,27,27,90
"7869",68,"[89]GjfffHdwaClHFvezjwafndbCLCacnzrwafofaCJBdHdwanndfCtIFKqHACFwhaxxdqGvIeqjafwendqJCabiKnbeK",106,0.990654,89,107,1,106,1,1,0,1,1,37,36,36,36,34,34,90
"7870",69,"[89]GjfffHdwaClHFvezjwafndbCLCacnzrwafofaCJBdHdwanndfCtIFKqHACFwhaxxdqGvIeqjafwendqJCabiKnbeK",100,0.971429,89,105,3,102,3,3,0,3,3,28,25,50,50,27,27,90
"7871",70,"[89]GjfffHdwaClHFvezjwafndbCLCacnzrwafofaCJBdHdwanndfCtIFKqHACFwhaxxdqGvIeqjafwendqJCabiKnbeK",111,1,89,110,0,110,0,0,0,0,0,31,31,37,37,42,42,90
"7872",71,"[89]GjfffHdwaClHFvezjwafndbCLCacnzrwafofaCJBdHdwanndfCtIFKqHACFwhaxxdqGvIeqjafwendqJCabiKnbeK",103,0.972222,89,108,3,105,3,3,0,3,3,44,41,32,32,32,32,90
"7873",72,"[89]GjfffHdwaClHFvezjwafndbCLCacnzrwafofaCJBdHdwanndfCtIFKqHACFwhaxxdqGvIeqjafwendqJCabiKnbeK",107,0.981818,89,110,2,108,2,2,0,2,2,33,31,38,38,39,39,90
"7874",73,"[89]GjfffHdwaClHFvezjwafndbCLCacnzrwafofaCJBdHdwanndfCtIFKqHACFwhaxxdqGvIeqjafwendqJCabiKnbeK",110,1,89,109,0,109,0,0,0,0,0,33,33,36,36,40,40,90
"7875",74,"[89]GjfffHdwaClHFvezjwafndbCLCacnzrwafofaCJBdHdwanndfCtIFKqHACFwhaxxdqGvIeqjafwendqJCabiKnbeK",103,0.972222,89,108,3,105,3,3,0,3,3,36,33,39,39,33,33,90
"7876",75,"[89]GjfffHdwaClHFvezjwafndbCLCacnzrwafofaCJBdHdwanndfCtIFKqHACFwhaxxdqGvIeqjafwendqJCabiKnbeK",106,1,89,105,0,105,0,0,0,0,0,45,45,31,31,29,29,90
"7877",76,"[89]GjfffHdwaClHFvezjwafndbCLCacnzrwafofaCJBdHdwanndfCtIFKqHACFwhaxxdqGvIeqjafwendqJCabiKnbeK",108,1,89,107,0,107,0,0,0,0,0,32,32,39,39,36,36,90
"7878",77,"[89]GjfffHdwaClHFvezjwafndbCLCacnzrwafofaCJBdHdwanndfCtIFKqHACFwhaxxdqGvIeqjafwendqJCabiKnbeK",112,0.982609,89,115,2,113,2,2,0,2,2,39,37,28,28,48,48,90
"7879",78,"[89]GjfffHdwaClHFvezjwafndbCLCacnzrwafofaCJBdHdwanndfCtIFKqHACFwhaxxdqGvIeqjafwendqJCabiKnbeK",111,1,89,110,0,110,0,0,0,0,0,41,41,29,29,40,40,90
"7880",79,"[89]GjfffHdwaClHFvezjwafndbCLCacnzrwafofaCJBdHdwanndfCtIFKqHACFwhaxxdqGvIeqjafwendqJCabiKnbeK",110,1,89,109,0,109,0,0,0,0,0,38,38,32,32,39,39,90
"7881",80,"[89]GjfffHdwaClHFvezjwafndbCLCacnzrwafofaCJBdHdwanndfCtIFKqHACFwhaxxdqGvIeqjafwendqJCabiKnbeK",104,1,89,103,0,103,0,0,0,0,0,39,39,38,38,26,26,90
"7882",81,"[89]GjfffHdwaClHFvezjwafndbCLCacnzrwafofaCJBdHdwanndfCtIFKqHACFwhaxxdqGvIeqjafwendqJCabiKnbeK",106,0.981651,89,109,2,107,2,2,0,2,2,43,41,30,30,36,36,90
"7883",82,"[89]GjfffHdwaClHFvezjwafndbCLCacnzrwafofaCJBdHdwanndfCtIFKqHACFwhaxxdqGvIeqjafwendqJCabiKnbeK",106,0.990654,89,107,1,106,1,1,0,1,1,35,34,38,38,34,34,90
"7884",83,"[89]GjfffHdwaClHFvezjwafndbCLCacnzrwafofaCJBdHdwanndfCtIFKqHACFwhaxxdqGvIeqjafwendqJCabiKnbeK",106,1,89,105,0,105,0,0,0,0,0,23,23,50,50,32,32,90
"7885",84,"[89]GjfffHdwaClHFvezjwafndbCLCacnzrwafofaCJBdHdwanndfCtIFKqHACFwhaxxdqGvIeqjafwendqJCabiKnbeK",110,0.990991,89,111,1,110,1,1,0,1,1,33,32,36,36,42,42,90
"7886",85,"[89]GjfffHdwaClHFvezjwafndbCLCacnzrwafofaCJBdHdwanndfCtIFKqHACFwhaxxdqGvIeqjafwendqJCabiKnbeK",108,1,89,107,0,107,0,0,0,0,0,39,39,34,34,34,34,90
"7887",86,"[89]GjfffHdwaClHFvezjwafndbCLCacnzrwafofaCJBdHdwanndfCtIFKqHACFwhaxxdqGvIeqjafwendqJCabiKnbeK",106,1,89,105,0,105,0,0,0,0,0,43,43,32,32,30,30,90
"7888",87,"[89]GjfffHdwaClHFvezjwafndbCLCacnzrwafofaCJBdHdwanndfCtIFKqHACFwhaxxdqGvIeqjafwendqJCabiKnbeK",100,0.962617,89,107,4,103,4,4,0,4,4,41,37,37,37,29,29,90
"7889",88,"[89]GjfffHdwaClHFvezjwafndbCLCacnzrwafofaCJBdHdwanndfCtIFKqHACFwhaxxdqGvIeqjafwendqJCabiKnbeK",107,1,89,106,0,106,0,0,0,0,0,29,29,43,43,34,34,90
"7890",89,"[89]GjfffHdwaClHFvezjwafndbCLCacnzrwafofaCJBdHdwanndfCtIFKqHACFwhaxxdqGvIeqjafwendqJCabiKnbeK",99,0.962264,89,106,4,102,4,4,0,4,4,33,29,45,45,28,28,90
"7891",90,"[89]GjfffHdwaClHFvezjwafndbCLCacnzrwafofaCJBdHdwanndfCtIFKqHACFwhaxxdqGvIeqjafwendqJCabiKnbeK",100,0.962617,89,107,4,103,4,4,0,4,4,37,33,41,41,29,29,90
"7892",91,"[89]GjfffHdwaClHFvezjwafndbCLCacnzrwafofaCJBdHdwanndfCtIFKqHACFwhaxxdqGvIeqjafwendqJCabiKnbeK",106,1,89,105,0,105,0,0,0,0,0,37,37,37,37,31,31,90
"7893",92,"[89]GjfffHdwaClHFvezjwafndbCLCacnzrwafofaCJBdHdwanndfCtIFKqHACFwhaxxdqGvIeqjafwendqJCabiKnbeK",106,0.964602,89,113,4,109,4,4,0,4,4,32,28,38,38,43,43,90
"7894",93,"[89]GjfffHdwaClHFvezjwafndbCLCacnzrwafofaCJBdHdwanndfCtIFKqHACFwhaxxdqGvIeqjafwendqJCabiKnbeK",106,0.990654,89,107,1,106,1,1,0,1,1,36,35,37,37,34,34,90
"7895",94,"[89]GjfffHdwaClHFvezjwafndbCLCacnzrwafofaCJBdHdwanndfCtIFKqHACFwhaxxdqGvIeqjafwendqJCabiKnbeK",109,1,89,108,0,108,0,0,0,0,0,37,37,34,34,37,37,90
"7896",95,"[89]GjfffHdwaClHFvezjwafndbCLCacnzrwafofaCJBdHdwanndfCtIFKqHACFwhaxxdqGvIeqjafwendqJCabiKnbeK",111,1,89,110,0,110,0,0,0,0,0,45,45,26,26,39,39,90
"7897",96,"[89]GjfffHdwaClHFvezjwafndbCLCacnzrwafofaCJBdHdwanndfCtIFKqHACFwhaxxdqGvIeqjafwendqJCabiKnbeK",107,1,89,106,0,106,0,0,0,0,0,41,41,34,34,31,31,90
"7898",97,"[89]GjfffHdwaClHFvezjwafndbCLCacnzrwafofaCJBdHdwanndfCtIFKqHACFwhaxxdqGvIeqjafwendqJCabiKnbeK",100,0.971429,89,105,3,102,3,3,0,3,3,42,39,37,37,26,26,90
"7899",98,"[89]GjfffHdwaClHFvezjwafndbCLCacnzrwafofaCJBdHdwanndfCtIFKqHACFwhaxxdqGvIeqjafwendqJCabiKnbeK",107,0.990741,89,108,1,107,1,1,0,1,1,34,33,39,39,35,35,90
"7900",99,"[89]GjfffHdwaClHFvezjwafndbCLCacnzrwafofaCJBdHdwanndfCtIFKqHACFwhaxxdqGvIeqjafwendqJCabiKnbeK",108,0.990826,89,109,1,108,1,1,0,1,1,41,40,32,32,36,36,90
"7901",0,"[76]GHdDefapFcnwafndbCLCabwlgoHwafobaCJBdzzHdwendaCIKqIhBeaCebcnafwendaqJDafgveK",131,0.977941,76,136,3,133,3,3,0,3,3,47,44,38,38,51,51,91
"7902",1,"[76]GHdDefapFcnwafndbCLCabwlgoHwafobaCJBdzzHdwendaCIKqIhBeaCebcnafwendaqJDafgveK",121,1,76,120,0,120,0,0,0,0,0,47,47,48,48,25,25,91
"7903",2,"[76]GHdDefapFcnwafndbCLCabwlgoHwafobaCJBdzzHdwendaCIKqIhBeaCebcnafwendaqJDafgveK",123,0.962121,76,132,5,127,5,5,0,5,5,43,38,44,44,45,45,91
"7904",3,"[76]GHdDefapFcnwafndbCLCabwlgoHwafobaCJBdzzHdwendaCIKqIhBeaCebcnafwendaqJDafgveK",126,0.977099,76,131,3,128,3,3,0,3,3,51,48,37,37,43,43,91
"7905",4,"[76]GHdDefapFcnwafndbCLCabwlgoHwafobaCJBdzzHdwendaCIKqIhBeaCebcnafwendaqJDafgveK",139,1,76,138,0,138,0,0,0,0,0,46,46,33,33,59,59,91
"7906",5,"[76]GHdDefapFcnwafndbCLCabwlgoHwafobaCJBdzzHdwendaCIKqIhBeaCebcnafwendaqJDafgveK",133,0.992537,76,134,1,133,1,1,0,1,1,50,49,33,33,51,51,91
"7907",6,"[76]GHdDefapFcnwafndbCLCabwlgoHwafobaCJBdzzHdwendaCIKqIhBeaCebcnafwendaqJDafgveK",125,1,76,124,0,124,0,0,0,0,0,45,45,45,45,34,34,91
"7908",7,"[76]GHdDefapFcnwafndbCLCabwlgoHwafobaCJBdzzHdwendaCIKqIhBeaCebcnafwendaqJDafgveK",137,1,76,136,0,136,0,0,0,0,0,49,49,38,38,49,49,91
"7909",8,"[76]GHdDefapFcnwafndbCLCabwlgoHwafobaCJBdzzHdwendaCIKqIhBeaCebcnafwendaqJDafgveK",127,0.970149,76,134,4,130,4,4,0,4,4,39,35,44,44,51,51,91
"7910",9,"[76]GHdDefapFcnwafndbCLCabwlgoHwafobaCJBdzzHdwendaCIKqIhBeaCebcnafwendaqJDafgveK",130,0.992366,76,131,1,130,1,1,0,1,1,47,46,38,38,46,46,91
"7911",10,"[76]GHdDefapFcnwafndbCLCabwlgoHwafobaCJBdzzHdwendaCIKqIhBeaCebcnafwendaqJDafgveK",126,1,76,125,0,125,0,0,0,0,0,43,43,47,47,35,35,91
"7912",11,"[76]GHdDefapFcnwafndbCLCabwlgoHwafobaCJBdzzHdwendaCIKqIhBeaCebcnafwendaqJDafgveK",133,1,76,132,0,132,0,0,0,0,0,45,45,42,42,45,45,91
"7913",12,"[76]GHdDefapFcnwafndbCLCabwlgoHwafobaCJBdzzHdwendaCIKqIhBeaCebcnafwendaqJDafgveK",128,0.992248,76,129,1,128,1,1,0,1,1,35,34,49,49,45,45,91
"7914",13,"[76]GHdDefapFcnwafndbCLCabwlgoHwafobaCJBdzzHdwendaCIKqIhBeaCebcnafwendaqJDafgveK",128,1,76,127,0,127,0,0,0,0,0,48,48,40,40,39,39,91
"7915",14,"[76]GHdDefapFcnwafndbCLCabwlgoHwafobaCJBdzzHdwendaCIKqIhBeaCebcnafwendaqJDafgveK",131,0.992424,76,132,1,131,1,1,0,1,1,53,52,39,39,40,40,91
"7916",15,"[76]GHdDefapFcnwafndbCLCabwlgoHwafobaCJBdzzHdwendaCIKqIhBeaCebcnafwendaqJDafgveK",128,0.992248,76,129,1,128,1,1,0,1,1,42,41,44,44,43,43,91
"7917",16,"[76]GHdDefapFcnwafndbCLCabwlgoHwafobaCJBdzzHdwendaCIKqIhBeaCebcnafwendaqJDafgveK",126,1,76,125,0,125,0,0,0,0,0,37,37,51,51,37,37,91
"7918",17,"[76]GHdDefapFcnwafndbCLCabwlgoHwafobaCJBdzzHdwendaCIKqIhBeaCebcnafwendaqJDafgveK",131,1,76,130,0,130,0,0,0,0,0,41,41,44,44,45,45,91
"7919",18,"[76]GHdDefapFcnwafndbCLCabwlgoHwafobaCJBdzzHdwendaCIKqIhBeaCebcnafwendaqJDafgveK",133,1,76,132,0,132,0,0,0,0,0,45,45,38,38,49,49,91
"7920",19,"[76]GHdDefapFcnwafndbCLCabwlgoHwafobaCJBdzzHdwendaCIKqIhBeaCebcnafwendaqJDafgveK",126,1,76,125,0,125,0,0,0,0,0,45,45,46,46,34,34,91
"7921",20,"[76]GHdDefapFcnwafndbCLCabwlgoHwafobaCJBdzzHdwendaCIKqIhBeaCebcnafwendaqJDafgveK",130,1,76,129,0,129,0,0,0,0,0,41,41,45,45,43,43,91
"7922",21,"[76]GHdDefapFcnwafndbCLCabwlgoHwafobaCJBdzzHdwendaCIKqIhBeaCebcnafwendaqJDafgveK",130,0.984962,76,133,2,131,2,2,0,2,2,43,41,41,41,49,49,91
"7923",22,"[76]GHdDefapFcnwafndbCLCabwlgoHwafobaCJBdzzHdwendaCIKqIhBeaCebcnafwendaqJDafgveK",129,0.992308,76,130,1,129,1,1,0,1,1,42,41,44,44,44,44,91
"7924",23,"[76]GHdDefapFcnwafndbCLCabwlgoHwafobaCJBdzzHdwendaCIKqIhBeaCebcnafwendaqJDafgveK",128,1,76,127,0,127,0,0,0,0,0,37,37,48,48,42,42,91
"7925",24,"[76]GHdDefapFcnwafndbCLCabwlgoHwafobaCJBdzzHdwendaCIKqIhBeaCebcnafwendaqJDafgveK",125,0.992063,76,126,1,125,1,1,0,1,1,42,41,46,46,38,38,91
"7926",25,"[76]GHdDefapFcnwafndbCLCabwlgoHwafobaCJBdzzHdwendaCIKqIhBeaCebcnafwendaqJDafgveK",118,0.97561,76,123,3,120,3,3,0,3,3,38,35,55,55,30,30,91
"7927",26,"[76]GHdDefapFcnwafndbCLCabwlgoHwafobaCJBdzzHdwendaCIKqIhBeaCebcnafwendaqJDafgveK",129,1,76,128,0,128,0,0,0,0,0,48,48,39,39,41,41,91
"7928",27,"[76]GHdDefapFcnwafndbCLCabwlgoHwafobaCJBdzzHdwendaCIKqIhBeaCebcnafwendaqJDafgveK",128,1,76,127,0,127,0,0,0,0,0,45,45,45,45,37,37,91
"7929",28,"[76]GHdDefapFcnwafndbCLCabwlgoHwafobaCJBdzzHdwendaCIKqIhBeaCebcnafwendaqJDafgveK",130,1,76,129,0,129,0,0,0,0,0,47,47,39,39,43,43,91
"7930",29,"[76]GHdDefapFcnwafndbCLCabwlgoHwafobaCJBdzzHdwendaCIKqIhBeaCebcnafwendaqJDafgveK",133,1,76,132,0,132,0,0,0,0,0,38,38,46,46,48,48,91
"7931",30,"[76]GHdDefapFcnwafndbCLCabwlgoHwafobaCJBdzzHdwendaCIKqIhBeaCebcnafwendaqJDafgveK",133,0.992537,76,134,1,133,1,1,0,1,1,35,34,47,47,52,52,91
"7932",31,"[76]GHdDefapFcnwafndbCLCabwlgoHwafobaCJBdzzHdwendaCIKqIhBeaCebcnafwendaqJDafgveK",124,0.984252,76,127,2,125,2,2,0,2,2,53,51,40,40,34,34,91
"7933",32,"[76]GHdDefapFcnwafndbCLCabwlgoHwafobaCJBdzzHdwendaCIKqIhBeaCebcnafwendaqJDafgveK",133,1,76,132,0,132,0,0,0,0,0,47,47,37,37,48,48,91
"7934",33,"[76]GHdDefapFcnwafndbCLCabwlgoHwafobaCJBdzzHdwendaCIKqIhBeaCebcnafwendaqJDafgveK",130,1,76,129,0,129,0,0,0,0,0,44,44,44,44,41,41,91
"7935",34,"[76]GHdDefapFcnwafndbCLCabwlgoHwafobaCJBdzzHdwendaCIKqIhBeaCebcnafwendaqJDafgveK",131,1,76,130,0,130,0,0,0,0,0,41,41,45,45,44,44,91
"7936",35,"[76]GHdDefapFcnwafndbCLCabwlgoHwafobaCJBdzzHdwendaCIKqIhBeaCebcnafwendaqJDafgveK",119,0.968254,76,126,4,122,4,4,0,4,4,46,42,47,47,33,33,91
"7937",36,"[76]GHdDefapFcnwafndbCLCabwlgoHwafobaCJBdzzHdwendaCIKqIhBeaCebcnafwendaqJDafgveK",132,1,76,131,0,131,0,0,0,0,0,43,43,41,41,47,47,91
"7938",37,"[76]GHdDefapFcnwafndbCLCabwlgoHwafobaCJBdzzHdwendaCIKqIhBeaCebcnafwendaqJDafgveK",132,1,76,131,0,131,0,0,0,0,0,33,33,48,48,50,50,91
"7939",38,"[76]GHdDefapFcnwafndbCLCabwlgoHwafobaCJBdzzHdwendaCIKqIhBeaCebcnafwendaqJDafgveK",128,1,76,127,0,127,0,0,0,0,0,43,43,44,44,40,40,91
"7940",39,"[76]GHdDefapFcnwafndbCLCabwlgoHwafobaCJBdzzHdwendaCIKqIhBeaCebcnafwendaqJDafgveK",118,0.968,76,125,4,121,4,4,0,4,4,38,34,53,53,34,34,91
"7941",40,"[76]GHdDefapFcnwafndbCLCabwlgoHwafobaCJBdzzHdwendaCIKqIhBeaCebcnafwendaqJDafgveK",131,0.992424,76,132,1,131,1,1,0,1,1,42,41,42,42,48,48,91
"7942",41,"[76]GHdDefapFcnwafndbCLCabwlgoHwafobaCJBdzzHdwendaCIKqIhBeaCebcnafwendaqJDafgveK",128,0.977444,76,133,3,130,3,3,0,3,3,44,41,41,41,48,48,91
"7943",42,"[76]GHdDefapFcnwafndbCLCabwlgoHwafobaCJBdzzHdwendaCIKqIhBeaCebcnafwendaqJDafgveK",127,0.984615,76,130,2,128,2,2,0,2,2,43,41,44,44,43,43,91
"7944",43,"[76]GHdDefapFcnwafndbCLCabwlgoHwafobaCJBdzzHdwendaCIKqIhBeaCebcnafwendaqJDafgveK",132,1,76,131,0,131,0,0,0,0,0,49,49,36,36,46,46,91
"7945",44,"[76]GHdDefapFcnwafndbCLCabwlgoHwafobaCJBdzzHdwendaCIKqIhBeaCebcnafwendaqJDafgveK",129,1,76,128,0,128,0,0,0,0,0,44,44,42,42,42,42,91
"7946",45,"[76]GHdDefapFcnwafndbCLCabwlgoHwafobaCJBdzzHdwendaCIKqIhBeaCebcnafwendaqJDafgveK",126,0.992126,76,127,1,126,1,1,0,1,1,51,50,40,40,36,36,91
"7947",46,"[76]GHdDefapFcnwafndbCLCabwlgoHwafobaCJBdzzHdwendaCIKqIhBeaCebcnafwendaqJDafgveK",123,0.991935,76,124,1,123,1,1,0,1,1,42,41,48,48,34,34,91
"7948",47,"[76]GHdDefapFcnwafndbCLCabwlgoHwafobaCJBdzzHdwendaCIKqIhBeaCebcnafwendaqJDafgveK",131,0.992424,76,132,1,131,1,1,0,1,1,52,51,34,34,46,46,91
"7949",48,"[76]GHdDefapFcnwafndbCLCabwlgoHwafobaCJBdzzHdwendaCIKqIhBeaCebcnafwendaqJDafgveK",125,0.992063,76,126,1,125,1,1,0,1,1,46,45,44,44,36,36,91
"7950",49,"[76]GHdDefapFcnwafndbCLCabwlgoHwafobaCJBdzzHdwendaCIKqIhBeaCebcnafwendaqJDafgveK",131,0.992424,76,132,1,131,1,1,0,1,1,43,42,40,40,49,49,91
"7951",50,"[76]GHdDefapFcnwafndbCLCabwlgoHwafobaCJBdzzHdwendaCIKqIhBeaCebcnafwendaqJDafgveK",130,1,76,129,0,129,0,0,0,0,0,43,43,43,43,43,43,91
"7952",51,"[76]GHdDefapFcnwafndbCLCabwlgoHwafobaCJBdzzHdwendaCIKqIhBeaCebcnafwendaqJDafgveK",132,1,76,131,0,131,0,0,0,0,0,48,48,38,38,45,45,91
"7953",52,"[76]GHdDefapFcnwafndbCLCabwlgoHwafobaCJBdzzHdwendaCIKqIhBeaCebcnafwendaqJDafgveK",126,0.969925,76,133,4,129,4,4,0,4,4,43,39,48,48,42,42,91
"7954",53,"[76]GHdDefapFcnwafndbCLCabwlgoHwafobaCJBdzzHdwendaCIKqIhBeaCebcnafwendaqJDafgveK",121,0.97619,76,126,3,123,3,3,0,3,3,46,43,46,46,34,34,91
"7955",54,"[76]GHdDefapFcnwafndbCLCabwlgoHwafobaCJBdzzHdwendaCIKqIhBeaCebcnafwendaqJDafgveK",126,0.992126,76,127,1,126,1,1,0,1,1,49,48,42,42,36,36,91
"7956",55,"[76]GHdDefapFcnwafndbCLCabwlgoHwafobaCJBdzzHdwendaCIKqIhBeaCebcnafwendaqJDafgveK",128,1,76,127,0,127,0,0,0,0,0,41,41,46,46,40,40,91
"7957",56,"[76]GHdDefapFcnwafndbCLCabwlgoHwafobaCJBdzzHdwendaCIKqIhBeaCebcnafwendaqJDafgveK",134,0.992593,76,135,1,134,1,1,0,1,1,35,34,45,45,55,55,91
"7958",57,"[76]GHdDefapFcnwafndbCLCabwlgoHwafobaCJBdzzHdwendaCIKqIhBeaCebcnafwendaqJDafgveK",133,1,76,132,0,132,0,0,0,0,0,43,43,42,42,47,47,91
"7959",58,"[76]GHdDefapFcnwafndbCLCabwlgoHwafobaCJBdzzHdwendaCIKqIhBeaCebcnafwendaqJDafgveK",127,0.984615,76,130,2,128,2,2,0,2,2,42,40,46,46,42,42,91
"7960",59,"[76]GHdDefapFcnwafndbCLCabwlgoHwafobaCJBdzzHdwendaCIKqIhBeaCebcnafwendaqJDafgveK",123,0.984127,76,126,2,124,2,2,0,2,2,41,39,48,48,37,37,91
"7961",60,"[76]GHdDefapFcnwafndbCLCabwlgoHwafobaCJBdzzHdwendaCIKqIhBeaCebcnafwendaqJDafgveK",130,0.992366,76,131,1,130,1,1,0,1,1,44,43,41,41,46,46,91
"7962",61,"[76]GHdDefapFcnwafndbCLCabwlgoHwafobaCJBdzzHdwendaCIKqIhBeaCebcnafwendaqJDafgveK",130,1,76,129,0,129,0,0,0,0,0,32,32,50,50,47,47,91
"7963",62,"[76]GHdDefapFcnwafndbCLCabwlgoHwafobaCJBdzzHdwendaCIKqIhBeaCebcnafwendaqJDafgveK",128,0.984733,76,131,2,129,2,2,0,2,2,47,45,40,40,44,44,91
"7964",63,"[76]GHdDefapFcnwafndbCLCabwlgoHwafobaCJBdzzHdwendaCIKqIhBeaCebcnafwendaqJDafgveK",131,1,76,130,0,130,0,0,0,0,0,38,38,45,45,47,47,91
"7965",64,"[76]GHdDefapFcnwafndbCLCabwlgoHwafobaCJBdzzHdwendaCIKqIhBeaCebcnafwendaqJDafgveK",122,1,76,121,0,121,0,0,0,0,0,46,46,47,47,28,28,91
"7966",65,"[76]GHdDefapFcnwafndbCLCabwlgoHwafobaCJBdzzHdwendaCIKqIhBeaCebcnafwendaqJDafgveK",130,0.992366,76,131,1,130,1,1,0,1,1,50,49,41,41,40,40,91
"7967",66,"[76]GHdDefapFcnwafndbCLCabwlgoHwafobaCJBdzzHdwendaCIKqIhBeaCebcnafwendaqJDafgveK",128,0.984733,76,131,2,129,2,2,0,2,2,49,47,39,39,43,43,91
"7968",67,"[76]GHdDefapFcnwafndbCLCabwlgoHwafobaCJBdzzHdwendaCIKqIhBeaCebcnafwendaqJDafgveK",128,1,76,127,0,127,0,0,0,0,0,41,41,45,45,41,41,91
"7969",68,"[76]GHdDefapFcnwafndbCLCabwlgoHwafobaCJBdzzHdwendaCIKqIhBeaCebcnafwendaqJDafgveK",103,0.892308,76,130,14,116,14,14,0,14,14,46,32,52,52,32,32,91
"7970",69,"[76]GHdDefapFcnwafndbCLCabwlgoHwafobaCJBdzzHdwendaCIKqIhBeaCebcnafwendaqJDafgveK",130,0.992366,76,131,1,130,1,1,0,1,1,41,40,44,44,46,46,91
"7971",70,"[76]GHdDefapFcnwafndbCLCabwlgoHwafobaCJBdzzHdwendaCIKqIhBeaCebcnafwendaqJDafgveK",130,1,76,129,0,129,0,0,0,0,0,47,47,41,41,41,41,91
"7972",71,"[76]GHdDefapFcnwafndbCLCabwlgoHwafobaCJBdzzHdwendaCIKqIhBeaCebcnafwendaqJDafgveK",128,1,76,127,0,127,0,0,0,0,0,45,45,42,42,40,40,91
"7973",72,"[76]GHdDefapFcnwafndbCLCabwlgoHwafobaCJBdzzHdwendaCIKqIhBeaCebcnafwendaqJDafgveK",129,1,76,128,0,128,0,0,0,0,0,52,52,36,36,40,40,91
"7974",73,"[76]GHdDefapFcnwafndbCLCabwlgoHwafobaCJBdzzHdwendaCIKqIhBeaCebcnafwendaqJDafgveK",128,1,76,127,0,127,0,0,0,0,0,49,49,39,39,39,39,91
"7975",74,"[76]GHdDefapFcnwafndbCLCabwlgoHwafobaCJBdzzHdwendaCIKqIhBeaCebcnafwendaqJDafgveK",130,0.992366,76,131,1,130,1,1,0,1,1,45,44,42,42,44,44,91
"7976",75,"[76]GHdDefapFcnwafndbCLCabwlgoHwafobaCJBdzzHdwendaCIKqIhBeaCebcnafwendaqJDafgveK",118,0.968,76,125,4,121,4,4,0,4,4,46,42,47,47,32,32,91
"7977",76,"[76]GHdDefapFcnwafndbCLCabwlgoHwafobaCJBdzzHdwendaCIKqIhBeaCebcnafwendaqJDafgveK",125,0.992063,76,126,1,125,1,1,0,1,1,48,47,43,43,35,35,91
"7978",77,"[76]GHdDefapFcnwafndbCLCabwlgoHwafobaCJBdzzHdwendaCIKqIhBeaCebcnafwendaqJDafgveK",126,0.992126,76,127,1,126,1,1,0,1,1,42,41,47,47,38,38,91
"7979",78,"[76]GHdDefapFcnwafndbCLCabwlgoHwafobaCJBdzzHdwendaCIKqIhBeaCebcnafwendaqJDafgveK",121,0.983871,76,124,2,122,2,2,0,2,2,48,46,45,45,31,31,91
"7980",79,"[76]GHdDefapFcnwafndbCLCabwlgoHwafobaCJBdzzHdwendaCIKqIhBeaCebcnafwendaqJDafgveK",129,1,76,128,0,128,0,0,0,0,0,45,45,42,42,41,41,91
"7981",80,"[76]GHdDefapFcnwafndbCLCabwlgoHwafobaCJBdzzHdwendaCIKqIhBeaCebcnafwendaqJDafgveK",123,0.991935,76,124,1,123,1,1,0,1,1,44,43,50,50,30,30,91
"7982",81,"[76]GHdDefapFcnwafndbCLCabwlgoHwafobaCJBdzzHdwendaCIKqIhBeaCebcnafwendaqJDafgveK",133,1,76,132,0,132,0,0,0,0,0,40,40,43,43,49,49,91
"7983",82,"[76]GHdDefapFcnwafndbCLCabwlgoHwafobaCJBdzzHdwendaCIKqIhBeaCebcnafwendaqJDafgveK",131,1,76,130,0,130,0,0,0,0,0,45,45,44,44,41,41,91
"7984",83,"[76]GHdDefapFcnwafndbCLCabwlgoHwafobaCJBdzzHdwendaCIKqIhBeaCebcnafwendaqJDafgveK",129,0.992308,76,130,1,129,1,1,0,1,1,47,46,42,42,41,41,91
"7985",84,"[76]GHdDefapFcnwafndbCLCabwlgoHwafobaCJBdzzHdwendaCIKqIhBeaCebcnafwendaqJDafgveK",128,0.992248,76,129,1,128,1,1,0,1,1,43,42,43,43,43,43,91
"7986",85,"[76]GHdDefapFcnwafndbCLCabwlgoHwafobaCJBdzzHdwendaCIKqIhBeaCebcnafwendaqJDafgveK",124,0.969466,76,131,4,127,4,4,0,4,4,53,49,38,38,40,40,91
"7987",86,"[76]GHdDefapFcnwafndbCLCabwlgoHwafobaCJBdzzHdwendaCIKqIhBeaCebcnafwendaqJDafgveK",130,0.992366,76,131,1,130,1,1,0,1,1,48,47,38,38,45,45,91
"7988",87,"[76]GHdDefapFcnwafndbCLCabwlgoHwafobaCJBdzzHdwendaCIKqIhBeaCebcnafwendaqJDafgveK",128,0.992248,76,129,1,128,1,1,0,1,1,42,41,44,44,43,43,91
"7989",88,"[76]GHdDefapFcnwafndbCLCabwlgoHwafobaCJBdzzHdwendaCIKqIhBeaCebcnafwendaqJDafgveK",122,0.984,76,125,2,123,2,2,0,2,2,42,40,48,48,35,35,91
"7990",89,"[76]GHdDefapFcnwafndbCLCabwlgoHwafobaCJBdzzHdwendaCIKqIhBeaCebcnafwendaqJDafgveK",127,1,76,126,0,126,0,0,0,0,0,53,53,37,37,36,36,91
"7991",90,"[76]GHdDefapFcnwafndbCLCabwlgoHwafobaCJBdzzHdwendaCIKqIhBeaCebcnafwendaqJDafgveK",126,1,76,125,0,125,0,0,0,0,0,41,41,47,47,37,37,91
"7992",91,"[76]GHdDefapFcnwafndbCLCabwlgoHwafobaCJBdzzHdwendaCIKqIhBeaCebcnafwendaqJDafgveK",125,0.984375,76,128,2,126,2,2,0,2,2,42,40,46,46,40,40,91
"7993",92,"[76]GHdDefapFcnwafndbCLCabwlgoHwafobaCJBdzzHdwendaCIKqIhBeaCebcnafwendaqJDafgveK",130,1,76,129,0,129,0,0,0,0,0,39,39,46,46,44,44,91
"7994",93,"[76]GHdDefapFcnwafndbCLCabwlgoHwafobaCJBdzzHdwendaCIKqIhBeaCebcnafwendaqJDafgveK",131,0.992424,76,132,1,131,1,1,0,1,1,51,50,35,35,46,46,91
"7995",94,"[76]GHdDefapFcnwafndbCLCabwlgoHwafobaCJBdzzHdwendaCIKqIhBeaCebcnafwendaqJDafgveK",124,0.984252,76,127,2,125,2,2,0,2,2,38,36,51,51,38,38,91
"7996",95,"[76]GHdDefapFcnwafndbCLCabwlgoHwafobaCJBdzzHdwendaCIKqIhBeaCebcnafwendaqJDafgveK",132,1,76,131,0,131,0,0,0,0,0,47,47,39,39,45,45,91
"7997",96,"[76]GHdDefapFcnwafndbCLCabwlgoHwafobaCJBdzzHdwendaCIKqIhBeaCebcnafwendaqJDafgveK",127,1,76,126,0,126,0,0,0,0,0,35,35,51,51,40,40,91
"7998",97,"[76]GHdDefapFcnwafndbCLCabwlgoHwafobaCJBdzzHdwendaCIKqIhBeaCebcnafwendaqJDafgveK",130,1,76,129,0,129,0,0,0,0,0,39,39,46,46,44,44,91
"7999",98,"[76]GHdDefapFcnwafndbCLCabwlgoHwafobaCJBdzzHdwendaCIKqIhBeaCebcnafwendaqJDafgveK",130,1,76,129,0,129,0,0,0,0,0,52,52,37,37,40,40,91
"8000",99,"[76]GHdDefapFcnwafndbCLCabwlgoHwafobaCJBdzzHdwendaCIKqIhBeaCebcnafwendaqJDafgveK",122,0.99187,76,123,1,122,1,1,0,1,1,42,41,49,49,32,32,91
"8001",0,"[88]GjfffHdwaCBBoFztdDDnABdIgwafndbCLCachvpwafnfCJBdHdwendaCIKqktBwoBeaCabDafwendaqJoafgAoeK",106,0.990654,88,107,1,106,1,1,0,1,1,36,35,29,29,42,42,92
"8002",1,"[88]GjfffHdwaCBBoFztdDDnABdIgwafndbCLCachvpwafnfCJBdHdwendaCIKqktBwoBeaCabDafwendaqJoafgAoeK",101,1,88,100,0,100,0,0,0,0,0,40,40,30,30,30,30,92
"8003",2,"[88]GjfffHdwaCBBoFztdDDnABdIgwafndbCLCachvpwafnfCJBdHdwendaCIKqktBwoBeaCabDafwendaqJoafgAoeK",110,1,88,109,0,109,0,0,0,0,0,34,34,27,27,48,48,92
"8004",3,"[88]GjfffHdwaCBBoFztdDDnABdIgwafndbCLCachvpwafnfCJBdHdwendaCIKqktBwoBeaCabDafwendaqJoafgAoeK",102,0.980952,88,105,2,103,2,2,0,2,2,33,31,37,37,35,35,92
"8005",4,"[88]GjfffHdwaCBBoFztdDDnABdIgwafndbCLCachvpwafnfCJBdHdwendaCIKqktBwoBeaCabDafwendaqJoafgAoeK",112,1,88,111,0,111,0,0,0,0,0,28,28,33,33,50,50,92
"8006",5,"[88]GjfffHdwaCBBoFztdDDnABdIgwafndbCLCachvpwafnfCJBdHdwendaCIKqktBwoBeaCabDafwendaqJoafgAoeK",106,1,88,105,0,105,0,0,0,0,0,35,35,31,31,39,39,92
"8007",6,"[88]GjfffHdwaCBBoFztdDDnABdIgwafndbCLCachvpwafnfCJBdHdwendaCIKqktBwoBeaCabDafwendaqJoafgAoeK",100,0.971429,88,105,3,102,3,3,0,3,3,36,33,35,35,34,34,92
"8008",7,"[88]GjfffHdwaCBBoFztdDDnABdIgwafndbCLCachvpwafnfCJBdHdwendaCIKqktBwoBeaCabDafwendaqJoafgAoeK",101,0.990196,88,102,1,101,1,1,0,1,1,38,37,33,33,31,31,92
"8009",8,"[88]GjfffHdwaCBBoFztdDDnABdIgwafndbCLCachvpwafnfCJBdHdwendaCIKqktBwoBeaCabDafwendaqJoafgAoeK",99,0.971154,88,104,3,101,3,3,0,3,3,35,32,38,38,31,31,92
"8010",9,"[88]GjfffHdwaCBBoFztdDDnABdIgwafndbCLCachvpwafnfCJBdHdwendaCIKqktBwoBeaCabDafwendaqJoafgAoeK",104,1,88,103,0,103,0,0,0,0,0,34,34,34,34,35,35,92
"8011",10,"[88]GjfffHdwaCBBoFztdDDnABdIgwafndbCLCachvpwafnfCJBdHdwendaCIKqktBwoBeaCabDafwendaqJoafgAoeK",105,1,88,104,0,104,0,0,0,0,0,34,34,34,34,36,36,92
"8012",11,"[88]GjfffHdwaCBBoFztdDDnABdIgwafndbCLCachvpwafnfCJBdHdwendaCIKqktBwoBeaCabDafwendaqJoafgAoeK",104,1,88,103,0,103,0,0,0,0,0,36,36,32,32,35,35,92
"8013",12,"[88]GjfffHdwaCBBoFztdDDnABdIgwafndbCLCachvpwafnfCJBdHdwendaCIKqktBwoBeaCabDafwendaqJoafgAoeK",104,1,88,103,0,103,0,0,0,0,0,32,32,36,36,35,35,92
"8014",13,"[88]GjfffHdwaCBBoFztdDDnABdIgwafndbCLCachvpwafnfCJBdHdwendaCIKqktBwoBeaCabDafwendaqJoafgAoeK",106,1,88,105,0,105,0,0,0,0,0,36,36,31,31,38,38,92
"8015",14,"[88]GjfffHdwaCBBoFztdDDnABdIgwafndbCLCachvpwafnfCJBdHdwendaCIKqktBwoBeaCabDafwendaqJoafgAoeK",100,0.990099,88,101,1,100,1,1,0,1,1,38,37,34,34,29,29,92
"8016",15,"[88]GjfffHdwaCBBoFztdDDnABdIgwafndbCLCachvpwafnfCJBdHdwendaCIKqktBwoBeaCabDafwendaqJoafgAoeK",108,0.990826,88,109,1,108,1,1,0,1,1,30,29,33,33,46,46,92
"8017",16,"[88]GjfffHdwaCBBoFztdDDnABdIgwafndbCLCachvpwafnfCJBdHdwendaCIKqktBwoBeaCabDafwendaqJoafgAoeK",101,0.971698,88,106,3,103,3,3,0,3,3,36,33,34,34,36,36,92
"8018",17,"[88]GjfffHdwaCBBoFztdDDnABdIgwafndbCLCachvpwafnfCJBdHdwendaCIKqktBwoBeaCabDafwendaqJoafgAoeK",102,1,88,101,0,101,0,0,0,0,0,30,30,42,42,29,29,92
"8019",18,"[88]GjfffHdwaCBBoFztdDDnABdIgwafndbCLCachvpwafnfCJBdHdwendaCIKqktBwoBeaCabDafwendaqJoafgAoeK",94,0.951456,88,103,5,98,5,5,0,5,5,47,42,29,29,27,27,92
"8020",19,"[88]GjfffHdwaCBBoFztdDDnABdIgwafndbCLCachvpwafnfCJBdHdwendaCIKqktBwoBeaCabDafwendaqJoafgAoeK",100,1,88,99,0,99,0,0,0,0,0,41,41,31,31,27,27,92
"8021",20,"[88]GjfffHdwaCBBoFztdDDnABdIgwafndbCLCachvpwafnfCJBdHdwendaCIKqktBwoBeaCabDafwendaqJoafgAoeK",107,1,88,106,0,106,0,0,0,0,0,27,27,38,38,41,41,92
"8022",21,"[88]GjfffHdwaCBBoFztdDDnABdIgwafndbCLCachvpwafnfCJBdHdwendaCIKqktBwoBeaCabDafwendaqJoafgAoeK",98,0.989899,88,99,1,98,1,1,0,1,1,36,35,38,38,25,25,92
"8023",22,"[88]GjfffHdwaCBBoFztdDDnABdIgwafndbCLCachvpwafnfCJBdHdwendaCIKqktBwoBeaCabDafwendaqJoafgAoeK",108,0.990826,88,109,1,108,1,1,0,1,1,31,30,32,32,46,46,92
"8024",23,"[88]GjfffHdwaCBBoFztdDDnABdIgwafndbCLCachvpwafnfCJBdHdwendaCIKqktBwoBeaCabDafwendaqJoafgAoeK",96,0.970297,88,101,3,98,3,3,0,3,3,39,36,36,36,26,26,92
"8025",24,"[88]GjfffHdwaCBBoFztdDDnABdIgwafndbCLCachvpwafnfCJBdHdwendaCIKqktBwoBeaCabDafwendaqJoafgAoeK",101,0.990196,88,102,1,101,1,1,0,1,1,40,39,30,30,32,32,92
"8026",25,"[88]GjfffHdwaCBBoFztdDDnABdIgwafndbCLCachvpwafnfCJBdHdwendaCIKqktBwoBeaCabDafwendaqJoafgAoeK",102,1,88,101,0,101,0,0,0,0,0,37,37,33,33,31,31,92
"8027",26,"[88]GjfffHdwaCBBoFztdDDnABdIgwafndbCLCachvpwafnfCJBdHdwendaCIKqktBwoBeaCabDafwendaqJoafgAoeK",104,1,88,103,0,103,0,0,0,0,0,42,42,26,26,35,35,92
"8028",27,"[88]GjfffHdwaCBBoFztdDDnABdIgwafndbCLCachvpwafnfCJBdHdwendaCIKqktBwoBeaCabDafwendaqJoafgAoeK",104,1,88,103,0,103,0,0,0,0,0,37,37,30,30,36,36,92
"8029",28,"[88]GjfffHdwaCBBoFztdDDnABdIgwafndbCLCachvpwafnfCJBdHdwendaCIKqktBwoBeaCabDafwendaqJoafgAoeK",97,1,88,96,0,96,0,0,0,0,0,40,40,35,35,21,21,92
"8030",29,"[88]GjfffHdwaCBBoFztdDDnABdIgwafndbCLCachvpwafnfCJBdHdwendaCIKqktBwoBeaCabDafwendaqJoafgAoeK",101,0.990196,88,102,1,101,1,1,0,1,1,40,39,30,30,32,32,92
"8031",30,"[88]GjfffHdwaCBBoFztdDDnABdIgwafndbCLCachvpwafnfCJBdHdwendaCIKqktBwoBeaCabDafwendaqJoafgAoeK",108,1,88,107,0,107,0,0,0,0,0,32,32,32,32,43,43,92
"8032",31,"[88]GjfffHdwaCBBoFztdDDnABdIgwafndbCLCachvpwafnfCJBdHdwendaCIKqktBwoBeaCabDafwendaqJoafgAoeK",108,0.990826,88,109,1,108,1,1,0,1,1,38,37,26,26,45,45,92
"8033",32,"[88]GjfffHdwaCBBoFztdDDnABdIgwafndbCLCachvpwafnfCJBdHdwendaCIKqktBwoBeaCabDafwendaqJoafgAoeK",104,1,88,103,0,103,0,0,0,0,0,39,39,29,29,35,35,92
"8034",33,"[88]GjfffHdwaCBBoFztdDDnABdIgwafndbCLCachvpwafnfCJBdHdwendaCIKqktBwoBeaCabDafwendaqJoafgAoeK",105,1,88,104,0,104,0,0,0,0,0,31,31,36,36,37,37,92
"8035",34,"[88]GjfffHdwaCBBoFztdDDnABdIgwafndbCLCachvpwafnfCJBdHdwendaCIKqktBwoBeaCabDafwendaqJoafgAoeK",105,1,88,104,0,104,0,0,0,0,0,37,37,30,30,37,37,92
"8036",35,"[88]GjfffHdwaCBBoFztdDDnABdIgwafndbCLCachvpwafnfCJBdHdwendaCIKqktBwoBeaCabDafwendaqJoafgAoeK",104,0.990476,88,105,1,104,1,1,0,1,1,40,39,28,28,37,37,92
"8037",36,"[88]GjfffHdwaCBBoFztdDDnABdIgwafndbCLCachvpwafnfCJBdHdwendaCIKqktBwoBeaCabDafwendaqJoafgAoeK",109,1,88,108,0,108,0,0,0,0,0,30,30,33,33,45,45,92
"8038",37,"[88]GjfffHdwaCBBoFztdDDnABdIgwafndbCLCachvpwafnfCJBdHdwendaCIKqktBwoBeaCabDafwendaqJoafgAoeK",102,1,88,101,0,101,0,0,0,0,0,38,38,32,32,31,31,92
"8039",38,"[88]GjfffHdwaCBBoFztdDDnABdIgwafndbCLCachvpwafnfCJBdHdwendaCIKqktBwoBeaCabDafwendaqJoafgAoeK",104,0.990476,88,105,1,104,1,1,0,1,1,32,31,37,37,36,36,92
"8040",39,"[88]GjfffHdwaCBBoFztdDDnABdIgwafndbCLCachvpwafnfCJBdHdwendaCIKqktBwoBeaCabDafwendaqJoafgAoeK",111,1,88,110,0,110,0,0,0,0,0,22,22,41,41,47,47,92
"8041",40,"[88]GjfffHdwaCBBoFztdDDnABdIgwafndbCLCachvpwafnfCJBdHdwendaCIKqktBwoBeaCabDafwendaqJoafgAoeK",109,1,88,108,0,108,0,0,0,0,0,30,30,34,34,44,44,92
"8042",41,"[88]GjfffHdwaCBBoFztdDDnABdIgwafndbCLCachvpwafnfCJBdHdwendaCIKqktBwoBeaCabDafwendaqJoafgAoeK",103,0.981132,88,106,2,104,2,2,0,2,2,33,31,35,35,38,38,92
"8043",42,"[88]GjfffHdwaCBBoFztdDDnABdIgwafndbCLCachvpwafnfCJBdHdwendaCIKqktBwoBeaCabDafwendaqJoafgAoeK",99,1,88,98,0,98,0,0,0,0,0,40,40,33,33,25,25,92
"8044",43,"[88]GjfffHdwaCBBoFztdDDnABdIgwafndbCLCachvpwafnfCJBdHdwendaCIKqktBwoBeaCabDafwendaqJoafgAoeK",99,0.99,88,100,1,99,1,1,0,1,1,38,37,35,35,27,27,92
"8045",44,"[88]GjfffHdwaCBBoFztdDDnABdIgwafndbCLCachvpwafnfCJBdHdwendaCIKqktBwoBeaCabDafwendaqJoafgAoeK",105,1,88,104,0,104,0,0,0,0,0,36,36,31,31,37,37,92
"8046",45,"[88]GjfffHdwaCBBoFztdDDnABdIgwafndbCLCachvpwafnfCJBdHdwendaCIKqktBwoBeaCabDafwendaqJoafgAoeK",101,0.990196,88,102,1,101,1,1,0,1,1,37,36,33,33,32,32,92
"8047",46,"[88]GjfffHdwaCBBoFztdDDnABdIgwafndbCLCachvpwafnfCJBdHdwendaCIKqktBwoBeaCabDafwendaqJoafgAoeK",101,0.990196,88,102,1,101,1,1,0,1,1,39,38,31,31,32,32,92
"8048",47,"[88]GjfffHdwaCBBoFztdDDnABdIgwafndbCLCachvpwafnfCJBdHdwendaCIKqktBwoBeaCabDafwendaqJoafgAoeK",97,0.961538,88,104,4,100,4,4,0,4,4,34,30,40,40,30,30,92
"8049",48,"[88]GjfffHdwaCBBoFztdDDnABdIgwafndbCLCachvpwafnfCJBdHdwendaCIKqktBwoBeaCabDafwendaqJoafgAoeK",107,1,88,106,0,106,0,0,0,0,0,41,41,24,24,41,41,92
"8050",49,"[88]GjfffHdwaCBBoFztdDDnABdIgwafndbCLCachvpwafnfCJBdHdwendaCIKqktBwoBeaCabDafwendaqJoafgAoeK",104,0.990476,88,105,1,104,1,1,0,1,1,35,34,32,32,38,38,92
"8051",50,"[88]GjfffHdwaCBBoFztdDDnABdIgwafndbCLCachvpwafnfCJBdHdwendaCIKqktBwoBeaCabDafwendaqJoafgAoeK",103,1,88,102,0,102,0,0,0,0,0,30,30,39,39,33,33,92
"8052",51,"[88]GjfffHdwaCBBoFztdDDnABdIgwafndbCLCachvpwafnfCJBdHdwendaCIKqktBwoBeaCabDafwendaqJoafgAoeK",109,1,88,108,0,108,0,0,0,0,0,32,32,32,32,44,44,92
"8053",52,"[88]GjfffHdwaCBBoFztdDDnABdIgwafndbCLCachvpwafnfCJBdHdwendaCIKqktBwoBeaCabDafwendaqJoafgAoeK",103,1,88,102,0,102,0,0,0,0,0,32,32,37,37,33,33,92
"8054",53,"[88]GjfffHdwaCBBoFztdDDnABdIgwafndbCLCachvpwafnfCJBdHdwendaCIKqktBwoBeaCabDafwendaqJoafgAoeK",107,1,88,106,0,106,0,0,0,0,0,36,36,28,28,42,42,92
"8055",54,"[88]GjfffHdwaCBBoFztdDDnABdIgwafndbCLCachvpwafnfCJBdHdwendaCIKqktBwoBeaCabDafwendaqJoafgAoeK",105,0.972727,88,110,3,107,3,3,0,3,3,27,24,39,39,44,44,92
"8056",55,"[88]GjfffHdwaCBBoFztdDDnABdIgwafndbCLCachvpwafnfCJBdHdwendaCIKqktBwoBeaCabDafwendaqJoafgAoeK",101,1,88,100,0,100,0,0,0,0,0,44,44,26,26,30,30,92
"8057",56,"[88]GjfffHdwaCBBoFztdDDnABdIgwafndbCLCachvpwafnfCJBdHdwendaCIKqktBwoBeaCabDafwendaqJoafgAoeK",102,0.990291,88,103,1,102,1,1,0,1,1,44,43,26,26,33,33,92
"8058",57,"[88]GjfffHdwaCBBoFztdDDnABdIgwafndbCLCachvpwafnfCJBdHdwendaCIKqktBwoBeaCabDafwendaqJoafgAoeK",100,1,88,99,0,99,0,0,0,0,0,35,35,37,37,27,27,92
"8059",58,"[88]GjfffHdwaCBBoFztdDDnABdIgwafndbCLCachvpwafnfCJBdHdwendaCIKqktBwoBeaCabDafwendaqJoafgAoeK",101,1,88,100,0,100,0,0,0,0,0,38,38,33,33,29,29,92
"8060",59,"[88]GjfffHdwaCBBoFztdDDnABdIgwafndbCLCachvpwafnfCJBdHdwendaCIKqktBwoBeaCabDafwendaqJoafgAoeK",104,1,88,103,0,103,0,0,0,0,0,36,36,33,33,34,34,92
"8061",60,"[88]GjfffHdwaCBBoFztdDDnABdIgwafndbCLCachvpwafnfCJBdHdwendaCIKqktBwoBeaCabDafwendaqJoafgAoeK",105,1,88,104,0,104,0,0,0,0,0,32,32,36,36,36,36,92
"8062",61,"[88]GjfffHdwaCBBoFztdDDnABdIgwafndbCLCachvpwafnfCJBdHdwendaCIKqktBwoBeaCabDafwendaqJoafgAoeK",102,1,88,101,0,101,0,0,0,0,0,31,31,39,39,31,31,92
"8063",62,"[88]GjfffHdwaCBBoFztdDDnABdIgwafndbCLCachvpwafnfCJBdHdwendaCIKqktBwoBeaCabDafwendaqJoafgAoeK",105,0.990566,88,106,1,105,1,1,0,1,1,32,31,36,36,38,38,92
"8064",63,"[88]GjfffHdwaCBBoFztdDDnABdIgwafndbCLCachvpwafnfCJBdHdwendaCIKqktBwoBeaCabDafwendaqJoafgAoeK",104,0.990476,88,105,1,104,1,1,0,1,1,37,36,30,30,38,38,92
"8065",64,"[88]GjfffHdwaCBBoFztdDDnABdIgwafndbCLCachvpwafnfCJBdHdwendaCIKqktBwoBeaCabDafwendaqJoafgAoeK",99,0.99,88,100,1,99,1,1,0,1,1,39,38,33,33,28,28,92
"8066",65,"[88]GjfffHdwaCBBoFztdDDnABdIgwafndbCLCachvpwafnfCJBdHdwendaCIKqktBwoBeaCabDafwendaqJoafgAoeK",89,0.885965,88,114,13,101,13,13,0,13,13,38,25,40,40,36,36,92
"8067",66,"[88]GjfffHdwaCBBoFztdDDnABdIgwafndbCLCachvpwafnfCJBdHdwendaCIKqktBwoBeaCabDafwendaqJoafgAoeK",103,0.990385,88,104,1,103,1,1,0,1,1,34,33,35,35,35,35,92
"8068",67,"[88]GjfffHdwaCBBoFztdDDnABdIgwafndbCLCachvpwafnfCJBdHdwendaCIKqktBwoBeaCabDafwendaqJoafgAoeK",103,1,88,102,0,102,0,0,0,0,0,33,33,37,37,32,32,92
"8069",68,"[88]GjfffHdwaCBBoFztdDDnABdIgwafndbCLCachvpwafnfCJBdHdwendaCIKqktBwoBeaCabDafwendaqJoafgAoeK",105,0.990566,88,106,1,105,1,1,0,1,1,32,31,36,36,38,38,92
"8070",69,"[88]GjfffHdwaCBBoFztdDDnABdIgwafndbCLCachvpwafnfCJBdHdwendaCIKqktBwoBeaCabDafwendaqJoafgAoeK",102,0.980952,88,105,2,103,2,2,0,2,2,39,37,30,30,36,36,92
"8071",70,"[88]GjfffHdwaCBBoFztdDDnABdIgwafndbCLCachvpwafnfCJBdHdwendaCIKqktBwoBeaCabDafwendaqJoafgAoeK",108,1,88,107,0,107,0,0,0,0,0,31,31,33,33,43,43,92
"8072",71,"[88]GjfffHdwaCBBoFztdDDnABdIgwafndbCLCachvpwafnfCJBdHdwendaCIKqktBwoBeaCabDafwendaqJoafgAoeK",102,0.990291,88,103,1,102,1,1,0,1,1,29,28,41,41,33,33,92
"8073",72,"[88]GjfffHdwaCBBoFztdDDnABdIgwafndbCLCachvpwafnfCJBdHdwendaCIKqktBwoBeaCabDafwendaqJoafgAoeK",101,1,88,100,0,100,0,0,0,0,0,35,35,36,36,29,29,92
"8074",73,"[88]GjfffHdwaCBBoFztdDDnABdIgwafndbCLCachvpwafnfCJBdHdwendaCIKqktBwoBeaCabDafwendaqJoafgAoeK",104,1,88,103,0,103,0,0,0,0,0,34,34,35,35,34,34,92
"8075",74,"[88]GjfffHdwaCBBoFztdDDnABdIgwafndbCLCachvpwafnfCJBdHdwendaCIKqktBwoBeaCabDafwendaqJoafgAoeK",97,0.970588,88,102,3,99,3,3,0,3,3,32,29,43,43,27,27,92
"8076",75,"[88]GjfffHdwaCBBoFztdDDnABdIgwafndbCLCachvpwafnfCJBdHdwendaCIKqktBwoBeaCabDafwendaqJoafgAoeK",102,0.990291,88,103,1,102,1,1,0,1,1,32,31,39,39,32,32,92
"8077",76,"[88]GjfffHdwaCBBoFztdDDnABdIgwafndbCLCachvpwafnfCJBdHdwendaCIKqktBwoBeaCabDafwendaqJoafgAoeK",104,1,88,103,0,103,0,0,0,0,0,38,38,30,30,35,35,92
"8078",77,"[88]GjfffHdwaCBBoFztdDDnABdIgwafndbCLCachvpwafnfCJBdHdwendaCIKqktBwoBeaCabDafwendaqJoafgAoeK",99,1,88,98,0,98,0,0,0,0,0,42,42,30,30,26,26,92
"8079",78,"[88]GjfffHdwaCBBoFztdDDnABdIgwafndbCLCachvpwafnfCJBdHdwendaCIKqktBwoBeaCabDafwendaqJoafgAoeK",98,0.944954,88,109,6,103,6,6,0,6,6,35,29,37,37,37,37,92
"8080",79,"[88]GjfffHdwaCBBoFztdDDnABdIgwafndbCLCachvpwafnfCJBdHdwendaCIKqktBwoBeaCabDafwendaqJoafgAoeK",103,1,88,102,0,102,0,0,0,0,0,37,37,32,32,33,33,92
"8081",80,"[88]GjfffHdwaCBBoFztdDDnABdIgwafndbCLCachvpwafnfCJBdHdwendaCIKqktBwoBeaCabDafwendaqJoafgAoeK",104,1,88,103,0,103,0,0,0,0,0,38,38,29,29,36,36,92
"8082",81,"[88]GjfffHdwaCBBoFztdDDnABdIgwafndbCLCachvpwafnfCJBdHdwendaCIKqktBwoBeaCabDafwendaqJoafgAoeK",102,0.980952,88,105,2,103,2,2,0,2,2,42,40,26,26,37,37,92
"8083",82,"[88]GjfffHdwaCBBoFztdDDnABdIgwafndbCLCachvpwafnfCJBdHdwendaCIKqktBwoBeaCabDafwendaqJoafgAoeK",107,0.990741,88,108,1,107,1,1,0,1,1,31,30,34,34,43,43,92
"8084",83,"[88]GjfffHdwaCBBoFztdDDnABdIgwafndbCLCachvpwafnfCJBdHdwendaCIKqktBwoBeaCabDafwendaqJoafgAoeK",100,0.980583,88,103,2,101,2,2,0,2,2,45,43,26,26,32,32,92
"8085",84,"[88]GjfffHdwaCBBoFztdDDnABdIgwafndbCLCachvpwafnfCJBdHdwendaCIKqktBwoBeaCabDafwendaqJoafgAoeK",95,0.960784,88,102,4,98,4,4,0,4,4,43,39,32,32,27,27,92
"8086",85,"[88]GjfffHdwaCBBoFztdDDnABdIgwafndbCLCachvpwafnfCJBdHdwendaCIKqktBwoBeaCabDafwendaqJoafgAoeK",97,0.95283,88,106,5,101,5,5,0,5,5,40,35,32,32,34,34,92
"8087",86,"[88]GjfffHdwaCBBoFztdDDnABdIgwafndbCLCachvpwafnfCJBdHdwendaCIKqktBwoBeaCabDafwendaqJoafgAoeK",99,0.945455,88,110,6,104,6,6,0,6,6,38,32,32,32,40,40,92
"8088",87,"[88]GjfffHdwaCBBoFztdDDnABdIgwafndbCLCachvpwafnfCJBdHdwendaCIKqktBwoBeaCabDafwendaqJoafgAoeK",99,0.99,88,100,1,99,1,1,0,1,1,35,34,38,38,27,27,92
"8089",88,"[88]GjfffHdwaCBBoFztdDDnABdIgwafndbCLCachvpwafnfCJBdHdwendaCIKqktBwoBeaCabDafwendaqJoafgAoeK",99,0.980392,88,102,2,100,2,2,0,2,2,38,36,34,34,30,30,92
"8090",89,"[88]GjfffHdwaCBBoFztdDDnABdIgwafndbCLCachvpwafnfCJBdHdwendaCIKqktBwoBeaCabDafwendaqJoafgAoeK",101,1,88,100,0,100,0,0,0,0,0,28,28,44,44,28,28,92
"8091",90,"[88]GjfffHdwaCBBoFztdDDnABdIgwafndbCLCachvpwafnfCJBdHdwendaCIKqktBwoBeaCabDafwendaqJoafgAoeK",101,1,88,100,0,100,0,0,0,0,0,31,31,41,41,28,28,92
"8092",91,"[88]GjfffHdwaCBBoFztdDDnABdIgwafndbCLCachvpwafnfCJBdHdwendaCIKqktBwoBeaCabDafwendaqJoafgAoeK",104,1,88,103,0,103,0,0,0,0,0,32,32,36,36,35,35,92
"8093",92,"[88]GjfffHdwaCBBoFztdDDnABdIgwafndbCLCachvpwafnfCJBdHdwendaCIKqktBwoBeaCabDafwendaqJoafgAoeK",101,1,88,100,0,100,0,0,0,0,0,35,35,37,37,28,28,92
"8094",93,"[88]GjfffHdwaCBBoFztdDDnABdIgwafndbCLCachvpwafnfCJBdHdwendaCIKqktBwoBeaCabDafwendaqJoafgAoeK",104,0.972477,88,109,3,106,3,3,0,3,3,31,28,36,36,42,42,92
"8095",94,"[88]GjfffHdwaCBBoFztdDDnABdIgwafndbCLCachvpwafnfCJBdHdwendaCIKqktBwoBeaCabDafwendaqJoafgAoeK",104,1,88,103,0,103,0,0,0,0,0,42,42,25,25,36,36,92
"8096",95,"[88]GjfffHdwaCBBoFztdDDnABdIgwafndbCLCachvpwafnfCJBdHdwendaCIKqktBwoBeaCabDafwendaqJoafgAoeK",98,0.944954,88,109,6,103,6,6,0,6,6,39,33,33,33,37,37,92
"8097",96,"[88]GjfffHdwaCBBoFztdDDnABdIgwafndbCLCachvpwafnfCJBdHdwendaCIKqktBwoBeaCabDafwendaqJoafgAoeK",99,0.99,88,100,1,99,1,1,0,1,1,30,29,45,45,25,25,92
"8098",97,"[88]GjfffHdwaCBBoFztdDDnABdIgwafndbCLCachvpwafnfCJBdHdwendaCIKqktBwoBeaCabDafwendaqJoafgAoeK",100,1,88,99,0,99,0,0,0,0,0,38,38,34,34,27,27,92
"8099",98,"[88]GjfffHdwaCBBoFztdDDnABdIgwafndbCLCachvpwafnfCJBdHdwendaCIKqktBwoBeaCabDafwendaqJoafgAoeK",100,1,88,99,0,99,0,0,0,0,0,36,36,36,36,27,27,92
"8100",99,"[88]GjfffHdwaCBBoFztdDDnABdIgwafndbCLCachvpwafnfCJBdHdwendaCIKqktBwoBeaCabDafwendaqJoafgAoeK",108,1,88,107,0,107,0,0,0,0,0,32,32,33,33,42,42,92
"8101",0,"[75]GjfffHdwaCGxHLiwandbCLCebBGEqywafnfCJBdHdwandfCyIKoeaBeaCecxafwendaCJCafgeK",112,1,75,111,0,111,0,0,0,0,0,33,33,34,34,44,44,93
"8102",1,"[75]GjfffHdwaCGxHLiwandbCLCebBGEqywafnfCJBdHdwandfCyIKoeaBeaCecxafwendaCJCafgeK",110,1,75,109,0,109,0,0,0,0,0,34,34,36,36,39,39,93
"8103",2,"[75]GjfffHdwaCGxHLiwandbCLCebBGEqywafnfCJBdHdwandfCyIKoeaBeaCecxafwendaCJCafgeK",103,1,75,102,0,102,0,0,0,0,0,31,31,47,47,24,24,93
"8104",3,"[75]GjfffHdwaCGxHLiwandbCLCebBGEqywafnfCJBdHdwandfCyIKoeaBeaCecxafwendaCJCafgeK",108,0.973451,75,113,3,110,3,3,0,3,3,47,44,24,24,42,42,93
"8105",4,"[75]GjfffHdwaCGxHLiwandbCLCebBGEqywafnfCJBdHdwandfCyIKoeaBeaCecxafwendaCJCafgeK",105,1,75,104,0,104,0,0,0,0,0,45,45,32,32,27,27,93
"8106",5,"[75]GjfffHdwaCGxHLiwandbCLCebBGEqywafnfCJBdHdwandfCyIKoeaBeaCecxafwendaCJCafgeK",105,0.990566,75,106,1,105,1,1,0,1,1,34,33,40,40,32,32,93
"8107",6,"[75]GjfffHdwaCGxHLiwandbCLCebBGEqywafnfCJBdHdwandfCyIKoeaBeaCecxafwendaCJCafgeK",108,0.981982,75,111,2,109,2,2,0,2,2,42,40,30,30,39,39,93
"8108",7,"[75]GjfffHdwaCGxHLiwandbCLCebBGEqywafnfCJBdHdwandfCyIKoeaBeaCecxafwendaCJCafgeK",107,1,75,106,0,106,0,0,0,0,0,39,39,35,35,32,32,93
"8109",8,"[75]GjfffHdwaCGxHLiwandbCLCebBGEqywafnfCJBdHdwandfCyIKoeaBeaCecxafwendaCJCafgeK",105,0.972727,75,110,3,107,3,3,0,3,3,38,35,35,35,37,37,93
"8110",9,"[75]GjfffHdwaCGxHLiwandbCLCebBGEqywafnfCJBdHdwandfCyIKoeaBeaCecxafwendaCJCafgeK",106,1,75,105,0,105,0,0,0,0,0,35,35,39,39,31,31,93
"8111",10,"[75]GjfffHdwaCGxHLiwandbCLCebBGEqywafnfCJBdHdwandfCyIKoeaBeaCecxafwendaCJCafgeK",105,0.990566,75,106,1,105,1,1,0,1,1,31,30,43,43,32,32,93
"8112",11,"[75]GjfffHdwaCGxHLiwandbCLCebBGEqywafnfCJBdHdwandfCyIKoeaBeaCecxafwendaCJCafgeK",108,1,75,107,0,107,0,0,0,0,0,35,35,36,36,36,36,93
"8113",12,"[75]GjfffHdwaCGxHLiwandbCLCebBGEqywafnfCJBdHdwandfCyIKoeaBeaCecxafwendaCJCafgeK",108,1,75,107,0,107,0,0,0,0,0,41,41,31,31,35,35,93
"8114",13,"[75]GjfffHdwaCGxHLiwandbCLCebBGEqywafnfCJBdHdwandfCyIKoeaBeaCecxafwendaCJCafgeK",110,1,75,109,0,109,0,0,0,0,0,41,41,29,29,39,39,93
"8115",14,"[75]GjfffHdwaCGxHLiwandbCLCebBGEqywafnfCJBdHdwandfCyIKoeaBeaCecxafwendaCJCafgeK",108,0.990826,75,109,1,108,1,1,0,1,1,38,37,33,33,38,38,93
"8116",15,"[75]GjfffHdwaCGxHLiwandbCLCebBGEqywafnfCJBdHdwandfCyIKoeaBeaCecxafwendaCJCafgeK",112,1,75,111,0,111,0,0,0,0,0,40,40,28,28,43,43,93
"8117",16,"[75]GjfffHdwaCGxHLiwandbCLCebBGEqywafnfCJBdHdwandfCyIKoeaBeaCecxafwendaCJCafgeK",113,0.991228,75,114,1,113,1,1,0,1,1,38,37,27,27,49,49,93
"8118",17,"[75]GjfffHdwaCGxHLiwandbCLCebBGEqywafnfCJBdHdwandfCyIKoeaBeaCecxafwendaCJCafgeK",104,0.990476,75,105,1,104,1,1,0,1,1,27,26,47,47,31,31,93
"8119",18,"[75]GjfffHdwaCGxHLiwandbCLCebBGEqywafnfCJBdHdwandfCyIKoeaBeaCecxafwendaCJCafgeK",104,0.981308,75,107,2,105,2,2,0,2,2,32,30,42,42,33,33,93
"8120",19,"[75]GjfffHdwaCGxHLiwandbCLCebBGEqywafnfCJBdHdwandfCyIKoeaBeaCecxafwendaCJCafgeK",109,1,75,108,0,108,0,0,0,0,0,42,42,29,29,37,37,93
"8121",20,"[75]GjfffHdwaCGxHLiwandbCLCebBGEqywafnfCJBdHdwandfCyIKoeaBeaCecxafwendaCJCafgeK",106,0.981651,75,109,2,107,2,2,0,2,2,39,37,34,34,36,36,93
"8122",21,"[75]GjfffHdwaCGxHLiwandbCLCebBGEqywafnfCJBdHdwandfCyIKoeaBeaCecxafwendaCJCafgeK",105,0.981481,75,108,2,106,2,2,0,2,2,34,32,40,40,34,34,93
"8123",22,"[75]GjfffHdwaCGxHLiwandbCLCebBGEqywafnfCJBdHdwandfCyIKoeaBeaCecxafwendaCJCafgeK",108,0.990826,75,109,1,108,1,1,0,1,1,35,34,37,37,37,37,93
"8124",23,"[75]GjfffHdwaCGxHLiwandbCLCebBGEqywafnfCJBdHdwandfCyIKoeaBeaCecxafwendaCJCafgeK",109,0.990909,75,110,1,109,1,1,0,1,1,33,32,36,36,41,41,93
"8125",24,"[75]GjfffHdwaCGxHLiwandbCLCebBGEqywafnfCJBdHdwandfCyIKoeaBeaCecxafwendaCJCafgeK",105,1,75,104,0,104,0,0,0,0,0,40,40,36,36,28,28,93
"8126",25,"[75]GjfffHdwaCGxHLiwandbCLCebBGEqywafnfCJBdHdwandfCyIKoeaBeaCecxafwendaCJCafgeK",105,1,75,104,0,104,0,0,0,0,0,39,39,37,37,28,28,93
"8127",26,"[75]GjfffHdwaCGxHLiwandbCLCebBGEqywafnfCJBdHdwandfCyIKoeaBeaCecxafwendaCJCafgeK",105,0.990566,75,106,1,105,1,1,0,1,1,32,31,43,43,31,31,93
"8128",27,"[75]GjfffHdwaCGxHLiwandbCLCebBGEqywafnfCJBdHdwandfCyIKoeaBeaCecxafwendaCJCafgeK",106,1,75,105,0,105,0,0,0,0,0,31,31,43,43,31,31,93
"8129",28,"[75]GjfffHdwaCGxHLiwandbCLCebBGEqywafnfCJBdHdwandfCyIKoeaBeaCecxafwendaCJCafgeK",107,1,75,106,0,106,0,0,0,0,0,25,25,46,46,35,35,93
"8130",29,"[75]GjfffHdwaCGxHLiwandbCLCebBGEqywafnfCJBdHdwandfCyIKoeaBeaCecxafwendaCJCafgeK",106,0.990654,75,107,1,106,1,1,0,1,1,33,32,41,41,33,33,93
"8131",30,"[75]GjfffHdwaCGxHLiwandbCLCebBGEqywafnfCJBdHdwandfCyIKoeaBeaCecxafwendaCJCafgeK",104,0.990476,75,105,1,104,1,1,0,1,1,37,36,39,39,29,29,93
"8132",31,"[75]GjfffHdwaCGxHLiwandbCLCebBGEqywafnfCJBdHdwandfCyIKoeaBeaCecxafwendaCJCafgeK",110,0.990991,75,111,1,110,1,1,0,1,1,44,43,25,25,42,42,93
"8133",32,"[75]GjfffHdwaCGxHLiwandbCLCebBGEqywafnfCJBdHdwandfCyIKoeaBeaCecxafwendaCJCafgeK",105,1,75,104,0,104,0,0,0,0,0,36,36,39,39,29,29,93
"8134",33,"[75]GjfffHdwaCGxHLiwandbCLCebBGEqywafnfCJBdHdwandfCyIKoeaBeaCecxafwendaCJCafgeK",106,0.981651,75,109,2,107,2,2,0,2,2,36,34,37,37,36,36,93
"8135",34,"[75]GjfffHdwaCGxHLiwandbCLCebBGEqywafnfCJBdHdwandfCyIKoeaBeaCecxafwendaCJCafgeK",104,1,75,103,0,103,0,0,0,0,0,32,32,45,45,26,26,93
"8136",35,"[75]GjfffHdwaCGxHLiwandbCLCebBGEqywafnfCJBdHdwandfCyIKoeaBeaCecxafwendaCJCafgeK",103,0.981132,75,106,2,104,2,2,0,2,2,42,40,35,35,29,29,93
"8137",36,"[75]GjfffHdwaCGxHLiwandbCLCebBGEqywafnfCJBdHdwandfCyIKoeaBeaCecxafwendaCJCafgeK",105,0.981481,75,108,2,106,2,2,0,2,2,38,36,36,36,34,34,93
"8138",37,"[75]GjfffHdwaCGxHLiwandbCLCebBGEqywafnfCJBdHdwandfCyIKoeaBeaCecxafwendaCJCafgeK",106,1,75,105,0,105,0,0,0,0,0,39,39,36,36,30,30,93
"8139",38,"[75]GjfffHdwaCGxHLiwandbCLCebBGEqywafnfCJBdHdwandfCyIKoeaBeaCecxafwendaCJCafgeK",106,0.990654,75,107,1,106,1,1,0,1,1,37,36,36,36,34,34,93
"8140",39,"[75]GjfffHdwaCGxHLiwandbCLCebBGEqywafnfCJBdHdwandfCyIKoeaBeaCecxafwendaCJCafgeK",107,0.990741,75,108,1,107,1,1,0,1,1,43,42,31,31,34,34,93
"8141",40,"[75]GjfffHdwaCGxHLiwandbCLCebBGEqywafnfCJBdHdwandfCyIKoeaBeaCecxafwendaCJCafgeK",109,0.990909,75,110,1,109,1,1,0,1,1,29,28,41,41,40,40,93
"8142",41,"[75]GjfffHdwaCGxHLiwandbCLCebBGEqywafnfCJBdHdwandfCyIKoeaBeaCecxafwendaCJCafgeK",108,0.990826,75,109,1,108,1,1,0,1,1,41,40,30,30,38,38,93
"8143",42,"[75]GjfffHdwaCGxHLiwandbCLCebBGEqywafnfCJBdHdwandfCyIKoeaBeaCecxafwendaCJCafgeK",102,0.963303,75,109,4,105,4,4,0,4,4,41,37,36,36,32,32,93
"8144",43,"[75]GjfffHdwaCGxHLiwandbCLCebBGEqywafnfCJBdHdwandfCyIKoeaBeaCecxafwendaCJCafgeK",103,0.981132,75,106,2,104,2,2,0,2,2,37,35,39,39,30,30,93
"8145",44,"[75]GjfffHdwaCGxHLiwandbCLCebBGEqywafnfCJBdHdwandfCyIKoeaBeaCecxafwendaCJCafgeK",105,0.990566,75,106,1,105,1,1,0,1,1,35,34,39,39,32,32,93
"8146",45,"[75]GjfffHdwaCGxHLiwandbCLCebBGEqywafnfCJBdHdwandfCyIKoeaBeaCecxafwendaCJCafgeK",109,1,75,108,0,108,0,0,0,0,0,43,43,29,29,36,36,93
"8147",46,"[75]GjfffHdwaCGxHLiwandbCLCebBGEqywafnfCJBdHdwandfCyIKoeaBeaCecxafwendaCJCafgeK",108,1,75,107,0,107,0,0,0,0,0,36,36,36,36,35,35,93
"8148",47,"[75]GjfffHdwaCGxHLiwandbCLCebBGEqywafnfCJBdHdwandfCyIKoeaBeaCecxafwendaCJCafgeK",104,0.990476,75,105,1,104,1,1,0,1,1,48,47,30,30,27,27,93
"8149",48,"[75]GjfffHdwaCGxHLiwandbCLCebBGEqywafnfCJBdHdwandfCyIKoeaBeaCecxafwendaCJCafgeK",111,0.991071,75,112,1,111,1,1,0,1,1,37,36,30,30,45,45,93
"8150",49,"[75]GjfffHdwaCGxHLiwandbCLCebBGEqywafnfCJBdHdwandfCyIKoeaBeaCecxafwendaCJCafgeK",107,0.990741,75,108,1,107,1,1,0,1,1,30,29,41,41,37,37,93
"8151",50,"[75]GjfffHdwaCGxHLiwandbCLCebBGEqywafnfCJBdHdwandfCyIKoeaBeaCecxafwendaCJCafgeK",107,0.990741,75,108,1,107,1,1,0,1,1,41,40,31,31,36,36,93
"8152",51,"[75]GjfffHdwaCGxHLiwandbCLCebBGEqywafnfCJBdHdwandfCyIKoeaBeaCecxafwendaCJCafgeK",112,1,75,111,0,111,0,0,0,0,0,37,37,30,30,44,44,93
"8153",52,"[75]GjfffHdwaCGxHLiwandbCLCebBGEqywafnfCJBdHdwandfCyIKoeaBeaCecxafwendaCJCafgeK",111,1,75,110,0,110,0,0,0,0,0,34,34,34,34,42,42,93
"8154",53,"[75]GjfffHdwaCGxHLiwandbCLCebBGEqywafnfCJBdHdwandfCyIKoeaBeaCecxafwendaCJCafgeK",102,0.980952,75,105,2,103,2,2,0,2,2,33,31,43,43,29,29,93
"8155",54,"[75]GjfffHdwaCGxHLiwandbCLCebBGEqywafnfCJBdHdwandfCyIKoeaBeaCecxafwendaCJCafgeK",112,1,75,111,0,111,0,0,0,0,0,35,35,33,33,43,43,93
"8156",55,"[75]GjfffHdwaCGxHLiwandbCLCebBGEqywafnfCJBdHdwandfCyIKoeaBeaCecxafwendaCJCafgeK",109,0.990909,75,110,1,109,1,1,0,1,1,32,31,37,37,41,41,93
"8157",56,"[75]GjfffHdwaCGxHLiwandbCLCebBGEqywafnfCJBdHdwandfCyIKoeaBeaCecxafwendaCJCafgeK",105,0.990566,75,106,1,105,1,1,0,1,1,35,34,39,39,32,32,93
"8158",57,"[75]GjfffHdwaCGxHLiwandbCLCebBGEqywafnfCJBdHdwandfCyIKoeaBeaCecxafwendaCJCafgeK",109,1,75,108,0,108,0,0,0,0,0,33,33,38,38,37,37,93
"8159",58,"[75]GjfffHdwaCGxHLiwandbCLCebBGEqywafnfCJBdHdwandfCyIKoeaBeaCecxafwendaCJCafgeK",108,1,75,107,0,107,0,0,0,0,0,36,36,37,37,34,34,93
"8160",59,"[75]GjfffHdwaCGxHLiwandbCLCebBGEqywafnfCJBdHdwandfCyIKoeaBeaCecxafwendaCJCafgeK",105,0.990566,75,106,1,105,1,1,0,1,1,34,33,41,41,31,31,93
"8161",60,"[75]GjfffHdwaCGxHLiwandbCLCebBGEqywafnfCJBdHdwandfCyIKoeaBeaCecxafwendaCJCafgeK",108,0.990826,75,109,1,108,1,1,0,1,1,37,36,34,34,38,38,93
"8162",61,"[75]GjfffHdwaCGxHLiwandbCLCebBGEqywafnfCJBdHdwandfCyIKoeaBeaCecxafwendaCJCafgeK",105,0.990566,75,106,1,105,1,1,0,1,1,37,36,37,37,32,32,93
"8163",62,"[75]GjfffHdwaCGxHLiwandbCLCebBGEqywafnfCJBdHdwandfCyIKoeaBeaCecxafwendaCJCafgeK",104,1,75,103,0,103,0,0,0,0,0,38,38,38,38,27,27,93
"8164",63,"[75]GjfffHdwaCGxHLiwandbCLCebBGEqywafnfCJBdHdwandfCyIKoeaBeaCecxafwendaCJCafgeK",105,0.981481,75,108,2,106,2,2,0,2,2,32,30,41,41,35,35,93
"8165",64,"[75]GjfffHdwaCGxHLiwandbCLCebBGEqywafnfCJBdHdwandfCyIKoeaBeaCecxafwendaCJCafgeK",103,0.963636,75,110,4,106,4,4,0,4,4,42,38,32,32,36,36,93
"8166",65,"[75]GjfffHdwaCGxHLiwandbCLCebBGEqywafnfCJBdHdwandfCyIKoeaBeaCecxafwendaCJCafgeK",108,1,75,107,0,107,0,0,0,0,0,32,32,39,39,36,36,93
"8167",66,"[75]GjfffHdwaCGxHLiwandbCLCebBGEqywafnfCJBdHdwandfCyIKoeaBeaCecxafwendaCJCafgeK",114,1,75,113,0,113,0,0,0,0,0,41,41,26,26,46,46,93
"8168",67,"[75]GjfffHdwaCGxHLiwandbCLCebBGEqywafnfCJBdHdwandfCyIKoeaBeaCecxafwendaCJCafgeK",110,1,75,109,0,109,0,0,0,0,0,35,35,35,35,39,39,93
"8169",68,"[75]GjfffHdwaCGxHLiwandbCLCebBGEqywafnfCJBdHdwandfCyIKoeaBeaCecxafwendaCJCafgeK",104,0.963964,75,111,4,107,4,4,0,4,4,42,38,31,31,38,38,93
"8170",69,"[75]GjfffHdwaCGxHLiwandbCLCebBGEqywafnfCJBdHdwandfCyIKoeaBeaCecxafwendaCJCafgeK",108,1,75,107,0,107,0,0,0,0,0,35,35,36,36,36,36,93
"8171",70,"[75]GjfffHdwaCGxHLiwandbCLCebBGEqywafnfCJBdHdwandfCyIKoeaBeaCecxafwendaCJCafgeK",100,0.962617,75,107,4,103,4,4,0,4,4,43,39,36,36,28,28,93
"8172",71,"[75]GjfffHdwaCGxHLiwandbCLCebBGEqywafnfCJBdHdwandfCyIKoeaBeaCecxafwendaCJCafgeK",110,0.990991,75,111,1,110,1,1,0,1,1,46,45,25,25,40,40,93
"8173",72,"[75]GjfffHdwaCGxHLiwandbCLCebBGEqywafnfCJBdHdwandfCyIKoeaBeaCecxafwendaCJCafgeK",107,0.964912,75,114,4,110,4,4,0,4,4,32,28,37,37,45,45,93
"8174",73,"[75]GjfffHdwaCGxHLiwandbCLCebBGEqywafnfCJBdHdwandfCyIKoeaBeaCecxafwendaCJCafgeK",109,1,75,108,0,108,0,0,0,0,0,42,42,30,30,36,36,93
"8175",74,"[75]GjfffHdwaCGxHLiwandbCLCebBGEqywafnfCJBdHdwandfCyIKoeaBeaCecxafwendaCJCafgeK",106,1,75,105,0,105,0,0,0,0,0,36,36,39,39,30,30,93
"8176",75,"[75]GjfffHdwaCGxHLiwandbCLCebBGEqywafnfCJBdHdwandfCyIKoeaBeaCecxafwendaCJCafgeK",104,0.981308,75,107,2,105,2,2,0,2,2,37,35,38,38,32,32,93
"8177",76,"[75]GjfffHdwaCGxHLiwandbCLCebBGEqywafnfCJBdHdwandfCyIKoeaBeaCecxafwendaCJCafgeK",103,0.990385,75,104,1,103,1,1,0,1,1,34,33,42,42,28,28,93
"8178",77,"[75]GjfffHdwaCGxHLiwandbCLCebBGEqywafnfCJBdHdwandfCyIKoeaBeaCecxafwendaCJCafgeK",109,1,75,108,0,108,0,0,0,0,0,29,29,41,41,38,38,93
"8179",78,"[75]GjfffHdwaCGxHLiwandbCLCebBGEqywafnfCJBdHdwandfCyIKoeaBeaCecxafwendaCJCafgeK",106,0.981651,75,109,2,107,2,2,0,2,2,40,38,33,33,36,36,93
"8180",79,"[75]GjfffHdwaCGxHLiwandbCLCebBGEqywafnfCJBdHdwandfCyIKoeaBeaCecxafwendaCJCafgeK",111,1,75,110,0,110,0,0,0,0,0,37,37,31,31,42,42,93
"8181",80,"[75]GjfffHdwaCGxHLiwandbCLCebBGEqywafnfCJBdHdwandfCyIKoeaBeaCecxafwendaCJCafgeK",108,0.990826,75,109,1,108,1,1,0,1,1,37,36,34,34,38,38,93
"8182",81,"[75]GjfffHdwaCGxHLiwandbCLCebBGEqywafnfCJBdHdwandfCyIKoeaBeaCecxafwendaCJCafgeK",109,1,75,108,0,108,0,0,0,0,0,35,35,36,36,37,37,93
"8183",82,"[75]GjfffHdwaCGxHLiwandbCLCebBGEqywafnfCJBdHdwandfCyIKoeaBeaCecxafwendaCJCafgeK",109,0.982143,75,112,2,110,2,2,0,2,2,35,33,34,34,43,43,93
"8184",83,"[75]GjfffHdwaCGxHLiwandbCLCebBGEqywafnfCJBdHdwandfCyIKoeaBeaCecxafwendaCJCafgeK",104,1,75,103,0,103,0,0,0,0,0,41,41,36,36,26,26,93
"8185",84,"[75]GjfffHdwaCGxHLiwandbCLCebBGEqywafnfCJBdHdwandfCyIKoeaBeaCecxafwendaCJCafgeK",100,0.962617,75,107,4,103,4,4,0,4,4,39,35,38,38,30,30,93
"8186",85,"[75]GjfffHdwaCGxHLiwandbCLCebBGEqywafnfCJBdHdwandfCyIKoeaBeaCecxafwendaCJCafgeK",102,0.980952,75,105,2,103,2,2,0,2,2,38,36,40,40,27,27,93
"8187",86,"[75]GjfffHdwaCGxHLiwandbCLCebBGEqywafnfCJBdHdwandfCyIKoeaBeaCecxafwendaCJCafgeK",107,0.990741,75,108,1,107,1,1,0,1,1,40,39,33,33,35,35,93
"8188",87,"[75]GjfffHdwaCGxHLiwandbCLCebBGEqywafnfCJBdHdwandfCyIKoeaBeaCecxafwendaCJCafgeK",104,0.981308,75,107,2,105,2,2,0,2,2,37,35,37,37,33,33,93
"8189",88,"[75]GjfffHdwaCGxHLiwandbCLCebBGEqywafnfCJBdHdwandfCyIKoeaBeaCecxafwendaCJCafgeK",107,1,75,106,0,106,0,0,0,0,0,42,42,32,32,32,32,93
"8190",89,"[75]GjfffHdwaCGxHLiwandbCLCebBGEqywafnfCJBdHdwandfCyIKoeaBeaCecxafwendaCJCafgeK",113,1,75,112,0,112,0,0,0,0,0,40,40,27,27,45,45,93
"8191",90,"[75]GjfffHdwaCGxHLiwandbCLCebBGEqywafnfCJBdHdwandfCyIKoeaBeaCecxafwendaCJCafgeK",103,0.972222,75,108,3,105,3,3,0,3,3,38,35,37,37,33,33,93
"8192",91,"[75]GjfffHdwaCGxHLiwandbCLCebBGEqywafnfCJBdHdwandfCyIKoeaBeaCecxafwendaCJCafgeK",106,0.990654,75,107,1,106,1,1,0,1,1,41,40,33,33,33,33,93
"8193",92,"[75]GjfffHdwaCGxHLiwandbCLCebBGEqywafnfCJBdHdwandfCyIKoeaBeaCecxafwendaCJCafgeK",107,1,75,106,0,106,0,0,0,0,0,38,38,35,35,33,33,93
"8194",93,"[75]GjfffHdwaCGxHLiwandbCLCebBGEqywafnfCJBdHdwandfCyIKoeaBeaCecxafwendaCJCafgeK",105,1,75,104,0,104,0,0,0,0,0,37,37,38,38,29,29,93
"8195",94,"[75]GjfffHdwaCGxHLiwandbCLCebBGEqywafnfCJBdHdwandfCyIKoeaBeaCecxafwendaCJCafgeK",112,1,75,111,0,111,0,0,0,0,0,32,32,36,36,43,43,93
"8196",95,"[75]GjfffHdwaCGxHLiwandbCLCebBGEqywafnfCJBdHdwandfCyIKoeaBeaCecxafwendaCJCafgeK",103,0.990385,75,104,1,103,1,1,0,1,1,38,37,39,39,27,27,93
"8197",96,"[75]GjfffHdwaCGxHLiwandbCLCebBGEqywafnfCJBdHdwandfCyIKoeaBeaCecxafwendaCJCafgeK",105,0.990566,75,106,1,105,1,1,0,1,1,43,42,33,33,30,30,93
"8198",97,"[75]GjfffHdwaCGxHLiwandbCLCebBGEqywafnfCJBdHdwandfCyIKoeaBeaCecxafwendaCJCafgeK",101,0.962963,75,108,4,104,4,4,0,4,4,41,37,36,36,31,31,93
"8199",98,"[75]GjfffHdwaCGxHLiwandbCLCebBGEqywafnfCJBdHdwandfCyIKoeaBeaCecxafwendaCJCafgeK",110,1,75,109,0,109,0,0,0,0,0,33,33,36,36,40,40,93
"8200",99,"[75]GjfffHdwaCGxHLiwandbCLCebBGEqywafnfCJBdHdwandfCyIKoeaBeaCecxafwendaCJCafgeK",106,1,75,105,0,105,0,0,0,0,0,36,36,39,39,30,30,93
"8201",0,"[84]GCceHdwaClqzLDAfJHAywafndbCLCeciwafofaCBdJHdwendaCIKqwaakjBeaCabdlnxafwendaqJDafHceK",109,0.990909,84,110,1,109,1,1,0,1,1,31,30,47,47,32,32,94
"8202",1,"[84]GCceHdwaClqzLDAfJHAywafndbCLCeciwafofaCBdJHdwendaCIKqwaakjBeaCabdlnxafwendaqJDafHceK",110,0.965812,84,117,4,113,4,4,0,4,4,38,34,40,40,39,39,94
"8203",2,"[84]GCceHdwaClqzLDAfJHAywafndbCLCeciwafofaCBdJHdwendaCIKqwaakjBeaCabdlnxafwendaqJDafHceK",111,1,84,110,0,110,0,0,0,0,0,42,42,39,39,29,29,94
"8204",3,"[84]GCceHdwaClqzLDAfJHAywafndbCLCeciwafofaCBdJHdwendaCIKqwaakjBeaCabdlnxafwendaqJDafHceK",116,0.991453,84,117,1,116,1,1,0,1,1,38,37,40,40,39,39,94
"8205",4,"[84]GCceHdwaClqzLDAfJHAywafndbCLCeciwafofaCBdJHdwendaCIKqwaakjBeaCabdlnxafwendaqJDafHceK",112,0.974359,84,117,3,114,3,3,0,3,3,36,33,45,45,36,36,94
"8206",5,"[84]GCceHdwaClqzLDAfJHAywafndbCLCeciwafofaCBdJHdwendaCIKqwaakjBeaCabdlnxafwendaqJDafHceK",113,1,84,112,0,112,0,0,0,0,0,42,42,35,35,35,35,94
"8207",6,"[84]GCceHdwaClqzLDAfJHAywafndbCLCeciwafofaCBdJHdwendaCIKqwaakjBeaCabdlnxafwendaqJDafHceK",117,1,84,116,0,116,0,0,0,0,0,37,37,38,38,41,41,94
"8208",7,"[84]GCceHdwaClqzLDAfJHAywafndbCLCeciwafofaCBdJHdwendaCIKqwaakjBeaCabdlnxafwendaqJDafHceK",118,0.991597,84,119,1,118,1,1,0,1,1,46,45,31,31,42,42,94
"8209",8,"[84]GCceHdwaClqzLDAfJHAywafndbCLCeciwafofaCBdJHdwendaCIKqwaakjBeaCabdlnxafwendaqJDafHceK",112,0.982609,84,115,2,113,2,2,0,2,2,38,36,38,38,39,39,94
"8210",9,"[84]GCceHdwaClqzLDAfJHAywafndbCLCeciwafofaCBdJHdwendaCIKqwaakjBeaCabdlnxafwendaqJDafHceK",114,0.991304,84,115,1,114,1,1,0,1,1,34,33,40,40,41,41,94
"8211",10,"[84]GCceHdwaClqzLDAfJHAywafndbCLCeciwafofaCBdJHdwendaCIKqwaakjBeaCabdlnxafwendaqJDafHceK",109,0.942623,84,122,7,115,7,7,0,7,7,36,29,39,39,47,47,94
"8212",11,"[84]GCceHdwaClqzLDAfJHAywafndbCLCeciwafofaCBdJHdwendaCIKqwaakjBeaCabdlnxafwendaqJDafHceK",112,0.982609,84,115,2,113,2,2,0,2,2,37,35,43,43,35,35,94
"8213",12,"[84]GCceHdwaClqzLDAfJHAywafndbCLCeciwafofaCBdJHdwendaCIKqwaakjBeaCabdlnxafwendaqJDafHceK",118,1,84,117,0,117,0,0,0,0,0,36,36,39,39,42,42,94
"8214",13,"[84]GCceHdwaClqzLDAfJHAywafndbCLCeciwafofaCBdJHdwendaCIKqwaakjBeaCabdlnxafwendaqJDafHceK",113,1,84,112,0,112,0,0,0,0,0,36,36,42,42,34,34,94
"8215",14,"[84]GCceHdwaClqzLDAfJHAywafndbCLCeciwafofaCBdJHdwendaCIKqwaakjBeaCabdlnxafwendaqJDafHceK",114,1,84,113,0,113,0,0,0,0,0,40,40,35,35,38,38,94
"8216",15,"[84]GCceHdwaClqzLDAfJHAywafndbCLCeciwafofaCBdJHdwendaCIKqwaakjBeaCabdlnxafwendaqJDafHceK",115,1,84,114,0,114,0,0,0,0,0,41,41,34,34,39,39,94
"8217",16,"[84]GCceHdwaClqzLDAfJHAywafndbCLCeciwafofaCBdJHdwendaCIKqwaakjBeaCabdlnxafwendaqJDafHceK",113,1,84,112,0,112,0,0,0,0,0,38,38,42,42,32,32,94
"8218",17,"[84]GCceHdwaClqzLDAfJHAywafndbCLCeciwafofaCBdJHdwendaCIKqwaakjBeaCabdlnxafwendaqJDafHceK",112,1,84,111,0,111,0,0,0,0,0,41,41,36,36,34,34,94
"8219",18,"[84]GCceHdwaClqzLDAfJHAywafndbCLCeciwafofaCBdJHdwendaCIKqwaakjBeaCabdlnxafwendaqJDafHceK",112,0.99115,84,113,1,112,1,1,0,1,1,37,36,42,42,34,34,94
"8220",19,"[84]GCceHdwaClqzLDAfJHAywafndbCLCeciwafofaCBdJHdwendaCIKqwaakjBeaCabdlnxafwendaqJDafHceK",108,0.973451,84,113,3,110,3,3,0,3,3,35,32,44,44,34,34,94
"8221",20,"[84]GCceHdwaClqzLDAfJHAywafndbCLCeciwafofaCBdJHdwendaCIKqwaakjBeaCabdlnxafwendaqJDafHceK",108,1,84,107,0,107,0,0,0,0,0,36,36,45,45,26,26,94
"8222",21,"[84]GCceHdwaClqzLDAfJHAywafndbCLCeciwafofaCBdJHdwendaCIKqwaakjBeaCabdlnxafwendaqJDafHceK",123,1,84,122,0,122,0,0,0,0,0,26,26,44,44,52,52,94
"8223",22,"[84]GCceHdwaClqzLDAfJHAywafndbCLCeciwafofaCBdJHdwendaCIKqwaakjBeaCabdlnxafwendaqJDafHceK",117,1,84,116,0,116,0,0,0,0,0,42,42,34,34,40,40,94
"8224",23,"[84]GCceHdwaClqzLDAfJHAywafndbCLCeciwafofaCBdJHdwendaCIKqwaakjBeaCabdlnxafwendaqJDafHceK",115,1,84,114,0,114,0,0,0,0,0,43,43,36,36,35,35,94
"8225",24,"[84]GCceHdwaClqzLDAfJHAywafndbCLCeciwafofaCBdJHdwendaCIKqwaakjBeaCabdlnxafwendaqJDafHceK",115,0.991379,84,116,1,115,1,1,0,1,1,36,35,37,37,43,43,94
"8226",25,"[84]GCceHdwaClqzLDAfJHAywafndbCLCeciwafofaCBdJHdwendaCIKqwaakjBeaCabdlnxafwendaqJDafHceK",112,0.99115,84,113,1,112,1,1,0,1,1,30,29,44,44,39,39,94
"8227",26,"[84]GCceHdwaClqzLDAfJHAywafndbCLCeciwafofaCBdJHdwendaCIKqwaakjBeaCabdlnxafwendaqJDafHceK",118,1,84,117,0,117,0,0,0,0,0,36,36,38,38,43,43,94
"8228",27,"[84]GCceHdwaClqzLDAfJHAywafndbCLCeciwafofaCBdJHdwendaCIKqwaakjBeaCabdlnxafwendaqJDafHceK",116,1,84,115,0,115,0,0,0,0,0,29,29,42,42,44,44,94
"8229",28,"[84]GCceHdwaClqzLDAfJHAywafndbCLCeciwafofaCBdJHdwendaCIKqwaakjBeaCabdlnxafwendaqJDafHceK",111,0.991071,84,112,1,111,1,1,0,1,1,37,36,43,43,32,32,94
"8230",29,"[84]GCceHdwaClqzLDAfJHAywafndbCLCeciwafofaCBdJHdwendaCIKqwaakjBeaCabdlnxafwendaqJDafHceK",117,1,84,116,0,116,0,0,0,0,0,43,43,37,37,36,36,94
"8231",30,"[84]GCceHdwaClqzLDAfJHAywafndbCLCeciwafofaCBdJHdwendaCIKqwaakjBeaCabdlnxafwendaqJDafHceK",117,1,84,116,0,116,0,0,0,0,0,45,45,34,34,37,37,94
"8232",31,"[84]GCceHdwaClqzLDAfJHAywafndbCLCeciwafofaCBdJHdwendaCIKqwaakjBeaCabdlnxafwendaqJDafHceK",111,1,84,110,0,110,0,0,0,0,0,37,37,42,42,31,31,94
"8233",32,"[84]GCceHdwaClqzLDAfJHAywafndbCLCeciwafofaCBdJHdwendaCIKqwaakjBeaCabdlnxafwendaqJDafHceK",109,0.95,84,120,6,114,6,6,0,6,6,36,30,41,41,43,43,94
"8234",33,"[84]GCceHdwaClqzLDAfJHAywafndbCLCeciwafofaCBdJHdwendaCIKqwaakjBeaCabdlnxafwendaqJDafHceK",108,0.973451,84,113,3,110,3,3,0,3,3,48,45,34,34,31,31,94
"8235",34,"[84]GCceHdwaClqzLDAfJHAywafndbCLCeciwafofaCBdJHdwendaCIKqwaakjBeaCabdlnxafwendaqJDafHceK",106,0.948718,84,117,6,111,6,6,0,6,6,40,34,40,40,37,37,94
"8236",35,"[84]GCceHdwaClqzLDAfJHAywafndbCLCeciwafofaCBdJHdwendaCIKqwaakjBeaCabdlnxafwendaqJDafHceK",125,1,84,124,0,124,0,0,0,0,0,44,44,38,38,42,42,94
"8237",36,"[84]GCceHdwaClqzLDAfJHAywafndbCLCeciwafofaCBdJHdwendaCIKqwaakjBeaCabdlnxafwendaqJDafHceK",117,1,84,116,0,116,0,0,0,0,0,36,36,37,37,43,43,94
"8238",37,"[84]GCceHdwaClqzLDAfJHAywafndbCLCeciwafofaCBdJHdwendaCIKqwaakjBeaCabdlnxafwendaqJDafHceK",114,0.982906,84,117,2,115,2,2,0,2,2,41,39,33,33,43,43,94
"8239",38,"[84]GCceHdwaClqzLDAfJHAywafndbCLCeciwafofaCBdJHdwendaCIKqwaakjBeaCabdlnxafwendaqJDafHceK",110,0.990991,84,111,1,110,1,1,0,1,1,44,43,36,36,31,31,94
"8240",39,"[84]GCceHdwaClqzLDAfJHAywafndbCLCeciwafofaCBdJHdwendaCIKqwaakjBeaCabdlnxafwendaqJDafHceK",114,1,84,113,0,113,0,0,0,0,0,43,43,39,39,31,31,94
"8241",40,"[84]GCceHdwaClqzLDAfJHAywafndbCLCeciwafofaCBdJHdwendaCIKqwaakjBeaCabdlnxafwendaqJDafHceK",115,0.983051,84,118,2,116,2,2,0,2,2,37,35,38,38,43,43,94
"8242",41,"[84]GCceHdwaClqzLDAfJHAywafndbCLCeciwafofaCBdJHdwendaCIKqwaakjBeaCabdlnxafwendaqJDafHceK",108,1,84,107,0,107,0,0,0,0,0,39,39,41,41,27,27,94
"8243",42,"[84]GCceHdwaClqzLDAfJHAywafndbCLCeciwafofaCBdJHdwendaCIKqwaakjBeaCabdlnxafwendaqJDafHceK",113,0.974576,84,118,3,115,3,3,0,3,3,39,36,39,39,40,40,94
"8244",43,"[84]GCceHdwaClqzLDAfJHAywafndbCLCeciwafofaCBdJHdwendaCIKqwaakjBeaCabdlnxafwendaqJDafHceK",111,1,84,110,0,110,0,0,0,0,0,38,38,40,40,32,32,94
"8245",44,"[84]GCceHdwaClqzLDAfJHAywafndbCLCeciwafofaCBdJHdwendaCIKqwaakjBeaCabdlnxafwendaqJDafHceK",108,0.965217,84,115,4,111,4,4,0,4,4,40,36,38,38,37,37,94
"8246",45,"[84]GCceHdwaClqzLDAfJHAywafndbCLCeciwafofaCBdJHdwendaCIKqwaakjBeaCabdlnxafwendaqJDafHceK",110,1,84,109,0,109,0,0,0,0,0,42,42,37,37,30,30,94
"8247",46,"[84]GCceHdwaClqzLDAfJHAywafndbCLCeciwafofaCBdJHdwendaCIKqwaakjBeaCabdlnxafwendaqJDafHceK",111,0.966102,84,118,4,114,4,4,0,4,4,38,34,42,42,38,38,94
"8248",47,"[84]GCceHdwaClqzLDAfJHAywafndbCLCeciwafofaCBdJHdwendaCIKqwaakjBeaCabdlnxafwendaqJDafHceK",113,0.966667,84,120,4,116,4,4,0,4,4,40,36,39,39,41,41,94
"8249",48,"[84]GCceHdwaClqzLDAfJHAywafndbCLCeciwafofaCBdJHdwendaCIKqwaakjBeaCabdlnxafwendaqJDafHceK",111,0.991071,84,112,1,111,1,1,0,1,1,35,34,42,42,35,35,94
"8250",49,"[84]GCceHdwaClqzLDAfJHAywafndbCLCeciwafofaCBdJHdwendaCIKqwaakjBeaCabdlnxafwendaqJDafHceK",113,1,84,112,0,112,0,0,0,0,0,41,41,35,35,36,36,94
"8251",50,"[84]GCceHdwaClqzLDAfJHAywafndbCLCeciwafofaCBdJHdwendaCIKqwaakjBeaCabdlnxafwendaqJDafHceK",116,0.983193,84,119,2,117,2,2,0,2,2,42,40,31,31,46,46,94
"8252",51,"[84]GCceHdwaClqzLDAfJHAywafndbCLCeciwafofaCBdJHdwendaCIKqwaakjBeaCabdlnxafwendaqJDafHceK",117,1,84,116,0,116,0,0,0,0,0,42,42,31,31,43,43,94
"8253",52,"[84]GCceHdwaClqzLDAfJHAywafndbCLCeciwafofaCBdJHdwendaCIKqwaakjBeaCabdlnxafwendaqJDafHceK",117,1,84,116,0,116,0,0,0,0,0,42,42,33,33,41,41,94
"8254",53,"[84]GCceHdwaClqzLDAfJHAywafndbCLCeciwafofaCBdJHdwendaCIKqwaakjBeaCabdlnxafwendaqJDafHceK",101,0.971698,84,106,3,103,3,3,0,3,3,34,31,50,50,22,22,94
"8255",54,"[84]GCceHdwaClqzLDAfJHAywafndbCLCeciwafofaCBdJHdwendaCIKqwaakjBeaCabdlnxafwendaqJDafHceK",119,1,84,118,0,118,0,0,0,0,0,46,46,28,28,44,44,94
"8256",55,"[84]GCceHdwaClqzLDAfJHAywafndbCLCeciwafofaCBdJHdwendaCIKqwaakjBeaCabdlnxafwendaqJDafHceK",110,0.943089,84,123,7,116,7,7,0,7,7,37,30,41,41,45,45,94
"8257",56,"[84]GCceHdwaClqzLDAfJHAywafndbCLCeciwafofaCBdJHdwendaCIKqwaakjBeaCabdlnxafwendaqJDafHceK",109,0.990909,84,110,1,109,1,1,0,1,1,44,43,36,36,30,30,94
"8258",57,"[84]GCceHdwaClqzLDAfJHAywafndbCLCeciwafofaCBdJHdwendaCIKqwaakjBeaCabdlnxafwendaqJDafHceK",117,1,84,116,0,116,0,0,0,0,0,50,50,26,26,40,40,94
"8259",58,"[84]GCceHdwaClqzLDAfJHAywafndbCLCeciwafofaCBdJHdwendaCIKqwaakjBeaCabdlnxafwendaqJDafHceK",113,0.982759,84,116,2,114,2,2,0,2,2,38,36,37,37,41,41,94
"8260",59,"[84]GCceHdwaClqzLDAfJHAywafndbCLCeciwafofaCBdJHdwendaCIKqwaakjBeaCabdlnxafwendaqJDafHceK",107,0.964912,84,114,4,110,4,4,0,4,4,34,30,45,45,35,35,94
"8261",60,"[84]GCceHdwaClqzLDAfJHAywafndbCLCeciwafofaCBdJHdwendaCIKqwaakjBeaCabdlnxafwendaqJDafHceK",109,0.990909,84,110,1,109,1,1,0,1,1,40,39,42,42,28,28,94
"8262",61,"[84]GCceHdwaClqzLDAfJHAywafndbCLCeciwafofaCBdJHdwendaCIKqwaakjBeaCabdlnxafwendaqJDafHceK",112,0.982609,84,115,2,113,2,2,0,2,2,43,41,34,34,38,38,94
"8263",62,"[84]GCceHdwaClqzLDAfJHAywafndbCLCeciwafofaCBdJHdwendaCIKqwaakjBeaCabdlnxafwendaqJDafHceK",111,1,84,110,0,110,0,0,0,0,0,43,43,36,36,31,31,94
"8264",63,"[84]GCceHdwaClqzLDAfJHAywafndbCLCeciwafofaCBdJHdwendaCIKqwaakjBeaCabdlnxafwendaqJDafHceK",118,0.991597,84,119,1,118,1,1,0,1,1,50,49,32,32,37,37,94
"8265",64,"[84]GCceHdwaClqzLDAfJHAywafndbCLCeciwafofaCBdJHdwendaCIKqwaakjBeaCabdlnxafwendaqJDafHceK",120,1,84,119,0,119,0,0,0,0,0,34,34,39,39,46,46,94
"8266",65,"[84]GCceHdwaClqzLDAfJHAywafndbCLCeciwafofaCBdJHdwendaCIKqwaakjBeaCabdlnxafwendaqJDafHceK",113,0.991228,84,114,1,113,1,1,0,1,1,38,37,38,38,38,38,94
"8267",66,"[84]GCceHdwaClqzLDAfJHAywafndbCLCeciwafofaCBdJHdwendaCIKqwaakjBeaCabdlnxafwendaqJDafHceK",114,1,84,113,0,113,0,0,0,0,0,43,43,35,35,35,35,94
"8268",67,"[84]GCceHdwaClqzLDAfJHAywafndbCLCeciwafofaCBdJHdwendaCIKqwaakjBeaCabdlnxafwendaqJDafHceK",111,0.95082,84,122,6,116,6,6,0,6,6,41,35,37,37,44,44,94
"8269",68,"[84]GCceHdwaClqzLDAfJHAywafndbCLCeciwafofaCBdJHdwendaCIKqwaakjBeaCabdlnxafwendaqJDafHceK",116,1,84,115,0,115,0,0,0,0,0,35,35,37,37,43,43,94
"8270",69,"[84]GCceHdwaClqzLDAfJHAywafndbCLCeciwafofaCBdJHdwendaCIKqwaakjBeaCabdlnxafwendaqJDafHceK",115,1,84,114,0,114,0,0,0,0,0,45,45,30,30,39,39,94
"8271",70,"[84]GCceHdwaClqzLDAfJHAywafndbCLCeciwafofaCBdJHdwendaCIKqwaakjBeaCabdlnxafwendaqJDafHceK",124,0.969466,84,131,4,127,4,4,0,4,4,35,31,38,38,58,58,94
"8272",71,"[84]GCceHdwaClqzLDAfJHAywafndbCLCeciwafofaCBdJHdwendaCIKqwaakjBeaCabdlnxafwendaqJDafHceK",112,0.99115,84,113,1,112,1,1,0,1,1,38,37,40,40,35,35,94
"8273",72,"[84]GCceHdwaClqzLDAfJHAywafndbCLCeciwafofaCBdJHdwendaCIKqwaakjBeaCabdlnxafwendaqJDafHceK",117,0.967742,84,124,4,120,4,4,0,4,4,45,41,37,37,42,42,94
"8274",73,"[84]GCceHdwaClqzLDAfJHAywafndbCLCeciwafofaCBdJHdwendaCIKqwaakjBeaCabdlnxafwendaqJDafHceK",110,0.982301,84,113,2,111,2,2,0,2,2,39,37,39,39,35,35,94
"8275",74,"[84]GCceHdwaClqzLDAfJHAywafndbCLCeciwafofaCBdJHdwendaCIKqwaakjBeaCabdlnxafwendaqJDafHceK",106,0.964602,84,113,4,109,4,4,0,4,4,38,34,44,44,31,31,94
"8276",75,"[84]GCceHdwaClqzLDAfJHAywafndbCLCeciwafofaCBdJHdwendaCIKqwaakjBeaCabdlnxafwendaqJDafHceK",110,1,84,109,0,109,0,0,0,0,0,38,38,43,43,28,28,94
"8277",76,"[84]GCceHdwaClqzLDAfJHAywafndbCLCeciwafofaCBdJHdwendaCIKqwaakjBeaCabdlnxafwendaqJDafHceK",113,0.991228,84,114,1,113,1,1,0,1,1,41,40,36,36,37,37,94
"8278",77,"[84]GCceHdwaClqzLDAfJHAywafndbCLCeciwafofaCBdJHdwendaCIKqwaakjBeaCabdlnxafwendaqJDafHceK",105,0.964286,84,112,4,108,4,4,0,4,4,44,40,39,39,29,29,94
"8279",78,"[84]GCceHdwaClqzLDAfJHAywafndbCLCeciwafofaCBdJHdwendaCIKqwaakjBeaCabdlnxafwendaqJDafHceK",113,0.974576,84,118,3,115,3,3,0,3,3,44,41,34,34,40,40,94
"8280",79,"[84]GCceHdwaClqzLDAfJHAywafndbCLCeciwafofaCBdJHdwendaCIKqwaakjBeaCabdlnxafwendaqJDafHceK",115,1,84,114,0,114,0,0,0,0,0,40,40,35,35,39,39,94
"8281",80,"[84]GCceHdwaClqzLDAfJHAywafndbCLCeciwafofaCBdJHdwendaCIKqwaakjBeaCabdlnxafwendaqJDafHceK",117,0.991525,84,118,1,117,1,1,0,1,1,37,36,43,43,38,38,94
"8282",81,"[84]GCceHdwaClqzLDAfJHAywafndbCLCeciwafofaCBdJHdwendaCIKqwaakjBeaCabdlnxafwendaqJDafHceK",111,1,84,110,0,110,0,0,0,0,0,33,33,44,44,33,33,94
"8283",82,"[84]GCceHdwaClqzLDAfJHAywafndbCLCeciwafofaCBdJHdwendaCIKqwaakjBeaCabdlnxafwendaqJDafHceK",116,1,84,115,0,115,0,0,0,0,0,28,28,46,46,41,41,94
"8284",83,"[84]GCceHdwaClqzLDAfJHAywafndbCLCeciwafofaCBdJHdwendaCIKqwaakjBeaCabdlnxafwendaqJDafHceK",124,0.992,84,125,1,124,1,1,0,1,1,37,36,30,30,58,58,94
"8285",84,"[84]GCceHdwaClqzLDAfJHAywafndbCLCeciwafofaCBdJHdwendaCIKqwaakjBeaCabdlnxafwendaqJDafHceK",107,0.973214,84,112,3,109,3,3,0,3,3,40,37,41,41,31,31,94
"8286",85,"[84]GCceHdwaClqzLDAfJHAywafndbCLCeciwafofaCBdJHdwendaCIKqwaakjBeaCabdlnxafwendaqJDafHceK",111,0.982456,84,114,2,112,2,2,0,2,2,36,34,40,40,38,38,94
"8287",86,"[84]GCceHdwaClqzLDAfJHAywafndbCLCeciwafofaCBdJHdwendaCIKqwaakjBeaCabdlnxafwendaqJDafHceK",113,1,84,112,0,112,0,0,0,0,0,47,47,32,32,33,33,94
"8288",87,"[84]GCceHdwaClqzLDAfJHAywafndbCLCeciwafofaCBdJHdwendaCIKqwaakjBeaCabdlnxafwendaqJDafHceK",113,1,84,112,0,112,0,0,0,0,0,39,39,38,38,35,35,94
"8289",88,"[84]GCceHdwaClqzLDAfJHAywafndbCLCeciwafofaCBdJHdwendaCIKqwaakjBeaCabdlnxafwendaqJDafHceK",117,1,84,116,0,116,0,0,0,0,0,42,42,37,37,37,37,94
"8290",89,"[84]GCceHdwaClqzLDAfJHAywafndbCLCeciwafofaCBdJHdwendaCIKqwaakjBeaCabdlnxafwendaqJDafHceK",114,0.982906,84,117,2,115,2,2,0,2,2,38,36,39,39,40,40,94
"8291",90,"[84]GCceHdwaClqzLDAfJHAywafndbCLCeciwafofaCBdJHdwendaCIKqwaakjBeaCabdlnxafwendaqJDafHceK",118,0.991597,84,119,1,118,1,1,0,1,1,36,35,40,40,43,43,94
"8292",91,"[84]GCceHdwaClqzLDAfJHAywafndbCLCeciwafofaCBdJHdwendaCIKqwaakjBeaCabdlnxafwendaqJDafHceK",110,0.982301,84,113,2,111,2,2,0,2,2,43,41,36,36,34,34,94
"8293",92,"[84]GCceHdwaClqzLDAfJHAywafndbCLCeciwafofaCBdJHdwendaCIKqwaakjBeaCabdlnxafwendaqJDafHceK",108,0.981982,84,111,2,109,2,2,0,2,2,37,35,42,42,32,32,94
"8294",93,"[84]GCceHdwaClqzLDAfJHAywafndbCLCeciwafofaCBdJHdwendaCIKqwaakjBeaCabdlnxafwendaqJDafHceK",114,1,84,113,0,113,0,0,0,0,0,43,43,34,34,36,36,94
"8295",94,"[84]GCceHdwaClqzLDAfJHAywafndbCLCeciwafofaCBdJHdwendaCIKqwaakjBeaCabdlnxafwendaqJDafHceK",113,1,84,112,0,112,0,0,0,0,0,29,29,45,45,38,38,94
"8296",95,"[84]GCceHdwaClqzLDAfJHAywafndbCLCeciwafofaCBdJHdwendaCIKqwaakjBeaCabdlnxafwendaqJDafHceK",116,1,84,115,0,115,0,0,0,0,0,35,35,37,37,43,43,94
"8297",96,"[84]GCceHdwaClqzLDAfJHAywafndbCLCeciwafofaCBdJHdwendaCIKqwaakjBeaCabdlnxafwendaqJDafHceK",111,1,84,110,0,110,0,0,0,0,0,48,48,33,33,29,29,94
"8298",97,"[84]GCceHdwaClqzLDAfJHAywafndbCLCeciwafofaCBdJHdwendaCIKqwaakjBeaCabdlnxafwendaqJDafHceK",110,1,84,109,0,109,0,0,0,0,0,36,36,42,42,31,31,94
"8299",98,"[84]GCceHdwaClqzLDAfJHAywafndbCLCeciwafofaCBdJHdwendaCIKqwaakjBeaCabdlnxafwendaqJDafHceK",110,0.990991,84,111,1,110,1,1,0,1,1,36,35,41,41,34,34,94
"8300",99,"[84]GCceHdwaClqzLDAfJHAywafndbCLCeciwafofaCBdJHdwendaCIKqwaakjBeaCabdlnxafwendaqJDafHceK",122,1,84,121,0,121,0,0,0,0,0,36,36,33,33,52,52,94
"8301",0,"[91]GjfffHdwaCxGblJhyFbBsEKwafndbCLCacCqkzwafnfCJBdHdwandfqIKCabDcryBeaCnzquafwaendaCJCectEtaeK",118,0.991597,91,119,1,118,1,1,0,1,1,46,45,36,36,37,37,95
"8302",1,"[91]GjfffHdwaCxGblJhyFbBsEKwafndbCLCacCqkzwafnfCJBdHdwandfqIKCabDcryBeaCnzquafwaendaCJCectEtaeK",111,0.982456,91,114,2,112,2,2,0,2,2,35,33,41,41,38,38,95
"8303",2,"[91]GjfffHdwaCxGblJhyFbBsEKwafndbCLCacCqkzwafnfCJBdHdwandfqIKCabDcryBeaCnzquafwaendaCJCectEtaeK",123,0.991935,91,124,1,123,1,1,0,1,1,42,41,42,42,40,40,95
"8304",3,"[91]GjfffHdwaCxGblJhyFbBsEKwafndbCLCacCqkzwafnfCJBdHdwandfqIKCabDcryBeaCnzquafwaendaCJCectEtaeK",111,0.974138,91,116,3,113,3,3,0,3,3,48,45,35,35,33,33,95
"8305",4,"[91]GjfffHdwaCxGblJhyFbBsEKwafndbCLCacCqkzwafnfCJBdHdwandfqIKCabDcryBeaCnzquafwaendaCJCectEtaeK",113,1,91,112,0,112,0,0,0,0,0,33,33,46,46,33,33,95
"8306",5,"[91]GjfffHdwaCxGblJhyFbBsEKwafndbCLCacCqkzwafnfCJBdHdwandfqIKCabDcryBeaCnzquafwaendaCJCectEtaeK",110,0.982301,91,113,2,111,2,2,0,2,2,44,42,35,35,34,34,95
"8307",6,"[91]GjfffHdwaCxGblJhyFbBsEKwafndbCLCacCqkzwafnfCJBdHdwandfqIKCabDcryBeaCnzquafwaendaCJCectEtaeK",114,0.966942,91,121,4,117,4,4,0,4,4,46,42,35,35,40,40,95
"8308",7,"[91]GjfffHdwaCxGblJhyFbBsEKwafndbCLCacCqkzwafnfCJBdHdwandfqIKCabDcryBeaCnzquafwaendaCJCectEtaeK",112,1,91,111,0,111,0,0,0,0,0,36,36,41,41,34,34,95
"8309",8,"[91]GjfffHdwaCxGblJhyFbBsEKwafndbCLCacCqkzwafnfCJBdHdwandfqIKCabDcryBeaCnzquafwaendaCJCectEtaeK",111,0.991071,91,112,1,111,1,1,0,1,1,35,34,41,41,36,36,95
"8310",9,"[91]GjfffHdwaCxGblJhyFbBsEKwafndbCLCacCqkzwafnfCJBdHdwandfqIKCabDcryBeaCnzquafwaendaCJCectEtaeK",109,1,91,108,0,108,0,0,0,0,0,39,39,40,40,29,29,95
"8311",10,"[91]GjfffHdwaCxGblJhyFbBsEKwafndbCLCacCqkzwafnfCJBdHdwandfqIKCabDcryBeaCnzquafwaendaCJCectEtaeK",121,0.991803,91,122,1,121,1,1,0,1,1,37,36,35,35,50,50,95
"8312",11,"[91]GjfffHdwaCxGblJhyFbBsEKwafndbCLCacCqkzwafnfCJBdHdwandfqIKCabDcryBeaCnzquafwaendaCJCectEtaeK",107,1,91,106,0,106,0,0,0,0,0,40,40,41,41,25,25,95
"8313",12,"[91]GjfffHdwaCxGblJhyFbBsEKwafndbCLCacCqkzwafnfCJBdHdwandfqIKCabDcryBeaCnzquafwaendaCJCectEtaeK",119,1,91,118,0,118,0,0,0,0,0,33,33,41,41,44,44,95
"8314",13,"[91]GjfffHdwaCxGblJhyFbBsEKwafndbCLCacCqkzwafnfCJBdHdwandfqIKCabDcryBeaCnzquafwaendaCJCectEtaeK",108,0.934959,91,123,8,115,8,8,0,8,8,42,34,41,41,40,40,95
"8315",14,"[91]GjfffHdwaCxGblJhyFbBsEKwafndbCLCacCqkzwafnfCJBdHdwandfqIKCabDcryBeaCnzquafwaendaCJCectEtaeK",109,1,91,108,0,108,0,0,0,0,0,32,32,45,45,31,31,95
"8316",15,"[91]GjfffHdwaCxGblJhyFbBsEKwafndbCLCacCqkzwafnfCJBdHdwandfqIKCabDcryBeaCnzquafwaendaCJCectEtaeK",117,0.991525,91,118,1,117,1,1,0,1,1,35,34,36,36,47,47,95
"8317",16,"[91]GjfffHdwaCxGblJhyFbBsEKwafndbCLCacCqkzwafnfCJBdHdwandfqIKCabDcryBeaCnzquafwaendaCJCectEtaeK",117,0.983333,91,120,2,118,2,2,0,2,2,43,41,32,32,45,45,95
"8318",17,"[91]GjfffHdwaCxGblJhyFbBsEKwafndbCLCacCqkzwafnfCJBdHdwandfqIKCabDcryBeaCnzquafwaendaCJCectEtaeK",116,1,91,115,0,115,0,0,0,0,0,41,41,33,33,41,41,95
"8319",18,"[91]GjfffHdwaCxGblJhyFbBsEKwafndbCLCacCqkzwafnfCJBdHdwandfqIKCabDcryBeaCnzquafwaendaCJCectEtaeK",118,1,91,117,0,117,0,0,0,0,0,40,40,34,34,43,43,95
"8320",19,"[91]GjfffHdwaCxGblJhyFbBsEKwafndbCLCacCqkzwafnfCJBdHdwandfqIKCabDcryBeaCnzquafwaendaCJCectEtaeK",111,0.991071,91,112,1,111,1,1,0,1,1,44,43,37,37,31,31,95
"8321",20,"[91]GjfffHdwaCxGblJhyFbBsEKwafndbCLCacCqkzwafnfCJBdHdwandfqIKCabDcryBeaCnzquafwaendaCJCectEtaeK",112,1,91,111,0,111,0,0,0,0,0,35,35,41,41,35,35,95
"8322",21,"[91]GjfffHdwaCxGblJhyFbBsEKwafndbCLCacCqkzwafnfCJBdHdwandfqIKCabDcryBeaCnzquafwaendaCJCectEtaeK",117,1,91,116,0,116,0,0,0,0,0,38,38,34,34,44,44,95
"8323",22,"[91]GjfffHdwaCxGblJhyFbBsEKwafndbCLCacCqkzwafnfCJBdHdwandfqIKCabDcryBeaCnzquafwaendaCJCectEtaeK",113,1,91,112,0,112,0,0,0,0,0,39,39,37,37,36,36,95
"8324",23,"[91]GjfffHdwaCxGblJhyFbBsEKwafndbCLCacCqkzwafnfCJBdHdwandfqIKCabDcryBeaCnzquafwaendaCJCectEtaeK",111,0.982456,91,114,2,112,2,2,0,2,2,37,35,41,41,36,36,95
"8325",24,"[91]GjfffHdwaCxGblJhyFbBsEKwafndbCLCacCqkzwafnfCJBdHdwandfqIKCabDcryBeaCnzquafwaendaCJCectEtaeK",108,0.965217,91,115,4,111,4,4,0,4,4,43,39,40,40,32,32,95
"8326",25,"[91]GjfffHdwaCxGblJhyFbBsEKwafndbCLCacCqkzwafnfCJBdHdwandfqIKCabDcryBeaCnzquafwaendaCJCectEtaeK",113,0.991228,91,114,1,113,1,1,0,1,1,30,29,44,44,40,40,95
"8327",26,"[91]GjfffHdwaCxGblJhyFbBsEKwafndbCLCacCqkzwafnfCJBdHdwandfqIKCabDcryBeaCnzquafwaendaCJCectEtaeK",119,1,91,118,0,118,0,0,0,0,0,41,41,37,37,40,40,95
"8328",27,"[91]GjfffHdwaCxGblJhyFbBsEKwafndbCLCacCqkzwafnfCJBdHdwandfqIKCabDcryBeaCnzquafwaendaCJCectEtaeK",111,0.966102,91,118,4,114,4,4,0,4,4,46,42,34,34,38,38,95
"8329",28,"[91]GjfffHdwaCxGblJhyFbBsEKwafndbCLCacCqkzwafnfCJBdHdwandfqIKCabDcryBeaCnzquafwaendaCJCectEtaeK",118,1,91,117,0,117,0,0,0,0,0,46,46,31,31,40,40,95
"8330",29,"[91]GjfffHdwaCxGblJhyFbBsEKwafndbCLCacCqkzwafnfCJBdHdwandfqIKCabDcryBeaCnzquafwaendaCJCectEtaeK",118,0.991597,91,119,1,118,1,1,0,1,1,39,38,40,40,40,40,95
"8331",30,"[91]GjfffHdwaCxGblJhyFbBsEKwafndbCLCacCqkzwafnfCJBdHdwandfqIKCabDcryBeaCnzquafwaendaCJCectEtaeK",119,0.991667,91,120,1,119,1,1,0,1,1,44,43,29,29,47,47,95
"8332",31,"[91]GjfffHdwaCxGblJhyFbBsEKwafndbCLCacCqkzwafnfCJBdHdwandfqIKCabDcryBeaCnzquafwaendaCJCectEtaeK",111,0.982456,91,114,2,112,2,2,0,2,2,38,36,38,38,38,38,95
"8333",32,"[91]GjfffHdwaCxGblJhyFbBsEKwafndbCLCacCqkzwafnfCJBdHdwandfqIKCabDcryBeaCnzquafwaendaCJCectEtaeK",113,0.991228,91,114,1,113,1,1,0,1,1,49,48,34,34,31,31,95
"8334",33,"[91]GjfffHdwaCxGblJhyFbBsEKwafndbCLCacCqkzwafnfCJBdHdwandfqIKCabDcryBeaCnzquafwaendaCJCectEtaeK",116,0.991453,91,117,1,116,1,1,0,1,1,49,48,30,30,38,38,95
"8335",34,"[91]GjfffHdwaCxGblJhyFbBsEKwafndbCLCacCqkzwafnfCJBdHdwandfqIKCabDcryBeaCnzquafwaendaCJCectEtaeK",119,0.983607,91,122,2,120,2,2,0,2,2,36,34,43,43,43,43,95
"8336",35,"[91]GjfffHdwaCxGblJhyFbBsEKwafndbCLCacCqkzwafnfCJBdHdwandfqIKCabDcryBeaCnzquafwaendaCJCectEtaeK",102,0.954955,91,111,5,106,5,5,0,5,5,40,35,45,45,26,26,95
"8337",36,"[91]GjfffHdwaCxGblJhyFbBsEKwafndbCLCacCqkzwafnfCJBdHdwandfqIKCabDcryBeaCnzquafwaendaCJCectEtaeK",117,0.991525,91,118,1,117,1,1,0,1,1,33,32,43,43,42,42,95
"8338",37,"[91]GjfffHdwaCxGblJhyFbBsEKwafndbCLCacCqkzwafnfCJBdHdwandfqIKCabDcryBeaCnzquafwaendaCJCectEtaeK",110,0.973913,91,115,3,112,3,3,0,3,3,43,40,37,37,35,35,95
"8339",38,"[91]GjfffHdwaCxGblJhyFbBsEKwafndbCLCacCqkzwafnfCJBdHdwandfqIKCabDcryBeaCnzquafwaendaCJCectEtaeK",120,0.991736,91,121,1,120,1,1,0,1,1,35,34,35,35,51,51,95
"8340",39,"[91]GjfffHdwaCxGblJhyFbBsEKwafndbCLCacCqkzwafnfCJBdHdwandfqIKCabDcryBeaCnzquafwaendaCJCectEtaeK",118,1,91,117,0,117,0,0,0,0,0,35,35,40,40,42,42,95
"8341",40,"[91]GjfffHdwaCxGblJhyFbBsEKwafndbCLCacCqkzwafnfCJBdHdwandfqIKCabDcryBeaCnzquafwaendaCJCectEtaeK",112,0.99115,91,113,1,112,1,1,0,1,1,50,49,28,28,35,35,95
"8342",41,"[91]GjfffHdwaCxGblJhyFbBsEKwafndbCLCacCqkzwafnfCJBdHdwandfqIKCabDcryBeaCnzquafwaendaCJCectEtaeK",124,1,91,123,0,123,0,0,0,0,0,28,28,36,36,59,59,95
"8343",42,"[91]GjfffHdwaCxGblJhyFbBsEKwafndbCLCacCqkzwafnfCJBdHdwandfqIKCabDcryBeaCnzquafwaendaCJCectEtaeK",122,0.99187,91,123,1,122,1,1,0,1,1,36,35,39,39,48,48,95
"8344",43,"[91]GjfffHdwaCxGblJhyFbBsEKwafndbCLCacCqkzwafnfCJBdHdwandfqIKCabDcryBeaCnzquafwaendaCJCectEtaeK",118,1,91,117,0,117,0,0,0,0,0,43,43,28,28,46,46,95
"8345",44,"[91]GjfffHdwaCxGblJhyFbBsEKwafndbCLCacCqkzwafnfCJBdHdwandfqIKCabDcryBeaCnzquafwaendaCJCectEtaeK",110,0.973913,91,115,3,112,3,3,0,3,3,42,39,36,36,37,37,95
"8346",45,"[91]GjfffHdwaCxGblJhyFbBsEKwafndbCLCacCqkzwafnfCJBdHdwandfqIKCabDcryBeaCnzquafwaendaCJCectEtaeK",123,0.984127,91,126,2,124,2,2,0,2,2,50,48,35,35,41,41,95
"8347",46,"[91]GjfffHdwaCxGblJhyFbBsEKwafndbCLCacCqkzwafnfCJBdHdwandfqIKCabDcryBeaCnzquafwaendaCJCectEtaeK",122,1,91,121,0,121,0,0,0,0,0,36,36,46,46,39,39,95
"8348",47,"[91]GjfffHdwaCxGblJhyFbBsEKwafndbCLCacCqkzwafnfCJBdHdwandfqIKCabDcryBeaCnzquafwaendaCJCectEtaeK",114,1,91,113,0,113,0,0,0,0,0,37,37,39,39,37,37,95
"8349",48,"[91]GjfffHdwaCxGblJhyFbBsEKwafndbCLCacCqkzwafnfCJBdHdwandfqIKCabDcryBeaCnzquafwaendaCJCectEtaeK",112,0.99115,91,113,1,112,1,1,0,1,1,49,48,36,36,28,28,95
"8350",49,"[91]GjfffHdwaCxGblJhyFbBsEKwafndbCLCacCqkzwafnfCJBdHdwandfqIKCabDcryBeaCnzquafwaendaCJCectEtaeK",114,0.982906,91,117,2,115,2,2,0,2,2,42,40,37,37,38,38,95
"8351",50,"[91]GjfffHdwaCxGblJhyFbBsEKwafndbCLCacCqkzwafnfCJBdHdwandfqIKCabDcryBeaCnzquafwaendaCJCectEtaeK",110,0.990991,91,111,1,110,1,1,0,1,1,39,38,39,39,33,33,95
"8352",51,"[91]GjfffHdwaCxGblJhyFbBsEKwafndbCLCacCqkzwafnfCJBdHdwandfqIKCabDcryBeaCnzquafwaendaCJCectEtaeK",123,1,91,122,0,122,0,0,0,0,0,40,40,31,31,51,51,95
"8353",52,"[91]GjfffHdwaCxGblJhyFbBsEKwafndbCLCacCqkzwafnfCJBdHdwandfqIKCabDcryBeaCnzquafwaendaCJCectEtaeK",118,0.991597,91,119,1,118,1,1,0,1,1,37,36,34,34,48,48,95
"8354",53,"[91]GjfffHdwaCxGblJhyFbBsEKwafndbCLCacCqkzwafnfCJBdHdwandfqIKCabDcryBeaCnzquafwaendaCJCectEtaeK",113,0.974576,91,118,3,115,3,3,0,3,3,38,35,38,38,42,42,95
"8355",54,"[91]GjfffHdwaCxGblJhyFbBsEKwafndbCLCacCqkzwafnfCJBdHdwandfqIKCabDcryBeaCnzquafwaendaCJCectEtaeK",113,1,91,112,0,112,0,0,0,0,0,38,38,38,38,36,36,95
"8356",55,"[91]GjfffHdwaCxGblJhyFbBsEKwafndbCLCacCqkzwafnfCJBdHdwandfqIKCabDcryBeaCnzquafwaendaCJCectEtaeK",119,1,91,118,0,118,0,0,0,0,0,40,40,32,32,46,46,95
"8357",56,"[91]GjfffHdwaCxGblJhyFbBsEKwafndbCLCacCqkzwafnfCJBdHdwandfqIKCabDcryBeaCnzquafwaendaCJCectEtaeK",113,1,91,112,0,112,0,0,0,0,0,42,42,35,35,35,35,95
"8358",57,"[91]GjfffHdwaCxGblJhyFbBsEKwafndbCLCacCqkzwafnfCJBdHdwandfqIKCabDcryBeaCnzquafwaendaCJCectEtaeK",119,1,91,118,0,118,0,0,0,0,0,44,44,32,32,42,42,95
"8359",58,"[91]GjfffHdwaCxGblJhyFbBsEKwafndbCLCacCqkzwafnfCJBdHdwandfqIKCabDcryBeaCnzquafwaendaCJCectEtaeK",113,0.982759,91,116,2,114,2,2,0,2,2,35,33,41,41,40,40,95
"8360",59,"[91]GjfffHdwaCxGblJhyFbBsEKwafndbCLCacCqkzwafnfCJBdHdwandfqIKCabDcryBeaCnzquafwaendaCJCectEtaeK",116,1,91,115,0,115,0,0,0,0,0,44,44,32,32,39,39,95
"8361",60,"[91]GjfffHdwaCxGblJhyFbBsEKwafndbCLCacCqkzwafnfCJBdHdwandfqIKCabDcryBeaCnzquafwaendaCJCectEtaeK",112,0.99115,91,113,1,112,1,1,0,1,1,43,42,35,35,35,35,95
"8362",61,"[91]GjfffHdwaCxGblJhyFbBsEKwafndbCLCacCqkzwafnfCJBdHdwandfqIKCabDcryBeaCnzquafwaendaCJCectEtaeK",114,1,91,113,0,113,0,0,0,0,0,34,34,39,39,40,40,95
"8363",62,"[91]GjfffHdwaCxGblJhyFbBsEKwafndbCLCacCqkzwafnfCJBdHdwandfqIKCabDcryBeaCnzquafwaendaCJCectEtaeK",115,1,91,114,0,114,0,0,0,0,0,31,31,41,41,42,42,95
"8364",63,"[91]GjfffHdwaCxGblJhyFbBsEKwafndbCLCacCqkzwafnfCJBdHdwandfqIKCabDcryBeaCnzquafwaendaCJCectEtaeK",110,0.973913,91,115,3,112,3,3,0,3,3,44,41,34,34,37,37,95
"8365",64,"[91]GjfffHdwaCxGblJhyFbBsEKwafndbCLCacCqkzwafnfCJBdHdwandfqIKCabDcryBeaCnzquafwaendaCJCectEtaeK",118,1,91,117,0,117,0,0,0,0,0,27,27,45,45,45,45,95
"8366",65,"[91]GjfffHdwaCxGblJhyFbBsEKwafndbCLCacCqkzwafnfCJBdHdwandfqIKCabDcryBeaCnzquafwaendaCJCectEtaeK",118,0.991597,91,119,1,118,1,1,0,1,1,30,29,41,41,48,48,95
"8367",66,"[91]GjfffHdwaCxGblJhyFbBsEKwafndbCLCacCqkzwafnfCJBdHdwandfqIKCabDcryBeaCnzquafwaendaCJCectEtaeK",116,1,91,115,0,115,0,0,0,0,0,39,39,35,35,41,41,95
"8368",67,"[91]GjfffHdwaCxGblJhyFbBsEKwafndbCLCacCqkzwafnfCJBdHdwandfqIKCabDcryBeaCnzquafwaendaCJCectEtaeK",116,1,91,115,0,115,0,0,0,0,0,41,41,34,34,40,40,95
"8369",68,"[91]GjfffHdwaCxGblJhyFbBsEKwafndbCLCacCqkzwafnfCJBdHdwandfqIKCabDcryBeaCnzquafwaendaCJCectEtaeK",114,0.991304,91,115,1,114,1,1,0,1,1,34,33,39,39,42,42,95
"8370",69,"[91]GjfffHdwaCxGblJhyFbBsEKwafndbCLCacCqkzwafnfCJBdHdwandfqIKCabDcryBeaCnzquafwaendaCJCectEtaeK",110,0.982301,91,113,2,111,2,2,0,2,2,43,41,40,40,30,30,95
"8371",70,"[91]GjfffHdwaCxGblJhyFbBsEKwafndbCLCacCqkzwafnfCJBdHdwandfqIKCabDcryBeaCnzquafwaendaCJCectEtaeK",108,0.973451,91,113,3,110,3,3,0,3,3,42,39,39,39,32,32,95
"8372",71,"[91]GjfffHdwaCxGblJhyFbBsEKwafndbCLCacCqkzwafnfCJBdHdwandfqIKCabDcryBeaCnzquafwaendaCJCectEtaeK",109,1,91,108,0,108,0,0,0,0,0,46,46,34,34,28,28,95
"8373",72,"[91]GjfffHdwaCxGblJhyFbBsEKwafndbCLCacCqkzwafnfCJBdHdwandfqIKCabDcryBeaCnzquafwaendaCJCectEtaeK",115,0.991379,91,116,1,115,1,1,0,1,1,40,39,38,38,38,38,95
"8374",73,"[91]GjfffHdwaCxGblJhyFbBsEKwafndbCLCacCqkzwafnfCJBdHdwandfqIKCabDcryBeaCnzquafwaendaCJCectEtaeK",114,1,91,113,0,113,0,0,0,0,0,45,45,34,34,34,34,95
"8375",74,"[91]GjfffHdwaCxGblJhyFbBsEKwafndbCLCacCqkzwafnfCJBdHdwandfqIKCabDcryBeaCnzquafwaendaCJCectEtaeK",112,0.982609,91,115,2,113,2,2,0,2,2,49,47,30,30,36,36,95
"8376",75,"[91]GjfffHdwaCxGblJhyFbBsEKwafndbCLCacCqkzwafnfCJBdHdwandfqIKCabDcryBeaCnzquafwaendaCJCectEtaeK",115,1,91,114,0,114,0,0,0,0,0,33,33,42,42,39,39,95
"8377",76,"[91]GjfffHdwaCxGblJhyFbBsEKwafndbCLCacCqkzwafnfCJBdHdwandfqIKCabDcryBeaCnzquafwaendaCJCectEtaeK",113,1,91,112,0,112,0,0,0,0,0,42,42,34,34,36,36,95
"8378",77,"[91]GjfffHdwaCxGblJhyFbBsEKwafndbCLCacCqkzwafnfCJBdHdwandfqIKCabDcryBeaCnzquafwaendaCJCectEtaeK",120,1,91,119,0,119,0,0,0,0,0,41,41,38,38,40,40,95
"8379",78,"[91]GjfffHdwaCxGblJhyFbBsEKwafndbCLCacCqkzwafnfCJBdHdwandfqIKCabDcryBeaCnzquafwaendaCJCectEtaeK",125,1,91,124,0,124,0,0,0,0,0,44,44,32,32,48,48,95
"8380",79,"[91]GjfffHdwaCxGblJhyFbBsEKwafndbCLCacCqkzwafnfCJBdHdwandfqIKCabDcryBeaCnzquafwaendaCJCectEtaeK",115,0.991379,91,116,1,115,1,1,0,1,1,43,42,31,31,42,42,95
"8381",80,"[91]GjfffHdwaCxGblJhyFbBsEKwafndbCLCacCqkzwafnfCJBdHdwandfqIKCabDcryBeaCnzquafwaendaCJCectEtaeK",110,0.990991,91,111,1,110,1,1,0,1,1,36,35,42,42,33,33,95
"8382",81,"[91]GjfffHdwaCxGblJhyFbBsEKwafndbCLCacCqkzwafnfCJBdHdwandfqIKCabDcryBeaCnzquafwaendaCJCectEtaeK",112,1,91,111,0,111,0,0,0,0,0,33,33,43,43,35,35,95
"8383",82,"[91]GjfffHdwaCxGblJhyFbBsEKwafndbCLCacCqkzwafnfCJBdHdwandfqIKCabDcryBeaCnzquafwaendaCJCectEtaeK",106,0.990654,91,107,1,106,1,1,0,1,1,37,36,44,44,26,26,95
"8384",83,"[91]GjfffHdwaCxGblJhyFbBsEKwafndbCLCacCqkzwafnfCJBdHdwandfqIKCabDcryBeaCnzquafwaendaCJCectEtaeK",116,1,91,115,0,115,0,0,0,0,0,37,37,37,37,41,41,95
"8385",84,"[91]GjfffHdwaCxGblJhyFbBsEKwafndbCLCacCqkzwafnfCJBdHdwandfqIKCabDcryBeaCnzquafwaendaCJCectEtaeK",120,1,91,119,0,119,0,0,0,0,0,43,43,32,32,44,44,95
"8386",85,"[91]GjfffHdwaCxGblJhyFbBsEKwafndbCLCacCqkzwafnfCJBdHdwandfqIKCabDcryBeaCnzquafwaendaCJCectEtaeK",115,0.991379,91,116,1,115,1,1,0,1,1,34,33,39,39,43,43,95
"8387",86,"[91]GjfffHdwaCxGblJhyFbBsEKwafndbCLCacCqkzwafnfCJBdHdwandfqIKCabDcryBeaCnzquafwaendaCJCectEtaeK",109,1,91,108,0,108,0,0,0,0,0,47,47,35,35,26,26,95
"8388",87,"[91]GjfffHdwaCxGblJhyFbBsEKwafndbCLCacCqkzwafnfCJBdHdwandfqIKCabDcryBeaCnzquafwaendaCJCectEtaeK",115,0.991379,91,116,1,115,1,1,0,1,1,31,30,40,40,45,45,95
"8389",88,"[91]GjfffHdwaCxGblJhyFbBsEKwafndbCLCacCqkzwafnfCJBdHdwandfqIKCabDcryBeaCnzquafwaendaCJCectEtaeK",110,1,91,109,0,109,0,0,0,0,0,41,41,39,39,29,29,95
"8390",89,"[91]GjfffHdwaCxGblJhyFbBsEKwafndbCLCacCqkzwafnfCJBdHdwandfqIKCabDcryBeaCnzquafwaendaCJCectEtaeK",114,0.991304,91,115,1,114,1,1,0,1,1,31,30,41,41,43,43,95
"8391",90,"[91]GjfffHdwaCxGblJhyFbBsEKwafndbCLCacCqkzwafnfCJBdHdwandfqIKCabDcryBeaCnzquafwaendaCJCectEtaeK",112,1,91,111,0,111,0,0,0,0,0,42,42,40,40,29,29,95
"8392",91,"[91]GjfffHdwaCxGblJhyFbBsEKwafndbCLCacCqkzwafnfCJBdHdwandfqIKCabDcryBeaCnzquafwaendaCJCectEtaeK",109,1,91,108,0,108,0,0,0,0,0,39,39,40,40,29,29,95
"8393",92,"[91]GjfffHdwaCxGblJhyFbBsEKwafndbCLCacCqkzwafnfCJBdHdwandfqIKCabDcryBeaCnzquafwaendaCJCectEtaeK",121,1,91,120,0,120,0,0,0,0,0,37,37,37,37,46,46,95
"8394",93,"[91]GjfffHdwaCxGblJhyFbBsEKwafndbCLCacCqkzwafnfCJBdHdwandfqIKCabDcryBeaCnzquafwaendaCJCectEtaeK",118,1,91,117,0,117,0,0,0,0,0,37,37,36,36,44,44,95
"8395",94,"[91]GjfffHdwaCxGblJhyFbBsEKwafndbCLCacCqkzwafnfCJBdHdwandfqIKCabDcryBeaCnzquafwaendaCJCectEtaeK",107,0.981818,91,110,2,108,2,2,0,2,2,32,30,46,46,32,32,95
"8396",95,"[91]GjfffHdwaCxGblJhyFbBsEKwafndbCLCacCqkzwafnfCJBdHdwandfqIKCabDcryBeaCnzquafwaendaCJCectEtaeK",115,0.983051,91,118,2,116,2,2,0,2,2,40,38,41,41,37,37,95
"8397",96,"[91]GjfffHdwaCxGblJhyFbBsEKwafndbCLCacCqkzwafnfCJBdHdwandfqIKCabDcryBeaCnzquafwaendaCJCectEtaeK",119,1,91,118,0,118,0,0,0,0,0,42,42,28,28,48,48,95
"8398",97,"[91]GjfffHdwaCxGblJhyFbBsEKwafndbCLCacCqkzwafnfCJBdHdwandfqIKCabDcryBeaCnzquafwaendaCJCectEtaeK",116,1,91,115,0,115,0,0,0,0,0,41,41,33,33,41,41,95
"8399",98,"[91]GjfffHdwaCxGblJhyFbBsEKwafndbCLCacCqkzwafnfCJBdHdwandfqIKCabDcryBeaCnzquafwaendaCJCectEtaeK",119,1,91,118,0,118,0,0,0,0,0,36,36,38,38,44,44,95
"8400",99,"[91]GjfffHdwaCxGblJhyFbBsEKwafndbCLCacCqkzwafnfCJBdHdwandfqIKCabDcryBeaCnzquafwaendaCJCectEtaeK",118,1,91,117,0,117,0,0,0,0,0,48,48,27,27,42,42,95
"8401",0,"[79]GuffHdwaCrhdeDmEBiBjvwandbCLCecqwafofCJBdHdwendaCIKqKDEFBeaFCuwafwendaqJCabaIeK",107,1,79,106,0,106,0,0,0,0,0,38,38,36,36,32,32,96
"8402",1,"[79]GuffHdwaCrhdeDmEBiBjvwandbCLCecqwafofCJBdHdwendaCIKqKDEFBeaFCuwafwendaqJCabaIeK",110,0.990991,79,111,1,110,1,1,0,1,1,35,34,34,34,42,42,96
"8403",2,"[79]GuffHdwaCrhdeDmEBiBjvwandbCLCecqwafofCJBdHdwendaCIKqKDEFBeaFCuwafwendaqJCabaIeK",102,0.963303,79,109,4,105,4,4,0,4,4,40,36,36,36,33,33,96
"8404",3,"[79]GuffHdwaCrhdeDmEBiBjvwandbCLCecqwafofCJBdHdwendaCIKqKDEFBeaFCuwafwendaqJCabaIeK",107,1,79,106,0,106,0,0,0,0,0,41,41,34,34,31,31,96
"8405",4,"[79]GuffHdwaCrhdeDmEBiBjvwandbCLCecqwafofCJBdHdwendaCIKqKDEFBeaFCuwafwendaqJCabaIeK",112,1,79,111,0,111,0,0,0,0,0,32,32,35,35,44,44,96
"8406",5,"[79]GuffHdwaCrhdeDmEBiBjvwandbCLCecqwafofCJBdHdwendaCIKqKDEFBeaFCuwafwendaqJCabaIeK",106,1,79,105,0,105,0,0,0,0,0,34,34,41,41,30,30,96
"8407",6,"[79]GuffHdwaCrhdeDmEBiBjvwandbCLCecqwafofCJBdHdwendaCIKqKDEFBeaFCuwafwendaqJCabaIeK",110,0.982301,79,113,2,111,2,2,0,2,2,38,36,30,30,45,45,96
"8408",7,"[79]GuffHdwaCrhdeDmEBiBjvwandbCLCecqwafofCJBdHdwendaCIKqKDEFBeaFCuwafwendaqJCabaIeK",107,0.981818,79,110,2,108,2,2,0,2,2,41,39,31,31,38,38,96
"8409",8,"[79]GuffHdwaCrhdeDmEBiBjvwandbCLCecqwafofCJBdHdwendaCIKqKDEFBeaFCuwafwendaqJCabaIeK",105,0.990566,79,106,1,105,1,1,0,1,1,38,37,37,37,31,31,96
"8410",9,"[79]GuffHdwaCrhdeDmEBiBjvwandbCLCecqwafofCJBdHdwendaCIKqKDEFBeaFCuwafwendaqJCabaIeK",105,0.981481,79,108,2,106,2,2,0,2,2,33,31,40,40,35,35,96
"8411",10,"[79]GuffHdwaCrhdeDmEBiBjvwandbCLCecqwafofCJBdHdwendaCIKqKDEFBeaFCuwafwendaqJCabaIeK",99,0.9375,79,112,7,105,7,7,0,7,7,34,27,42,42,36,36,96
"8412",11,"[79]GuffHdwaCrhdeDmEBiBjvwandbCLCecqwafofCJBdHdwendaCIKqKDEFBeaFCuwafwendaqJCabaIeK",109,0.990909,79,110,1,109,1,1,0,1,1,39,38,31,31,40,40,96
"8413",12,"[79]GuffHdwaCrhdeDmEBiBjvwandbCLCecqwafofCJBdHdwendaCIKqKDEFBeaFCuwafwendaqJCabaIeK",105,1,79,104,0,104,0,0,0,0,0,31,31,43,43,30,30,96
"8414",13,"[79]GuffHdwaCrhdeDmEBiBjvwandbCLCecqwafofCJBdHdwendaCIKqKDEFBeaFCuwafwendaqJCabaIeK",109,1,79,108,0,108,0,0,0,0,0,34,34,36,36,38,38,96
"8415",14,"[79]GuffHdwaCrhdeDmEBiBjvwandbCLCecqwafofCJBdHdwendaCIKqKDEFBeaFCuwafwendaqJCabaIeK",108,1,79,107,0,107,0,0,0,0,0,37,37,35,35,35,35,96
"8416",15,"[79]GuffHdwaCrhdeDmEBiBjvwandbCLCecqwafofCJBdHdwendaCIKqKDEFBeaFCuwafwendaqJCabaIeK",108,1,79,107,0,107,0,0,0,0,0,33,33,38,38,36,36,96
"8417",16,"[79]GuffHdwaCrhdeDmEBiBjvwandbCLCecqwafofCJBdHdwendaCIKqKDEFBeaFCuwafwendaqJCabaIeK",109,1,79,108,0,108,0,0,0,0,0,38,38,33,33,37,37,96
"8418",17,"[79]GuffHdwaCrhdeDmEBiBjvwandbCLCecqwafofCJBdHdwendaCIKqKDEFBeaFCuwafwendaqJCabaIeK",104,1,79,103,0,103,0,0,0,0,0,44,44,33,33,26,26,96
"8419",18,"[79]GuffHdwaCrhdeDmEBiBjvwandbCLCecqwafofCJBdHdwendaCIKqKDEFBeaFCuwafwendaqJCabaIeK",104,0.981308,79,107,2,105,2,2,0,2,2,36,34,39,39,32,32,96
"8420",19,"[79]GuffHdwaCrhdeDmEBiBjvwandbCLCecqwafofCJBdHdwendaCIKqKDEFBeaFCuwafwendaqJCabaIeK",110,1,79,109,0,109,0,0,0,0,0,31,31,38,38,40,40,96
"8421",20,"[79]GuffHdwaCrhdeDmEBiBjvwandbCLCecqwafofCJBdHdwendaCIKqKDEFBeaFCuwafwendaqJCabaIeK",115,1,79,114,0,114,0,0,0,0,0,38,38,27,27,49,49,96
"8422",21,"[79]GuffHdwaCrhdeDmEBiBjvwandbCLCecqwafofCJBdHdwendaCIKqKDEFBeaFCuwafwendaqJCabaIeK",106,1,79,105,0,105,0,0,0,0,0,42,42,34,34,29,29,96
"8423",22,"[79]GuffHdwaCrhdeDmEBiBjvwandbCLCecqwafofCJBdHdwendaCIKqKDEFBeaFCuwafwendaqJCabaIeK",107,1,79,106,0,106,0,0,0,0,0,38,38,36,36,32,32,96
"8424",23,"[79]GuffHdwaCrhdeDmEBiBjvwandbCLCecqwafofCJBdHdwendaCIKqKDEFBeaFCuwafwendaqJCabaIeK",105,0.981481,79,108,2,106,2,2,0,2,2,42,40,32,32,34,34,96
"8425",24,"[79]GuffHdwaCrhdeDmEBiBjvwandbCLCecqwafofCJBdHdwendaCIKqKDEFBeaFCuwafwendaqJCabaIeK",104,0.990476,79,105,1,104,1,1,0,1,1,54,53,24,24,27,27,96
"8426",25,"[79]GuffHdwaCrhdeDmEBiBjvwandbCLCecqwafofCJBdHdwendaCIKqKDEFBeaFCuwafwendaqJCabaIeK",104,0.981308,79,107,2,105,2,2,0,2,2,32,30,42,42,33,33,96
"8427",26,"[79]GuffHdwaCrhdeDmEBiBjvwandbCLCecqwafofCJBdHdwendaCIKqKDEFBeaFCuwafwendaqJCabaIeK",110,1,79,109,0,109,0,0,0,0,0,36,36,33,33,40,40,96
"8428",27,"[79]GuffHdwaCrhdeDmEBiBjvwandbCLCecqwafofCJBdHdwendaCIKqKDEFBeaFCuwafwendaqJCabaIeK",102,0.990291,79,103,1,102,1,1,0,1,1,38,37,40,40,25,25,96
"8429",28,"[79]GuffHdwaCrhdeDmEBiBjvwandbCLCecqwafofCJBdHdwendaCIKqKDEFBeaFCuwafwendaqJCabaIeK",108,0.990826,79,109,1,108,1,1,0,1,1,43,42,29,29,37,37,96
"8430",29,"[79]GuffHdwaCrhdeDmEBiBjvwandbCLCecqwafofCJBdHdwendaCIKqKDEFBeaFCuwafwendaqJCabaIeK",104,0.990476,79,105,1,104,1,1,0,1,1,34,33,41,41,30,30,96
"8431",30,"[79]GuffHdwaCrhdeDmEBiBjvwandbCLCecqwafofCJBdHdwendaCIKqKDEFBeaFCuwafwendaqJCabaIeK",103,0.990385,79,104,1,103,1,1,0,1,1,40,39,37,37,27,27,96
"8432",31,"[79]GuffHdwaCrhdeDmEBiBjvwandbCLCecqwafofCJBdHdwendaCIKqKDEFBeaFCuwafwendaqJCabaIeK",108,0.981982,79,111,2,109,2,2,0,2,2,32,30,38,38,41,41,96
"8433",32,"[79]GuffHdwaCrhdeDmEBiBjvwandbCLCecqwafofCJBdHdwendaCIKqKDEFBeaFCuwafwendaqJCabaIeK",111,1,79,110,0,110,0,0,0,0,0,37,37,31,31,42,42,96
"8434",33,"[79]GuffHdwaCrhdeDmEBiBjvwandbCLCecqwafofCJBdHdwendaCIKqKDEFBeaFCuwafwendaqJCabaIeK",109,1,79,108,0,108,0,0,0,0,0,33,33,37,37,38,38,96
"8435",34,"[79]GuffHdwaCrhdeDmEBiBjvwandbCLCecqwafofCJBdHdwendaCIKqKDEFBeaFCuwafwendaqJCabaIeK",104,0.990476,79,105,1,104,1,1,0,1,1,36,35,39,39,30,30,96
"8436",35,"[79]GuffHdwaCrhdeDmEBiBjvwandbCLCecqwafofCJBdHdwendaCIKqKDEFBeaFCuwafwendaqJCabaIeK",108,1,79,107,0,107,0,0,0,0,0,37,37,35,35,35,35,96
"8437",36,"[79]GuffHdwaCrhdeDmEBiBjvwandbCLCecqwafofCJBdHdwendaCIKqKDEFBeaFCuwafwendaqJCabaIeK",111,1,79,110,0,110,0,0,0,0,0,29,29,38,38,43,43,96
"8438",37,"[79]GuffHdwaCrhdeDmEBiBjvwandbCLCecqwafofCJBdHdwendaCIKqKDEFBeaFCuwafwendaqJCabaIeK",107,0.981818,79,110,2,108,2,2,0,2,2,30,28,40,40,40,40,96
"8439",38,"[79]GuffHdwaCrhdeDmEBiBjvwandbCLCecqwafofCJBdHdwendaCIKqKDEFBeaFCuwafwendaqJCabaIeK",108,0.990826,79,109,1,108,1,1,0,1,1,30,29,40,40,39,39,96
"8440",39,"[79]GuffHdwaCrhdeDmEBiBjvwandbCLCecqwafofCJBdHdwendaCIKqKDEFBeaFCuwafwendaqJCabaIeK",106,1,79,105,0,105,0,0,0,0,0,30,30,43,43,32,32,96
"8441",40,"[79]GuffHdwaCrhdeDmEBiBjvwandbCLCecqwafofCJBdHdwendaCIKqKDEFBeaFCuwafwendaqJCabaIeK",102,0.980952,79,105,2,103,2,2,0,2,2,38,36,39,39,28,28,96
"8442",41,"[79]GuffHdwaCrhdeDmEBiBjvwandbCLCecqwafofCJBdHdwendaCIKqKDEFBeaFCuwafwendaqJCabaIeK",110,1,79,109,0,109,0,0,0,0,0,28,28,40,40,41,41,96
"8443",42,"[79]GuffHdwaCrhdeDmEBiBjvwandbCLCecqwafofCJBdHdwendaCIKqKDEFBeaFCuwafwendaqJCabaIeK",108,1,79,107,0,107,0,0,0,0,0,36,36,36,36,35,35,96
"8444",43,"[79]GuffHdwaCrhdeDmEBiBjvwandbCLCecqwafofCJBdHdwendaCIKqKDEFBeaFCuwafwendaqJCabaIeK",111,1,79,110,0,110,0,0,0,0,0,32,32,37,37,41,41,96
"8445",44,"[79]GuffHdwaCrhdeDmEBiBjvwandbCLCecqwafofCJBdHdwendaCIKqKDEFBeaFCuwafwendaqJCabaIeK",109,0.990909,79,110,1,109,1,1,0,1,1,37,36,33,33,40,40,96
"8446",45,"[79]GuffHdwaCrhdeDmEBiBjvwandbCLCecqwafofCJBdHdwendaCIKqKDEFBeaFCuwafwendaqJCabaIeK",108,1,79,107,0,107,0,0,0,0,0,33,33,39,39,35,35,96
"8447",46,"[79]GuffHdwaCrhdeDmEBiBjvwandbCLCecqwafofCJBdHdwendaCIKqKDEFBeaFCuwafwendaqJCabaIeK",106,0.981651,79,109,2,107,2,2,0,2,2,39,37,34,34,36,36,96
"8448",47,"[79]GuffHdwaCrhdeDmEBiBjvwandbCLCecqwafofCJBdHdwendaCIKqKDEFBeaFCuwafwendaqJCabaIeK",105,1,79,104,0,104,0,0,0,0,0,35,35,40,40,29,29,96
"8449",48,"[79]GuffHdwaCrhdeDmEBiBjvwandbCLCecqwafofCJBdHdwendaCIKqKDEFBeaFCuwafwendaqJCabaIeK",106,1,79,105,0,105,0,0,0,0,0,38,38,36,36,31,31,96
"8450",49,"[79]GuffHdwaCrhdeDmEBiBjvwandbCLCecqwafofCJBdHdwendaCIKqKDEFBeaFCuwafwendaqJCabaIeK",109,1,79,108,0,108,0,0,0,0,0,36,36,35,35,37,37,96
"8451",50,"[79]GuffHdwaCrhdeDmEBiBjvwandbCLCecqwafofCJBdHdwendaCIKqKDEFBeaFCuwafwendaqJCabaIeK",109,1,79,108,0,108,0,0,0,0,0,33,33,38,38,37,37,96
"8452",51,"[79]GuffHdwaCrhdeDmEBiBjvwandbCLCecqwafofCJBdHdwendaCIKqKDEFBeaFCuwafwendaqJCabaIeK",109,0.990909,79,110,1,109,1,1,0,1,1,30,29,39,39,41,41,96
"8453",52,"[79]GuffHdwaCrhdeDmEBiBjvwandbCLCecqwafofCJBdHdwendaCIKqKDEFBeaFCuwafwendaqJCabaIeK",106,0.981651,79,109,2,107,2,2,0,2,2,34,32,38,38,37,37,96
"8454",53,"[79]GuffHdwaCrhdeDmEBiBjvwandbCLCecqwafofCJBdHdwendaCIKqKDEFBeaFCuwafwendaqJCabaIeK",106,0.990654,79,107,1,106,1,1,0,1,1,36,35,38,38,33,33,96
"8455",54,"[79]GuffHdwaCrhdeDmEBiBjvwandbCLCecqwafofCJBdHdwendaCIKqKDEFBeaFCuwafwendaqJCabaIeK",111,1,79,110,0,110,0,0,0,0,0,36,36,32,32,42,42,96
"8456",55,"[79]GuffHdwaCrhdeDmEBiBjvwandbCLCecqwafofCJBdHdwendaCIKqKDEFBeaFCuwafwendaqJCabaIeK",108,1,79,107,0,107,0,0,0,0,0,35,35,38,38,34,34,96
"8457",56,"[79]GuffHdwaCrhdeDmEBiBjvwandbCLCecqwafofCJBdHdwendaCIKqKDEFBeaFCuwafwendaqJCabaIeK",106,1,79,105,0,105,0,0,0,0,0,42,42,34,34,29,29,96
"8458",57,"[79]GuffHdwaCrhdeDmEBiBjvwandbCLCecqwafofCJBdHdwendaCIKqKDEFBeaFCuwafwendaqJCabaIeK",106,0.990654,79,107,1,106,1,1,0,1,1,41,40,34,34,32,32,96
"8459",58,"[79]GuffHdwaCrhdeDmEBiBjvwandbCLCecqwafofCJBdHdwendaCIKqKDEFBeaFCuwafwendaqJCabaIeK",111,1,79,110,0,110,0,0,0,0,0,36,36,32,32,42,42,96
"8460",59,"[79]GuffHdwaCrhdeDmEBiBjvwandbCLCecqwafofCJBdHdwendaCIKqKDEFBeaFCuwafwendaqJCabaIeK",105,0.981481,79,108,2,106,2,2,0,2,2,41,39,33,33,34,34,96
"8461",60,"[79]GuffHdwaCrhdeDmEBiBjvwandbCLCecqwafofCJBdHdwendaCIKqKDEFBeaFCuwafwendaqJCabaIeK",110,0.990991,79,111,1,110,1,1,0,1,1,30,29,38,38,43,43,96
"8462",61,"[79]GuffHdwaCrhdeDmEBiBjvwandbCLCecqwafofCJBdHdwendaCIKqKDEFBeaFCuwafwendaqJCabaIeK",111,1,79,110,0,110,0,0,0,0,0,41,41,29,29,40,40,96
"8463",62,"[79]GuffHdwaCrhdeDmEBiBjvwandbCLCecqwafofCJBdHdwendaCIKqKDEFBeaFCuwafwendaqJCabaIeK",104,0.963964,79,111,4,107,4,4,0,4,4,42,38,32,32,37,37,96
"8464",63,"[79]GuffHdwaCrhdeDmEBiBjvwandbCLCecqwafofCJBdHdwendaCIKqKDEFBeaFCuwafwendaqJCabaIeK",102,0.980952,79,105,2,103,2,2,0,2,2,43,41,35,35,27,27,96
"8465",64,"[79]GuffHdwaCrhdeDmEBiBjvwandbCLCecqwafofCJBdHdwendaCIKqKDEFBeaFCuwafwendaqJCabaIeK",112,0.99115,79,113,1,112,1,1,0,1,1,24,23,42,42,47,47,96
"8466",65,"[79]GuffHdwaCrhdeDmEBiBjvwandbCLCecqwafofCJBdHdwendaCIKqKDEFBeaFCuwafwendaqJCabaIeK",108,1,79,107,0,107,0,0,0,0,0,37,37,36,36,34,34,96
"8467",66,"[79]GuffHdwaCrhdeDmEBiBjvwandbCLCecqwafofCJBdHdwendaCIKqKDEFBeaFCuwafwendaqJCabaIeK",108,1,79,107,0,107,0,0,0,0,0,39,39,34,34,34,34,96
"8468",67,"[79]GuffHdwaCrhdeDmEBiBjvwandbCLCecqwafofCJBdHdwendaCIKqKDEFBeaFCuwafwendaqJCabaIeK",106,1,79,105,0,105,0,0,0,0,0,37,37,37,37,31,31,96
"8469",68,"[79]GuffHdwaCrhdeDmEBiBjvwandbCLCecqwafofCJBdHdwendaCIKqKDEFBeaFCuwafwendaqJCabaIeK",110,1,79,109,0,109,0,0,0,0,0,32,32,37,37,40,40,96
"8470",69,"[79]GuffHdwaCrhdeDmEBiBjvwandbCLCecqwafofCJBdHdwendaCIKqKDEFBeaFCuwafwendaqJCabaIeK",110,1,79,109,0,109,0,0,0,0,0,46,46,25,25,38,38,96
"8471",70,"[79]GuffHdwaCrhdeDmEBiBjvwandbCLCecqwafofCJBdHdwendaCIKqKDEFBeaFCuwafwendaqJCabaIeK",109,1,79,108,0,108,0,0,0,0,0,39,39,32,32,37,37,96
"8472",71,"[79]GuffHdwaCrhdeDmEBiBjvwandbCLCecqwafofCJBdHdwendaCIKqKDEFBeaFCuwafwendaqJCabaIeK",104,0.972477,79,109,3,106,3,3,0,3,3,40,37,35,35,34,34,96
"8473",72,"[79]GuffHdwaCrhdeDmEBiBjvwandbCLCecqwafofCJBdHdwendaCIKqKDEFBeaFCuwafwendaqJCabaIeK",107,0.990741,79,108,1,107,1,1,0,1,1,43,42,30,30,35,35,96
"8474",73,"[79]GuffHdwaCrhdeDmEBiBjvwandbCLCecqwafofCJBdHdwendaCIKqKDEFBeaFCuwafwendaqJCabaIeK",112,0.99115,79,113,1,112,1,1,0,1,1,41,40,27,27,45,45,96
"8475",74,"[79]GuffHdwaCrhdeDmEBiBjvwandbCLCecqwafofCJBdHdwendaCIKqKDEFBeaFCuwafwendaqJCabaIeK",106,1,79,105,0,105,0,0,0,0,0,34,34,40,40,31,31,96
"8476",75,"[79]GuffHdwaCrhdeDmEBiBjvwandbCLCecqwafofCJBdHdwendaCIKqKDEFBeaFCuwafwendaqJCabaIeK",106,1,79,105,0,105,0,0,0,0,0,32,32,42,42,31,31,96
"8477",76,"[79]GuffHdwaCrhdeDmEBiBjvwandbCLCecqwafofCJBdHdwendaCIKqKDEFBeaFCuwafwendaqJCabaIeK",108,1,79,107,0,107,0,0,0,0,0,36,36,36,36,35,35,96
"8478",77,"[79]GuffHdwaCrhdeDmEBiBjvwandbCLCecqwafofCJBdHdwendaCIKqKDEFBeaFCuwafwendaqJCabaIeK",107,1,79,106,0,106,0,0,0,0,0,43,43,32,32,31,31,96
"8479",78,"[79]GuffHdwaCrhdeDmEBiBjvwandbCLCecqwafofCJBdHdwendaCIKqKDEFBeaFCuwafwendaqJCabaIeK",104,0.981308,79,107,2,105,2,2,0,2,2,40,38,35,35,32,32,96
"8480",79,"[79]GuffHdwaCrhdeDmEBiBjvwandbCLCecqwafofCJBdHdwendaCIKqKDEFBeaFCuwafwendaqJCabaIeK",107,0.990741,79,108,1,107,1,1,0,1,1,40,39,34,34,34,34,96
"8481",80,"[79]GuffHdwaCrhdeDmEBiBjvwandbCLCecqwafofCJBdHdwendaCIKqKDEFBeaFCuwafwendaqJCabaIeK",101,0.971698,79,106,3,103,3,3,0,3,3,39,36,39,39,28,28,96
"8482",81,"[79]GuffHdwaCrhdeDmEBiBjvwandbCLCecqwafofCJBdHdwendaCIKqKDEFBeaFCuwafwendaqJCabaIeK",108,1,79,107,0,107,0,0,0,0,0,34,34,37,37,36,36,96
"8483",82,"[79]GuffHdwaCrhdeDmEBiBjvwandbCLCecqwafofCJBdHdwendaCIKqKDEFBeaFCuwafwendaqJCabaIeK",107,1,79,106,0,106,0,0,0,0,0,39,39,35,35,32,32,96
"8484",83,"[79]GuffHdwaCrhdeDmEBiBjvwandbCLCecqwafofCJBdHdwendaCIKqKDEFBeaFCuwafwendaqJCabaIeK",105,1,79,104,0,104,0,0,0,0,0,43,43,34,34,27,27,96
"8485",84,"[79]GuffHdwaCrhdeDmEBiBjvwandbCLCecqwafofCJBdHdwendaCIKqKDEFBeaFCuwafwendaqJCabaIeK",102,0.971963,79,107,3,104,3,3,0,3,3,34,31,42,42,31,31,96
"8486",85,"[79]GuffHdwaCrhdeDmEBiBjvwandbCLCecqwafofCJBdHdwendaCIKqKDEFBeaFCuwafwendaqJCabaIeK",109,1,79,108,0,108,0,0,0,0,0,29,29,41,41,38,38,96
"8487",86,"[79]GuffHdwaCrhdeDmEBiBjvwandbCLCecqwafofCJBdHdwendaCIKqKDEFBeaFCuwafwendaqJCabaIeK",111,1,79,110,0,110,0,0,0,0,0,32,32,37,37,41,41,96
"8488",87,"[79]GuffHdwaCrhdeDmEBiBjvwandbCLCecqwafofCJBdHdwendaCIKqKDEFBeaFCuwafwendaqJCabaIeK",106,1,79,105,0,105,0,0,0,0,0,34,34,40,40,31,31,96
"8489",88,"[79]GuffHdwaCrhdeDmEBiBjvwandbCLCecqwafofCJBdHdwendaCIKqKDEFBeaFCuwafwendaqJCabaIeK",105,0.972727,79,110,3,107,3,3,0,3,3,36,33,36,36,38,38,96
"8490",89,"[79]GuffHdwaCrhdeDmEBiBjvwandbCLCecqwafofCJBdHdwendaCIKqKDEFBeaFCuwafwendaqJCabaIeK",106,0.981651,79,109,2,107,2,2,0,2,2,37,35,35,35,37,37,96
"8491",90,"[79]GuffHdwaCrhdeDmEBiBjvwandbCLCecqwafofCJBdHdwendaCIKqKDEFBeaFCuwafwendaqJCabaIeK",101,0.980769,79,104,2,102,2,2,0,2,2,35,33,44,44,25,25,96
"8492",91,"[79]GuffHdwaCrhdeDmEBiBjvwandbCLCecqwafofCJBdHdwendaCIKqKDEFBeaFCuwafwendaqJCabaIeK",109,1,79,108,0,108,0,0,0,0,0,42,42,30,30,36,36,96
"8493",92,"[79]GuffHdwaCrhdeDmEBiBjvwandbCLCecqwafofCJBdHdwendaCIKqKDEFBeaFCuwafwendaqJCabaIeK",109,1,79,108,0,108,0,0,0,0,0,42,42,29,29,37,37,96
"8494",93,"[79]GuffHdwaCrhdeDmEBiBjvwandbCLCecqwafofCJBdHdwendaCIKqKDEFBeaFCuwafwendaqJCabaIeK",106,0.990654,79,107,1,106,1,1,0,1,1,45,44,29,29,33,33,96
"8495",94,"[79]GuffHdwaCrhdeDmEBiBjvwandbCLCecqwafofCJBdHdwendaCIKqKDEFBeaFCuwafwendaqJCabaIeK",103,0.981132,79,106,2,104,2,2,0,2,2,33,31,43,43,30,30,96
"8496",95,"[79]GuffHdwaCrhdeDmEBiBjvwandbCLCecqwafofCJBdHdwendaCIKqKDEFBeaFCuwafwendaqJCabaIeK",113,1,79,112,0,112,0,0,0,0,0,34,34,33,33,45,45,96
"8497",96,"[79]GuffHdwaCrhdeDmEBiBjvwandbCLCecqwafofCJBdHdwendaCIKqKDEFBeaFCuwafwendaqJCabaIeK",107,0.990741,79,108,1,107,1,1,0,1,1,44,43,30,30,34,34,96
"8498",97,"[79]GuffHdwaCrhdeDmEBiBjvwandbCLCecqwafofCJBdHdwendaCIKqKDEFBeaFCuwafwendaqJCabaIeK",116,1,79,115,0,115,0,0,0,0,0,35,35,29,29,51,51,96
"8499",98,"[79]GuffHdwaCrhdeDmEBiBjvwandbCLCecqwafofCJBdHdwendaCIKqKDEFBeaFCuwafwendaqJCabaIeK",110,1,79,109,0,109,0,0,0,0,0,32,32,37,37,40,40,96
"8500",99,"[79]GuffHdwaCrhdeDmEBiBjvwandbCLCecqwafofCJBdHdwendaCIKqKDEFBeaFCuwafwendaqJCabaIeK",110,0.990991,79,111,1,110,1,1,0,1,1,35,34,33,33,43,43,96
"8501",0,"[91]GjfffHdwaCLtuJFDdFHFytckwandbCLCefbtovafqfJBdHdwendfCIKqLcilrAmHwtlBeaaafCafvaendaCJCebvaeK",109,0.990909,91,110,1,109,1,1,0,1,1,37,36,33,33,40,40,98
"8502",1,"[91]GjfffHdwaCLtuJFDdFHFytckwandbCLCefbtovafqfJBdHdwendfCIKqLcilrAmHwtlBeaaafCafvaendaCJCebvaeK",109,1,91,108,0,108,0,0,0,0,0,47,47,25,25,36,36,98
"8503",2,"[91]GjfffHdwaCLtuJFDdFHFytckwandbCLCefbtovafqfJBdHdwendfCIKqLcilrAmHwtlBeaaafCafvaendaCJCebvaeK",109,1,91,108,0,108,0,0,0,0,0,30,30,40,40,38,38,98
"8504",3,"[91]GjfffHdwaCLtuJFDdFHFytckwandbCLCefbtovafqfJBdHdwendfCIKqLcilrAmHwtlBeaaafCafvaendaCJCebvaeK",109,1,91,108,0,108,0,0,0,0,0,40,40,31,31,37,37,98
"8505",4,"[91]GjfffHdwaCLtuJFDdFHFytckwandbCLCefbtovafqfJBdHdwendfCIKqLcilrAmHwtlBeaaafCafvaendaCJCebvaeK",104,0.972477,91,109,3,106,3,3,0,3,3,39,36,33,33,37,37,98
"8506",5,"[91]GjfffHdwaCLtuJFDdFHFytckwandbCLCefbtovafqfJBdHdwendfCIKqLcilrAmHwtlBeaaafCafvaendaCJCebvaeK",106,0.990654,91,107,1,106,1,1,0,1,1,24,23,47,47,36,36,98
"8507",6,"[91]GjfffHdwaCLtuJFDdFHFytckwandbCLCefbtovafqfJBdHdwendfCIKqLcilrAmHwtlBeaaafCafvaendaCJCebvaeK",112,1,91,111,0,111,0,0,0,0,0,30,30,36,36,45,45,98
"8508",7,"[91]GjfffHdwaCLtuJFDdFHFytckwandbCLCefbtovafqfJBdHdwendfCIKqLcilrAmHwtlBeaaafCafvaendaCJCebvaeK",105,1,91,104,0,104,0,0,0,0,0,34,34,41,41,29,29,98
"8509",8,"[91]GjfffHdwaCLtuJFDdFHFytckwandbCLCefbtovafqfJBdHdwendfCIKqLcilrAmHwtlBeaaafCafvaendaCJCebvaeK",115,1,91,114,0,114,0,0,0,0,0,32,32,32,32,50,50,98
"8510",9,"[91]GjfffHdwaCLtuJFDdFHFytckwandbCLCefbtovafqfJBdHdwendfCIKqLcilrAmHwtlBeaaafCafvaendaCJCebvaeK",108,1,91,107,0,107,0,0,0,0,0,42,42,30,30,35,35,98
"8511",10,"[91]GjfffHdwaCLtuJFDdFHFytckwandbCLCefbtovafqfJBdHdwendfCIKqLcilrAmHwtlBeaaafCafvaendaCJCebvaeK",107,1,91,106,0,106,0,0,0,0,0,36,36,36,36,34,34,98
"8512",11,"[91]GjfffHdwaCLtuJFDdFHFytckwandbCLCefbtovafqfJBdHdwendfCIKqLcilrAmHwtlBeaaafCafvaendaCJCebvaeK",108,1,91,107,0,107,0,0,0,0,0,39,39,33,33,35,35,98
"8513",12,"[91]GjfffHdwaCLtuJFDdFHFytckwandbCLCefbtovafqfJBdHdwendfCIKqLcilrAmHwtlBeaaafCafvaendaCJCebvaeK",106,1,91,105,0,105,0,0,0,0,0,35,35,39,39,31,31,98
"8514",13,"[91]GjfffHdwaCLtuJFDdFHFytckwandbCLCefbtovafqfJBdHdwendfCIKqLcilrAmHwtlBeaaafCafvaendaCJCebvaeK",107,1,91,106,0,106,0,0,0,0,0,40,40,34,34,32,32,98
"8515",14,"[91]GjfffHdwaCLtuJFDdFHFytckwandbCLCefbtovafqfJBdHdwendfCIKqLcilrAmHwtlBeaaafCafvaendaCJCebvaeK",107,1,91,106,0,106,0,0,0,0,0,36,36,36,36,34,34,98
"8516",15,"[91]GjfffHdwaCLtuJFDdFHFytckwandbCLCefbtovafqfJBdHdwendfCIKqLcilrAmHwtlBeaaafCafvaendaCJCebvaeK",106,0.981651,91,109,2,107,2,2,0,2,2,38,36,34,34,37,37,98
"8517",16,"[91]GjfffHdwaCLtuJFDdFHFytckwandbCLCefbtovafqfJBdHdwendfCIKqLcilrAmHwtlBeaaafCafvaendaCJCebvaeK",108,0.990826,91,109,1,108,1,1,0,1,1,36,35,34,34,39,39,98
"8518",17,"[91]GjfffHdwaCLtuJFDdFHFytckwandbCLCefbtovafqfJBdHdwendfCIKqLcilrAmHwtlBeaaafCafvaendaCJCebvaeK",107,1,91,106,0,106,0,0,0,0,0,33,33,40,40,33,33,98
"8519",18,"[91]GjfffHdwaCLtuJFDdFHFytckwandbCLCefbtovafqfJBdHdwendfCIKqLcilrAmHwtlBeaaafCafvaendaCJCebvaeK",104,0.972477,91,109,3,106,3,3,0,3,3,43,40,30,30,36,36,98
"8520",19,"[91]GjfffHdwaCLtuJFDdFHFytckwandbCLCefbtovafqfJBdHdwendfCIKqLcilrAmHwtlBeaaafCafvaendaCJCebvaeK",103,0.981132,91,106,2,104,2,2,0,2,2,36,34,38,38,32,32,98
"8521",20,"[91]GjfffHdwaCLtuJFDdFHFytckwandbCLCefbtovafqfJBdHdwendfCIKqLcilrAmHwtlBeaaafCafvaendaCJCebvaeK",106,0.990654,91,107,1,106,1,1,0,1,1,39,38,34,34,34,34,98
"8522",21,"[91]GjfffHdwaCLtuJFDdFHFytckwandbCLCefbtovafqfJBdHdwendfCIKqLcilrAmHwtlBeaaafCafvaendaCJCebvaeK",105,0.990566,91,106,1,105,1,1,0,1,1,35,34,38,38,33,33,98
"8523",22,"[91]GjfffHdwaCLtuJFDdFHFytckwandbCLCefbtovafqfJBdHdwendfCIKqLcilrAmHwtlBeaaafCafvaendaCJCebvaeK",103,1,91,102,0,102,0,0,0,0,0,35,35,42,42,25,25,98
"8524",23,"[91]GjfffHdwaCLtuJFDdFHFytckwandbCLCefbtovafqfJBdHdwendfCIKqLcilrAmHwtlBeaaafCafvaendaCJCebvaeK",105,0.990566,91,106,1,105,1,1,0,1,1,39,38,36,36,31,31,98
"8525",24,"[91]GjfffHdwaCLtuJFDdFHFytckwandbCLCefbtovafqfJBdHdwendfCIKqLcilrAmHwtlBeaaafCafvaendaCJCebvaeK",102,0.990291,91,103,1,102,1,1,0,1,1,36,35,41,41,26,26,98
"8526",25,"[91]GjfffHdwaCLtuJFDdFHFytckwandbCLCefbtovafqfJBdHdwendfCIKqLcilrAmHwtlBeaaafCafvaendaCJCebvaeK",102,0.963303,91,109,4,105,4,4,0,4,4,41,37,32,32,36,36,98
"8527",26,"[91]GjfffHdwaCLtuJFDdFHFytckwandbCLCefbtovafqfJBdHdwendfCIKqLcilrAmHwtlBeaaafCafvaendaCJCebvaeK",107,1,91,106,0,106,0,0,0,0,0,39,39,34,34,33,33,98
"8528",27,"[91]GjfffHdwaCLtuJFDdFHFytckwandbCLCefbtovafqfJBdHdwendfCIKqLcilrAmHwtlBeaaafCafvaendaCJCebvaeK",111,1,91,110,0,110,0,0,0,0,0,30,30,38,38,42,42,98
"8529",28,"[91]GjfffHdwaCLtuJFDdFHFytckwandbCLCefbtovafqfJBdHdwendfCIKqLcilrAmHwtlBeaaafCafvaendaCJCebvaeK",110,1,91,109,0,109,0,0,0,0,0,37,37,32,32,40,40,98
"8530",29,"[91]GjfffHdwaCLtuJFDdFHFytckwandbCLCefbtovafqfJBdHdwendfCIKqLcilrAmHwtlBeaaafCafvaendaCJCebvaeK",99,0.945455,91,110,6,104,6,6,0,6,6,43,37,32,32,35,35,98
"8531",30,"[91]GjfffHdwaCLtuJFDdFHFytckwandbCLCefbtovafqfJBdHdwendfCIKqLcilrAmHwtlBeaaafCafvaendaCJCebvaeK",110,1,91,109,0,109,0,0,0,0,0,38,38,31,31,40,40,98
"8532",31,"[91]GjfffHdwaCLtuJFDdFHFytckwandbCLCefbtovafqfJBdHdwendfCIKqLcilrAmHwtlBeaaafCafvaendaCJCebvaeK",109,0.990909,91,110,1,109,1,1,0,1,1,33,32,35,35,42,42,98
"8533",32,"[91]GjfffHdwaCLtuJFDdFHFytckwandbCLCefbtovafqfJBdHdwendfCIKqLcilrAmHwtlBeaaafCafvaendaCJCebvaeK",109,0.990909,91,110,1,109,1,1,0,1,1,35,34,35,35,40,40,98
"8534",33,"[91]GjfffHdwaCLtuJFDdFHFytckwandbCLCefbtovafqfJBdHdwendfCIKqLcilrAmHwtlBeaaafCafvaendaCJCebvaeK",103,0.981132,91,106,2,104,2,2,0,2,2,41,39,35,35,30,30,98
"8535",34,"[91]GjfffHdwaCLtuJFDdFHFytckwandbCLCefbtovafqfJBdHdwendfCIKqLcilrAmHwtlBeaaafCafvaendaCJCebvaeK",106,1,91,105,0,105,0,0,0,0,0,44,44,30,30,31,31,98
"8536",35,"[91]GjfffHdwaCLtuJFDdFHFytckwandbCLCefbtovafqfJBdHdwendfCIKqLcilrAmHwtlBeaaafCafvaendaCJCebvaeK",111,1,91,110,0,110,0,0,0,0,0,36,36,33,33,41,41,98
"8537",36,"[91]GjfffHdwaCLtuJFDdFHFytckwandbCLCefbtovafqfJBdHdwendfCIKqLcilrAmHwtlBeaaafCafvaendaCJCebvaeK",107,1,91,106,0,106,0,0,0,0,0,39,39,34,34,33,33,98
"8538",37,"[91]GjfffHdwaCLtuJFDdFHFytckwandbCLCefbtovafqfJBdHdwendfCIKqLcilrAmHwtlBeaaafCafvaendaCJCebvaeK",104,0.990476,91,105,1,104,1,1,0,1,1,47,46,29,29,29,29,98
"8539",38,"[91]GjfffHdwaCLtuJFDdFHFytckwandbCLCefbtovafqfJBdHdwendfCIKqLcilrAmHwtlBeaaafCafvaendaCJCebvaeK",108,0.990826,91,109,1,108,1,1,0,1,1,39,38,32,32,38,38,98
"8540",39,"[91]GjfffHdwaCLtuJFDdFHFytckwandbCLCefbtovafqfJBdHdwendfCIKqLcilrAmHwtlBeaaafCafvaendaCJCebvaeK",106,0.990654,91,107,1,106,1,1,0,1,1,37,36,35,35,35,35,98
"8541",40,"[91]GjfffHdwaCLtuJFDdFHFytckwandbCLCefbtovafqfJBdHdwendfCIKqLcilrAmHwtlBeaaafCafvaendaCJCebvaeK",110,0.990991,91,111,1,110,1,1,0,1,1,42,41,27,27,42,42,98
"8542",41,"[91]GjfffHdwaCLtuJFDdFHFytckwandbCLCefbtovafqfJBdHdwendfCIKqLcilrAmHwtlBeaaafCafvaendaCJCebvaeK",105,0.990566,91,106,1,105,1,1,0,1,1,37,36,37,37,32,32,98
"8543",42,"[91]GjfffHdwaCLtuJFDdFHFytckwandbCLCefbtovafqfJBdHdwendfCIKqLcilrAmHwtlBeaaafCafvaendaCJCebvaeK",109,1,91,108,0,108,0,0,0,0,0,35,35,35,35,38,38,98
"8544",43,"[91]GjfffHdwaCLtuJFDdFHFytckwandbCLCefbtovafqfJBdHdwendfCIKqLcilrAmHwtlBeaaafCafvaendaCJCebvaeK",110,1,91,109,0,109,0,0,0,0,0,33,33,35,35,41,41,98
"8545",44,"[91]GjfffHdwaCLtuJFDdFHFytckwandbCLCefbtovafqfJBdHdwendfCIKqLcilrAmHwtlBeaaafCafvaendaCJCebvaeK",106,1,91,105,0,105,0,0,0,0,0,38,38,36,36,31,31,98
"8546",45,"[91]GjfffHdwaCLtuJFDdFHFytckwandbCLCefbtovafqfJBdHdwendfCIKqLcilrAmHwtlBeaaafCafvaendaCJCebvaeK",108,1,91,107,0,107,0,0,0,0,0,40,40,33,33,34,34,98
"8547",46,"[91]GjfffHdwaCLtuJFDdFHFytckwandbCLCefbtovafqfJBdHdwendfCIKqLcilrAmHwtlBeaaafCafvaendaCJCebvaeK",108,0.990826,91,109,1,108,1,1,0,1,1,40,39,31,31,38,38,98
"8548",47,"[91]GjfffHdwaCLtuJFDdFHFytckwandbCLCefbtovafqfJBdHdwendfCIKqLcilrAmHwtlBeaaafCafvaendaCJCebvaeK",102,1,91,101,0,101,0,0,0,0,0,37,37,42,42,22,22,98
"8549",48,"[91]GjfffHdwaCLtuJFDdFHFytckwandbCLCefbtovafqfJBdHdwendfCIKqLcilrAmHwtlBeaaafCafvaendaCJCebvaeK",104,0.990476,91,105,1,104,1,1,0,1,1,36,35,39,39,30,30,98
"8550",49,"[91]GjfffHdwaCLtuJFDdFHFytckwandbCLCefbtovafqfJBdHdwendfCIKqLcilrAmHwtlBeaaafCafvaendaCJCebvaeK",107,0.990741,91,108,1,107,1,1,0,1,1,41,40,31,31,36,36,98
"8551",50,"[91]GjfffHdwaCLtuJFDdFHFytckwandbCLCefbtovafqfJBdHdwendfCIKqLcilrAmHwtlBeaaafCafvaendaCJCebvaeK",108,1,91,107,0,107,0,0,0,0,0,26,26,44,44,37,37,98
"8552",51,"[91]GjfffHdwaCLtuJFDdFHFytckwandbCLCefbtovafqfJBdHdwendfCIKqLcilrAmHwtlBeaaafCafvaendaCJCebvaeK",108,1,91,107,0,107,0,0,0,0,0,40,40,32,32,35,35,98
"8553",52,"[91]GjfffHdwaCLtuJFDdFHFytckwandbCLCefbtovafqfJBdHdwendfCIKqLcilrAmHwtlBeaaafCafvaendaCJCebvaeK",102,0.971963,91,107,3,104,3,3,0,3,3,47,44,28,28,32,32,98
"8554",53,"[91]GjfffHdwaCLtuJFDdFHFytckwandbCLCefbtovafqfJBdHdwendfCIKqLcilrAmHwtlBeaaafCafvaendaCJCebvaeK",106,1,91,105,0,105,0,0,0,0,0,29,29,43,43,33,33,98
"8555",54,"[91]GjfffHdwaCLtuJFDdFHFytckwandbCLCefbtovafqfJBdHdwendfCIKqLcilrAmHwtlBeaaafCafvaendaCJCebvaeK",103,0.972222,91,108,3,105,3,3,0,3,3,42,39,32,32,34,34,98
"8556",55,"[91]GjfffHdwaCLtuJFDdFHFytckwandbCLCefbtovafqfJBdHdwendfCIKqLcilrAmHwtlBeaaafCafvaendaCJCebvaeK",108,1,91,107,0,107,0,0,0,0,0,40,40,32,32,35,35,98
"8557",56,"[91]GjfffHdwaCLtuJFDdFHFytckwandbCLCefbtovafqfJBdHdwendfCIKqLcilrAmHwtlBeaaafCafvaendaCJCebvaeK",98,0.961905,91,105,4,101,4,4,0,4,4,39,35,39,39,27,27,98
"8558",57,"[91]GjfffHdwaCLtuJFDdFHFytckwandbCLCefbtovafqfJBdHdwendfCIKqLcilrAmHwtlBeaaafCafvaendaCJCebvaeK",109,1,91,108,0,108,0,0,0,0,0,34,34,37,37,37,37,98
"8559",58,"[91]GjfffHdwaCLtuJFDdFHFytckwandbCLCefbtovafqfJBdHdwendfCIKqLcilrAmHwtlBeaaafCafvaendaCJCebvaeK",106,0.990654,91,107,1,106,1,1,0,1,1,39,38,34,34,34,34,98
"8560",59,"[91]GjfffHdwaCLtuJFDdFHFytckwandbCLCefbtovafqfJBdHdwendfCIKqLcilrAmHwtlBeaaafCafvaendaCJCebvaeK",109,1,91,108,0,108,0,0,0,0,0,34,34,37,37,37,37,98
"8561",60,"[91]GjfffHdwaCLtuJFDdFHFytckwandbCLCefbtovafqfJBdHdwendfCIKqLcilrAmHwtlBeaaafCafvaendaCJCebvaeK",103,0.990385,91,104,1,103,1,1,0,1,1,40,39,37,37,27,27,98
"8562",61,"[91]GjfffHdwaCLtuJFDdFHFytckwandbCLCefbtovafqfJBdHdwendfCIKqLcilrAmHwtlBeaaafCafvaendaCJCebvaeK",103,0.981132,91,106,2,104,2,2,0,2,2,35,33,39,39,32,32,98
"8563",62,"[91]GjfffHdwaCLtuJFDdFHFytckwandbCLCefbtovafqfJBdHdwendfCIKqLcilrAmHwtlBeaaafCafvaendaCJCebvaeK",109,1,91,108,0,108,0,0,0,0,0,40,40,31,31,37,37,98
"8564",63,"[91]GjfffHdwaCLtuJFDdFHFytckwandbCLCefbtovafqfJBdHdwendfCIKqLcilrAmHwtlBeaaafCafvaendaCJCebvaeK",104,0.981308,91,107,2,105,2,2,0,2,2,39,37,35,35,33,33,98
"8565",64,"[91]GjfffHdwaCLtuJFDdFHFytckwandbCLCefbtovafqfJBdHdwendfCIKqLcilrAmHwtlBeaaafCafvaendaCJCebvaeK",97,0.944444,91,108,6,102,6,6,0,6,6,39,33,37,37,32,32,98
"8566",65,"[91]GjfffHdwaCLtuJFDdFHFytckwandbCLCefbtovafqfJBdHdwendfCIKqLcilrAmHwtlBeaaafCafvaendaCJCebvaeK",98,0.961905,91,105,4,101,4,4,0,4,4,42,38,36,36,27,27,98
"8567",66,"[91]GjfffHdwaCLtuJFDdFHFytckwandbCLCefbtovafqfJBdHdwendfCIKqLcilrAmHwtlBeaaafCafvaendaCJCebvaeK",104,0.981308,91,107,2,105,2,2,0,2,2,37,35,37,37,33,33,98
"8568",67,"[91]GjfffHdwaCLtuJFDdFHFytckwandbCLCefbtovafqfJBdHdwendfCIKqLcilrAmHwtlBeaaafCafvaendaCJCebvaeK",106,0.990654,91,107,1,106,1,1,0,1,1,38,37,34,34,35,35,98
"8569",68,"[91]GjfffHdwaCLtuJFDdFHFytckwandbCLCefbtovafqfJBdHdwendfCIKqLcilrAmHwtlBeaaafCafvaendaCJCebvaeK",107,1,91,106,0,106,0,0,0,0,0,38,38,36,36,32,32,98
"8570",69,"[91]GjfffHdwaCLtuJFDdFHFytckwandbCLCefbtovafqfJBdHdwendfCIKqLcilrAmHwtlBeaaafCafvaendaCJCebvaeK",103,0.972222,91,108,3,105,3,3,0,3,3,42,39,32,32,34,34,98
"8571",70,"[91]GjfffHdwaCLtuJFDdFHFytckwandbCLCefbtovafqfJBdHdwendfCIKqLcilrAmHwtlBeaaafCafvaendaCJCebvaeK",104,0.955752,91,113,5,108,5,5,0,5,5,33,28,37,37,43,43,98
"8572",71,"[91]GjfffHdwaCLtuJFDdFHFytckwandbCLCefbtovafqfJBdHdwendfCIKqLcilrAmHwtlBeaaafCafvaendaCJCebvaeK",110,0.990991,91,111,1,110,1,1,0,1,1,37,36,31,31,43,43,98
"8573",72,"[91]GjfffHdwaCLtuJFDdFHFytckwandbCLCefbtovafqfJBdHdwendfCIKqLcilrAmHwtlBeaaafCafvaendaCJCebvaeK",106,0.990654,91,107,1,106,1,1,0,1,1,35,34,38,38,34,34,98
"8574",73,"[91]GjfffHdwaCLtuJFDdFHFytckwandbCLCefbtovafqfJBdHdwendfCIKqLcilrAmHwtlBeaaafCafvaendaCJCebvaeK",105,1,91,104,0,104,0,0,0,0,0,34,34,40,40,30,30,98
"8575",74,"[91]GjfffHdwaCLtuJFDdFHFytckwandbCLCefbtovafqfJBdHdwendfCIKqLcilrAmHwtlBeaaafCafvaendaCJCebvaeK",106,0.990654,91,107,1,106,1,1,0,1,1,31,30,41,41,35,35,98
"8576",75,"[91]GjfffHdwaCLtuJFDdFHFytckwandbCLCefbtovafqfJBdHdwendfCIKqLcilrAmHwtlBeaaafCafvaendaCJCebvaeK",110,1,91,109,0,109,0,0,0,0,0,34,34,35,35,40,40,98
"8577",76,"[91]GjfffHdwaCLtuJFDdFHFytckwandbCLCefbtovafqfJBdHdwendfCIKqLcilrAmHwtlBeaaafCafvaendaCJCebvaeK",105,0.990566,91,106,1,105,1,1,0,1,1,40,39,34,34,32,32,98
"8578",77,"[91]GjfffHdwaCLtuJFDdFHFytckwandbCLCefbtovafqfJBdHdwendfCIKqLcilrAmHwtlBeaaafCafvaendaCJCebvaeK",109,1,91,108,0,108,0,0,0,0,0,40,40,31,31,37,37,98
"8579",78,"[91]GjfffHdwaCLtuJFDdFHFytckwandbCLCefbtovafqfJBdHdwendfCIKqLcilrAmHwtlBeaaafCafvaendaCJCebvaeK",113,1,91,112,0,112,0,0,0,0,0,30,30,36,36,46,46,98
"8580",79,"[91]GjfffHdwaCLtuJFDdFHFytckwandbCLCefbtovafqfJBdHdwendfCIKqLcilrAmHwtlBeaaafCafvaendaCJCebvaeK",103,1,91,102,0,102,0,0,0,0,0,39,39,39,39,24,24,98
"8581",80,"[91]GjfffHdwaCLtuJFDdFHFytckwandbCLCefbtovafqfJBdHdwendfCIKqLcilrAmHwtlBeaaafCafvaendaCJCebvaeK",105,0.990566,91,106,1,105,1,1,0,1,1,39,38,35,35,32,32,98
"8582",81,"[91]GjfffHdwaCLtuJFDdFHFytckwandbCLCefbtovafqfJBdHdwendfCIKqLcilrAmHwtlBeaaafCafvaendaCJCebvaeK",96,0.93578,91,109,7,102,7,7,0,7,7,42,35,36,36,31,31,98
"8583",82,"[91]GjfffHdwaCLtuJFDdFHFytckwandbCLCefbtovafqfJBdHdwendfCIKqLcilrAmHwtlBeaaafCafvaendaCJCebvaeK",112,1,91,111,0,111,0,0,0,0,0,29,29,37,37,45,45,98
"8584",83,"[91]GjfffHdwaCLtuJFDdFHFytckwandbCLCefbtovafqfJBdHdwendfCIKqLcilrAmHwtlBeaaafCafvaendaCJCebvaeK",106,0.990654,91,107,1,106,1,1,0,1,1,34,33,38,38,35,35,98
"8585",84,"[91]GjfffHdwaCLtuJFDdFHFytckwandbCLCefbtovafqfJBdHdwendfCIKqLcilrAmHwtlBeaaafCafvaendaCJCebvaeK",107,0.973214,91,112,3,109,3,3,0,3,3,36,33,32,32,44,44,98
"8586",85,"[91]GjfffHdwaCLtuJFDdFHFytckwandbCLCefbtovafqfJBdHdwendfCIKqLcilrAmHwtlBeaaafCafvaendaCJCebvaeK",104,0.972477,91,109,3,106,3,3,0,3,3,42,39,31,31,36,36,98
"8587",86,"[91]GjfffHdwaCLtuJFDdFHFytckwandbCLCefbtovafqfJBdHdwendfCIKqLcilrAmHwtlBeaaafCafvaendaCJCebvaeK",108,0.990826,91,109,1,108,1,1,0,1,1,38,37,33,33,38,38,98
"8588",87,"[91]GjfffHdwaCLtuJFDdFHFytckwandbCLCefbtovafqfJBdHdwendfCIKqLcilrAmHwtlBeaaafCafvaendaCJCebvaeK",108,1,91,107,0,107,0,0,0,0,0,39,39,33,33,35,35,98
"8589",88,"[91]GjfffHdwaCLtuJFDdFHFytckwandbCLCefbtovafqfJBdHdwendfCIKqLcilrAmHwtlBeaaafCafvaendaCJCebvaeK",112,1,91,111,0,111,0,0,0,0,0,27,27,38,38,46,46,98
"8590",89,"[91]GjfffHdwaCLtuJFDdFHFytckwandbCLCefbtovafqfJBdHdwendfCIKqLcilrAmHwtlBeaaafCafvaendaCJCebvaeK",103,0.963636,91,110,4,106,4,4,0,4,4,38,34,35,35,37,37,98
"8591",90,"[91]GjfffHdwaCLtuJFDdFHFytckwandbCLCefbtovafqfJBdHdwendfCIKqLcilrAmHwtlBeaaafCafvaendaCJCebvaeK",108,0.990826,91,109,1,108,1,1,0,1,1,34,33,36,36,39,39,98
"8592",91,"[91]GjfffHdwaCLtuJFDdFHFytckwandbCLCefbtovafqfJBdHdwendfCIKqLcilrAmHwtlBeaaafCafvaendaCJCebvaeK",107,1,91,106,0,106,0,0,0,0,0,37,37,36,36,33,33,98
"8593",92,"[91]GjfffHdwaCLtuJFDdFHFytckwandbCLCefbtovafqfJBdHdwendfCIKqLcilrAmHwtlBeaaafCafvaendaCJCebvaeK",108,0.981982,91,111,2,109,2,2,0,2,2,38,36,32,32,41,41,98
"8594",93,"[91]GjfffHdwaCLtuJFDdFHFytckwandbCLCefbtovafqfJBdHdwendfCIKqLcilrAmHwtlBeaaafCafvaendaCJCebvaeK",110,1,91,109,0,109,0,0,0,0,0,39,39,30,30,40,40,98
"8595",94,"[91]GjfffHdwaCLtuJFDdFHFytckwandbCLCefbtovafqfJBdHdwendfCIKqLcilrAmHwtlBeaaafCafvaendaCJCebvaeK",105,0.990566,91,106,1,105,1,1,0,1,1,36,35,37,37,33,33,98
"8596",95,"[91]GjfffHdwaCLtuJFDdFHFytckwandbCLCefbtovafqfJBdHdwendfCIKqLcilrAmHwtlBeaaafCafvaendaCJCebvaeK",100,0.945946,91,111,6,105,6,6,0,6,6,37,31,36,36,38,38,98
"8597",96,"[91]GjfffHdwaCLtuJFDdFHFytckwandbCLCefbtovafqfJBdHdwendfCIKqLcilrAmHwtlBeaaafCafvaendaCJCebvaeK",103,1,91,102,0,102,0,0,0,0,0,37,37,40,40,25,25,98
"8598",97,"[91]GjfffHdwaCLtuJFDdFHFytckwandbCLCefbtovafqfJBdHdwendfCIKqLcilrAmHwtlBeaaafCafvaendaCJCebvaeK",110,1,91,109,0,109,0,0,0,0,0,37,37,33,33,39,39,98
"8599",98,"[91]GjfffHdwaCLtuJFDdFHFytckwandbCLCefbtovafqfJBdHdwendfCIKqLcilrAmHwtlBeaaafCafvaendaCJCebvaeK",105,1,91,104,0,104,0,0,0,0,0,37,37,39,39,28,28,98
"8600",99,"[91]GjfffHdwaCLtuJFDdFHFytckwandbCLCefbtovafqfJBdHdwendfCIKqLcilrAmHwtlBeaaafCafvaendaCJCebvaeK",108,1,91,107,0,107,0,0,0,0,0,36,36,36,36,35,35,98
"8601",0,"[84]GjfffHdwaCCLHydbrqyJeepdwafndbCLCebtacawafofCJBdHdwendfCIKqjynBeaCabvafwendaqJCabjeK",110,1,84,109,0,109,0,0,0,0,0,32,32,38,38,39,39,99
"8602",1,"[84]GjfffHdwaCCLHydbrqyJeepdwafndbCLCebtacawafofCJBdHdwendfCIKqjynBeaCabvafwendaqJCabjeK",107,1,84,106,0,106,0,0,0,0,0,41,41,33,33,32,32,99
"8603",2,"[84]GjfffHdwaCCLHydbrqyJeepdwafndbCLCebtacawafofCJBdHdwendfCIKqjynBeaCabvafwendaqJCabjeK",109,1,84,108,0,108,0,0,0,0,0,34,34,36,36,38,38,99
"8604",3,"[84]GjfffHdwaCCLHydbrqyJeepdwafndbCLCebtacawafofCJBdHdwendfCIKqjynBeaCabvafwendaqJCabjeK",104,0.981308,84,107,2,105,2,2,0,2,2,43,41,33,33,31,31,99
"8605",4,"[84]GjfffHdwaCCLHydbrqyJeepdwafndbCLCebtacawafofCJBdHdwendfCIKqjynBeaCabvafwendaqJCabjeK",104,0.990476,84,105,1,104,1,1,0,1,1,32,31,44,44,29,29,99
"8606",5,"[84]GjfffHdwaCCLHydbrqyJeepdwafndbCLCebtacawafofCJBdHdwendfCIKqjynBeaCabvafwendaqJCabjeK",107,1,84,106,0,106,0,0,0,0,0,32,32,42,42,32,32,99
"8607",6,"[84]GjfffHdwaCCLHydbrqyJeepdwafndbCLCebtacawafofCJBdHdwendfCIKqjynBeaCabvafwendaqJCabjeK",106,1,84,105,0,105,0,0,0,0,0,36,36,38,38,31,31,99
"8608",7,"[84]GjfffHdwaCCLHydbrqyJeepdwafndbCLCebtacawafofCJBdHdwendfCIKqjynBeaCabvafwendaqJCabjeK",106,0.981651,84,109,2,107,2,2,0,2,2,37,35,36,36,36,36,99
"8609",8,"[84]GjfffHdwaCCLHydbrqyJeepdwafndbCLCebtacawafofCJBdHdwendfCIKqjynBeaCabvafwendaqJCabjeK",100,0.945946,84,111,6,105,6,6,0,6,6,43,37,34,34,34,34,99
"8610",9,"[84]GjfffHdwaCCLHydbrqyJeepdwafndbCLCebtacawafofCJBdHdwendfCIKqjynBeaCabvafwendaqJCabjeK",109,0.990909,84,110,1,109,1,1,0,1,1,30,29,39,39,41,41,99
"8611",10,"[84]GjfffHdwaCCLHydbrqyJeepdwafndbCLCebtacawafofCJBdHdwendfCIKqjynBeaCabvafwendaqJCabjeK",107,0.990741,84,108,1,107,1,1,0,1,1,47,46,27,27,34,34,99
"8612",11,"[84]GjfffHdwaCCLHydbrqyJeepdwafndbCLCebtacawafofCJBdHdwendfCIKqjynBeaCabvafwendaqJCabjeK",107,1,84,106,0,106,0,0,0,0,0,46,46,28,28,32,32,99
"8613",12,"[84]GjfffHdwaCCLHydbrqyJeepdwafndbCLCebtacawafofCJBdHdwendfCIKqjynBeaCabvafwendaqJCabjeK",104,0.990476,84,105,1,104,1,1,0,1,1,33,32,42,42,30,30,99
"8614",13,"[84]GjfffHdwaCCLHydbrqyJeepdwafndbCLCebtacawafofCJBdHdwendfCIKqjynBeaCabvafwendaqJCabjeK",110,1,84,109,0,109,0,0,0,0,0,32,32,38,38,39,39,99
"8615",14,"[84]GjfffHdwaCCLHydbrqyJeepdwafndbCLCebtacawafofCJBdHdwendfCIKqjynBeaCabvafwendaqJCabjeK",110,0.990991,84,111,1,110,1,1,0,1,1,36,35,33,33,42,42,99
"8616",15,"[84]GjfffHdwaCCLHydbrqyJeepdwafndbCLCebtacawafofCJBdHdwendfCIKqjynBeaCabvafwendaqJCabjeK",107,1,84,106,0,106,0,0,0,0,0,33,33,40,40,33,33,99
"8617",16,"[84]GjfffHdwaCCLHydbrqyJeepdwafndbCLCebtacawafofCJBdHdwendfCIKqjynBeaCabvafwendaqJCabjeK",109,1,84,108,0,108,0,0,0,0,0,34,34,36,36,38,38,99
"8618",17,"[84]GjfffHdwaCCLHydbrqyJeepdwafndbCLCebtacawafofCJBdHdwendfCIKqjynBeaCabvafwendaqJCabjeK",104,0.972477,84,109,3,106,3,3,0,3,3,39,36,36,36,34,34,99
"8619",18,"[84]GjfffHdwaCCLHydbrqyJeepdwafndbCLCebtacawafofCJBdHdwendfCIKqjynBeaCabvafwendaqJCabjeK",107,1,84,106,0,106,0,0,0,0,0,36,36,37,37,33,33,99
"8620",19,"[84]GjfffHdwaCCLHydbrqyJeepdwafndbCLCebtacawafofCJBdHdwendfCIKqjynBeaCabvafwendaqJCabjeK",106,0.990654,84,107,1,106,1,1,0,1,1,46,45,30,30,31,31,99
"8621",20,"[84]GjfffHdwaCCLHydbrqyJeepdwafndbCLCebtacawafofCJBdHdwendfCIKqjynBeaCabvafwendaqJCabjeK",107,1,84,106,0,106,0,0,0,0,0,39,39,34,34,33,33,99
"8622",21,"[84]GjfffHdwaCCLHydbrqyJeepdwafndbCLCebtacawafofCJBdHdwendfCIKqjynBeaCabvafwendaqJCabjeK",113,1,84,112,0,112,0,0,0,0,0,37,37,29,29,46,46,99
"8623",22,"[84]GjfffHdwaCCLHydbrqyJeepdwafndbCLCebtacawafofCJBdHdwendfCIKqjynBeaCabvafwendaqJCabjeK",109,1,84,108,0,108,0,0,0,0,0,39,39,32,32,37,37,99
"8624",23,"[84]GjfffHdwaCCLHydbrqyJeepdwafndbCLCebtacawafofCJBdHdwendfCIKqjynBeaCabvafwendaqJCabjeK",106,0.990654,84,107,1,106,1,1,0,1,1,39,38,35,35,33,33,99
"8625",24,"[84]GjfffHdwaCCLHydbrqyJeepdwafndbCLCebtacawafofCJBdHdwendfCIKqjynBeaCabvafwendaqJCabjeK",107,0.990741,84,108,1,107,1,1,0,1,1,30,29,42,42,36,36,99
"8626",25,"[84]GjfffHdwaCCLHydbrqyJeepdwafndbCLCebtacawafofCJBdHdwendfCIKqjynBeaCabvafwendaqJCabjeK",112,1,84,111,0,111,0,0,0,0,0,41,41,27,27,43,43,99
"8627",26,"[84]GjfffHdwaCCLHydbrqyJeepdwafndbCLCebtacawafofCJBdHdwendfCIKqjynBeaCabvafwendaqJCabjeK",110,1,84,109,0,109,0,0,0,0,0,37,37,34,34,38,38,99
"8628",27,"[84]GjfffHdwaCCLHydbrqyJeepdwafndbCLCebtacawafofCJBdHdwendfCIKqjynBeaCabvafwendaqJCabjeK",108,0.981982,84,111,2,109,2,2,0,2,2,34,32,36,36,41,41,99
"8629",28,"[84]GjfffHdwaCCLHydbrqyJeepdwafndbCLCebtacawafofCJBdHdwendfCIKqjynBeaCabvafwendaqJCabjeK",111,1,84,110,0,110,0,0,0,0,0,32,32,37,37,41,41,99
"8630",29,"[84]GjfffHdwaCCLHydbrqyJeepdwafndbCLCebtacawafofCJBdHdwendfCIKqjynBeaCabvafwendaqJCabjeK",109,1,84,108,0,108,0,0,0,0,0,30,30,41,41,37,37,99
"8631",30,"[84]GjfffHdwaCCLHydbrqyJeepdwafndbCLCebtacawafofCJBdHdwendfCIKqjynBeaCabvafwendaqJCabjeK",113,1,84,112,0,112,0,0,0,0,0,37,37,29,29,46,46,99
"8632",31,"[84]GjfffHdwaCCLHydbrqyJeepdwafndbCLCebtacawafofCJBdHdwendfCIKqjynBeaCabvafwendaqJCabjeK",101,0.962963,84,108,4,104,4,4,0,4,4,40,36,37,37,31,31,99
"8633",32,"[84]GjfffHdwaCCLHydbrqyJeepdwafndbCLCebtacawafofCJBdHdwendfCIKqjynBeaCabvafwendaqJCabjeK",109,1,84,108,0,108,0,0,0,0,0,41,41,30,30,37,37,99
"8634",33,"[84]GjfffHdwaCCLHydbrqyJeepdwafndbCLCebtacawafofCJBdHdwendfCIKqjynBeaCabvafwendaqJCabjeK",110,1,84,109,0,109,0,0,0,0,0,39,39,31,31,39,39,99
"8635",34,"[84]GjfffHdwaCCLHydbrqyJeepdwafndbCLCebtacawafofCJBdHdwendfCIKqjynBeaCabvafwendaqJCabjeK",108,1,84,107,0,107,0,0,0,0,0,30,30,42,42,35,35,99
"8636",35,"[84]GjfffHdwaCCLHydbrqyJeepdwafndbCLCebtacawafofCJBdHdwendfCIKqjynBeaCabvafwendaqJCabjeK",108,0.990826,84,109,1,108,1,1,0,1,1,35,34,36,36,38,38,99
"8637",36,"[84]GjfffHdwaCCLHydbrqyJeepdwafndbCLCebtacawafofCJBdHdwendfCIKqjynBeaCabvafwendaqJCabjeK",107,1,84,106,0,106,0,0,0,0,0,38,38,35,35,33,33,99
"8638",37,"[84]GjfffHdwaCCLHydbrqyJeepdwafndbCLCebtacawafofCJBdHdwendfCIKqjynBeaCabvafwendaqJCabjeK",109,1,84,108,0,108,0,0,0,0,0,37,37,35,35,36,36,99
"8639",38,"[84]GjfffHdwaCCLHydbrqyJeepdwafndbCLCebtacawafofCJBdHdwendfCIKqjynBeaCabvafwendaqJCabjeK",109,1,84,108,0,108,0,0,0,0,0,34,34,37,37,37,37,99
"8640",39,"[84]GjfffHdwaCCLHydbrqyJeepdwafndbCLCebtacawafofCJBdHdwendfCIKqjynBeaCabvafwendaqJCabjeK",109,0.990909,84,110,1,109,1,1,0,1,1,35,34,35,35,40,40,99
"8641",40,"[84]GjfffHdwaCCLHydbrqyJeepdwafndbCLCebtacawafofCJBdHdwendfCIKqjynBeaCabvafwendaqJCabjeK",98,0.970874,84,103,3,100,3,3,0,3,3,44,41,39,39,20,20,99
"8642",41,"[84]GjfffHdwaCCLHydbrqyJeepdwafndbCLCebtacawafofCJBdHdwendfCIKqjynBeaCabvafwendaqJCabjeK",105,0.972727,84,110,3,107,3,3,0,3,3,41,38,33,33,36,36,99
"8643",42,"[84]GjfffHdwaCCLHydbrqyJeepdwafndbCLCebtacawafofCJBdHdwendfCIKqjynBeaCabvafwendaqJCabjeK",112,1,84,111,0,111,0,0,0,0,0,36,36,31,31,44,44,99
"8644",43,"[84]GjfffHdwaCCLHydbrqyJeepdwafndbCLCebtacawafofCJBdHdwendfCIKqjynBeaCabvafwendaqJCabjeK",107,1,84,106,0,106,0,0,0,0,0,30,30,42,42,34,34,99
"8645",44,"[84]GjfffHdwaCCLHydbrqyJeepdwafndbCLCebtacawafofCJBdHdwendfCIKqjynBeaCabvafwendaqJCabjeK",111,1,84,110,0,110,0,0,0,0,0,34,34,35,35,41,41,99
"8646",45,"[84]GjfffHdwaCCLHydbrqyJeepdwafndbCLCebtacawafofCJBdHdwendfCIKqjynBeaCabvafwendaqJCabjeK",101,0.980769,84,104,2,102,2,2,0,2,2,38,36,40,40,26,26,99
"8647",46,"[84]GjfffHdwaCCLHydbrqyJeepdwafndbCLCebtacawafofCJBdHdwendfCIKqjynBeaCabvafwendaqJCabjeK",109,1,84,108,0,108,0,0,0,0,0,35,35,36,36,37,37,99
"8648",47,"[84]GjfffHdwaCCLHydbrqyJeepdwafndbCLCebtacawafofCJBdHdwendfCIKqjynBeaCabvafwendaqJCabjeK",103,0.972222,84,108,3,105,3,3,0,3,3,45,42,31,31,32,32,99
"8649",48,"[84]GjfffHdwaCCLHydbrqyJeepdwafndbCLCebtacawafofCJBdHdwendfCIKqjynBeaCabvafwendaqJCabjeK",103,0.990385,84,104,1,103,1,1,0,1,1,42,41,36,36,26,26,99
"8650",49,"[84]GjfffHdwaCCLHydbrqyJeepdwafndbCLCebtacawafofCJBdHdwendfCIKqjynBeaCabvafwendaqJCabjeK",110,0.990991,84,111,1,110,1,1,0,1,1,39,38,30,30,42,42,99
"8651",50,"[84]GjfffHdwaCCLHydbrqyJeepdwafndbCLCebtacawafofCJBdHdwendfCIKqjynBeaCabvafwendaqJCabjeK",108,1,84,107,0,107,0,0,0,0,0,33,33,38,38,36,36,99
"8652",51,"[84]GjfffHdwaCCLHydbrqyJeepdwafndbCLCebtacawafofCJBdHdwendfCIKqjynBeaCabvafwendaqJCabjeK",110,0.990991,84,111,1,110,1,1,0,1,1,42,41,28,28,41,41,99
"8653",52,"[84]GjfffHdwaCCLHydbrqyJeepdwafndbCLCebtacawafofCJBdHdwendfCIKqjynBeaCabvafwendaqJCabjeK",108,0.981982,84,111,2,109,2,2,0,2,2,34,32,36,36,41,41,99
"8654",53,"[84]GjfffHdwaCCLHydbrqyJeepdwafndbCLCebtacawafofCJBdHdwendfCIKqjynBeaCabvafwendaqJCabjeK",104,1,84,103,0,103,0,0,0,0,0,36,36,40,40,27,27,99
"8655",54,"[84]GjfffHdwaCCLHydbrqyJeepdwafndbCLCebtacawafofCJBdHdwendfCIKqjynBeaCabvafwendaqJCabjeK",105,0.972727,84,110,3,107,3,3,0,3,3,48,45,26,26,36,36,99
"8656",55,"[84]GjfffHdwaCCLHydbrqyJeepdwafndbCLCebtacawafofCJBdHdwendfCIKqjynBeaCabvafwendaqJCabjeK",108,0.981982,84,111,2,109,2,2,0,2,2,37,35,34,34,40,40,99
"8657",56,"[84]GjfffHdwaCCLHydbrqyJeepdwafndbCLCebtacawafofCJBdHdwendfCIKqjynBeaCabvafwendaqJCabjeK",112,1,84,111,0,111,0,0,0,0,0,29,29,39,39,43,43,99
"8658",57,"[84]GjfffHdwaCCLHydbrqyJeepdwafndbCLCebtacawafofCJBdHdwendfCIKqjynBeaCabvafwendaqJCabjeK",109,0.990909,84,110,1,109,1,1,0,1,1,33,32,38,38,39,39,99
"8659",58,"[84]GjfffHdwaCCLHydbrqyJeepdwafndbCLCebtacawafofCJBdHdwendfCIKqjynBeaCabvafwendaqJCabjeK",111,1,84,110,0,110,0,0,0,0,0,33,33,35,35,42,42,99
"8660",59,"[84]GjfffHdwaCCLHydbrqyJeepdwafndbCLCebtacawafofCJBdHdwendfCIKqjynBeaCabvafwendaqJCabjeK",107,0.956897,84,116,5,111,5,5,0,5,5,35,30,34,34,47,47,99
"8661",60,"[84]GjfffHdwaCCLHydbrqyJeepdwafndbCLCebtacawafofCJBdHdwendfCIKqjynBeaCabvafwendaqJCabjeK",106,1,84,105,0,105,0,0,0,0,0,41,41,34,34,30,30,99
"8662",61,"[84]GjfffHdwaCCLHydbrqyJeepdwafndbCLCebtacawafofCJBdHdwendfCIKqjynBeaCabvafwendaqJCabjeK",108,1,84,107,0,107,0,0,0,0,0,33,33,39,39,35,35,99
"8663",62,"[84]GjfffHdwaCCLHydbrqyJeepdwafndbCLCebtacawafofCJBdHdwendfCIKqjynBeaCabvafwendaqJCabjeK",110,1,84,109,0,109,0,0,0,0,0,39,39,31,31,39,39,99
"8664",63,"[84]GjfffHdwaCCLHydbrqyJeepdwafndbCLCebtacawafofCJBdHdwendfCIKqjynBeaCabvafwendaqJCabjeK",113,1,84,112,0,112,0,0,0,0,0,32,32,34,34,46,46,99
"8665",64,"[84]GjfffHdwaCCLHydbrqyJeepdwafndbCLCebtacawafofCJBdHdwendfCIKqjynBeaCabvafwendaqJCabjeK",106,1,84,105,0,105,0,0,0,0,0,40,40,35,35,30,30,99
"8666",65,"[84]GjfffHdwaCCLHydbrqyJeepdwafndbCLCebtacawafofCJBdHdwendfCIKqjynBeaCabvafwendaqJCabjeK",105,1,84,104,0,104,0,0,0,0,0,36,36,39,39,29,29,99
"8667",66,"[84]GjfffHdwaCCLHydbrqyJeepdwafndbCLCebtacawafofCJBdHdwendfCIKqjynBeaCabvafwendaqJCabjeK",109,1,84,108,0,108,0,0,0,0,0,34,34,36,36,38,38,99
"8668",67,"[84]GjfffHdwaCCLHydbrqyJeepdwafndbCLCebtacawafofCJBdHdwendfCIKqjynBeaCabvafwendaqJCabjeK",109,1,84,108,0,108,0,0,0,0,0,23,23,46,46,39,39,99
"8669",68,"[84]GjfffHdwaCCLHydbrqyJeepdwafndbCLCebtacawafofCJBdHdwendfCIKqjynBeaCabvafwendaqJCabjeK",108,1,84,107,0,107,0,0,0,0,0,34,34,38,38,35,35,99
"8670",69,"[84]GjfffHdwaCCLHydbrqyJeepdwafndbCLCebtacawafofCJBdHdwendfCIKqjynBeaCabvafwendaqJCabjeK",102,0.971963,84,107,3,104,3,3,0,3,3,38,35,39,39,30,30,99
"8671",70,"[84]GjfffHdwaCCLHydbrqyJeepdwafndbCLCebtacawafofCJBdHdwendfCIKqjynBeaCabvafwendaqJCabjeK",105,0.981481,84,108,2,106,2,2,0,2,2,47,45,29,29,32,32,99
"8672",71,"[84]GjfffHdwaCCLHydbrqyJeepdwafndbCLCebtacawafofCJBdHdwendfCIKqjynBeaCabvafwendaqJCabjeK",104,0.990476,84,105,1,104,1,1,0,1,1,42,41,35,35,28,28,99
"8673",72,"[84]GjfffHdwaCCLHydbrqyJeepdwafndbCLCebtacawafofCJBdHdwendfCIKqjynBeaCabvafwendaqJCabjeK",107,0.990741,84,108,1,107,1,1,0,1,1,32,31,40,40,36,36,99
"8674",73,"[84]GjfffHdwaCCLHydbrqyJeepdwafndbCLCebtacawafofCJBdHdwendfCIKqjynBeaCabvafwendaqJCabjeK",99,0.953704,84,108,5,103,5,5,0,5,5,41,36,38,38,29,29,99
"8675",74,"[84]GjfffHdwaCCLHydbrqyJeepdwafndbCLCebtacawafofCJBdHdwendfCIKqjynBeaCabvafwendaqJCabjeK",106,0.990654,84,107,1,106,1,1,0,1,1,39,38,35,35,33,33,99
"8676",75,"[84]GjfffHdwaCCLHydbrqyJeepdwafndbCLCebtacawafofCJBdHdwendfCIKqjynBeaCabvafwendaqJCabjeK",104,1,84,103,0,103,0,0,0,0,0,45,45,32,32,26,26,99
"8677",76,"[84]GjfffHdwaCCLHydbrqyJeepdwafndbCLCebtacawafofCJBdHdwendfCIKqjynBeaCabvafwendaqJCabjeK",103,0.955357,84,112,5,107,5,5,0,5,5,41,36,34,34,37,37,99
"8678",77,"[84]GjfffHdwaCCLHydbrqyJeepdwafndbCLCebtacawafofCJBdHdwendfCIKqjynBeaCabvafwendaqJCabjeK",110,1,84,109,0,109,0,0,0,0,0,40,40,30,30,39,39,99
"8679",78,"[84]GjfffHdwaCCLHydbrqyJeepdwafndbCLCebtacawafofCJBdHdwendfCIKqjynBeaCabvafwendaqJCabjeK",105,0.95614,84,114,5,109,5,5,0,5,5,38,33,35,35,41,41,99
"8680",79,"[84]GjfffHdwaCCLHydbrqyJeepdwafndbCLCebtacawafofCJBdHdwendfCIKqjynBeaCabvafwendaqJCabjeK",113,1,84,112,0,112,0,0,0,0,0,41,41,26,26,45,45,99
"8681",80,"[84]GjfffHdwaCCLHydbrqyJeepdwafndbCLCebtacawafofCJBdHdwendfCIKqjynBeaCabvafwendaqJCabjeK",107,1,84,106,0,106,0,0,0,0,0,33,33,40,40,33,33,99
"8682",81,"[84]GjfffHdwaCCLHydbrqyJeepdwafndbCLCebtacawafofCJBdHdwendfCIKqjynBeaCabvafwendaqJCabjeK",108,0.990826,84,109,1,108,1,1,0,1,1,31,30,41,41,37,37,99
"8683",82,"[84]GjfffHdwaCCLHydbrqyJeepdwafndbCLCebtacawafofCJBdHdwendfCIKqjynBeaCabvafwendaqJCabjeK",107,0.990741,84,108,1,107,1,1,0,1,1,41,40,32,32,35,35,99
"8684",83,"[84]GjfffHdwaCCLHydbrqyJeepdwafndbCLCebtacawafofCJBdHdwendfCIKqjynBeaCabvafwendaqJCabjeK",107,0.973214,84,112,3,109,3,3,0,3,3,32,29,39,39,41,41,99
"8685",84,"[84]GjfffHdwaCCLHydbrqyJeepdwafndbCLCebtacawafofCJBdHdwendfCIKqjynBeaCabvafwendaqJCabjeK",108,0.981982,84,111,2,109,2,2,0,2,2,38,36,33,33,40,40,99
"8686",85,"[84]GjfffHdwaCCLHydbrqyJeepdwafndbCLCebtacawafofCJBdHdwendfCIKqjynBeaCabvafwendaqJCabjeK",110,1,84,109,0,109,0,0,0,0,0,33,33,37,37,39,39,99
"8687",86,"[84]GjfffHdwaCCLHydbrqyJeepdwafndbCLCebtacawafofCJBdHdwendfCIKqjynBeaCabvafwendaqJCabjeK",104,0.990476,84,105,1,104,1,1,0,1,1,43,42,33,33,29,29,99
"8688",87,"[84]GjfffHdwaCCLHydbrqyJeepdwafndbCLCebtacawafofCJBdHdwendfCIKqjynBeaCabvafwendaqJCabjeK",108,0.990826,84,109,1,108,1,1,0,1,1,33,32,38,38,38,38,99
"8689",88,"[84]GjfffHdwaCCLHydbrqyJeepdwafndbCLCebtacawafofCJBdHdwendfCIKqjynBeaCabvafwendaqJCabjeK",109,1,84,108,0,108,0,0,0,0,0,35,35,37,37,36,36,99
"8690",89,"[84]GjfffHdwaCCLHydbrqyJeepdwafndbCLCebtacawafofCJBdHdwendfCIKqjynBeaCabvafwendaqJCabjeK",104,0.990476,84,105,1,104,1,1,0,1,1,32,31,43,43,30,30,99
"8691",90,"[84]GjfffHdwaCCLHydbrqyJeepdwafndbCLCebtacawafofCJBdHdwendfCIKqjynBeaCabvafwendaqJCabjeK",104,0.972477,84,109,3,106,3,3,0,3,3,44,41,31,31,34,34,99
"8692",91,"[84]GjfffHdwaCCLHydbrqyJeepdwafndbCLCebtacawafofCJBdHdwendfCIKqjynBeaCabvafwendaqJCabjeK",108,1,84,107,0,107,0,0,0,0,0,36,36,37,37,34,34,99
"8693",92,"[84]GjfffHdwaCCLHydbrqyJeepdwafndbCLCebtacawafofCJBdHdwendfCIKqjynBeaCabvafwendaqJCabjeK",107,0.964912,84,114,4,110,4,4,0,4,4,28,24,41,41,45,45,99
"8694",93,"[84]GjfffHdwaCCLHydbrqyJeepdwafndbCLCebtacawafofCJBdHdwendfCIKqjynBeaCabvafwendaqJCabjeK",108,0.990826,84,109,1,108,1,1,0,1,1,40,39,33,33,36,36,99
"8695",94,"[84]GjfffHdwaCCLHydbrqyJeepdwafndbCLCebtacawafofCJBdHdwendfCIKqjynBeaCabvafwendaqJCabjeK",106,0.981651,84,109,2,107,2,2,0,2,2,38,36,35,35,36,36,99
"8696",95,"[84]GjfffHdwaCCLHydbrqyJeepdwafndbCLCebtacawafofCJBdHdwendfCIKqjynBeaCabvafwendaqJCabjeK",105,0.990566,84,106,1,105,1,1,0,1,1,42,41,34,34,30,30,99
"8697",96,"[84]GjfffHdwaCCLHydbrqyJeepdwafndbCLCebtacawafofCJBdHdwendfCIKqjynBeaCabvafwendaqJCabjeK",105,0.990566,84,106,1,105,1,1,0,1,1,36,35,39,39,31,31,99
"8698",97,"[84]GjfffHdwaCCLHydbrqyJeepdwafndbCLCebtacawafofCJBdHdwendfCIKqjynBeaCabvafwendaqJCabjeK",108,0.990826,84,109,1,108,1,1,0,1,1,38,37,33,33,38,38,99
"8699",98,"[84]GjfffHdwaCCLHydbrqyJeepdwafndbCLCebtacawafofCJBdHdwendfCIKqjynBeaCabvafwendaqJCabjeK",110,1,84,109,0,109,0,0,0,0,0,29,29,41,41,39,39,99
"8700",99,"[84]GjfffHdwaCCLHydbrqyJeepdwafndbCLCebtacawafofCJBdHdwendfCIKqjynBeaCabvafwendaqJCabjeK",106,1,84,105,0,105,0,0,0,0,0,37,37,38,38,30,30,99
"8701",0,"[91]GHdwaCKEFCwAeAcmuswafndbCLCacgujoznKEwafobaCJBdHdwendaCIKqtLkKGjFpnBeaCebtafwendaCJCabGxxeK",117,1,91,116,0,116,0,0,0,0,0,47,47,31,31,38,38,100
"8702",1,"[91]GHdwaCKEFCwAeAcmuswafndbCLCacgujoznKEwafobaCJBdHdwendaCIKqtLkKGjFpnBeaCebtafwendaCJCabGxxeK",112,1,91,111,0,111,0,0,0,0,0,46,46,37,37,28,28,100
"8703",2,"[91]GHdwaCKEFCwAeAcmuswafndbCLCacgujoznKEwafobaCJBdHdwendaCIKqtLkKGjFpnBeaCebtafwendaCJCabGxxeK",118,1,91,117,0,117,0,0,0,0,0,34,34,41,41,42,42,100
"8704",3,"[91]GHdwaCKEFCwAeAcmuswafndbCLCacgujoznKEwafobaCJBdHdwendaCIKqtLkKGjFpnBeaCebtafwendaCJCabGxxeK",114,1,91,113,0,113,0,0,0,0,0,42,42,39,39,32,32,100
"8705",4,"[91]GHdwaCKEFCwAeAcmuswafndbCLCacgujoznKEwafobaCJBdHdwendaCIKqtLkKGjFpnBeaCebtafwendaCJCabGxxeK",118,1,91,117,0,117,0,0,0,0,0,35,35,40,40,42,42,100
"8706",5,"[91]GHdwaCKEFCwAeAcmuswafndbCLCacgujoznKEwafobaCJBdHdwendaCIKqtLkKGjFpnBeaCebtafwendaCJCabGxxeK",115,1,91,114,0,114,0,0,0,0,0,41,41,38,38,35,35,100
"8707",6,"[91]GHdwaCKEFCwAeAcmuswafndbCLCacgujoznKEwafobaCJBdHdwendaCIKqtLkKGjFpnBeaCebtafwendaCJCabGxxeK",122,1,91,121,0,121,0,0,0,0,0,34,34,37,37,50,50,100
"8708",7,"[91]GHdwaCKEFCwAeAcmuswafndbCLCacgujoznKEwafobaCJBdHdwendaCIKqtLkKGjFpnBeaCebtafwendaCJCabGxxeK",112,1,91,111,0,111,0,0,0,0,0,41,41,41,41,29,29,100
"8709",8,"[91]GHdwaCKEFCwAeAcmuswafndbCLCacgujoznKEwafobaCJBdHdwendaCIKqtLkKGjFpnBeaCebtafwendaCJCabGxxeK",120,1,91,119,0,119,0,0,0,0,0,38,38,35,35,46,46,100
"8710",9,"[91]GHdwaCKEFCwAeAcmuswafndbCLCacgujoznKEwafobaCJBdHdwendaCIKqtLkKGjFpnBeaCebtafwendaCJCabGxxeK",117,1,91,116,0,116,0,0,0,0,0,40,40,38,38,38,38,100
"8711",10,"[91]GHdwaCKEFCwAeAcmuswafndbCLCacgujoznKEwafobaCJBdHdwendaCIKqtLkKGjFpnBeaCebtafwendaCJCabGxxeK",115,1,91,114,0,114,0,0,0,0,0,29,29,49,49,36,36,100
"8712",11,"[91]GHdwaCKEFCwAeAcmuswafndbCLCacgujoznKEwafobaCJBdHdwendaCIKqtLkKGjFpnBeaCebtafwendaCJCabGxxeK",118,1,91,117,0,117,0,0,0,0,0,45,45,32,32,40,40,100
"8713",12,"[91]GHdwaCKEFCwAeAcmuswafndbCLCacgujoznKEwafobaCJBdHdwendaCIKqtLkKGjFpnBeaCebtafwendaCJCabGxxeK",114,0.966942,91,121,4,117,4,4,0,4,4,47,43,31,31,43,43,100
"8714",13,"[91]GHdwaCKEFCwAeAcmuswafndbCLCacgujoznKEwafobaCJBdHdwendaCIKqtLkKGjFpnBeaCebtafwendaCJCabGxxeK",115,1,91,114,0,114,0,0,0,0,0,41,41,39,39,34,34,100
"8715",14,"[91]GHdwaCKEFCwAeAcmuswafndbCLCacgujoznKEwafobaCJBdHdwendaCIKqtLkKGjFpnBeaCebtafwendaCJCabGxxeK",110,0.965812,91,117,4,113,4,4,0,4,4,48,44,35,35,34,34,100
"8716",15,"[91]GHdwaCKEFCwAeAcmuswafndbCLCacgujoznKEwafobaCJBdHdwendaCIKqtLkKGjFpnBeaCebtafwendaCJCabGxxeK",115,0.991379,91,116,1,115,1,1,0,1,1,47,46,33,33,36,36,100
"8717",16,"[91]GHdwaCKEFCwAeAcmuswafndbCLCacgujoznKEwafobaCJBdHdwendaCIKqtLkKGjFpnBeaCebtafwendaCJCabGxxeK",111,1,91,110,0,110,0,0,0,0,0,48,48,37,37,25,25,100
"8718",17,"[91]GHdwaCKEFCwAeAcmuswafndbCLCacgujoznKEwafobaCJBdHdwendaCIKqtLkKGjFpnBeaCebtafwendaCJCabGxxeK",116,1,91,115,0,115,0,0,0,0,0,40,40,39,39,36,36,100
"8719",18,"[91]GHdwaCKEFCwAeAcmuswafndbCLCacgujoznKEwafobaCJBdHdwendaCIKqtLkKGjFpnBeaCebtafwendaCJCabGxxeK",108,0.965217,91,115,4,111,4,4,0,4,4,40,36,43,43,32,32,100
"8720",19,"[91]GHdwaCKEFCwAeAcmuswafndbCLCacgujoznKEwafobaCJBdHdwendaCIKqtLkKGjFpnBeaCebtafwendaCJCabGxxeK",118,0.991597,91,119,1,118,1,1,0,1,1,38,37,38,38,43,43,100
"8721",20,"[91]GHdwaCKEFCwAeAcmuswafndbCLCacgujoznKEwafobaCJBdHdwendaCIKqtLkKGjFpnBeaCebtafwendaCJCabGxxeK",113,0.974576,91,118,3,115,3,3,0,3,3,36,33,42,42,40,40,100
"8722",21,"[91]GHdwaCKEFCwAeAcmuswafndbCLCacgujoznKEwafobaCJBdHdwendaCIKqtLkKGjFpnBeaCebtafwendaCJCabGxxeK",122,1,91,121,0,121,0,0,0,0,0,31,31,40,40,50,50,100
"8723",22,"[91]GHdwaCKEFCwAeAcmuswafndbCLCacgujoznKEwafobaCJBdHdwendaCIKqtLkKGjFpnBeaCebtafwendaCJCabGxxeK",116,1,91,115,0,115,0,0,0,0,0,40,40,38,38,37,37,100
"8724",23,"[91]GHdwaCKEFCwAeAcmuswafndbCLCacgujoznKEwafobaCJBdHdwendaCIKqtLkKGjFpnBeaCebtafwendaCJCabGxxeK",119,1,91,118,0,118,0,0,0,0,0,43,43,32,32,43,43,100
"8725",24,"[91]GHdwaCKEFCwAeAcmuswafndbCLCacgujoznKEwafobaCJBdHdwendaCIKqtLkKGjFpnBeaCebtafwendaCJCabGxxeK",117,1,91,116,0,116,0,0,0,0,0,38,38,39,39,39,39,100
"8726",25,"[91]GHdwaCKEFCwAeAcmuswafndbCLCacgujoznKEwafobaCJBdHdwendaCIKqtLkKGjFpnBeaCebtafwendaCJCabGxxeK",118,0.991597,91,119,1,118,1,1,0,1,1,41,40,34,34,44,44,100
"8727",26,"[91]GHdwaCKEFCwAeAcmuswafndbCLCacgujoznKEwafobaCJBdHdwendaCIKqtLkKGjFpnBeaCebtafwendaCJCabGxxeK",114,1,91,113,0,113,0,0,0,0,0,41,41,40,40,32,32,100
"8728",27,"[91]GHdwaCKEFCwAeAcmuswafndbCLCacgujoznKEwafobaCJBdHdwendaCIKqtLkKGjFpnBeaCebtafwendaCJCabGxxeK",116,0.991453,91,117,1,116,1,1,0,1,1,33,32,43,43,41,41,100
"8729",28,"[91]GHdwaCKEFCwAeAcmuswafndbCLCacgujoznKEwafobaCJBdHdwendaCIKqtLkKGjFpnBeaCebtafwendaCJCabGxxeK",112,1,91,111,0,111,0,0,0,0,0,39,39,43,43,29,29,100
"8730",29,"[91]GHdwaCKEFCwAeAcmuswafndbCLCacgujoznKEwafobaCJBdHdwendaCIKqtLkKGjFpnBeaCebtafwendaCJCabGxxeK",118,1,91,117,0,117,0,0,0,0,0,30,30,45,45,42,42,100
"8731",30,"[91]GHdwaCKEFCwAeAcmuswafndbCLCacgujoznKEwafobaCJBdHdwendaCIKqtLkKGjFpnBeaCebtafwendaCJCabGxxeK",112,0.982609,91,115,2,113,2,2,0,2,2,39,37,42,42,34,34,100
"8732",31,"[91]GHdwaCKEFCwAeAcmuswafndbCLCacgujoznKEwafobaCJBdHdwendaCIKqtLkKGjFpnBeaCebtafwendaCJCabGxxeK",111,1,91,110,0,110,0,0,0,0,0,45,45,38,38,27,27,100
"8733",32,"[91]GHdwaCKEFCwAeAcmuswafndbCLCacgujoznKEwafobaCJBdHdwendaCIKqtLkKGjFpnBeaCebtafwendaCJCabGxxeK",114,0.991304,91,115,1,114,1,1,0,1,1,43,42,37,37,35,35,100
"8734",33,"[91]GHdwaCKEFCwAeAcmuswafndbCLCacgujoznKEwafobaCJBdHdwendaCIKqtLkKGjFpnBeaCebtafwendaCJCabGxxeK",117,0.991525,91,118,1,117,1,1,0,1,1,34,33,41,41,43,43,100
"8735",34,"[91]GHdwaCKEFCwAeAcmuswafndbCLCacgujoznKEwafobaCJBdHdwendaCIKqtLkKGjFpnBeaCebtafwendaCJCabGxxeK",124,1,91,123,0,123,0,0,0,0,0,35,35,35,35,53,53,100
"8736",35,"[91]GHdwaCKEFCwAeAcmuswafndbCLCacgujoznKEwafobaCJBdHdwendaCIKqtLkKGjFpnBeaCebtafwendaCJCabGxxeK",116,1,91,115,0,115,0,0,0,0,0,40,40,39,39,36,36,100
"8737",36,"[91]GHdwaCKEFCwAeAcmuswafndbCLCacgujoznKEwafobaCJBdHdwendaCIKqtLkKGjFpnBeaCebtafwendaCJCabGxxeK",122,1,91,121,0,121,0,0,0,0,0,31,31,40,40,50,50,100
"8738",37,"[91]GHdwaCKEFCwAeAcmuswafndbCLCacgujoznKEwafobaCJBdHdwendaCIKqtLkKGjFpnBeaCebtafwendaCJCabGxxeK",118,0.991597,91,119,1,118,1,1,0,1,1,37,36,38,38,44,44,100
"8739",38,"[91]GHdwaCKEFCwAeAcmuswafndbCLCacgujoznKEwafobaCJBdHdwendaCIKqtLkKGjFpnBeaCebtafwendaCJCabGxxeK",118,1,91,117,0,117,0,0,0,0,0,34,34,42,42,41,41,100
"8740",39,"[91]GHdwaCKEFCwAeAcmuswafndbCLCacgujoznKEwafobaCJBdHdwendaCIKqtLkKGjFpnBeaCebtafwendaCJCabGxxeK",117,1,91,116,0,116,0,0,0,0,0,38,38,38,38,40,40,100
"8741",40,"[91]GHdwaCKEFCwAeAcmuswafndbCLCacgujoznKEwafobaCJBdHdwendaCIKqtLkKGjFpnBeaCebtafwendaCJCabGxxeK",114,1,91,113,0,113,0,0,0,0,0,41,41,39,39,33,33,100
"8742",41,"[91]GHdwaCKEFCwAeAcmuswafndbCLCacgujoznKEwafobaCJBdHdwendaCIKqtLkKGjFpnBeaCebtafwendaCJCabGxxeK",121,0.991803,91,122,1,121,1,1,0,1,1,37,36,35,35,50,50,100
"8743",42,"[91]GHdwaCKEFCwAeAcmuswafndbCLCacgujoznKEwafobaCJBdHdwendaCIKqtLkKGjFpnBeaCebtafwendaCJCabGxxeK",118,1,91,117,0,117,0,0,0,0,0,47,47,30,30,40,40,100
"8744",43,"[91]GHdwaCKEFCwAeAcmuswafndbCLCacgujoznKEwafobaCJBdHdwendaCIKqtLkKGjFpnBeaCebtafwendaCJCabGxxeK",112,1,91,111,0,111,0,0,0,0,0,48,48,36,36,27,27,100
"8745",44,"[91]GHdwaCKEFCwAeAcmuswafndbCLCacgujoznKEwafobaCJBdHdwendaCIKqtLkKGjFpnBeaCebtafwendaCJCabGxxeK",115,0.991379,91,116,1,115,1,1,0,1,1,41,40,38,38,37,37,100
"8746",45,"[91]GHdwaCKEFCwAeAcmuswafndbCLCacgujoznKEwafobaCJBdHdwendaCIKqtLkKGjFpnBeaCebtafwendaCJCabGxxeK",119,1,91,118,0,118,0,0,0,0,0,42,42,33,33,43,43,100
"8747",46,"[91]GHdwaCKEFCwAeAcmuswafndbCLCacgujoznKEwafobaCJBdHdwendaCIKqtLkKGjFpnBeaCebtafwendaCJCabGxxeK",102,0.93913,91,115,7,108,7,7,0,7,7,46,39,42,42,27,27,100
"8748",47,"[91]GHdwaCKEFCwAeAcmuswafndbCLCacgujoznKEwafobaCJBdHdwendaCIKqtLkKGjFpnBeaCebtafwendaCJCabGxxeK",110,0.965812,91,117,4,113,4,4,0,4,4,39,35,42,42,36,36,100
"8749",48,"[91]GHdwaCKEFCwAeAcmuswafndbCLCacgujoznKEwafobaCJBdHdwendaCIKqtLkKGjFpnBeaCebtafwendaCJCabGxxeK",114,1,91,113,0,113,0,0,0,0,0,36,36,43,43,34,34,100
"8750",49,"[91]GHdwaCKEFCwAeAcmuswafndbCLCacgujoznKEwafobaCJBdHdwendaCIKqtLkKGjFpnBeaCebtafwendaCJCabGxxeK",113,1,91,112,0,112,0,0,0,0,0,41,41,41,41,30,30,100
"8751",50,"[91]GHdwaCKEFCwAeAcmuswafndbCLCacgujoznKEwafobaCJBdHdwendaCIKqtLkKGjFpnBeaCebtafwendaCJCabGxxeK",115,1,91,114,0,114,0,0,0,0,0,40,40,39,39,35,35,100
"8752",51,"[91]GHdwaCKEFCwAeAcmuswafndbCLCacgujoznKEwafobaCJBdHdwendaCIKqtLkKGjFpnBeaCebtafwendaCJCabGxxeK",115,0.991379,91,116,1,115,1,1,0,1,1,39,38,39,39,38,38,100
"8753",52,"[91]GHdwaCKEFCwAeAcmuswafndbCLCacgujoznKEwafobaCJBdHdwendaCIKqtLkKGjFpnBeaCebtafwendaCJCabGxxeK",117,0.983333,91,120,2,118,2,2,0,2,2,41,39,35,35,44,44,100
"8754",53,"[91]GHdwaCKEFCwAeAcmuswafndbCLCacgujoznKEwafobaCJBdHdwendaCIKqtLkKGjFpnBeaCebtafwendaCJCabGxxeK",111,0.991071,91,112,1,111,1,1,0,1,1,37,36,45,45,30,30,100
"8755",54,"[91]GHdwaCKEFCwAeAcmuswafndbCLCacgujoznKEwafobaCJBdHdwendaCIKqtLkKGjFpnBeaCebtafwendaCJCabGxxeK",115,0.991379,91,116,1,115,1,1,0,1,1,44,43,35,35,37,37,100
"8756",55,"[91]GHdwaCKEFCwAeAcmuswafndbCLCacgujoznKEwafobaCJBdHdwendaCIKqtLkKGjFpnBeaCebtafwendaCJCabGxxeK",122,0.99187,91,123,1,122,1,1,0,1,1,33,32,38,38,52,52,100
"8757",56,"[91]GHdwaCKEFCwAeAcmuswafndbCLCacgujoznKEwafobaCJBdHdwendaCIKqtLkKGjFpnBeaCebtafwendaCJCabGxxeK",115,0.975,91,120,3,117,3,3,0,3,3,43,40,35,35,42,42,100
"8758",57,"[91]GHdwaCKEFCwAeAcmuswafndbCLCacgujoznKEwafobaCJBdHdwendaCIKqtLkKGjFpnBeaCebtafwendaCJCabGxxeK",119,0.991667,91,120,1,119,1,1,0,1,1,28,27,46,46,46,46,100
"8759",58,"[91]GHdwaCKEFCwAeAcmuswafndbCLCacgujoznKEwafobaCJBdHdwendaCIKqtLkKGjFpnBeaCebtafwendaCJCabGxxeK",121,1,91,120,0,120,0,0,0,0,0,36,36,37,37,47,47,100
"8760",59,"[91]GHdwaCKEFCwAeAcmuswafndbCLCacgujoznKEwafobaCJBdHdwendaCIKqtLkKGjFpnBeaCebtafwendaCJCabGxxeK",124,1,91,123,0,123,0,0,0,0,0,35,35,34,34,54,54,100
"8761",60,"[91]GHdwaCKEFCwAeAcmuswafndbCLCacgujoznKEwafobaCJBdHdwendaCIKqtLkKGjFpnBeaCebtafwendaCJCabGxxeK",122,1,91,121,0,121,0,0,0,0,0,36,36,36,36,49,49,100
"8762",61,"[91]GHdwaCKEFCwAeAcmuswafndbCLCacgujoznKEwafobaCJBdHdwendaCIKqtLkKGjFpnBeaCebtafwendaCJCabGxxeK",113,0.982759,91,116,2,114,2,2,0,2,2,32,30,46,46,38,38,100
"8763",62,"[91]GHdwaCKEFCwAeAcmuswafndbCLCacgujoznKEwafobaCJBdHdwendaCIKqtLkKGjFpnBeaCebtafwendaCJCabGxxeK",115,1,91,114,0,114,0,0,0,0,0,34,34,45,45,35,35,100
"8764",63,"[91]GHdwaCKEFCwAeAcmuswafndbCLCacgujoznKEwafobaCJBdHdwendaCIKqtLkKGjFpnBeaCebtafwendaCJCabGxxeK",118,1,91,117,0,117,0,0,0,0,0,36,36,39,39,42,42,100
"8765",64,"[91]GHdwaCKEFCwAeAcmuswafndbCLCacgujoznKEwafobaCJBdHdwendaCIKqtLkKGjFpnBeaCebtafwendaCJCabGxxeK",119,0.991667,91,120,1,119,1,1,0,1,1,32,31,41,41,47,47,100
"8766",65,"[91]GHdwaCKEFCwAeAcmuswafndbCLCacgujoznKEwafobaCJBdHdwendaCIKqtLkKGjFpnBeaCebtafwendaCJCabGxxeK",115,0.991379,91,116,1,115,1,1,0,1,1,39,38,40,40,37,37,100
"8767",66,"[91]GHdwaCKEFCwAeAcmuswafndbCLCacgujoznKEwafobaCJBdHdwendaCIKqtLkKGjFpnBeaCebtafwendaCJCabGxxeK",115,0.991379,91,116,1,115,1,1,0,1,1,45,44,34,34,37,37,100
"8768",67,"[91]GHdwaCKEFCwAeAcmuswafndbCLCacgujoznKEwafobaCJBdHdwendaCIKqtLkKGjFpnBeaCebtafwendaCJCabGxxeK",115,1,91,114,0,114,0,0,0,0,0,47,47,34,34,33,33,100
"8769",68,"[91]GHdwaCKEFCwAeAcmuswafndbCLCacgujoznKEwafobaCJBdHdwendaCIKqtLkKGjFpnBeaCebtafwendaCJCabGxxeK",115,0.991379,91,116,1,115,1,1,0,1,1,42,41,36,36,38,38,100
"8770",69,"[91]GHdwaCKEFCwAeAcmuswafndbCLCacgujoznKEwafobaCJBdHdwendaCIKqtLkKGjFpnBeaCebtafwendaCJCabGxxeK",116,0.991453,91,117,1,116,1,1,0,1,1,36,35,41,41,40,40,100
"8771",70,"[91]GHdwaCKEFCwAeAcmuswafndbCLCacgujoznKEwafobaCJBdHdwendaCIKqtLkKGjFpnBeaCebtafwendaCJCabGxxeK",114,1,91,113,0,113,0,0,0,0,0,40,40,40,40,33,33,100
"8772",71,"[91]GHdwaCKEFCwAeAcmuswafndbCLCacgujoznKEwafobaCJBdHdwendaCIKqtLkKGjFpnBeaCebtafwendaCJCabGxxeK",114,1,91,113,0,113,0,0,0,0,0,39,39,41,41,33,33,100
"8773",72,"[91]GHdwaCKEFCwAeAcmuswafndbCLCacgujoznKEwafobaCJBdHdwendaCIKqtLkKGjFpnBeaCebtafwendaCJCabGxxeK",117,1,91,116,0,116,0,0,0,0,0,43,43,34,34,39,39,100
"8774",73,"[91]GHdwaCKEFCwAeAcmuswafndbCLCacgujoznKEwafobaCJBdHdwendaCIKqtLkKGjFpnBeaCebtafwendaCJCabGxxeK",117,0.991525,91,118,1,117,1,1,0,1,1,40,39,36,36,42,42,100
"8775",74,"[91]GHdwaCKEFCwAeAcmuswafndbCLCacgujoznKEwafobaCJBdHdwendaCIKqtLkKGjFpnBeaCebtafwendaCJCabGxxeK",113,1,91,112,0,112,0,0,0,0,0,43,43,39,39,30,30,100
"8776",75,"[91]GHdwaCKEFCwAeAcmuswafndbCLCacgujoznKEwafobaCJBdHdwendaCIKqtLkKGjFpnBeaCebtafwendaCJCabGxxeK",116,0.991453,91,117,1,116,1,1,0,1,1,30,29,46,46,41,41,100
"8777",76,"[91]GHdwaCKEFCwAeAcmuswafndbCLCacgujoznKEwafobaCJBdHdwendaCIKqtLkKGjFpnBeaCebtafwendaCJCabGxxeK",114,1,91,113,0,113,0,0,0,0,0,40,40,40,40,33,33,100
"8778",77,"[91]GHdwaCKEFCwAeAcmuswafndbCLCacgujoznKEwafobaCJBdHdwendaCIKqtLkKGjFpnBeaCebtafwendaCJCabGxxeK",107,0.927419,91,124,9,115,9,9,0,9,9,45,36,37,37,42,42,100
"8779",78,"[91]GHdwaCKEFCwAeAcmuswafndbCLCacgujoznKEwafobaCJBdHdwendaCIKqtLkKGjFpnBeaCebtafwendaCJCabGxxeK",112,0.982609,91,115,2,113,2,2,0,2,2,40,38,40,40,35,35,100
"8780",79,"[91]GHdwaCKEFCwAeAcmuswafndbCLCacgujoznKEwafobaCJBdHdwendaCIKqtLkKGjFpnBeaCebtafwendaCJCabGxxeK",120,1,91,119,0,119,0,0,0,0,0,36,36,38,38,45,45,100
"8781",80,"[91]GHdwaCKEFCwAeAcmuswafndbCLCacgujoznKEwafobaCJBdHdwendaCIKqtLkKGjFpnBeaCebtafwendaCJCabGxxeK",113,0.974576,91,118,3,115,3,3,0,3,3,42,39,37,37,39,39,100
"8782",81,"[91]GHdwaCKEFCwAeAcmuswafndbCLCacgujoznKEwafobaCJBdHdwendaCIKqtLkKGjFpnBeaCebtafwendaCJCabGxxeK",116,0.991453,91,117,1,116,1,1,0,1,1,39,38,38,38,40,40,100
"8783",82,"[91]GHdwaCKEFCwAeAcmuswafndbCLCacgujoznKEwafobaCJBdHdwendaCIKqtLkKGjFpnBeaCebtafwendaCJCabGxxeK",112,1,91,111,0,111,0,0,0,0,0,40,40,42,42,29,29,100
"8784",83,"[91]GHdwaCKEFCwAeAcmuswafndbCLCacgujoznKEwafobaCJBdHdwendaCIKqtLkKGjFpnBeaCebtafwendaCJCabGxxeK",118,0.991597,91,119,1,118,1,1,0,1,1,39,38,36,36,44,44,100
"8785",84,"[91]GHdwaCKEFCwAeAcmuswafndbCLCacgujoznKEwafobaCJBdHdwendaCIKqtLkKGjFpnBeaCebtafwendaCJCabGxxeK",114,0.982906,91,117,2,115,2,2,0,2,2,43,41,36,36,38,38,100
"8786",85,"[91]GHdwaCKEFCwAeAcmuswafndbCLCacgujoznKEwafobaCJBdHdwendaCIKqtLkKGjFpnBeaCebtafwendaCJCabGxxeK",109,0.982143,91,112,2,110,2,2,0,2,2,42,40,42,42,28,28,100
"8787",86,"[91]GHdwaCKEFCwAeAcmuswafndbCLCacgujoznKEwafobaCJBdHdwendaCIKqtLkKGjFpnBeaCebtafwendaCJCabGxxeK",118,0.983471,91,121,2,119,2,2,0,2,2,44,42,32,32,45,45,100
"8788",87,"[91]GHdwaCKEFCwAeAcmuswafndbCLCacgujoznKEwafobaCJBdHdwendaCIKqtLkKGjFpnBeaCebtafwendaCJCabGxxeK",119,1,91,118,0,118,0,0,0,0,0,43,43,32,32,43,43,100
"8789",88,"[91]GHdwaCKEFCwAeAcmuswafndbCLCacgujoznKEwafobaCJBdHdwendaCIKqtLkKGjFpnBeaCebtafwendaCJCabGxxeK",114,1,91,113,0,113,0,0,0,0,0,43,43,37,37,33,33,100
"8790",89,"[91]GHdwaCKEFCwAeAcmuswafndbCLCacgujoznKEwafobaCJBdHdwendaCIKqtLkKGjFpnBeaCebtafwendaCJCabGxxeK",117,1,91,116,0,116,0,0,0,0,0,40,40,37,37,39,39,100
"8791",90,"[91]GHdwaCKEFCwAeAcmuswafndbCLCacgujoznKEwafobaCJBdHdwendaCIKqtLkKGjFpnBeaCebtafwendaCJCabGxxeK",115,0.991379,91,116,1,115,1,1,0,1,1,36,35,42,42,38,38,100
"8792",91,"[91]GHdwaCKEFCwAeAcmuswafndbCLCacgujoznKEwafobaCJBdHdwendaCIKqtLkKGjFpnBeaCebtafwendaCJCabGxxeK",114,0.991304,91,115,1,114,1,1,0,1,1,35,34,43,43,37,37,100
"8793",92,"[91]GHdwaCKEFCwAeAcmuswafndbCLCacgujoznKEwafobaCJBdHdwendaCIKqtLkKGjFpnBeaCebtafwendaCJCabGxxeK",116,0.991453,91,117,1,116,1,1,0,1,1,37,36,41,41,39,39,100
"8794",93,"[91]GHdwaCKEFCwAeAcmuswafndbCLCacgujoznKEwafobaCJBdHdwendaCIKqtLkKGjFpnBeaCebtafwendaCJCabGxxeK",119,1,91,118,0,118,0,0,0,0,0,40,40,35,35,43,43,100
"8795",94,"[91]GHdwaCKEFCwAeAcmuswafndbCLCacgujoznKEwafobaCJBdHdwendaCIKqtLkKGjFpnBeaCebtafwendaCJCabGxxeK",112,0.982609,91,115,2,113,2,2,0,2,2,39,37,42,42,34,34,100
"8796",95,"[91]GHdwaCKEFCwAeAcmuswafndbCLCacgujoznKEwafobaCJBdHdwendaCIKqtLkKGjFpnBeaCebtafwendaCJCabGxxeK",113,0.982759,91,116,2,114,2,2,0,2,2,39,37,40,40,37,37,100
"8797",96,"[91]GHdwaCKEFCwAeAcmuswafndbCLCacgujoznKEwafobaCJBdHdwendaCIKqtLkKGjFpnBeaCebtafwendaCJCabGxxeK",115,1,91,114,0,114,0,0,0,0,0,37,37,41,41,36,36,100
"8798",97,"[91]GHdwaCKEFCwAeAcmuswafndbCLCacgujoznKEwafobaCJBdHdwendaCIKqtLkKGjFpnBeaCebtafwendaCJCabGxxeK",114,1,91,113,0,113,0,0,0,0,0,45,45,36,36,32,32,100
"8799",98,"[91]GHdwaCKEFCwAeAcmuswafndbCLCacgujoznKEwafobaCJBdHdwendaCIKqtLkKGjFpnBeaCebtafwendaCJCabGxxeK",106,0.956522,91,115,5,110,5,5,0,5,5,38,33,47,47,30,30,100
"8800",99,"[91]GHdwaCKEFCwAeAcmuswafndbCLCacgujoznKEwafobaCJBdHdwendaCIKqtLkKGjFpnBeaCebtafwendaCJCabGxxeK",115,1,91,114,0,114,0,0,0,0,0,37,37,41,41,36,36,100
